0.574982168896838 0.973345035245284 0.924451384968266 0.581451548422189 0.945769862467423
0.802927030232921 0.734048470961903 0.70414241036571 0.951095894258617 0.807786194180849
0.701735400447732 0.982857533136664 0.633991409370721 0.910966768781564 0.770448888263319
0.784907198710419 0.746478946379327 0.799327646382111 0.886427571875078 0.782858636653064
0.879527950726772 0.72509963441742 0.842627401902894 0.741546796279162 0.811198216673752
0.890765146277608 0.879124077667302 0.689858260206471 0.806648725991786 0.733603789856833
0.66697862434934 0.855653042845313 0.852117375490233 0.914811489443984 0.710439467871129
0.753943932794582 0.794037618166363 0.855760579805029 0.741727442970374 0.854530426263652
0.722113838775855 0.866799005105156 0.957884586649425 0.837616429917289 0.615586139552276
0.752245261906 0.445689192269215 0.935636588095842 0.992455942034257 0.873973015694686
0.885260325824526 0.437218743210931 0.845385000250187 0.893227594455897 0.938908336258458
0.754682942814707 0.7526376124741 0.769831931701138 0.869007552335143 0.853839960674912
0.709135421789234 0.868059117012698 0.742961935125726 0.828540483103728 0.851303042968613
0.847876901369467 0.559916286705238 0.987919470011551 0.648906393977441 0.955380947936303
0.99211988006766 0.763660557286915 0.783821815903499 0.804954931358143 0.655442815383783
0.646323906541479 0.808262889025993 0.799106945075875 0.808912510863881 0.937393748492773
0.550184205403541 0.995429482099714 0.770285341174416 0.820145697205717 0.863955274116611
0.778075367288855 0.986817365144419 0.683504873376237 0.675993546790276 0.875608847400212
0.789270550747805 0.75091544786858 0.797432647458963 0.897515884007819 0.764865469916833
0.663045055220606 0.66637476558921 0.744903059341678 0.969238611513087 0.956438508335419
0.946932986610012 0.736704570380429 0.761050213582385 0.732945468320319 0.822366761106855
0.874847906011778 0.761687230222129 0.726466254299341 0.802224243800914 0.834774365665838
0.939933028082449 0.548068184083682 0.692626007021995 0.895156865581306 0.924215915230567
0.837628607280309 0.708453156151155 0.686056194819131 0.867613168560893 0.900248873188511
0.879275928195373 0.750738801846675 0.789395718004592 0.894502787390228 0.686086764563132
0.825808483823895 0.80722670613976 0.799451812150959 0.860426246036397 0.707086751848989
0.653185190531544 0.847539187078668 0.856961194719903 0.670868593912799 0.971445833757086
0.934235307048116 0.775477445726052 0.913028640574904 0.72883791658 0.648420690070929
0.815106039445285 0.81278113429327 0.870988567890798 0.872570419106729 0.628553839263918
0.897992806123679 0.674088715303391 0.730373829520039 0.853144114970563 0.844400534082327
0.821740355333961 0.771526791119307 0.783516562710323 0.686937063004659 0.936279227831749
0.635604002972796 0.67571380075968 0.963122085144358 0.875341553340003 0.850218557783163
0.764842105724513 0.788877734327546 0.763966578796933 0.753096780962828 0.929216800188181
0.704945910291223 0.729688960350573 0.793437158953518 0.890983695091269 0.880944275313417
0.717922486650057 0.82983081714526 0.875729758536188 0.718944112910491 0.857572824758004
0.741058130283612 0.803549012992729 0.846720894682642 0.677055669446397 0.931616292594621
0.846175389494714 0.757493248653804 0.798205160098252 0.721583653381104 0.876542548372125
0.809616848156847 0.725047481395277 0.97709299540991 0.705879362799035 0.782363312238931
0.884110636907783 0.767369442802652 0.677466399010304 0.710568972748659 0.960484548530603
0.986919018453773 0.610332224452022 0.977201782718209 0.782258050703815 0.643288923672181
0.868298846091618 0.675011310031562 0.765235014222874 0.906607502687754 0.784847326966192
0.57481647403156 0.695303270365356 0.947621012012007 0.972756767158821 0.809502476432256
0.833915221269582 0.644288594831292 0.968909765883718 0.774779654562914 0.778106763452494
0.969274994742832 0.553987298601796 0.837706583391537 0.660300490351839 0.978730632911996
0.870226110185317 0.726647863299377 0.730398781975813 0.840052435005544 0.832674809533948
0.688349849021765 0.848160640537385 0.69118572380692 0.857789033871617 0.914514752762313
0.941882733255943 0.558264967139041 0.930041858017894 0.862965794426704 0.706844647160417
0.948883601492426 0.692920076305003 0.769977347823394 0.770819080805395 0.817399893573782
0.7305997877748 0.802069869270533 0.928864811268714 0.716382032664909 0.822083499021043
0.99116643791361 0.896097640041213 0.86994836041122 0.7641177034477 0.478669858186257
0.768988264830607 0.926537955737447 0.622016492814713 0.946119541502393 0.73633774511484
0.686068810764552 0.735707484336877 0.948129168617838 0.664385263738807 0.965709272541926
0.715396793834166 0.863003861837876 0.645209012888552 0.822954365984416 0.95343596545499
0.733291612033667 0.692107313479065 0.733801512016063 0.890116794800757 0.950682767670448
0.858024938700211 0.73141716739094 0.80269769045119 0.985256889180287 0.622603314277372
0.605678002516018 0.852062179100848 0.837749831847258 0.93835186952827 0.766158117007606
0.956860351825246 0.826215863331979 0.760548463061903 0.73939539385025 0.716979927930623
0.976010955243283 0.669036065497746 0.856227180432456 0.790109151927688 0.708616646898826
0.884706982572863 0.882583292248181 0.712809231106856 0.759717019861799 0.760183474210301
0.787263991151766 0.976120314667087 0.864673625474863 0.792215983524904 0.579726085181379
0.831979048228228 0.961575247961477 0.691920078349708 0.834147305775149 0.680378319685438
0.670761298085404 0.923137345774205 0.889678213190488 0.786091476006233 0.73033166694367
0.773317716863375 0.771601335990797 0.778035937115794 0.767446819080251 0.909598190949782
0.862129416410108 0.881591534883851 0.788614361836806 0.632460694705619 0.835203992163617
0.748391356414548 0.820896995084031 0.749533682684414 0.862885560709398 0.81829240510761
0.797220730466392 0.944086189504864 0.853923779702657 0.719368222174293 0.685401078151795
0.736432108850786 0.789794944600072 0.631246069573494 0.94459536835263 0.897931508623018
0.86371634596847 0.625414461417628 0.882276357661571 0.831370814548243 0.797222020404088
0.793954461445567 0.773684171214063 0.879984299322384 0.726081046716762 0.826296021301224
0.701108428827945 0.845770578584775 0.913887291283599 0.799072307896033 0.740161393407648
0.972137168505419 0.663834929761927 0.716495838880316 0.80311916147087 0.844412901381469
0.552191322500069 0.983808550322501 0.792502247226009 0.795114565953844 0.876383313997577
0.698367471661667 0.747692644199327 0.769021834172175 0.821959817930115 0.962958232036716
0.830727160588561 0.772418370985966 0.954753398869296 0.856885492328475 0.585215577227701
0.816824935976303 0.708635842278919 0.888132332220249 0.881545957995412 0.704860931529116
0.88302307300502 0.733891306830349 0.785260003247342 0.666373132316669 0.93145248460062
0.623366562644931 0.730456025263775 0.903141309626686 0.91306658099554 0.829969521469069
0.727744452619646 0.958908002127549 0.675446491279425 0.695252279544918 0.942648774428462
0.756810486261468 0.93883992340386 0.702376692488075 0.84475005191454 0.757222845932058
0.692494088198336 0.847636310954188 0.722044512164866 0.875585091799504 0.862239996883106
0.837346837022913 0.802745739867903 0.767510816014633 0.918413194029875 0.673983413064675
0.817779724537567 0.723262876199288 0.7969353673874 0.839236198238378 0.822785833637368
0.9843812867515 0.705138974244615 0.675109907653296 0.850679123650332 0.784690707700257
0.883688689310832 0.937393531998145 0.801930098307999 0.724269882376464 0.652717798006561
0.68695208980545 0.876379603486578 0.997389651444139 0.730594534914382 0.70868412034945
0.994219428328231 0.766416222365857 0.69787431689547 0.798059460855046 0.743430571555396
0.5151305000763 0.815543389470184 0.866705758552244 0.955662598316034 0.846957753585239
0.668671926304342 0.888522492053655 0.882528031973062 0.753536468731376 0.806741080937566
0.812778320516224 0.771310055250111 0.866576046321928 0.673720010687848 0.875615567223889
0.554766221670137 0.558217810596449 0.946230126054844 0.96934258488333 0.97144325679524
0.720535307958839 0.740980479878898 0.88559683348352 0.852780189406886 0.800107189271858
0.984575809519808 0.827615844222973 0.631539024197158 0.641820240661339 0.914449081398722
0.967333501332488 0.84594161103979 0.816717136213197 0.684548604346241 0.685459147068284
0.748330815754667 0.778119709002764 0.751263867879127 0.784471600653827 0.937814006709616
0.832361324258442 0.694524138300254 0.898856131365154 0.645486887470215 0.928771518605936
0.603403232378906 0.915372912778788 0.72758936903323 0.834513088190204 0.919121397618872
0.973478527032104 0.78165022286958 0.809078369144801 0.713260843767863 0.722532037185652
0.822577888707544 0.733276599549652 0.924134192327163 0.678616304186857 0.841395015228784
0.65903894472914 0.758120016911633 0.885828208708842 0.823000721178182 0.874012108472203
0.88873030994993 0.838011297823593 0.711841210084962 0.767367463126805 0.79404971901471
0.988409552910845 0.744928253467778 0.757455494283221 0.730623062526281 0.778583636811875
0.663598396527569 0.845541079605547 0.697264664807669 0.866012883705636 0.927582975353579
0.836943510336808 0.755860515392772 0.793441287641687 0.865333514265829 0.748421172362903
0.69833513416909 0.667537333706683 0.989493364451807 0.661444408816241 0.983189758856179
0.86022798007854 0.682477260073924 0.888671481641441 0.628786970155277 0.939836308050817
0.788940965661845 0.681244078007517 0.838687972017743 0.727062302315256 0.964064681997639
0.953857513657677 0.912681430193807 0.7165103728678 0.59660327466586 0.820347408614857
0.680507384815954 0.697147759344222 0.847903242821344 0.827314028727892 0.947127584290588
0.757673170398483 0.870921632819335 0.95416239002896 0.587535043263729 0.829707763489493
0.744874015454199 0.767128974609828 0.977346701509975 0.849929982885682 0.660720325540316
0.748711886254422 0.810867621465317 0.605711417236711 0.984016102504408 0.850692972539143
0.825532194962375 0.963237729114551 0.748272657843581 0.766319990522715 0.696637427556779
0.607804409891931 0.931553478916406 0.890016680544857 0.779684308957748 0.790941121689058
0.672360401293643 0.690722042686114 0.791456902750201 0.867008790843709 0.978451862426333
0.840718985672383 0.789935284816587 0.664397767546926 0.975805888877568 0.729142073086536
0.584270606012479 0.983715209213964 0.660600499384242 0.998341684813766 0.77307200057555
0.740891329760117 0.885866549363469 0.818425552217319 0.63594514336719 0.918871425291905
0.89311313349682 0.570252890785903 0.84073145563939 0.909094167056032 0.786808353021854
0.917932062249353 0.817068154036763 0.71146054604803 0.955363364374367 0.598175873291488
0.805603975419344 0.716746476536096 0.947728739451756 0.741916460245168 0.788004348347636
0.912568169983511 0.69807901089518 0.824360139870614 0.711961872724502 0.853030806526193
0.878105038079644 0.932952366622029 0.76618424942931 0.696641705509868 0.726116640359149
0.8007731299427 0.941665513558298 0.566971404040885 0.860347407293087 0.83024254516503
0.994911725575916 0.712348674722776 0.871885526616284 0.795284897364093 0.625569175720931
0.820067597456533 0.602892438585396 0.762867308513398 0.904179526417968 0.909993129026705
0.966123157620167 0.834348057744571 0.539229336599534 0.770363661397301 0.889935786638427
0.609721474900673 0.877150290749155 0.74078339839862 0.856938703430345 0.915406132521207
0.766374910369743 0.936627207068072 0.787689578675568 0.762001318146344 0.747306985740273
0.871116445344309 0.865120874096639 0.649613784484547 0.640364032347152 0.973784863727353
0.669532051474401 0.860991268842371 0.920017978460105 0.771927427086667 0.777531274136456
0.839929377182446 0.865533103190014 0.943484513536466 0.491375631675109 0.859677374415966
0.744628853963175 0.806064450222621 0.999117236010816 0.752858748673136 0.697330711130252
0.790845221229863 0.807647023079303 0.893251599259636 0.799065948129372 0.709190208301826
0.908659636820308 0.774674814088966 0.732369453664982 0.814876478752609 0.769419616673135
0.831021981641978 0.677719051716783 0.820805902937287 0.817492418568827 0.852960645135125
0.760631587881634 0.939898279403076 0.817186338254017 0.772040470425376 0.710243324035897
0.803600534428267 0.773921095982921 0.863879917871538 0.615980208456696 0.942618243260578
0.760264524546399 0.643085892975725 0.980482588071357 0.891400261949259 0.72476673245726
0.795217459308642 0.72836286093465 0.961233336333095 0.758949369287575 0.756236974136039
0.950770122179633 0.965328531794755 0.99030030658627 0.48802904422353 0.605571995215811
0.994772804038933 0.972660673305292 0.592122957069518 0.688814895325676 0.751628670260579
0.811563467029897 0.716298126763006 0.87724161829387 0.771809612821183 0.823087175092044
0.634899280572126 0.980180344272598 0.986808893409866 0.825981169378362 0.572130312367048
0.845475001530891 0.687444623912876 0.758815102760146 0.855367343972559 0.852897927823527
0.856361858616381 0.708496976253667 0.760606778296422 0.988220191726404 0.686314195107125
0.724097961837248 0.913265179737613 0.826921288979207 0.629146530106497 0.906569039339435
0.987758102411011 0.975991068579753 0.642894082403278 0.632620771569411 0.760735975036546
0.955477290662444 0.792815723771683 0.629427397478648 0.667482915348685 0.95479667273854
0.704078273707782 0.738096377722834 0.81017152599135 0.850878244615022 0.896775577963011
0.975854313184669 0.686956422893237 0.947185607334554 0.687444441676347 0.702559214911193
0.63894137629938 0.709442065759828 0.797208854604159 0.883204480137636 0.971203223198997
0.95825112288445 0.983383669674986 0.468956853068908 0.899565926813642 0.689842427558014
0.678106821982317 0.945629660207587 0.728484093587221 0.69630602643567 0.951473397787205
0.757327277623774 0.792382094727958 0.681867598823545 0.846485368957964 0.92193765986676
0.62491932904002 0.991831849634714 0.746967522477008 0.94047908556279 0.695802213285468
0.84685011551233 0.812270062819791 0.705820635813314 0.799358738517152 0.835700447337413
0.810992157014333 0.647974982824023 0.935200400638493 0.89886833015619 0.70696412936696
0.987515288394559 0.577986960095005 0.955364122916382 0.797806000829104 0.68132762776495
0.810767544712971 0.836701531522996 0.812730272946932 0.788239452731443 0.751561198085657
0.874262767028804 0.65790416800851 0.642870730463295 0.895623669841997 0.929338664657394
0.871436666124246 0.933383952216764 0.433962080904914 0.946693395846258 0.814523904907818
0.973414450472499 0.956387885307253 0.61556950955654 0.678660914218457 0.77596724044525
0.903764300953778 0.752950012752604 0.783160995455228 0.7790474117365 0.78107727910189
0.843647426718699 0.717550667845563 0.953341388047512 0.777599648699773 0.707860868688454
0.797542797603356 0.705519542512191 0.789008771354025 0.94363494680683 0.764293941723598
0.842914974984517 0.717947163022321 0.651260745173528 0.976757145775352 0.811119971044282
0.932033722104808 0.618911978921654 0.84315880929103 0.681959228903705 0.923936260778804
0.664968516844991 0.742760559966006 0.781938238223018 0.905824566724548 0.904508118241437
0.850028825989339 0.747985830467968 0.827465513131347 0.71776680480287 0.856753025608476
0.904809823817598 0.757781197436122 0.785977274649507 0.739107871263125 0.812323832833648
0.876970519709326 0.797150096119074 0.769957507399204 0.877464719234649 0.678457157537747
0.698012186936538 0.721926085293362 0.969806827990538 0.942760089266231 0.667494810513331
0.634965829782504 0.912724270613904 0.950485488178855 0.896478102111008 0.605346309313728
0.669571603433694 0.772134691377599 0.780112652503989 0.956783707100517 0.821397345584202
0.804854747759407 0.961096264204043 0.671191015071824 0.650700058127929 0.912157914836797
0.696355850809345 0.725062226786209 0.932444460062349 0.85477970634545 0.791357755996647
0.696005673665412 0.899067679509708 0.809836637921693 0.825427126788817 0.76966288211437
0.71657964051056 0.648516141529255 0.725450889109266 0.93336185810847 0.97609147074245
0.730102369574457 0.864910755885395 0.939577694969819 0.679500724478499 0.78590845509183
0.83748117947346 0.697870889507088 0.726067438649598 0.995252465197493 0.743328027172361
0.910867736101732 0.612778595240845 0.781267646300712 0.936240976420294 0.758845045936417
0.733489928829315 0.908666267526515 0.701069839215872 0.751490990224113 0.905282974204186
0.789285174113337 0.877589733903295 0.909090915201147 0.727492214773444 0.696541962008778
0.816919344781292 0.7911828638621 0.935789734646009 0.907870151012557 0.548237905698041
0.82577544766809 0.694371837496331 0.762495250530684 0.910469955018668 0.806887509286227
0.808597783233531 0.825452117990878 0.645839541180913 0.825980965006714 0.894129592587963
0.98804052980177 0.877491140817661 0.592672945062718 0.974710671510475 0.567084712807377
0.827340347050232 0.671437021942944 0.836783087707183 0.682877832662966 0.981561710636676
0.702393435515185 0.890384402152382 0.941775757546977 0.574902596499564 0.890543808285893
0.737292767287554 0.923806234828186 0.967254349906239 0.375208429375362 0.996438218602659
0.875179937240024 0.673993771689011 0.751077915542837 0.85504709555095 0.844701279977179
0.844015231366011 0.783357092399469 0.742411278401172 0.787525771476663 0.842690626356685
0.964062836895393 0.774375047246428 0.713798406722409 0.859308283737075 0.688455425398696
0.806980319712927 0.877899994391809 0.837247463456619 0.5920096740412 0.885862548397445
0.687938663813308 0.841583935698761 0.987251912531012 0.864993422656791 0.618232065300129
0.860975726586808 0.926557150867158 0.7712357061292 0.67507690455186 0.766154511864975
0.848570938630691 0.751686717830717 0.875821998739061 0.829263802051473 0.694656542748057
0.805694885162638 0.792321247573218 0.733444631904257 0.87004035939547 0.798498875964417
0.964101157825181 0.633851453626668 0.783191462724985 0.944498940650451 0.674356985172716
0.952923656737662 0.845683241421964 0.945417692797975 0.597394053060552 0.658581355981847
