0.866318677563849 0.935788758094007 0.932062888645475 0.758770404686047 0.837963969921633 0.669095301088989
0.763112322042954 0.809492968032873 0.831692375130138 0.978379068890166 0.876456939939413 0.740866325964457
0.771537658125975 0.918724651394788 0.751030546843677 0.799238779971214 0.927355391382126 0.832112972282221
0.695332408856834 0.847151362128037 0.989390116459749 0.849784553818161 0.753983287219376 0.864358271517844
0.915406575658545 0.966142069639087 0.857986612157364 0.734295553531352 0.602960297167183 0.923208891846469
0.789587850879151 0.939637156463786 0.868800477012181 0.881492766146297 0.780177019032586 0.740304730465999
0.740761127137333 0.788610134755172 0.835218494993711 0.917120763933907 0.888062119380006 0.830227359799871
0.79017925531439 0.939003300075083 0.74849417216086 0.817778000048671 0.923129440042421 0.781415832358575
0.880655886603558 0.902514311099909 0.714538222172094 0.896289616214523 0.776677742390253 0.829324221519663
0.853181563496722 0.766410262371396 0.681414824233072 0.970375588884804 0.855826645954708 0.872791115059299
0.78157956876029 0.799186833603094 0.780819662791267 0.979050688388073 0.862296389113859 0.797066857343416
0.757844576948307 0.816769143217122 0.860126477909432 0.792392971906172 0.939055610368798 0.83381121965017
0.954862464087193 0.623125833478968 0.9375304484206 0.996294159264729 0.775634714384069 0.712552380364441
0.945873637250799 0.96660127783187 0.718844408008688 0.719406626534671 0.836709881786676 0.812564168587296
0.814615653380342 0.769193948050345 0.719620174454778 0.934913714842419 0.976891753895288 0.784764755376829
0.829230398490465 0.784902358450113 0.930929003949582 0.861256841640945 0.796605299632152 0.797076097836743
0.777390524737999 0.892497487325574 0.907088679944276 0.818051461367576 0.834694158134387 0.770277688490189
0.757568900477839 0.788655204738712 0.995965243041922 0.810763416784183 0.874262605549854 0.77278462940749
0.770021244202748 0.734573946333368 0.961364968934038 0.883251855331339 0.986036425833794 0.664751559364713
0.858433151389397 0.763248905016602 0.863097316819968 0.919306342760714 0.842414723393231 0.753499560620087
0.655056758193888 0.715368159532713 0.959076910307721 0.959747258688219 0.837174480289191 0.873576432988268
0.855786652991721 0.648229649699713 0.851178398273564 0.92274341983199 0.986699306340492 0.735362572862521
0.77698115633887 0.897478044767694 0.755703071367946 0.796333036029804 0.784409240679306 0.98909545081638
0.823036532776076 0.914562678984599 0.669830649923373 0.680643424811592 0.989102785706946 0.922823927797414
0.824474868192766 0.735359754219959 0.889637393603076 0.949816585027035 0.800023793958745 0.800687604998419
0.828021279180339 0.851047220098927 0.794319801854461 0.946655225166726 0.78467187259076 0.795284601108788
0.668235633456137 0.922767330515956 0.901541384384571 0.952619874195754 0.772811476819504 0.782024300628078
0.865225909915515 0.890406093671243 0.785163719571011 0.814698742798085 0.85055666707606 0.793948866968085
0.902620575287565 0.613806055639083 0.939968113214995 0.889059354739472 0.855383901689785 0.7991619994291
0.778258976170733 0.966041407500708 0.865885601833266 0.794404538394365 0.823303317779617 0.772106158321313
0.861636223817464 0.803006967212293 0.860498788824614 0.862103955592471 0.812040144790955 0.800713919762203
0.861351361189518 0.814223827522732 0.872255397528602 0.792289101064671 0.825485913534731 0.834394399159746
0.987118688800581 0.812229570079033 0.767228697501205 0.776000526894472 0.841363939148227 0.816058577576482
0.720838363029369 0.9809170453284 0.852420011799014 0.829341507477621 0.757745371288078 0.858737701077519
0.903997281470797 0.892632387381707 0.729936113301111 0.837736101106933 0.847025490100681 0.78867262663877
0.625008464893562 0.872811921449982 0.794201900254791 0.975852679369884 0.882390027041575 0.849735006990206
0.850249886614967 0.842875054430305 0.810762066949303 0.81747192756617 0.735676604273134 0.942964460166122
0.797633989753563 0.834118974674467 0.988458057990484 0.765490629676071 0.932915376370055 0.68138297153536
0.679057635468985 0.914377088004269 0.886464605969758 0.988510099079173 0.673596364573474 0.857994206904342
0.837048343975366 0.73999053198831 0.949482626954302 0.759886939382713 0.898043841019213 0.815547716680096
0.61473245741025 0.977077744659021 0.798321962541798 0.947068145613934 0.893308236903705 0.769491452871292
0.78395624435438 0.767786814350858 0.875343174811158 0.741761565864155 0.927787200608524 0.903365000010925
0.793172670583511 0.958790288227379 0.742399606116366 0.915363772851625 0.653091461944126 0.937182200276993
0.750893903419617 0.895716761712481 0.805101676715368 0.76020531383028 0.984475248360946 0.803607095961309
0.789545935019577 0.73656525893668 0.984843040913375 0.812647907931264 0.891625533027978 0.784772324171126
0.859019198867741 0.879540204031138 0.66124960967833 0.721648640716362 0.932276084425176 0.946266262281252
0.812342525771017 0.777615784964309 0.77927826922669 0.866567116319792 0.872356634968968 0.891839668749224
0.801494419861607 0.543078004388837 0.881091075035963 0.885490107268115 0.942032111038937 0.946814282406541
0.875350316413269 0.859591633455713 0.994085239011303 0.664313069351324 0.844545909498058 0.762113832270334
0.879475638477125 0.83451917206683 0.773808329237633 0.762222199026049 0.834464578707655 0.915510082484709
0.73941874624867 0.871674151840222 0.939577346233365 0.849532104948659 0.75160037950737 0.848197271221713
0.770115668309799 0.750932853245666 0.752352795805882 0.872336616948085 0.861654201730644 0.992607863959924
0.733814951304363 0.751385235334876 0.840954668312258 0.771741390163021 0.961372563750748 0.940731191134734
0.838290714757607 0.784373821054037 0.808486848913964 0.833985575023181 0.836287395077288 0.898575645173923
0.830651943976618 0.797704791555182 0.706617507279774 0.898868466935808 0.884450250380012 0.881707039872605
0.602170592863286 0.950707590059965 0.971128406398974 0.848336763914671 0.670291437806325 0.957365208956778
0.842498953928001 0.855412891417613 0.838185159067962 0.740383219657615 0.861990784403993 0.861528991524816
0.854994646883419 0.813219893906346 0.730998206221055 0.848061264934648 0.828857275277165 0.923868712777367
0.700326623321956 0.832969871234546 0.998099266308179 0.820145217800391 0.805783450512405 0.842675570822523
0.749245126326068 0.774459840146932 0.850159537917629 0.862847112505398 0.819552891877071 0.943735491226902
0.997425638763602 0.8935151189215 0.747715552449604 0.809341899685233 0.655497316732237 0.896504473447824
0.832402537167492 0.776622383743018 0.805550626971638 0.822298998238716 0.958827866951526 0.80429758692761
0.584197231518025 0.962664764101657 0.838388151394458 0.852443733145467 0.786083019667686 0.976223100172708
0.674654580252339 0.884588090411445 0.893960320529069 0.94977504554924 0.662919624096147 0.93410233916176
0.810857823369971 0.789653739542544 0.789062650028339 0.881099715667635 0.911896992400679 0.817429078990832
0.780937262568845 0.870333131015812 0.964823292024638 0.938378505471875 0.967824975926799 0.477702832992031
0.862741998376951 0.802053292963211 0.842309791987115 0.81031902222302 0.808464619888529 0.874111274561174
0.571996865345386 0.987559139286172 0.751752411788864 0.965990660144189 0.863399066921845 0.859301856513544
0.87924416061529 0.732099679653981 0.878836807860908 0.731372337281885 0.978949538306824 0.799497476281113
0.731207732846613 0.975326037003093 0.818400732253372 0.75170090571943 0.925531809928861 0.797832782248632
0.877413873433856 0.905471849962448 0.941412670027872 0.789123438324161 0.746578581413561 0.739999586838101
0.934877307882707 0.776921014924183 0.998859318035378 0.820627856847433 0.668544780740523 0.800169721569776
0.658716632340487 0.868265240808144 0.916335211464195 0.965969203873539 0.65752638783297 0.933187323680665
0.938834759349901 0.785523278472007 0.795080037534708 0.811106672573323 0.820769397896234 0.848685854173826
0.804782684423868 0.996304731223386 0.727108355752271 0.782859219443531 0.962583834952186 0.726361174204758
0.777840005446224 0.74306517503306 0.882759951622223 0.947075863521027 0.919329839127678 0.729929165249789
0.752540891981306 0.850480291973476 0.779025245352017 0.725973627514975 0.921894237557755 0.97008570562047
0.968620294943012 0.77972869635325 0.853565995666109 0.924044575007268 0.712936585479999 0.761103852550362
0.994200707158959 0.828773184433432 0.740947971113013 0.798938550773248 0.797404636698091 0.839734949823257
0.99849852820629 0.710304881680262 0.851823231237215 0.793020118944678 0.656980741677956 0.989372498253599
0.963923211323152 0.74567902054633 0.849822971418515 0.961382418813379 0.797265870187362 0.681926507711262
0.701523708726274 0.879371374903287 0.906450510831212 0.891140431755102 0.923570959578571 0.697943014205554
0.991877311090424 0.58861193833572 0.924447973571862 0.950539496679918 0.607779681708948 0.936743598613128
0.648563424376721 0.986431286668051 0.944519010118928 0.787001764111011 0.898450290465724 0.735034224259565
0.867526549678421 0.821766611123833 0.7820152648523 0.863181366146921 0.852256296305157 0.813253911893369
0.777625508264304 0.822379031156882 0.861586962389093 0.63531265477438 0.978628795587503 0.924467047827839
0.848335717183374 0.793512089196425 0.764649390661348 0.955221111164605 0.920211003268338 0.71807068852591
0.995253798062106 0.472003916664675 0.987866107601384 0.65441049226203 0.988384804593855 0.90208088081595
0.826289838480442 0.884288146740955 0.776871668374659 0.945897316804278 0.69265015781653 0.874002871783135
0.762647345828137 0.774394252816878 0.805213025839704 0.914078721167388 0.995818065956167 0.747848588391726
0.757101846511525 0.771160017709519 0.825168117491897 0.933389453341115 0.891337457199454 0.82184310774649
0.873541285548536 0.896067220535539 0.817187047789165 0.813107298754961 0.756121286381404 0.843975860990394
0.732276558289364 0.774061805347879 0.996060822187106 0.809883047160909 0.777014053316628 0.910703713698114
0.975110595733927 0.909267785298689 0.969850362030397 0.63230085241157 0.62423122626854 0.889239178256877
0.814899097642688 0.95297261754119 0.749718870430918 0.735025855907112 0.951680445329822 0.79570311314827
0.777956094244162 0.550390390984283 0.843652436686709 0.882951504046592 0.955720551048623 0.98932902298963
0.772504548959379 0.84444281143768 0.847753021691609 0.69497802058557 0.963627494909307 0.876694102416455
0.785160750747061 0.959688091701548 0.929596527919857 0.839713373816622 0.770331368547298 0.715509887267614
0.740175470630902 0.840181668309299 0.821828234042481 0.946378897116184 0.783743549095352 0.867692180805782
0.782620546651332 0.74273502321738 0.974909100726735 0.92437036562909 0.756596970137191 0.818767993638273
0.900885601579199 0.806289315996215 0.781738771041606 0.842369585109783 0.831103886033114 0.837612840240084
0.709237342999852 0.957034332390498 0.815236370213371 0.966777887411087 0.67244417134552 0.879269895639671
0.875755212605514 0.96512819575025 0.811932342734432 0.690017118829765 0.978977468424449 0.678189661655589
0.916891614656353 0.779526279784405 0.967659000117937 0.806723131401637 0.834035157252555 0.695164816787112
0.857557171536799 0.739885276840007 0.968599109804082 0.794806362633754 0.858307534340083 0.780844544845275
0.804290060416632 0.979738684117864 0.966922229099155 0.933370516043851 0.678559476105682 0.637119034216816
0.776484354118283 0.951387772667904 0.905531404286339 0.94859934004407 0.760487499144039 0.657509629739365
0.718110335999318 0.719976107743994 0.706445712406954 0.929529674597099 0.932674518255076 0.99326365099756
0.834004528507673 0.897406129460382 0.888248135595269 0.716706147866031 0.946961004049837 0.716674054520809
0.882116951805801 0.752528864405929 0.856273868474854 0.978240893347166 0.806040640598176 0.724798781368073
0.859961796141084 0.996590566369587 0.747838119704857 0.798098234574634 0.774747823234044 0.822763459975794
0.898797398731375 0.799446389066107 0.870209354806606 0.798866312398325 0.803994939716261 0.828685605281325
0.99923998462179 0.980033046666455 0.611789029400732 0.737905811656909 0.945319340557721 0.725712787096393
0.908649083492051 0.818548347801835 0.778501073508583 0.942083337773543 0.762439956228304 0.789778201195685
0.700338692348643 0.704595891939276 0.800538113670922 0.904609596868355 0.924513430497983 0.96540427467482
0.79191230160639 0.736296925067536 0.791053859905511 0.883061386095125 0.963683406899138 0.8339921204263
0.810635443297919 0.695118324828181 0.975997354697516 0.750112544607557 0.976051234565155 0.792085098003672
0.889592992157324 0.896194903228222 0.718102240383815 0.941830848983751 0.790367363912797 0.76391165133409
0.952963779999925 0.852507002439003 0.77907600433857 0.956549161294723 0.748076496057614 0.710827555870165
0.848496045955358 0.676167430120975 0.937902246220805 0.838312557936923 0.877580861268566 0.821540858497373
0.729789012800173 0.956276424774778 0.905943004169779 0.701517217934591 0.730523285077173 0.975951055243506
0.602047385935705 0.898174797286984 0.846866460324335 0.910468772986505 0.863831654122917 0.878610929343553
0.786155462432814 0.940254290651954 0.922218308969868 0.762319560134167 0.730961543207222 0.858090834603974
0.814848759114856 0.88439233919373 0.848540754940361 0.740111450440687 0.858335544695682 0.853771151614683
0.898840273625391 0.68987145751225 0.792756643275752 0.857708723393049 0.92412894568296 0.836693956510598
0.807422436533958 0.905062183982491 0.836915254709445 0.701201553201216 0.835998065621553 0.913400505951337
0.92626173991842 0.781236856279384 0.961352292773942 0.724234768046562 0.879120498854665 0.727793844127028
0.745842080333805 0.934111826148528 0.846658893291795 0.970772302035915 0.732106234359401 0.770508663830555
0.669631915147271 0.908475513544722 0.571551105277324 0.943739025454233 0.953501375596947 0.953101064979503
0.787721988315398 0.765089387737481 0.862394085299807 0.808380412741339 0.897274222858284 0.879139903047691
0.831168120343715 0.765816657671073 0.986895235688776 0.736746576848168 0.899626692518631 0.779746716929637
0.886912067880647 0.61268618160518 0.975623267878307 0.899909819826564 0.938984629760064 0.685884033049238
0.942910847725499 0.935803789448465 0.839504197450815 0.761952373862313 0.737456936904108 0.782371854608801
0.89077798081587 0.706797116465786 0.87850293497922 0.989571675313847 0.905355461659629 0.628994830765648
0.785526786112758 0.933332020967184 0.866881440475019 0.62387570149328 0.790992606200105 0.999391444751654
0.730233914084099 0.898859452653963 0.980874933663885 0.715570255320496 0.907415958806819 0.767045485470738
0.623468079110498 0.978728982293677 0.979676295702743 0.618221503006149 0.844138937608672 0.955766202278261
0.908098713216303 0.848090322878753 0.882316969043564 0.706932411862764 0.654656426007682 0.999905156990933
0.97438302296617 0.923902961495998 0.69786105333164 0.842325057026661 0.831081364494658 0.730446540684873
0.925469134233627 0.761737783685515 0.903155320154006 0.809029665619239 0.677822064356714 0.922786031950899
0.813911671876884 0.703485501849642 0.928730305570942 0.907450759410281 0.913598297735521 0.732823463556729
0.944185414696545 0.7421716749774 0.732188724694576 0.956892815628784 0.635353167776187 0.989208202226509
0.757671447573141 0.74864528711025 0.996425966276931 0.813760732523698 0.749435703976438 0.934060862539543
0.713984317792518 0.822352007373945 0.807784482580294 0.956601254139061 0.869779384910874 0.829498553203307
0.794711567280924 0.768814951136992 0.882582838037635 0.913328194961412 0.688247073040621 0.952315375542416
0.9262868143607 0.707152682982924 0.907274397352021 0.774869664186624 0.930467791195206 0.753948649922525
0.853625173478524 0.84815572814032 0.838774116020032 0.820161002488908 0.74154503679314 0.897738943079075
0.800842216788944 0.761351858136371 0.991236444496893 0.7821514734176 0.740444453382089 0.923973553778104
0.924854966258399 0.672576679407968 0.974761864319461 0.82514477826615 0.931066665009936 0.671595046738087
0.755445942188827 0.84643867013039 0.834578228782694 0.963699290084195 0.765282935776724 0.83455493303717
0.938225377618323 0.967399668224465 0.713744636346215 0.768060953194708 0.94789537758654 0.66467398702975
0.837646969334557 0.869755435561359 0.732325122672141 0.824031860596379 0.84607019033463 0.890170421500934
0.888955984920651 0.683690991677722 0.892711987160381 0.873530245012002 0.71672841235964 0.944382378869604
0.930361554897183 0.827486541139287 0.710780415226092 0.778147699388384 0.814089458007027 0.939134331342026
0.756837449504372 0.998515551073193 0.991407379756901 0.545370398801355 0.882482259869883 0.825386960994296
0.855510749727258 0.789243560951691 0.884209782191673 0.762751113376581 0.913574141920564 0.794710651832233
0.874976713429941 0.985420194144415 0.897078841737433 0.867070608667332 0.677818901845012 0.697634740175867
0.855626673124541 0.865256745964855 0.832043995794728 0.78431424282515 0.776480633668491 0.886277708622236
0.987323356004082 0.741621913564453 0.651133870910106 0.977195664036297 0.667354056851133 0.97537113863393
0.9846076934686 0.877032585193101 0.751140038447675 0.828798829815815 0.760856661917824 0.797564191156986
0.93617282392045 0.850550449461665 0.830145237278129 0.800541781988201 0.745164376168629 0.837425331182926
0.860930157206725 0.7377987128275 0.800358195823039 0.836526380097287 0.9948625233557 0.769524030689749
0.804718527044029 0.834115057922069 0.824707291056664 0.954330134893181 0.845414544992386 0.736714444091671
0.625015597858513 0.715188293559118 0.801789217095362 0.997997277610372 0.962084652066676 0.89792496180996
0.987133525232992 0.864233827436584 0.917289443320159 0.744711736129311 0.749701637406798 0.736929830474155
0.948000523936121 0.902998797902709 0.933748796116331 0.774015146513879 0.663676537409577 0.777560198121382
0.859732139963329 0.800305410914182 0.82793305805877 0.863947697170567 0.839519029757779 0.808562664135373
0.684711954147043 0.982026996009555 0.863302106167712 0.753466895471338 0.719951597974382 0.996540450229971
0.716234791074171 0.956359697009493 0.800724685060578 0.924013786503458 0.702449139442839 0.900217900909461
0.886545227667767 0.803394673201407 0.89269996054749 0.642208700422908 0.909634407195224 0.865517030965203
0.789451057983069 0.781113193761586 0.853632450090178 0.837218493282568 0.811576064404431 0.927008740478169
0.809270343573674 0.959904188602994 0.747479694593853 0.735666183655802 0.763174940151589 0.984504649422088
0.946500619846379 0.782132765489067 0.946568853068413 0.830453497784506 0.861441734624463 0.632902529187171
0.827313821147466 0.963649728386976 0.750500093438719 0.786671681442078 0.896746282605483 0.775118392979278
0.771743896632331 0.90026622278639 0.748517405142123 0.734386477566244 0.874856384681747 0.970229613191165
0.912930473287901 0.916287508334758 0.699565223409065 0.893133809590947 0.792351038870048 0.785731946507281
0.924935591476933 0.764813967457752 0.818110507776624 0.819208782622401 0.725716132126148 0.947215018540142
0.905836029881729 0.790846099050308 0.880745403829276 0.739022291537187 0.760672027624057 0.922878148077443
0.825344098574695 0.805108901228477 0.920926230338028 0.813019785091906 0.863517154611132 0.772083830155762
0.775179680711448 0.767945116959745 0.984928741557641 0.813985375493058 0.777553960092717 0.880407125185391
0.767867510800677 0.948687236677291 0.705756954479862 0.79538908135964 0.798283311226722 0.984015905455808
0.708911827702649 0.962332441842826 0.835305792978293 0.797012102847677 0.90141562645945 0.795022208169104
0.749338248562946 0.949965272782663 0.772425127424944 0.765608914975245 0.961823335514956 0.800839100739247
0.895383324200685 0.82211184594542 0.805285840293704 0.881519402861815 0.79573953581329 0.799960050885086
0.947020573749121 0.787130049113547 0.749886869098155 0.987256414318396 0.75390645041295 0.77479964330783
0.818143084006171 0.781774296540465 0.84510900743635 0.796965782621228 0.763720004719118 0.994287824676669
0.858018407543776 0.818723051042516 0.973102516837236 0.786050941613329 0.720651744734801 0.843453338228343
0.940326133074513 0.768573052109847 0.849697177563258 0.833272913881279 0.83177608365525 0.776354639715853
0.90539165661617 0.817084524420841 0.914223006100125 0.771217699917631 0.772972324630047 0.819110788315186
0.631417837648169 0.979217929933593 0.78953724346987 0.843916179265311 0.952814024387551 0.803096785295506
0.859968212169808 0.906679387385014 0.733649725519502 0.843336139677194 0.759598331694783 0.8967682035537
0.854297416061738 0.829398626254168 0.866758703316417 0.713465674411481 0.752536230652128 0.983543349304067
0.85431519636544 0.802929655345213 0.90927824919096 0.794568626372946 0.833764063140881 0.80514420958456
0.856878827971371 0.742902460392747 0.749152306528684 0.873212914456547 0.979982390542809 0.797871100107841
0.817351233897754 0.490755136503805 0.879942263084788 0.891430422886864 0.921528668551889 0.9989922750749
0.803528102950881 0.970672067622219 0.875714060310392 0.797652441396808 0.808730595889509 0.743702731830191
0.768339672505673 0.859805283193163 0.965034658748828 0.777114794276104 0.833016873018302 0.796688718257932
0.86005596426196 0.943775548088517 0.928240543786013 0.728910823388309 0.69904144904796 0.83997567142724
0.804820281551959 0.779682399939482 0.799299031594973 0.893986641211669 0.948394518973506 0.77381712672841
0.743909938550208 0.826632941549119 0.879938100877553 0.923630994947442 0.734006992669992 0.891881031405686
0.765496645440821 0.807521277521646 0.703353041470019 0.921138962849682 0.851540022487431 0.950950050230401
0.800542325350913 0.900720217546246 0.99025332313965 0.754954196476957 0.808408300221872 0.745121637264363
0.763703948911977 0.628506010531808 0.936179935273845 0.906198691526211 0.846841648306996 0.918569765449163
0.938954981099608 0.848182350490661 0.941791808125789 0.887310921019578 0.70298040692522 0.680779532339144
0.997812780844409 0.983974227040773 0.793336968548463 0.73500553272107 0.709294122834533 0.780576368010752
0.943225527197274 0.6714483909818 0.965710110367484 0.735182463747904 0.703409143627262 0.981024364078277
0.785277202687891 0.899364276007956 0.984079542538268 0.776788297288454 0.763873823674414 0.790616857803017
0.756088242868226 0.883939523716035 0.729676202006729 0.889685439461391 0.891279734436315 0.849330857511305
0.929171658112034 0.646522107857961 0.665613515478177 0.850435150077464 0.982301612544594 0.92595595592977
0.677581569464057 0.716293597808248 0.879707175113774 0.986476391387987 0.787932308611705 0.952008957614229
0.856893278785716 0.742644156694137 0.939992810974255 0.754110197574464 0.769053573194035 0.937305982777393
0.886158170266275 0.758028293906152 0.791138705620091 0.957564799126424 0.817822967290274 0.789287063790785
0.815700053156646 0.801086454323905 0.768429863218535 0.95730008323795 0.801739604090525 0.85574394197244
0.755346946508376 0.817694254701781 0.773612388401487 0.91908467976053 0.805866285591205 0.928395445036621
0.916377883185874 0.636018596541826 0.906608466160243 0.771962383340521 0.778359588921638 0.990673081849898
0.784775572252002 0.767173962569443 0.764613830677152 0.838711431254144 0.869083697660237 0.975641505587024
0.791352205728233 0.964282014805951 0.783859002318479 0.837779753547909 0.796636521944122 0.826090501655305
0.798924413475005 0.928135513318998 0.731407155101523 0.726404829842747 0.918480957951915 0.896647130309813
0.678157934338384 0.991553064507093 0.968998812570105 0.958488847060713 0.709519414153358 0.693281927370348
0.740807665082006 0.780403603983769 0.903883759140823 0.783948155442369 0.843543002317585 0.947413814033448
0.748415795614807 0.965177657819856 0.993962350791072 0.89805172344264 0.654292036297775 0.74010043603385
0.926007311742619 0.942192433881553 0.734654372155134 0.788821700962244 0.633372325701828 0.974951855556623
0.896832418357742 0.757669767542101 0.745116417799256 0.833923598773636 0.830757154734031 0.935700642793235
0.961355224122235 0.871631702902744 0.826571429139731 0.716062529423354 0.748558542753049 0.875820571658887
0.780038588997979 0.834171448794658 0.78793156870718 0.801248465504641 0.840440930261487 0.956168997734055
0.919205787507558 0.748246910557131 0.748230924869166 0.924507579846405 0.848059604640262 0.811749192579478
0.843420184604324 0.866876258766064 0.862733257159961 0.841552173316023 0.954316023737613 0.631102102416016
0.780706066966138 0.886659228614358 0.788625577671549 0.795156848916148 0.79174688249575 0.957105395336057
0.848671128212918 0.81847696014322 0.826088849775247 0.811542990888913 0.858947933586042 0.83627213739366
0.76151641431176 0.912643021202232 0.804896755263784 0.914803652697664 0.816763666388657 0.789376490135903
0.982747546465805 0.751090619749857 0.702425842344699 0.919441977561701 0.773392804637494 0.870901209240444
0.693864289113255 0.783822220399192 0.998757827856271 0.886107543427245 0.859880172353302 0.777567946850735
0.965187712415136 0.764378154162784 0.707919461699131 0.888371593181466 0.73631053783579 0.937832540705692
0.875734058180172 0.694897217728922 0.972031104063033 0.740457231768268 0.948937867113974 0.76794252114563
0.950708484099941 0.830128456885908 0.669945334891804 0.838610394197891 0.735386259712566 0.975221070211889
0.826153096859986 0.768011675378278 0.764089153319465 0.841476199563121 0.807999973974751 0.992269900904398
0.807741679689649 0.823408015346861 0.855022035509997 0.820400337476411 0.870343183861303 0.823084748115779
0.904470422898537 0.705359028994138 0.679641584074193 0.960525931416997 0.903016982908465 0.846986049707671
0.879297294462074 0.764445599971143 0.740642956036823 0.999206103804282 0.717397206725461 0.899010839000216
0.914157282304565 0.762554847439532 0.792960759858891 0.935122157810613 0.819706057760645 0.775498894825752
0.689719402170793 0.736515611544537 0.987758089169948 0.724837744350803 0.9193205282331 0.941848624530819
0.812713419328369 0.940676370760387 0.746164545026498 0.815416772663872 0.781147138885614 0.90388175333526
0.920162745076336 0.783203249493963 0.88826630230189 0.798166678780682 0.866711830073799 0.74348919427333
0.988168302028913 0.997933630273926 0.421655777133576 0.994035103146081 0.73189337609005 0.866313811327455
0.583191103178686 0.576170886101948 0.992991046853252 0.982428629577115 0.867898144318379 0.99732018997062
0.997888817721167 0.794167240182094 0.693380521087695 0.772647073508502 0.885449460939185 0.856466886561358
0.94433926893292 0.998959992188426 0.98077508535036 0.704397123124578 0.755418141741448 0.616110388662268
0.784020066826014 0.882579071060559 0.746693219680072 0.900823388514492 0.930069153120965 0.755815100797898
0.888719142490676 0.817527556747086 0.804801487203926 0.885897385287921 0.821093316568111 0.781961111702281
0.802818349952985 0.892798552594817 0.842355367774093 0.940348147192396 0.736279142395625 0.785400440090085
0.843659067398483 0.882736717957768 0.76421073413125 0.778865537451786 0.786372015858443 0.94415592720227
0.953268085333328 0.812414421668074 0.751138624355162 0.833562703545096 0.78286028934065 0.866755875757692
0.913868771526181 0.780470151003828 0.6733232797684 0.890536739298986 0.802876498958851 0.938924559443753
0.755447449074368 0.889999221175763 0.86115299493518 0.924054154500487 0.724346263803143 0.844999916511058
0.797191302521862 0.847993422810804 0.816596677832696 0.865691828823252 0.78371752639016 0.888809241621226
0.787469966553014 0.848827453662051 0.948062287607188 0.844505673153614 0.656924495345502 0.91421012367863
0.826806782902209 0.699641489556798 0.896183084717379 0.604966143850494 0.997896180999786 0.974506317973335
0.768329166588253 0.815615747711782 0.907292164805721 0.995845939427597 0.763430438383982 0.749486543082666
0.996041627557554 0.783769571692351 0.737014542163457 0.815343158544792 0.740303606562648 0.927527493479198
0.726711240071063 0.958112447691232 0.943414722862105 0.793205145282801 0.936233280156104 0.642323163936695
0.75982406279679 0.75799669181205 0.754682538058121 0.961717208422876 0.960059072529213 0.80572042638095
0.843118517966907 0.802004572254325 0.856044671311139 0.782291363880445 0.912012493675978 0.804528380911205
0.986940795449462 0.694438549205458 0.79119266728747 0.713162973773107 0.951562297279826 0.862702717004676
0.948532618088681 0.869618079096052 0.836466898621322 0.678124816757882 0.750962699171525 0.916294888264538
0.948174828071629 0.885695599544449 0.79394242176943 0.717649171448582 0.83786897744364 0.81666900172227
0.730980313657503 0.837313162241295 0.85413101742436 0.884019886770058 0.883823991071406 0.809731628835379
0.838368832387932 0.700139963873753 0.723848054101258 0.986122045647141 0.96391713539428 0.787603968595636
0.70678411436519 0.946978620815128 0.942557344090626 0.870690718478189 0.670162793451128 0.862826408799738
0.72153457021989 0.968556752559386 0.978379665474635 0.567029406674084 0.910265973688515 0.85423363138349
0.860336886640781 0.774705600020032 0.704506136803015 0.752040610789133 0.98727295648028 0.921137809266759
0.986188948856433 0.796608059155376 0.924400070399039 0.719691971546678 0.760387642631599 0.812723307410875
0.975042143851054 0.897133132554372 0.665349986648362 0.843247393411994 0.946338310426572 0.672889033107644
0.878755447697868 0.992348448990502 0.693050013054515 0.792420669548894 0.901236359064271 0.74218906164395
0.790686908566437 0.949358909218222 0.76602806619463 0.997830904831308 0.777708402753227 0.718386808436176
0.933152634934258 0.99743190241149 0.74744551736422 0.697933519994498 0.894427734196145 0.729608691099389
0.71390836861678 0.753993522460091 0.738636425820512 0.899724119674557 0.963087566650833 0.930649996777228
0.850897478952096 0.723670562278091 0.858638469763734 0.993552947439148 0.911190001791745 0.662050539775185
0.983566360604903 0.785048548689083 0.730453217426018 0.871564441916662 0.81792197969237 0.811445451670963
0.842945551982287 0.762200333796226 0.810210067224394 0.817402440647279 0.861799210185615 0.905442396164199
0.771853493969318 0.878856355961046 0.916075299981604 0.84529383682672 0.801307442575228 0.786613570686085
0.794258195980899 0.875453922894236 0.722825534232134 0.981724696708024 0.790615267141814 0.835122383042893
0.799143727385999 0.718198162631791 0.942259789563659 0.819554370101185 0.731493936084221 0.989350014233146
0.907568315643181 0.755650242340674 0.752966670387809 0.890861853103073 0.824682786635349 0.868270131889915
0.695669302446466 0.88560330413093 0.918616084079015 0.917575933250615 0.661055268617559 0.921480107475414
0.794811502293377 0.845622957376445 0.746950142146865 0.705546747483545 0.983274038412393 0.923794612287377
0.892044799900644 0.793589785516866 0.8872831432793 0.839056019050314 0.762146952584711 0.825879299668166
0.919568808119905 0.681494512405355 0.816719416893381 0.800619913804237 0.868954927593382 0.91264242118374
0.932177068673493 0.869106499393957 0.822531196329373 0.883895205417118 0.789339312379319 0.702950717806741
0.914887728990897 0.692302165285452 0.972817399760921 0.91768512207031 0.65532584334356 0.84698174054886
0.788701419041193 0.818554105637641 0.947193442280543 0.830001078013649 0.783097173483219 0.832452781543755
0.646869084853788 0.969031598736008 0.758544440888078 0.743889334717905 0.965747498270369 0.915918042533852
0.780490547016966 0.923988178017498 0.759108217503638 0.771437956210329 0.885868973006537 0.879106128245032
0.959356828391647 0.789127845774131 0.995551192509015 0.529772836102293 0.855512057224757 0.870679239998158
0.846810489100727 0.927554566896581 0.796541823868111 0.986959351374041 0.595719574865264 0.846414193895276
0.767512817209686 0.957452417696892 0.869512889218087 0.799905983653183 0.616709193981828 0.988906698240324
0.809453517651459 0.798010134527021 0.868622143763952 0.797467792550286 0.84210592809856 0.884340483408721
0.812291845284749 0.758063312396363 0.79368665455456 0.92473190251508 0.870842102260768 0.84038418298848
0.825816131812814 0.726919339923348 0.933073575109858 0.96719661798686 0.715797691127151 0.831196644039968
0.901380234443667 0.674832942189662 0.99663030425117 0.77292388184515 0.765459010222429 0.888773627047922
0.902848788524325 0.992914749270788 0.723764898962937 0.816615809839825 0.592980368046036 0.970875385356088
0.884859923800352 0.863412283253619 0.724705505313589 0.822036240881134 0.746799355637598 0.958186691113708
0.980636678651407 0.793458164480962 0.750000544681463 0.695769032533458 0.917287714131577 0.862847865521132
0.642829299899285 0.680992909139556 0.862404772896732 0.902393458307192 0.929002440395592 0.982377119361643
0.777873772152044 0.835752524187635 0.905057868229661 0.748698372004711 0.801946293325374 0.930671170100575
0.978764153853728 0.883083741998816 0.761689284361502 0.707089681686392 0.792876727849982 0.876496410249581
0.716838016843412 0.957517819931932 0.931752519761502 0.748923747304511 0.910867742048888 0.734100154109755
0.935006016525194 0.972559887597125 0.731602803113078 0.804347794773378 0.785205104159298 0.771278393831927
0.743139804754777 0.901703958337939 0.773475119863889 0.813649659796713 0.876179247300617 0.891852209946064
0.78921787519921 0.860491402997615 0.931521692425986 0.821204702347998 0.749609244409044 0.847955082620147
0.726129889367071 0.922282590569788 0.934876039369087 0.876159709884815 0.75260747777969 0.787944293029549
0.895330260553667 0.749938793706675 0.911243523136178 0.72785309449472 0.994798495517302 0.720835832591457
0.835164101590389 0.978191574959071 0.926884948537515 0.621865754644768 0.905627211166034 0.732266409102224
0.967205235121387 0.481495444616053 0.900193878767738 0.967715520812683 0.873307947727345 0.810081972954793
0.948593190058617 0.787985143796204 0.744181495058247 0.750806118975591 0.830617735141305 0.937816316970036
0.936597720142782 0.837049718399818 0.641372961294517 0.963149690038675 0.947142978984075 0.674686931140133
0.799610317575586 0.759340613888698 0.862243845584076 0.825311421604668 0.827824400480524 0.925669400866448
0.953979468455377 0.665287036586869 0.847387953711243 0.755341849838924 0.852941304233755 0.925062387173833
0.809227042666777 0.982390570423169 0.863509210230195 0.757711364762341 0.762050228069587 0.82511158384793
0.875152832083438 0.863083955583266 0.814561233189766 0.933796284260882 0.770319181444437 0.743086513438211
0.822408613528944 0.918386234168135 0.71202534955386 0.907191106907127 0.742209702183044 0.897778993658889
0.795590298034959 0.814470499278737 0.895648270983132 0.853843343798824 0.918994181077688 0.72145340682666
0.768751933307427 0.976368468613599 0.825229139307085 0.731101422966838 0.845620251306264 0.852928784498787
0.786479463016093 0.949775867527753 0.662804073156461 0.983076418958537 0.638196825108175 0.979667352232981
0.794963360910629 0.782165520198976 0.971352097325229 0.756233438583733 0.794798968079797 0.900486614901636
0.951470304496914 0.637472952194109 0.927721715218198 0.70294462722938 0.79741959727873 0.982970803582668
0.779676381164183 0.836634817298474 0.769278789440593 0.971167934760056 0.886077619817714 0.757164457518979
0.858154001629052 0.838368769448875 0.852863001098071 0.858556338498067 0.810406405053902 0.781651484272033
0.993667335444813 0.785234718438672 0.797425047014755 0.773937832735338 0.867446969074471 0.782288097291952
0.954231197020358 0.928788012816348 0.805994028246498 0.763245292883293 0.613759502710919 0.933981966322585
0.616161039989094 0.862859974823451 0.789041736421904 0.946353278651174 0.793298798739984 0.992285171374394
0.940513978304612 0.84466707602825 0.813037829625952 0.77632658213517 0.746366587653924 0.879087946252092
0.921646826758603 0.781613582326907 0.747652414761622 0.743426527951477 0.845704276451133 0.959956371750257
0.71855782142634 0.779544744066323 0.925019638709304 0.917852393420788 0.841462451337251 0.817562951039994
0.735791241517373 0.807494127506828 0.705664066540277 0.916351397798908 0.875367950412124 0.95933121622449
0.886394836184761 0.923111082564563 0.830750618508458 0.774022422245262 0.754805229597231 0.830915810899725
0.943402748173318 0.721869083191143 0.80796378026425 0.962444017801712 0.877336294202451 0.686984076367126
0.943462132124363 0.739233745874491 0.781632384818553 0.730694480450243 0.952588666997322 0.852388589735028
0.980507356608334 0.767913923232482 0.812975618593116 0.846796648443037 0.820595986993314 0.771210466129717
0.97795443141992 0.689203557095952 0.736200202923152 0.866251748109201 0.767040315329127 0.963349745122647
0.773258963979237 0.758997441457261 0.920564810480902 0.892581751146222 0.856429475503033 0.798167557433344
0.692936959147344 0.979225473008663 0.670115004166493 0.843735504416621 0.861006798822163 0.952980260438715
0.919531079392387 0.690746555330605 0.754342749056175 0.907316690640001 0.972732958579824 0.755329967001008
0.751704615391501 0.821892392479 0.788973682983386 0.79188218329055 0.862182133709958 0.983364992145604
0.959562009402935 0.576393683296051 0.853659730167062 0.807245447009913 0.812912735194368 0.990226394929671
0.856756415722965 0.749448655480767 0.821629437358815 0.959454990116614 0.892622022163789 0.72008847915705
0.615370418028232 0.965849583827838 0.88602255481952 0.803770815429919 0.808661341328105 0.920325286566386
0.847079251724001 0.833643692882116 0.97983842476164 0.782572600918615 0.673449424593671 0.883416605119958
0.854037014861686 0.853973867651603 0.808572430143332 0.934889025780298 0.822917697944011 0.72560996361907
0.92977393049545 0.799002833396331 0.76230988491443 0.909096299843004 0.830723192907347 0.769093858443437
0.798502165780074 0.906976556269759 0.833314182446862 0.800344695377018 0.871402266024765 0.789460134101523
0.868859696434299 0.776826615419392 0.908756637442375 0.776327460065989 0.868648789575887 0.800580801062058
0.772405103745852 0.96695098840359 0.706304005156044 0.845252780800468 0.932124523077055 0.77696259881699
0.849314083014563 0.899482723268134 0.823309827556926 0.880314640883963 0.549882524580712 0.997696200695702
0.982123821653988 0.884935669304378 0.693945780264953 0.836953571626718 0.68505879299709 0.916982364152874
0.776935817583172 0.970060136810289 0.951754750379026 0.594132389771111 0.93897024060921 0.768146664847192
0.81224803891931 0.809188086459483 0.915590954150052 0.824323670073359 0.786692620817169 0.851956629580627
0.839744650587399 0.771586597243688 0.828693793784585 0.926810789681068 0.841385682504497 0.791778486198764
0.849174435587411 0.937022573877429 0.832958678332671 0.785697995162137 0.701801711882722 0.89334460515763
0.799409954886011 0.856421054128213 0.813515190009955 0.924859181738534 0.744032659184345 0.861761960052943
0.832577218122532 0.753059772487985 0.718414328832715 0.965997289267861 0.828367595210588 0.901583796078319
0.737644376422615 0.693713114465283 0.831993415283551 0.922745430642394 0.938365648746543 0.875538014439614
0.669327059268167 0.820648946271058 0.754789209466488 0.945276488067378 0.86354085836459 0.94641743856232
0.886826390040169 0.773567719282441 0.824274304530678 0.848718106923011 0.808329885108462 0.858283594115238
0.78090374342349 0.996670717181217 0.893147945015348 0.71502788420145 0.920428996055855 0.69382071412264
0.972310179524308 0.707031611652746 0.779387086853457 0.719607580267563 0.978624413748939 0.843039127952987
0.947788822813917 0.672842470858451 0.712350381309976 0.980600430097275 0.746821552145971 0.939596342774411
0.964020284761933 0.641565596988833 0.815460658473394 0.79309492676534 0.999226420955533 0.786632112054967
0.774716072176531 0.908355577789295 0.939202012205076 0.909019857061617 0.806409899322387 0.662296581445094
0.849182695489203 0.938945961416082 0.896075930148795 0.624484118712856 0.921249734998905 0.770061559234159
0.974289181525506 0.714117632950418 0.894776471552911 0.838867469721777 0.806173239214264 0.771776005035123
0.980287997082774 0.872013984130799 0.852113296263516 0.743688304510569 0.746617250703193 0.805279167309149
0.801140330583072 0.865596294763293 0.791958747769446 0.917760754802553 0.828274603987511 0.795269268094125
0.783561939501059 0.827019797485501 0.790721832648954 0.785246074111077 0.958442506274755 0.855007849978655
0.904349710836982 0.999167316869044 0.800844308093559 0.577029567181879 0.938104720411045 0.780504376607492
0.790038613284561 0.843954232938478 0.863293083001036 0.851312469368227 0.715121292124401 0.936280309283297
0.627946125133566 0.829748362555968 0.937849738701332 0.897144957329242 0.857515617281129 0.849795198998763
0.883825582512078 0.778707757782561 0.792097016310641 0.792863830307224 0.786210182876494 0.966295630211002
0.936722336682977 0.847301869039532 0.779533644177913 0.839737965176024 0.838733926378572 0.757970258544981
0.715864635908748 0.782743928230528 0.877350225494025 0.844842818111101 0.898390899212141 0.880807493043456
0.721135179728729 0.975102318867873 0.886806505180803 0.548568471112319 0.977096252193436 0.891291272916841
0.875559544706195 0.789009783944857 0.754305368648823 0.877203814501488 0.808050620460809 0.895870867737828
0.750723477434993 0.747566968850523 0.917369939235006 0.876207867194297 0.73892727885992 0.96920446842526
0.707380684600748 0.82946259536548 0.796648304379713 0.885268998311279 0.817467447525366 0.963771969817414
0.911484062148539 0.983777926082338 0.741380475111884 0.677682545854145 0.854916822380888 0.830758168422206
0.972406383256066 0.722833392453599 0.914836665430701 0.697345159992413 0.879937781188793 0.812640617678428
0.766142129381988 0.995401508927953 0.881072683783842 0.76983604799358 0.829444333762184 0.758103296150454
0.891262498471416 0.969234242310638 0.803688595833398 0.736332943269919 0.805197184459 0.794284535655628
0.819960485230154 0.867798920848896 0.863845347287669 0.910081339713635 0.587346369691226 0.950967537228421
0.776348581219155 0.593434744158795 0.963768154268355 0.917427215120788 0.834656417520746 0.914364887712161
0.921197840659438 0.816716852053571 0.784711362800649 0.93434192922378 0.782224551246888 0.760807464015674
0.826337811815655 0.843569077622344 0.801588795851159 0.824011233824019 0.854155145230546 0.850337935656278
0.992235783220844 0.915028000282596 0.91500322779694 0.837362262366761 0.665464251881349 0.674906474451511
0.809579030670748 0.827099746000108 0.870449812523726 0.74817496607192 0.976527006482669 0.768169438250829
0.817643604925272 0.9213103357612 0.737134374319472 0.790598585539262 0.830961293802701 0.902351805652093
0.864852964770351 0.909721768560982 0.749343869848471 0.811872663506941 0.915708202200924 0.748500531112332
0.898099229586476 0.728172823418502 0.920147412315416 0.698882261116462 0.947602432010009 0.807095841553134
0.941427021569833 0.828582447648823 0.998688085041858 0.932597437533739 0.570443789918175 0.728261218287571
0.995986739482851 0.970243479231065 0.975003656957863 0.950049903433609 0.454079141393141 0.65463707950147
0.783250576858953 0.923019807133648 0.842903564970112 0.835527827054973 0.672353748313769 0.942944475668545
0.875071432367101 0.872540326580203 0.580979231580774 0.995477397864087 0.99220381638423 0.683727795223604
