0.770381923548633 0.899861844859775 0.87542916145147 0.72806936683567 0.948424953840571 0.77783274946388
0.869135927074753 0.7154559482761 0.67046302474921 0.815212991992087 0.972228690522462 0.957503417385389
0.771971095601792 0.829710510964475 0.852399412417418 0.801370036685994 0.855236589036891 0.88931235529343
0.646068943410585 0.977752290303553 0.799532256444423 0.959012139984982 0.811718403290738 0.805915966565719
0.961812470099788 0.647338994703281 0.837916734437423 0.765618320687177 0.910719226535294 0.876594253537037
0.993518585849425 0.708549718180929 0.729641792412678 0.954909070269266 0.699832323528471 0.913548509759232
0.673861126902337 0.856202037107816 0.985091067921689 0.795834298714374 0.809455227128112 0.879556242225672
0.876887334597302 0.799778270929285 0.992185257716 0.630969222658807 0.790159548964721 0.910020365133885
0.805945211870025 0.872830568603326 0.83173671409567 0.797986151092139 0.859990087467142 0.831511266871699
0.948399834615699 0.932794322579996 0.709469943189576 0.858175552573399 0.70806390497528 0.843096442066051
0.88551808744744 0.974849907278478 0.9409865529267 0.705605704684129 0.812206404713772 0.680833342949481
0.778741879605311 0.755012049454208 0.780219324640053 0.894927603388381 0.866776907226356 0.924322235685691
0.738331536767326 0.816030886924512 0.97698947665587 0.96796716132479 0.980031703841305 0.520649234486196
0.974680862242533 0.773209950314796 0.763451111324212 0.914590651477351 0.731691963719327 0.842375460921782
0.754791525786827 0.801209557371298 0.802893858680771 0.783190685818911 0.973488525411862 0.88442584693033
0.983191778110079 0.896449593786055 0.698427379982438 0.721713924437585 0.954798605284434 0.745418718399409
0.760084797271227 0.959479920105427 0.787890697790575 0.922449712105072 0.855657517751486 0.714437354976213
0.983561339018894 0.934658302947172 0.734164054623009 0.791475534104688 0.795615940257352 0.760524829048885
0.778868089811666 0.865104687450979 0.86571285908576 0.788710018835489 0.786650607238655 0.914953737577452
0.786060089313187 0.827480429168403 0.917182763366806 0.752579050427005 0.916374286135617 0.800323381588982
0.970932152559924 0.602944808641517 0.96833490123187 0.934609899751625 0.683277796602144 0.83990044121292
0.752458404913907 0.810768732663312 0.8953236490788 0.93633385925775 0.945441734645446 0.659673619440785
0.752763039263611 0.982155951345296 0.755672405548296 0.948003937085825 0.763063755437622 0.79834091131935
0.811659828958861 0.961877314246548 0.957092184293686 0.74419841605904 0.667682473903513 0.857489782538353
0.975273385796509 0.677439310760519 0.60538003766014 0.96878746628931 0.805460177865794 0.967659621627728
0.951598885521439 0.957089934865332 0.717852414923616 0.689785554010126 0.692218961726998 0.99145424895249
0.903108923310249 0.750144335083475 0.872114147933371 0.912468727661508 0.677279102362123 0.884884763649274
0.767342960617589 0.861211480041238 0.763255861789458 0.818705072446835 0.800956348411973 0.988528276692908
0.760950156272125 0.896833897263023 0.886756588256205 0.972246030558892 0.70496241281568 0.778250914834075
0.639435682831152 0.89499852682798 0.769895458200065 0.760468372720025 0.991562733447016 0.943639225973762
0.770660107768652 0.835237449762262 0.788775940792318 0.906934739415059 0.935069158221639 0.76332260404007
0.762927018236617 0.801850556588294 0.906798520344517 0.877522051029028 0.811174157709669 0.839727696091875
0.989472463931334 0.786934248886169 0.871549305564742 0.792162573064969 0.791584788420186 0.768296620132599
0.633990911892542 0.810418149308489 0.695496817368311 0.93154255008652 0.945476502571441 0.983075068772697
0.780604114986667 0.762702075275672 0.956404173281625 0.898958157987176 0.88343271924557 0.71789875922329
0.947489726866732 0.954341589887334 0.742582979936061 0.837251764061975 0.785348618708705 0.732985320539192
0.985570812591513 0.721948168610538 0.943153439212709 0.637386759552981 0.859661636040181 0.852279183992078
0.871534070509117 0.711455029109185 0.696548283352631 0.898408846791832 0.902766724518598 0.919287045718637
0.897088801675519 0.817497099136434 0.958833995353994 0.637337439778543 0.96779827841185 0.72144438564366
0.925042978346084 0.766623979040878 0.744810015039024 0.795231527206226 0.986562604513016 0.781728895854772
0.803585872831861 0.932149303954169 0.775580853677712 0.72602079142664 0.965814918532883 0.796848259576736
0.933254314977979 0.655942043096829 0.984330180636802 0.756678449340913 0.774320122895154 0.895474889052323
0.973227037430057 0.920927708253657 0.753188315735413 0.888559056820032 0.766868251072081 0.697229630688761
0.842011969550222 0.963668705477357 0.68706404113522 0.811633432294885 0.94201842803334 0.753603423508976
0.955763771504868 0.739104918667067 0.712515068057473 0.792908526159214 0.934187976660556 0.865519738950822
0.926200688244946 0.801653602163981 0.680574569987596 0.661601920963318 0.958338783404135 0.971630435236023
0.924376790685096 0.720358133655561 0.963986036160969 0.686164021714176 0.939562452176753 0.765552565607445
0.710842236860382 0.899735109437597 0.883424008302744 0.880685547114214 0.907228152664706 0.718084945620356
0.811514841922865 0.829108277198 0.824846918870013 0.810780102971643 0.829966255920512 0.893783603116969
0.819515630234887 0.909247144305406 0.643215002826524 0.76628778611242 0.935913398769754 0.92582103775101
0.96461005416551 0.872074976021129 0.700334228472493 0.828570870238868 0.753133615519901 0.881276255582099
0.946813666556267 0.842407075165097 0.825870810017779 0.822576347639671 0.857430878000947 0.70490122262024
0.96576962961103 0.706533628774668 0.97290250623968 0.886160114960156 0.765645631221326 0.702988489193139
0.822530756058014 0.976052700607076 0.770346569444416 0.870342412134641 0.807585563751516 0.753141998004338
0.947716029008067 0.953429464075303 0.939735578715693 0.664905298783041 0.638920526261557 0.855293103156339
0.961238415835217 0.674229716344572 0.955018937853266 0.726015881265722 0.734424576963375 0.949072471737848
0.862998542629073 0.716672009424197 0.994929692791927 0.741938167310042 0.792281124651758 0.891180463193002
0.625672771313332 0.997264551095241 0.712859304678768 0.999309872673925 0.73312021639875 0.931773283839983
0.78266038111537 0.913941975798154 0.733666749084451 0.820895862270972 0.801307963283182 0.94752706844787
0.764100069250444 0.802420580206553 0.937219628793937 0.78376443049339 0.837465967748056 0.87502932350762
0.731684118502534 0.929909414087986 0.802536023291364 0.719117167319381 0.819747068505985 0.997006208292749
0.761177241417323 0.861736259766136 0.998322689410882 0.856551836558509 0.782465863344068 0.739746109503082
0.844852653183486 0.801516918575094 0.620119613415867 0.915195451316477 0.911870808415897 0.90644455509318
0.948495045244795 0.749863197104656 0.858196068298709 0.968421974765431 0.755206351078148 0.719817363508261
0.745280888531013 0.970808115307136 0.872206858783881 0.951106087538687 0.693981565104918 0.766616484734365
0.818162432731241 0.904438205305461 0.848519106885506 0.66386638460977 0.952707631930283 0.81230623853774
0.815960232618701 0.99201028240836 0.810979250533528 0.887458344296768 0.785633812989876 0.707958077152768
0.959920406815114 0.727506359434914 0.700093655991151 0.753617256966391 0.971813976345847 0.887048344446584
0.837135710397598 0.861906659041125 0.81543919823739 0.839871562608943 0.801070984867016 0.844575884847927
0.800051426102431 0.948034335926481 0.893194280045393 0.705624722504755 0.76213974427617 0.890955491144769
0.941573109819321 0.773369127731212 0.857897231215567 0.805019648116796 0.809757616709454 0.812383266407649
0.982780153758413 0.875081799749045 0.77256142525146 0.825602027937687 0.755636190754788 0.788338402548607
0.666945614535811 0.750664348648789 0.769963253493153 0.993262236107587 0.822496110278152 0.996668436936508
0.790482526406101 0.875982205748474 0.778517719953667 0.950524115673403 0.726054108388984 0.878439323829372
0.905092065971075 0.92267886715293 0.757053543350388 0.824235673652245 0.800840070122927 0.790099779750435
0.810665708267799 0.985960872184245 0.753210809239713 0.86805426592789 0.806792800574958 0.775315543805396
0.913048010033908 0.819089783661138 0.757184203043063 0.822338430519025 0.884895820628598 0.803443752114269
0.882132677332202 0.933595275431127 0.952990423698595 0.679200823317956 0.754085415598199 0.797995384621922
0.858878071429974 0.883078923332642 0.830295465208388 0.789381351586454 0.786847888739186 0.851518299703355
0.987000588577999 0.793178788692758 0.748369534332241 0.773087133677055 0.9321071083389 0.766256846381048
0.810272091990862 0.78878385497066 0.725938526147564 0.984826107645034 0.755967194436836 0.934212224809044
0.884199719998395 0.84478786168075 0.810087510499579 0.836249475897867 0.643901267744108 0.980774164179301
0.792151379142357 0.926063810044161 0.90803289814435 0.772222791363157 0.645264222982938 0.956264898323038
0.746694067311599 0.665528982170786 0.690872573811191 0.956510803076869 0.979252176644071 0.961141396985484
0.88110826724885 0.970760713946867 0.789681356101856 0.772816640425586 0.799763444930609 0.785869577346232
0.775013362868303 0.743145718281465 0.750045753519983 0.903358811639965 0.884206827169819 0.944229526520465
0.989698727173324 0.87984540225416 0.720140825364133 0.730012324115985 0.909973286418291 0.770329434674107
0.693843861408037 0.684098641872322 0.784675060653156 0.930665228659841 0.997446255101099 0.909270952305544
0.768823349121707 0.910971704662358 0.750934848361817 0.957322456243311 0.800239352166798 0.811708289444009
0.906395978901447 0.933497064030402 0.625061370488469 0.988449252324764 0.887435329369623 0.659161004885295
0.825985548949758 0.888839580032168 0.702502281156182 0.93409119436107 0.85951625354932 0.789065141951502
0.78538549329905 0.698744186497851 0.98370390516765 0.705213456229466 0.850709902015433 0.976243056790551
0.98710181278725 0.92376199906385 0.983920376392447 0.62611021634209 0.661853533626158 0.817252061788205
0.976436949497237 0.994393295717642 0.751511240271895 0.849457728294052 0.539397822541987 0.888802963677188
0.788792413675768 0.798989470918002 0.763553966364814 0.92523206136888 0.957880749659115 0.765551338013421
0.841883200151569 0.908559789791694 0.762864031515926 0.897787627054493 0.684340385748112 0.904564965738207
0.975993280236519 0.728671412567646 0.744333983348805 0.944118005813395 0.886089624589199 0.720793693444436
0.897521170986335 0.67243468535873 0.845023437877049 0.710230720311384 0.904247436372903 0.970542549093598
0.754249921908112 0.802556721470804 0.961220120957314 0.800735215694897 0.868800296234373 0.812437723734501
0.741183774933754 0.645322230974911 0.953813908342053 0.879099356707991 0.851763839399346 0.928816889641945
