0.98190829338838 0.645686536568303 0.756110692296791 0.740403760169218 0.875890717577309
0.796506095754135 0.771784044330225 0.683303373037788 0.989428473757615 0.758978013120237
0.829686033211201 0.694997675271722 0.552988965573209 0.952759032101755 0.969568293842113
0.771740822963383 0.774151683780016 0.903957630238105 0.766590807491796 0.783559055526699
0.731289938826078 0.828500122680529 0.927561864030477 0.915523979345926 0.59712409511699
0.956908701316909 0.722904968678349 0.72960670597357 0.868545704855109 0.722033919176063
0.709167783026543 0.945943895062091 0.493472798133791 0.999015491307717 0.852400032469859
0.809959038831823 0.923439240782898 0.678727944938406 0.702728345734613 0.88514542971226
0.878151612078064 0.85068138390397 0.689906742769135 0.821859880568741 0.759400380680091
0.756876386966235 0.74772372937242 0.736481341387098 0.999554256097059 0.759364286177189
0.967806676107393 0.631958730591666 0.800469027176319 0.991685109485372 0.60808045663925
0.989341869168012 0.648457630571348 0.705749655394097 0.67037223769285 0.986078607173692
0.857164925427545 0.671369652673807 0.683256763323845 0.819215978329882 0.968992680244921
0.875518667564969 0.986433260769798 0.699147735486011 0.80707495444773 0.631825381731492
0.945750940133176 0.769353961660695 0.775105458663475 0.728820193088902 0.780969446453752
0.779277258439597 0.777581554708215 0.802765748751744 0.851152227436502 0.789223210663942
0.618255627136062 0.746848687521554 0.841709975512117 0.890251359112435 0.90293435071783
0.967737206783479 0.88640783074125 0.530179103484282 0.861912959973136 0.753762899017853
0.922759463748195 0.745487361214404 0.623685057042161 0.899424873240695 0.808643244754545
0.973965670781818 0.501569783819269 0.633653512707876 0.974375954447249 0.916435078243788
0.569812452286374 0.685691370511773 0.848851391850756 0.950835069753336 0.944809715597761
0.983332347033397 0.96048317625009 0.624139976029947 0.950918927986071 0.481125572700496
0.745892320991768 0.72035109034354 0.869233373143946 0.929625544014252 0.734897671506494
0.861737037667186 0.780667418016323 0.676835454058874 0.790985131599267 0.889774958658349
0.916441116773142 0.713327261492432 0.941250211228379 0.714361760958516 0.714619649547531
0.673847949409647 0.700916177591147 0.816755971308798 0.914102270635377 0.894377631055031
0.990227103478766 0.996431667886435 0.58396775807956 0.823453475662147 0.605919994893092
0.899149886750925 0.590442786807986 0.995042921294499 0.831737088868534 0.683627316278056
0.814444896846159 0.838598636919091 0.723866151869207 0.645240377578678 0.977849936786865
0.735580245123072 0.798180348421102 0.913216516862989 0.782182691139498 0.770840198453339
0.968027324807848 0.714464314350469 0.722607303873012 0.908084742289431 0.686816314679241
0.709922658619885 0.68352833579294 0.837676374280344 0.81292930332617 0.955943327980661
0.808591531558233 0.580649969182083 0.828352599435936 0.920430839237825 0.861975060585924
0.757700681511271 0.946522990966884 0.908818225603558 0.704355633810826 0.682602468107461
0.863432589227207 0.736977129220215 0.762402603984145 0.851921250083292 0.78526642748514
0.890623670448609 0.651997389332791 0.607416551264536 0.908663810328609 0.941298578625454
0.85871149891741 0.945383739008826 0.762559345931358 0.716611351108831 0.716734065033576
0.992273091707498 0.678762323077696 0.763415608619197 0.972274469067485 0.593274507528123
0.767337813720759 0.82326403023575 0.800345024525114 0.960321504156327 0.648731627362049
0.942501033956934 0.682957687718384 0.679108019519385 0.842165622596177 0.85326763620912
0.757877636917059 0.748399030656572 0.915619711133193 0.813996444119322 0.764107177173854
0.609345035680734 0.655487574884728 0.858343808176292 0.901050058535002 0.975773522723244
0.677204419253742 0.694624640173239 0.882526629857181 0.753024087900235 0.992620222815603
0.916314807174241 0.711727797071581 0.716345283049714 0.784001652263453 0.871610460441012
0.771605434484728 0.979848239710412 0.682195773338406 0.648589542354905 0.917761010111549
0.72197827034019 0.984795464375968 0.702816421556579 0.602712406472756 0.987697437254506
0.831638910089979 0.903611448858589 0.78369059453147 0.744443678008313 0.736615368511649
0.899157958811945 0.777772596149458 0.676312294975304 0.966503586891394 0.680253563171899
0.989635863974205 0.798349002823132 0.58879197144242 0.740778863424764 0.88244429833548
0.784076745549507 0.590038095289308 0.928376921005045 0.981834587748133 0.715673650408007
0.903036808086876 0.681856839251046 0.799531315234564 0.73943799395001 0.876137043477504
0.919988476180086 0.749375469712292 0.728833942582121 0.876437721582572 0.725364389942929
0.938599549592184 0.790324424995879 0.758972729671198 0.743837934830031 0.768265360910708
0.86600660883145 0.67498554426637 0.816921214099449 0.684250388189284 0.957836244613448
0.594309487072587 0.712475074761566 0.981002125016539 0.875391002946058 0.836822310203249
0.9179503231522 0.862745964351934 0.974704109299529 0.480626201857612 0.763973401338725
0.733144113825742 0.735641411413158 0.815359877686199 0.793125188170418 0.922729408904483
0.719138457840012 0.915707511207553 0.785811758874761 0.854554413944853 0.724787858132822
0.706020270780449 0.774528043932392 0.710878945110858 0.935510912958032 0.873061827218269
0.757336866626679 0.793768809891702 0.806445245740041 0.675358745850948 0.96709033189063
0.977745929402289 0.771484252400849 0.611568208604745 0.997266211007067 0.64193539858505
0.630298942365291 0.649963135156422 0.967353285027809 0.758828483182796 0.993556154267682
0.721760699878776 0.858455741673668 0.896090499499084 0.632776390646385 0.890916668302086
0.785893886266567 0.997962998080934 0.633726118851438 0.653490896850633 0.928926099950429
0.832138334246041 0.768735743974764 0.837321932735881 0.986143312795541 0.575660676247773
0.992432509879726 0.694980151232714 0.948709141426908 0.560501328278228 0.803376869182424
0.691679524407179 0.8375969079647 0.913724585906412 0.698617828403787 0.858381153317922
0.653289627404522 0.758105618830541 0.938661706172467 0.651421508854241 0.99852153873823
0.831995889671828 0.624719074277477 0.760414880807492 0.928584123214429 0.854286032028774
0.967809039493521 0.692851650301663 0.684689327792059 0.979109817749153 0.675540164663603
0.614863554991292 0.868143572370829 0.999558950969997 0.639457252278071 0.877976669389811
0.882749304884638 0.809571071692539 0.663962947656485 0.912126047814551 0.731590627951787
0.892584605553528 0.846548269869622 0.722255991703484 0.778926654027501 0.759684478845865
0.718046456529677 0.747604088772557 0.676510988574172 0.947049511743645 0.910788954379949
0.717608477943211 0.783397546113598 0.887084761337627 0.612099138134394 0.999810076471169
0.677725652305734 0.932264940158644 0.99433868451288 0.810383135994754 0.585287587027989
0.938561288044632 0.628970278232551 0.975314568766473 0.523008949783133 0.934144915173211
0.82669507558645 0.867493982685753 0.938052388979318 0.61746331818796 0.750295234560519
0.877359318299669 0.978643805855234 0.419768584830861 0.798811566588957 0.925416724425279
0.780848349812032 0.761128925097429 0.777943922918197 0.94927256394366 0.730806238228682
0.818751872142614 0.78211936562789 0.850342597620362 0.848346081326234 0.700440083282901
0.565346607190834 0.947339785721616 0.889856505427407 0.969409640388349 0.628047461271795
0.819940289401681 0.666178859129 0.87384433559569 0.78055660443783 0.859479911435799
0.968906290177209 0.711125697607741 0.69395688768374 0.824889765192447 0.801121359338864
0.941707725596255 0.783920923851689 0.852544655617158 0.766573357353527 0.65525333758137
0.77957154146389 0.742811417296176 0.852029212782852 0.731634837239491 0.893952991217591
0.979897261888693 0.570254542814551 0.540983030023874 0.962500272619109 0.946364892653773
0.679707292528133 0.696579653292321 0.855877643748408 0.920440819014118 0.84739459141702
0.784248738427291 0.629310594953025 0.931087578805043 0.977073183710873 0.678279904103769
0.960502507536219 0.7097818320711 0.639814234465769 0.870088252151257 0.819813173775654
0.745000438758521 0.704155936377917 0.952922732221524 0.927755053427671 0.670165839214368
0.981426446084061 0.508048906809355 0.934527843880479 0.948899214836375 0.627097588389731
0.974199773604869 0.972251494241237 0.667738981819719 0.73774535803979 0.648064392294384
0.865021640174277 0.800350883684677 0.87528107268676 0.56641438710471 0.892932016349576
0.707787799125853 0.791895070634037 0.788447736154804 0.766964145932852 0.944905248152454
0.962668708353392 0.65567285053505 0.961599668765283 0.68315488589422 0.736903886452056
0.952590398960034 0.71814956189955 0.983407022821007 0.84700987156555 0.498843144753858
0.829707356174216 0.973564000035594 0.650497892166361 0.709228520972978 0.837002230650851
0.75876657871321 0.967300696786642 0.742373381309917 0.838865271755546 0.692694071434684
0.71168621768913 0.769224777645445 0.967585360122548 0.836922482410305 0.714581162132573
0.702048570103954 0.728323030853755 0.819088220945904 0.750912928195696 0.999627249900692
0.654144244553385 0.975972129450721 0.77066370890884 0.732403330260723 0.866816586826332
0.734413808532448 0.721895642897699 0.839881637038122 0.820706151230144 0.883102760301588
0.963467211375552 0.761365455657069 0.694958531315294 0.810646885415883 0.769561916236201
0.670894056578673 0.766013227103646 0.962511366255527 0.853177538768961 0.747403811293192
0.8264210630131 0.864654978089481 0.785771709991688 0.799842509441823 0.723309739463908
0.723657234644077 0.739575128195791 0.795342085755987 0.846775833623591 0.894649717780553
0.671645518360373 0.743333136366225 0.872525405419218 0.713034230461741 0.999461709392443
0.869094106467642 0.905060409563714 0.802917568163195 0.75224729988285 0.670680615922599
0.803382672121485 0.754572462565556 0.649480769448626 0.970657247523371 0.821906848340962
0.989834042636598 0.736962582316162 0.748725854451503 0.751462559864089 0.773014960731647
0.837021515927239 0.668274860079883 0.669669120219984 0.970519716786304 0.854514786986589
0.99309775485685 0.865187886244918 0.731689235107855 0.680198090279607 0.729827033510771
0.623854404877271 0.928216814696863 0.835087247592288 0.64477569653605 0.968065836297528
0.808620321911439 0.793262563711229 0.940155837035632 0.855222421019598 0.602738856322103
0.792135919600699 0.736648783154879 0.813467247060378 0.706300501692466 0.951447548491577
0.830186050213212 0.938207636252833 0.700661933079166 0.830324023731022 0.700620356723766
0.803825674285889 0.825430602419671 0.772183040210227 0.838394101298487 0.760166581785726
0.716510989697608 0.856849319137084 0.76339409193758 0.922750311104442 0.740495288123286
0.885335311720615 0.631446634306795 0.739594673075435 0.845402806495338 0.898220574401817
0.724232243285462 0.950621651540165 0.679705700953191 0.861129996318988 0.784310407902194
0.993601563491384 0.525495560581167 0.722508348178832 0.975950990457321 0.782443537291296
0.839806284698185 0.803493141479517 0.691436561187621 0.944509170069563 0.720754842565114
0.985092743028871 0.997227647284697 0.710513119058676 0.503968615949418 0.803197874678338
0.801783939501606 0.961617357689187 0.746844922148534 0.6166525120729 0.873101268587774
0.812191948316524 0.886952203326738 0.832050841234263 0.726821413807154 0.741983593315321
0.74679011411293 0.901548391022947 0.649085580450701 0.812544408061718 0.890031506351703
0.733968107925368 0.714680974997604 0.724547667156634 0.966771790950123 0.86003145897027
0.78435844278225 0.993574082670412 0.80068021509603 0.77524630363075 0.646140955820558
0.875512603129939 0.7121743592334 0.799422903467197 0.732139906687184 0.880750227482279
0.808629558273507 0.661991792358102 0.97672355887953 0.769944832379655 0.782710258109205
0.723081536747777 0.986396775883523 0.639478294465408 0.967996992018888 0.683046400884403
0.844491526383282 0.834006574790763 0.801481228628335 0.767570669288102 0.752450000909519
0.588398785471905 0.890951988739942 0.985002530458391 0.860785518220662 0.6748611771091
0.795422804209488 0.905304966832512 0.847828301154933 0.713920416700097 0.737523511102971
0.783349112681372 0.997168083442129 0.620034878774861 0.853248313684357 0.746199611417281
0.760616349838179 0.821381611142115 0.908797988544923 0.742187706039976 0.767016344434806
0.836773726026143 0.757587660376205 0.742929365089682 0.782672986328974 0.880036262178997
0.847883324598726 0.99791998145646 0.629723852355671 0.547380337713531 0.977092503875613
0.849091826838008 0.717424294996695 0.901309084825984 0.679320828377076 0.852853964962237
0.887364750311615 0.804914612776277 0.735746082030784 0.703666810580863 0.868307744300462
0.8822045456481 0.910891753860391 0.760565224028352 0.73592168006353 0.710416796399627
0.976470259524842 0.928103090688343 0.748777551247152 0.852801846370763 0.493847252168899
0.47730094281443 0.812397203327077 0.929767470098363 0.986539238752395 0.793995145007735
0.793757478461892 0.817558826221818 0.793810552524435 0.830032096737678 0.764841046054177
0.711994087884011 0.918595697587281 0.913103292031054 0.754977591059268 0.701329331438386
0.591161671192871 0.747194964684116 0.844038502358111 0.919776627516554 0.897828234248348
0.921983653932146 0.953975591209987 0.603016899427212 0.954281298693971 0.566742556736684
0.813467635907524 0.869728195268158 0.729086180739451 0.638919078754568 0.948798909330299
0.82912481538508 0.688704992221088 0.736754474537644 0.785593296287723 0.959822421568466
0.834595771085357 0.790401051910272 0.673078782216639 0.939225107133341 0.76269928765439
0.748875367258886 0.827028796289606 0.811359581374206 0.712316847241009 0.900419407836292
0.766837035274807 0.615260849083861 0.852620807626893 0.794531164423334 0.970750143591106
0.687082073281498 0.708516039081604 0.75993292592299 0.993500891170784 0.850968070543124
0.78854003524667 0.941220761732084 0.661610241964148 0.752246243813411 0.856382717243688
0.839100718311305 0.629845194135295 0.81522949066079 0.894642781030176 0.821181815862433
0.523452731051547 0.96199028901098 0.96364439948529 0.947950124560748 0.602962455891434
0.679666198030711 0.899462060168823 0.946691698739505 0.912729623953466 0.561450419107496
0.983343593409394 0.738759331369138 0.628520700536593 0.865295776512344 0.784080598172532
0.51268079857095 0.856546925542037 0.961007059313188 0.988362842180457 0.681402374393367
0.833221433514674 0.759871799218277 0.93590532803805 0.734668970421486 0.736332468807513
0.868024607438693 0.844750822260525 0.631601746546185 0.897757463188983 0.757865360565614
0.990762062906444 0.748988416017493 0.627716822477624 0.738251083674698 0.894281614923741
0.754049666451365 0.987194246057858 0.769121495076504 0.819269567750099 0.670365024664173
0.818812584366139 0.770704951992969 0.846918035296323 0.702530842342143 0.861033586002426
0.796514151911167 0.957348231065421 0.669218980681604 0.632787331575585 0.944131304766223
0.863479778214808 0.79579802005921 0.695241633219917 0.916900097647117 0.728580470858948
0.677386982218248 0.890353192422912 0.891073237017365 0.687494933007845 0.85369165533363
0.67480934469838 0.658905200573636 0.794377591741529 0.902932318349468 0.968975544636987
0.622686584660971 0.982374394750331 0.696421015691956 0.958447037172804 0.740070967723938
0.545267080297801 0.831807036485381 0.789632463416976 0.970244408683289 0.863049011116554
0.688403822683673 0.91340752809328 0.7695138342311 0.929565636632637 0.69910917835931
0.742599692886887 0.767205618547326 0.781311719950876 0.750276080014068 0.958606888600844
0.717165171859804 0.803940312271204 0.769467474146388 0.945675166891681 0.763751874830924
0.805270611280945 0.807118374801949 0.715063316267147 0.988478283689096 0.684069413960864
0.702451329467342 0.873137345303263 0.770220037440593 0.841354644006636 0.812836643782166
0.611225322844538 0.868885010437497 0.780789512267371 0.776910328099855 0.962189826350738
0.784398121354488 0.848861491863478 0.674220345246554 0.736768291839909 0.955751749695571
0.850903683456533 0.736639291311552 0.722530542453715 0.931841871925696 0.758084610852503
0.659694658753975 0.734131972977417 0.819285396863277 0.938009709130295 0.848878262275037
0.902096449919469 0.982028716829631 0.639366971555126 0.631405668077908 0.845102193617866
0.885215501001321 0.958446934950585 0.631398425989693 0.636779732275479 0.888159405782922
0.74107741243303 0.757537530574189 0.820744977895739 0.745227977165154 0.935412101931889
0.826392128531335 0.683306517440703 0.628217747249835 0.87974699607116 0.982336610706967
0.891787180029908 0.843266896000164 0.605823868221036 0.974455783822252 0.684666271926639
0.917185521626849 0.658996197042412 0.715629723996203 0.767597722453774 0.940590834880761
0.991099304658079 0.551916556197359 0.773403307028634 0.989710376255705 0.693870455860222
0.633843038867512 0.782698258717564 0.986853380924733 0.823945037151316 0.772660284338875
0.727191801019512 0.748726008333369 0.923101084794675 0.970112603623999 0.630868502228445
0.716040572010166 0.886974381261951 0.630427007890749 0.936727081977594 0.82983095685954
0.727655769476524 0.771428343006011 0.884202722149507 0.719359319017932 0.897353846350026
0.989647511935929 0.762520865089336 0.71853381987766 0.861439575960168 0.667858227136907
0.78135163368128 0.660232626513499 0.838604387168464 0.792348607509808 0.927462745126949
0.882117051425659 0.48987869465622 0.920801734090179 0.7565636569371 0.950638862890842
0.977985403826712 0.725198624504344 0.709063750504686 0.644167672943586 0.943584548220672
0.874420207626768 0.715188272473435 0.993368127798675 0.702174562030773 0.714848830070348
0.755474149832416 0.649162848219882 0.921945680648263 0.783996164808331 0.889421156491108
0.923519759967852 0.564256718660253 0.659333257853398 0.958260057422189 0.894630206096309
0.754216025069569 0.820179609743737 0.893814646063207 0.745399864020114 0.786389855103373
0.761215730938964 0.757526516719652 0.760639127454072 0.747683873747408 0.972934751139904
0.923786245687534 0.69644643893041 0.820281698900434 0.689767434546589 0.869718181935034
0.807987294616632 0.998711858436341 0.760245388379941 0.665273445134258 0.767782013432828
0.679962304257653 0.93588864273299 0.573660127795364 0.854034514384313 0.956454410829679
0.98467969148931 0.686835272579974 0.922523925260239 0.653872888376053 0.752088222294424
0.655962020581292 0.771036220697034 0.802730369379486 0.897982057870794 0.872289331471393
0.788817797882259 0.756092388697759 0.912577658897447 0.87646971071077 0.666042443811765
0.78926580287222 0.737345651435325 0.935244520245311 0.778018202466121 0.760125822981023
0.775824282492211 0.822969137304026 0.836078881805998 0.714863006465953 0.850264691931811
0.736617987724058 0.852966647970522 0.720210433501951 0.77056301883779 0.919641911965679
0.653671652159729 0.768347259959619 0.774607543125412 0.826116986860224 0.977256557895016
0.980061103173675 0.947178913478689 0.82411153251232 0.770943506511931 0.477704944323384
0.696372952195639 0.761417200655139 0.816030227727625 0.999053233766283 0.727126385655313
0.750588620135254 0.841926785956507 0.962958181841292 0.79453514252464 0.649991269542307
0.928195128389153 0.701684707488119 0.814926067177143 0.712966822188345 0.84222727475724
0.55720665573431 0.571631027021593 0.958694352191682 0.919129314767229 0.993338650285185
0.807144214360506 0.849654487407261 0.640488229154044 0.720677603906284 0.982035465171906
0.821672511144415 0.954367492108246 0.659281212054083 0.89002130897707 0.674657475716185
0.825744247673982 0.780869444935131 0.753675073985748 0.922838957076093 0.716872276329046
0.858062287572632 0.902191928582923 0.649866673803663 0.757358258231137 0.832520851809644
0.919368063220623 0.717538102519102 0.975661420168779 0.726588818312495 0.660843595779001
0.912347098531462 0.704725997033744 0.839030350844372 0.989424404377857 0.554472149212565
0.787809472691786 0.775704301103711 0.781363934243257 0.767613515784261 0.887508776176984
0.593560062153157 0.872513510209937 0.797168672258387 0.796248644164738 0.940509111213781
0.873316220876164 0.864749478946538 0.872669570610654 0.751724468180438 0.637540261386206
0.624808476316417 0.740482118229018 0.695355739698274 0.990336292151024 0.949017373605268
0.803047068913666 0.9962237729336 0.551441546977131 0.904754848719227 0.744532762456375
0.80177110920711 0.682982825167558 0.589616825874717 0.93996712518127 0.985662114569345
0.974953038057685 0.651939959386929 0.705064474460543 0.672376034192699 0.995666493902144
0.995774528168755 0.730783296913774 0.761820467552994 0.840973994923269 0.670647712441208
0.798855144367721 0.827702750596454 0.756141673778791 0.862713277440666 0.754587153816368
0.658102446045342 0.789335403496186 0.827765649821581 0.869817616276165 0.854978884360725
0.746820231237271 0.939623523425073 0.589877445988517 0.755953068566594 0.967725730782545
0.874143554028612 0.860396304871764 0.71180886682159 0.819292050036012 0.734359224242022
0.887173096488696 0.911727276711261 0.727274768240312 0.896020167146581 0.577804691413151
0.739504584094174 0.994852678646827 0.794846060053261 0.728491513047591 0.742305164158147
0.801194556651615 0.9247819305519 0.689700865487584 0.87971908932492 0.704603557983981
0.681344112945532 0.807074698254652 0.823839377270815 0.764234432710543 0.923507378818458
0.757181353139385 0.763140165882138 0.87899268928224 0.853051175540931 0.747634616155306
0.685091172028725 0.98557771907759 0.856596072886032 0.59917944643718 0.873555589570473
0.474111842596997 0.902550708719294 0.88448731475563 0.827676057029298 0.911174076898781
0.488365201106232 0.955444675870264 0.974527516633079 0.838009079635845 0.743653526754579
0.85712389805345 0.755975902377774 0.937576087865693 0.736662454168803 0.712661657534281
0.67249137890547 0.655102596464874 0.965946537133321 0.92415260349301 0.782306884003325
0.964281101667477 0.95784353360342 0.602145037745298 0.887580009864074 0.588150317119731
0.954775951538756 0.93753033591079 0.523133188583942 0.839764559100872 0.74479596486564
0.753503670069474 0.712624082439764 0.928997813836846 0.943071818842149 0.661802614811767
0.885534466351285 0.704413768561434 0.839359532497624 0.718680141017763 0.852012091571895
0.845763154980577 0.948717151209083 0.892464813003588 0.75104176660701 0.562013114199742
0.797991198132143 0.841014076510987 0.940292189554945 0.951207855672792 0.469494680129133
0.785922337065783 0.693192160865478 0.914629819930937 0.875621407523118 0.730634274614684
0.672878720245218 0.850454476527045 0.713250155874104 0.783298143949733 0.9801185034039
0.96739377021246 0.719095012749283 0.780291570457293 0.773337326564999 0.759882320015964
0.796814099507668 0.812480086916436 0.801148586172076 0.821908930208953 0.767648297194868
0.840045039315416 0.71159638805026 0.724205609085774 0.982104043519755 0.742048920028795
0.943495287834322 0.455522945909591 0.984722124733302 0.797079145339642 0.819180496183144
0.657406507152618 0.798496894517995 0.853226785549039 0.910062277490293 0.780807535290056
0.729238176603004 0.686893200462136 0.996884545030196 0.954420432748201 0.632563645156463
0.672994226587697 0.9731527557131 0.726666851742644 0.675711556288697 0.951474609667862
0.716249700835526 0.789065984397669 0.861655708380391 0.808847025335108 0.824181581051305
0.949203313711072 0.626005886153168 0.666085260893332 0.965649056400703 0.793056482841725
0.842378358089039 0.84141799041281 0.679980259185481 0.837901593058507 0.798321799254163
0.782809611015501 0.670799416074954 0.845370432983668 0.997033948884136 0.703986591041742
0.840843440059716 0.893272434297875 0.822560161421321 0.694676659202004 0.748647305019084
0.877167964243471 0.788032638619239 0.78052404046 0.710784911074992 0.843490445602298
0.640921517263032 0.830684299284787 0.927672482906348 0.652188504908151 0.948533195637682
0.740778814378306 0.648703774209873 0.978890496172911 0.903847540599268 0.727779374639642
0.792715984826345 0.817080792111458 0.76584798546495 0.820124547675656 0.804230689921591
0.838238402999924 0.615200249772718 0.954478943568129 0.908726635965095 0.683355767694134
0.72687563936643 0.682142903177934 0.758784018344176 0.874382378015429 0.957815061096031
0.859073820279319 0.840927474654908 0.906832115052459 0.738096409891988 0.655070180121326
0.703735224885496 0.96612149971486 0.939696277556476 0.499650010365081 0.890796987478086
0.894490963903457 0.753621187176938 0.716525968932637 0.873286435717963 0.762075444269005
0.839533778367856 0.765197888799556 0.877351573072601 0.57110752236226 0.946809237397727
0.831251043822417 0.998210076920467 0.7206263648603 0.843749915069017 0.606162599327798
0.803885664728981 0.754391051607926 0.708916010148998 0.92453600773437 0.808271265779726
0.891711247564604 0.554975349915274 0.709380312978038 0.965248766695768 0.878684322846317
0.932023842193803 0.572313739599968 0.829690439587325 0.739989518344333 0.925982460274572
0.785370334098193 0.715118029547819 0.771990908550082 0.970347217206944 0.757173510596963
0.884950509008656 0.916293321311205 0.74988439404653 0.978870881437349 0.47000089419626
0.898142074887204 0.979531956520036 0.777154296995681 0.394098023816341 0.951073647780739
0.699379376593197 0.930433594486714 0.891059334412241 0.799559691782741 0.679568002725108
0.706322201139015 0.876802264902911 0.788310839616485 0.866274027085486 0.762290667256103
0.712835184995167 0.763769608441142 0.860718151090128 0.778723227369163 0.883953828104399
0.883921280237166 0.578837372670986 0.772302646714394 0.820660446504645 0.944278253872808
0.821020984057694 0.758060036271077 0.722295719251292 0.723122885646991 0.975500374772946
0.809055938276646 0.812207731711881 0.965903224045786 0.844522525310627 0.56831058065506
0.772524076747834 0.702117470660585 0.965639216711545 0.996996873040667 0.562722362839369
0.966783291617629 0.797263858761431 0.662503798899333 0.891654663782123 0.681794386939484
0.714162327514593 0.654000790364533 0.77016013827452 0.877189346027476 0.984487397818879
0.741960991542962 0.834798448567353 0.869450560391916 0.811034130267917 0.742755869229851
0.820331048258991 0.926398777359237 0.650839324277158 0.779932192464539 0.822498657640075
0.696953632592953 0.943230873439021 0.904402395626566 0.806192630275216 0.649220468066243
0.83092636207257 0.856234665387976 0.745587004477039 0.760420830116279 0.806831137946136
0.804048173983589 0.910543215549404 0.561007487743293 0.828480795857376 0.895920326866339
0.968487950599351 0.777311454868977 0.767100913531407 0.896104128064221 0.590995552936043
0.897799679761557 0.695099317149923 0.89484831645447 0.760043106003115 0.752209580630936
0.860422608353677 0.681706605532483 0.885498266186107 0.915026959107642 0.65734556082009
0.66876902853206 0.852909358021834 0.656803746557193 0.947340934667778 0.874176932221135
0.802177869802675 0.806178862730905 0.784455715448864 0.834100464642964 0.773087087374591
0.932488026896043 0.958301690141227 0.453168846088456 0.747346509409181 0.908694927465094
0.764562370211755 0.817032339827066 0.934948500082199 0.73408752229705 0.749369267581932
0.915702624873272 0.665215831727453 0.790724885886643 0.850656593200264 0.777700064312367
0.837993734167055 0.519219886539057 0.853298395145366 0.79741238210703 0.992075602041491
0.839901554717516 0.752614704086297 0.79934012521009 0.844415540616823 0.763728075369274
0.712201866452352 0.720261192252318 0.624423753623889 0.976695661930509 0.966417525740931
0.850860841745084 0.784106779981893 0.756138764169501 0.879022814462672 0.72987079964085
0.713191062413778 0.697093232863752 0.976172676716301 0.688942831446595 0.924600196559574
0.754861533644337 0.64190676584677 0.883050187126689 0.764449761459541 0.955731751922663
0.913017750736409 0.742141534624479 0.639185464587068 0.918048803544185 0.787606446507859
0.985178155478766 0.602868947016321 0.600359820507129 0.888987092740046 0.922605984257738
0.862391832496953 0.679812133988542 0.70152477952498 0.892253782827084 0.864017471162442
0.903753982101567 0.781989645059425 0.874200527826566 0.705118184252735 0.734937660759707
0.776278165391472 0.773079197858731 0.867114215382413 0.746652149027057 0.836876272340327
0.797493260205582 0.834295401725989 0.915855472604527 0.79331180884897 0.659044056614933
0.722215758502397 0.730239926890072 0.822481845912319 0.797768755567865 0.927293713127346
0.931739916951586 0.669920618392018 0.971013257000412 0.664362015753977 0.762964191902008
0.532434952170197 0.685405860690095 0.956722209752992 0.956663295018375 0.86877368236834
0.855846932784176 0.921481296695874 0.836321803973814 0.728832961497137 0.657517005048999
0.735024547671233 0.914250247931934 0.736962607820477 0.719666559564546 0.89409603701181
0.710055285868162 0.657337085403926 0.858973419641712 0.970845238367893 0.802788970718307
0.615259174110317 0.623839911765863 0.984866518160812 0.851422727896119 0.924611668066889
0.946873807811402 0.869266185801622 0.801545718975027 0.698934751711402 0.683379535700546
0.722600457271448 0.957390686701714 0.7081747039862 0.838991955068976 0.772842196971661
0.768943759927326 0.758233116284673 0.731089266825557 0.801376463898416 0.940357393064028
0.649239212770122 0.841822176447699 0.806294292319572 0.995960254684081 0.706684063778526
0.950317245055753 0.755004761791067 0.963383151387868 0.678903680314486 0.652391161450826
0.783570625156185 0.79530835802222 0.826312666144325 0.869563783630726 0.725244567046545
0.795991991302348 0.770015975730245 0.954345558509687 0.743556742330112 0.736089732127608
0.786272746849086 0.768992898977402 0.912344453663638 0.797439604520471 0.734950295989403
0.98593053461085 0.865980142180582 0.567355987987149 0.743756049313828 0.836977285907592
0.838911058328756 0.643108147948815 0.911425358148356 0.768036893277163 0.83851854229691
0.970334662824168 0.656792371569827 0.898019175089491 0.613380948390199 0.861472842126316
0.710252703757129 0.955333603732591 0.798289749732624 0.998832192815621 0.537291749962035
0.92003731204205 0.697151157094699 0.811830758724547 0.700107964780025 0.870872807358679
0.786523242811999 0.897807744781716 0.78040377734324 0.826911193548669 0.708354041514376
0.598541748196852 0.978476053614184 0.922910273065413 0.637575892071086 0.862496033052464
0.785550757109698 0.783411679279867 0.825089656868139 0.745473397782199 0.860474508960098
0.702789670674184 0.784968661764195 0.945352446046263 0.693909150608654 0.872980070906705
0.945435311061506 0.666100698901709 0.893225282740943 0.759649597218301 0.735589110077541
0.89088720323439 0.813517232919826 0.814189672925199 0.76144037747513 0.719965513445454
0.883494442143286 0.697509018839015 0.777972810187841 0.768419659153863 0.872604069675994
0.751581834247514 0.646215478319299 0.944875063327559 0.757356969077654 0.899970655027974
0.743219668166838 0.998835150059217 0.744990889359849 0.778369756289203 0.734584536124892
0.920801192533466 0.71263443089585 0.878201921693632 0.938061318809755 0.550301136067297
0.788886965793845 0.852648319040375 0.742894151681989 0.735589357867938 0.879981205615854
0.880697070784631 0.937721346984086 0.75404007810941 0.649164389580524 0.778377114541349
0.843512140293056 0.603857044974953 0.683156254240245 0.937016621951917 0.93245793853983
0.92759310256166 0.856672120255732 0.611145577226474 0.959359280414308 0.645229919541825
0.84930024164074 0.644073323402826 0.877529982351842 0.841553871811 0.787542580793592
0.904207730983225 0.750606458335774 0.968098576380864 0.714481337255681 0.662605897044456
0.849485681274549 0.700068714224104 0.827743951655134 0.691267903798026 0.931433749048186
0.99606363144088 0.812638741197643 0.602336945363766 0.878735401857238 0.710225280140473
0.908253179749225 0.88160727160193 0.987517355716785 0.578087373632402 0.644534819299658
0.925432692442731 0.843272383713517 0.744485450805286 0.862712647049435 0.624096825989031
0.906524121546711 0.755784141111623 0.628951969387994 0.869936628983628 0.838803138970045
0.816869394801869 0.842281803835444 0.805854826008381 0.712132824819724 0.822861150534583
0.87487983107685 0.662024043548343 0.797183657727302 0.778903465189997 0.887009002457507
0.740873479050722 0.854317853722936 0.850506015057704 0.833019902356225 0.721282749812412
0.875215909832958 0.783708582887764 0.932476905259221 0.869699807677971 0.538898794342086
0.821228459412822 0.708070634451151 0.861531218331059 0.906422626515604 0.702747061289364
0.745563457310007 0.775694305250823 0.763788822489585 0.936024026775174 0.778929388174411
0.84385232241268 0.759835010040153 0.846720571700794 0.811434953260271 0.738157142586103
0.849623872896155 0.562595696932305 0.819695183792184 0.828414186961953 0.939671059417402
0.655231819687951 0.910133207379405 0.656238956797855 0.892009799594348 0.886386216540442
0.9759108584055 0.934339457805557 0.818844614308449 0.65327837559223 0.617626693888264
0.876351790444403 0.890715463717198 0.670114383058821 0.686264927910682 0.876553434868897
0.787293976911938 0.580553329852387 0.84711896574996 0.928306657813519 0.856727069672195
0.991211653642228 0.836553259643001 0.524733129148825 0.978409956076158 0.669092001489788
0.895437777772162 0.983189057124779 0.192912570508965 0.97269639060777 0.955764203986324
0.700827993844442 0.652161306752716 0.809812672347514 0.967595985715952 0.869602041339377
0.971917890769968 0.949613252804486 0.952405937276702 0.3398495188066 0.786213400342245
0.886684856024079 0.652550465616108 0.699535883272219 0.803967742111759 0.957261052975834
0.865561749207311 0.739735332026704 0.735529840104179 0.774221546916044 0.884951531745762
0.880249407159274 0.836159374934332 0.653284439129313 0.840709124783397 0.789597653993683
0.890829684880615 0.6654743221995 0.922357542757238 0.787632349205134 0.733706100957513
0.885864074929756 0.913995249315243 0.912656704688418 0.460506051397679 0.826977919668905
0.435424708875369 0.946699499721952 0.927227646727577 0.730451840228472 0.960196304446631
0.722970419113922 0.738252526865008 0.772892503908777 0.916814423899526 0.849070126212768
0.620069119712068 0.904302141473164 0.807667780666994 0.967550498338823 0.700410459808951
0.881745367999207 0.867028044474691 0.790882488843138 0.752865675753619 0.707478422929345
0.821349646215393 0.691635360969769 0.728265053470373 0.962918229728732 0.795831709615733
0.728240475970742 0.681050851874056 0.969832904094791 0.639987287144478 0.980888480915933
0.613682475642089 0.906579510229241 0.658294317686434 0.934125812604363 0.887317883837874
0.810918993471989 0.945127247704006 0.856037344499144 0.643089933921233 0.744826480403628
0.890346010107356 0.87575294964857 0.836656426430338 0.810044731099337 0.587199882714398
0.85259712434113 0.729900521065058 0.871474385174331 0.820675121880343 0.725352847539138
0.810298940238196 0.706803199069933 0.818947016112672 0.673309334341503 0.990641510237696
0.789520943591506 0.891967851955483 0.717236115300248 0.650749398180342 0.950525690972421
0.753540991232789 0.730519073672406 0.681656656840238 0.987299986550256 0.846983291704311
0.821183874427181 0.745643302395885 0.79709135551162 0.740155011594346 0.895926456070968
0.682170810151365 0.897532755059871 0.837844743329897 0.740097049160142 0.842354642298726
0.770135696095066 0.672381055781584 0.748824721005548 0.810865992131116 0.997792534986685
0.762624683409367 0.759564720720659 0.866519778080779 0.821552272950952 0.789738544838242
0.69522375434852 0.475138478800346 0.976829181719781 0.873551732751602 0.979256852379751
0.770922455990629 0.93742017410354 0.651830354171709 0.69343338948748 0.946393626246641
0.828415729462869 0.736484839543661 0.918827565285968 0.72622958668532 0.790042279022182
0.829215877163334 0.830489032718336 0.719303802890887 0.820985685067623 0.80000560215982
0.753368300871113 0.850940474399225 0.656343749890859 0.752573219219413 0.986774255619389
0.947377132848369 0.735406436148268 0.812890661215799 0.706405358180189 0.797920411607374
0.696416568836866 0.813169215756767 0.724193825300875 0.80370771945797 0.962512670647522
0.982284014692806 0.790428870072255 0.811108688675607 0.600570820616588 0.815607605942745
0.76861081708394 0.750937436789489 0.756986593895698 0.822590451203933 0.900874701026939
0.960964447446004 0.970955749242313 0.816716537580148 0.73550939876002 0.515853866971515
0.80288650546807 0.755644360405921 0.733006277400125 0.97509522082545 0.733367635900434
0.649835272107468 0.966101791681479 0.779195979895215 0.865619456130205 0.739247500185634
0.814192768494825 0.734894960140726 0.708105100126411 0.885854849036842 0.856952322201196
0.923325116879344 0.745048443848494 0.847963795589426 0.692200733572144 0.791461910110593
0.911282840601428 0.845620779126237 0.926339302023645 0.617496480705968 0.699260597542722
0.958882811795105 0.703473157086247 0.771085266329198 0.959221924120951 0.607336840668499
0.932441306961938 0.679642017023414 0.826446285424568 0.85602919494412 0.705441195645961
0.66054360026951 0.848032164047226 0.961164025645389 0.839437127531721 0.690823082506154
0.771437665070185 0.910291860480398 0.685442526750935 0.736174526898275 0.896653420800207
0.828732320923028 0.987163431935842 0.720679278160038 0.740263731779249 0.723161237201844
0.938768354634393 0.744535574823836 0.88439839759084 0.60451452392661 0.827783149024321
0.769820719493504 0.746965867577348 0.748963623838876 0.954723912393495 0.779525876696777
0.80883815813004 0.74831114092662 0.804114763420854 0.681637748461252 0.957098189061235
0.960682015609216 0.713559220232512 0.882067004371934 0.554090439584163 0.889601320202173
0.973004407711598 0.801686244395879 0.537941073547943 0.977642116762941 0.709726157581639
0.849106786461995 0.731327921554341 0.732599666236727 0.824625356943496 0.862340268803441
0.694402379102693 0.830437864019983 0.799464816087409 0.970679618995803 0.705015321794111
0.781968698396724 0.771424080547938 0.724494795188039 0.996910436946734 0.725201988920565
0.993742695217509 0.692956220822948 0.533330156355925 0.909102233319809 0.870868694283808
0.765651326924455 0.848136167459979 0.513019287891602 0.911045474809227 0.962147742914738
0.948041761505482 0.864977085508916 0.238618577210844 0.965343794115165 0.983018781659593
0.768263828266414 0.823992233561492 0.670717235958396 0.836049027180136 0.900977675033562
0.937630573498416 0.646152939311653 0.736390704610965 0.771823968708445 0.908001813870521
0.948258087687578 0.642124063077506 0.930994352714087 0.581347702179673 0.897275794341156
0.84658226227144 0.779673999047861 0.759633236484567 0.783419831450968 0.830690670745164
0.690845185383666 0.936418383107915 0.881757370789128 0.711773568830429 0.779205491888862
0.893791803871937 0.630628520676347 0.737432691224941 0.769688296173351 0.968458688053424
0.882910129635505 0.75036664716375 0.944375341026913 0.502958086756226 0.919389795417606
0.839667449808652 0.649091844560939 0.837534559964309 0.926130842241074 0.747575303425025
0.962934979462048 0.728152513396997 0.831137646342419 0.704671270647185 0.77310359015135
0.874313541712402 0.786386358709094 0.780142800295523 0.650446545692267 0.908710753590714
0.689304702575666 0.813573272139589 0.917074358242798 0.661291886829187 0.91875578021276
0.778810757316745 0.727467897646574 0.901571288235858 0.778959649207278 0.813190407593545
0.871243811064263 0.59259951982408 0.808367925970706 0.93888827606667 0.788900467074282
0.597758028109243 0.783779208111087 0.875701206056024 0.837503770112916 0.90525778761073
0.951255581815032 0.83565758304239 0.740657221513761 0.822182774648375 0.650246838980442
0.783986540283789 0.834206877236545 0.811519205103069 0.766121580745532 0.804165796631065
0.980774288213092 0.807627181945501 0.732881007378855 0.723165932144536 0.755551590318016
0.780189361176051 0.814586462371263 0.567812409304275 0.88282479533147 0.954586971816941
0.86667107608188 0.639172947439988 0.623607299778176 0.972972015177869 0.897576661522087
0.661000229442608 0.737507328010422 0.92006035093995 0.996245921685157 0.685186169921864
0.720860712787512 0.801700133739689 0.742252294130576 0.898539582459055 0.836647276883168
0.917358235065949 0.731921328923233 0.69848168422484 0.684053799132307 0.968184952653671
0.952815982393168 0.704090493053561 0.765920107736916 0.68117250688949 0.896000909926865
0.989083271178969 0.580675970705435 0.954408724166665 0.727203463003223 0.748628570945708
0.954799466967025 0.796381986092311 0.70371247863708 0.57557863846657 0.969527429837013
0.739839623363011 0.815278444675205 0.748558341938756 0.928701320289963 0.767622269733065
0.602990981089153 0.773173612337112 0.810875854923559 0.81581133734164 0.997148214308536
0.771449167342479 0.669714816123451 0.891770351379776 0.817649095453419 0.849416569700875
0.975670973099881 0.676420895442548 0.912852142336266 0.95812543121413 0.476930557907175
0.778259825261424 0.987793075664351 0.822448361622943 0.69842357440835 0.713075163042932
0.757934721338932 0.768746378472512 0.980105032035115 0.903439916233465 0.589773951919976
0.611442065352225 0.959123570259958 0.598750890562409 0.950880698732772 0.879802775092637
0.862932588104799 0.777126474083359 0.685989556846463 0.814075201115841 0.859876179849538
0.57375031617245 0.935410797379782 0.57607791539488 0.999809321468655 0.914951649584234
0.847940615707788 0.536983087434052 0.662874450517751 0.970618108546088 0.981583737794323
0.74325662281619 0.737557151964992 0.943710319499688 0.814250388770686 0.761225516948444
0.755960261479528 0.663064879583401 0.972849468105203 0.740813955270184 0.867311435561684
0.697622709377925 0.876800318882434 0.698194337559029 0.733316371641069 0.994066262539544
0.781311637564724 0.827430065225179 0.741239270427711 0.933010107650128 0.717008919132259
0.731264680052587 0.86796209187214 0.746411513525052 0.901078729484314 0.753282985065907
0.938754486199811 0.767335568790243 0.731294270043526 0.842001946018408 0.720613728948012
0.710692682062077 0.847621416879581 0.975825683666556 0.670129489289453 0.795730728102332
0.840597160113777 0.968369822557524 0.883294337255244 0.513323363384617 0.794415316688839
0.823206005133011 0.70576018688878 0.710938051113443 0.899831994581656 0.860263762283111
0.784460874826126 0.639592574978404 0.928521110696936 0.758298910549314 0.889126528949219
0.979938214779 0.811528571057569 0.689048690643955 0.924107336879288 0.595377186640189
0.813198192277937 0.829722593646806 0.744158808733284 0.723502610255476 0.889417795086497
0.80015666254755 0.935993701035898 0.646855904944718 0.642177916886642 0.974815814585192
0.958504090023662 0.97315528722457 0.630797133430659 0.661298155565428 0.77624533375568
0.667400503930003 0.959551126382019 0.783737936941639 0.770296052507488 0.81901438023885
0.744390999131474 0.652806518804359 0.743309510926578 0.879230183548437 0.980262787589153
0.71058289381201 0.874193853741081 0.69134192244045 0.926967592836423 0.796913737170036
0.813996735939373 0.828279115140679 0.744100405004227 0.783805498100572 0.829818245815149
0.950291276222935 0.86069221338851 0.69305772178758 0.504482009885936 0.991476778715039
0.715467799694993 0.938263890205336 0.850407365867891 0.742195904677228 0.753665039554552
0.829422048888052 0.969723109350848 0.536190163189305 0.891838739828892 0.772825938742903
0.749833625897049 0.611653419356308 0.904659491987569 0.74166261660781 0.992190846151264
0.891787489366362 0.737971625334242 0.870537771849259 0.759385775488277 0.74031733796186
0.688411123392261 0.94364218543266 0.864269211030405 0.665508399999269 0.838169080145405
0.796752391587047 0.960146516395963 0.712107934817099 0.854104893413671 0.67688826378622
0.925761261464784 0.483516107056397 0.880470830287259 0.81215075602512 0.89810104516644
0.938524170409263 0.625030919491163 0.954635909422961 0.901154205413706 0.580654795262908
0.898301325653023 0.829457531837483 0.765496416924141 0.796655160688118 0.710089564897235
0.714766151672047 0.925784212824009 0.796759522340123 0.878070537344634 0.684619575819186
0.962077023349689 0.726669499339831 0.846163902250434 0.785983420160681 0.679106154899366
0.76443477297622 0.76574836478021 0.762883135433153 0.759122819124186 0.947810907686231
0.845292743863891 0.805065313267323 0.601479397100373 0.948478855487523 0.799683690280891
0.650492220102232 0.815960152183227 0.896509119613994 0.931126591519016 0.705911916581532
0.684000552500482 0.885046842299043 0.784354795021187 0.807659725930813 0.838938084248476
0.933019903659744 0.874223531288784 0.706019559861453 0.806998740526526 0.679738264663494
0.933276587465572 0.907714043895084 0.705450259595822 0.683511361177962 0.77004774786556
0.688475045251725 0.989404271140537 0.801659992357322 0.706428890956148 0.814031800294268
0.845839394216737 0.827284873153378 0.880511552713641 0.655152861610472 0.791211318305772
0.926937170127418 0.723515098610163 0.777179246331689 0.818979117245047 0.753389367685682
0.924598632193294 0.749061417901608 0.707408526212241 0.880855455736831 0.738075967956026
0.704467258358884 0.964382599427252 0.915009946122537 0.647615435979 0.768524760112328
