0.962913339985065 0.894749421444462 0.854387321646 0.970697112251884 0.812771857232068 0.820986730970771 0.813035485976059 0.902327626490484 0.968131104003208
0.875433999370361 0.991338965970734 0.990577628262082 0.843234028298362 0.899177880105018 0.786268493593001 0.833965295607828 0.797584550442655 0.982419158349959
0.929592295437321 0.99006489708645 0.856360016494915 0.759722594227408 0.822723081986784 0.949545672061093 0.920589020836311 0.983671259705284 0.787731162164435
0.733518192609588 0.932150735295257 0.932721181441492 0.871511992349193 0.870339720572308 0.993505080043514 0.987704494458868 0.759017669763281 0.919530933466499
0.877863811142752 0.890989900442656 0.98282079931453 0.976148397860684 0.842411807287506 0.978820812199293 0.7904862430274 0.808643953089601 0.851814275635578
0.828574322137667 0.986584265901396 0.999731936869875 0.844578881668207 0.789714127745099 0.815753599671715 0.902613816636115 0.936830678364805 0.89561837100512
0.856413399571016 0.856302098583785 0.936644087420266 0.881220398258552 0.902069198007416 0.894370447028536 0.879120582415606 0.858902948393412 0.93495684032141
0.878615734335766 0.79546403280421 0.802083415649998 0.898444527123128 0.934201060915849 0.96860130331065 0.89215283500654 0.862850105804483 0.967586985049375
0.817698550997849 0.970353474118074 0.818180452754544 0.963470850208702 0.870134908225953 0.916149943061334 0.925906041455308 0.928254093902656 0.789851685275579
0.913965234532223 0.98556892963208 0.80502980801391 0.923553268031647 0.98461883970854 0.843402554612441 0.880415217442558 0.832592604055331 0.830853543971271
0.9136849321239 0.803001049625504 0.89517546512969 0.972832926532279 0.824722300687542 0.917850088749027 0.82385889549142 0.931244835081521 0.917629506579119
0.87610816593899 0.948308361208305 0.807451559204688 0.820254432987462 0.929312260198792 0.945742278160944 0.854369827444134 0.90390970099814 0.914543413858546
0.890627425611299 0.784093608210186 0.98376522146133 0.851077702095877 0.882913738600069 0.928199423108907 0.926264539043956 0.842940042690073 0.910118299178302
0.910039068796412 0.905785452288001 0.977374864349742 0.841026043072659 0.93293638402417 0.896736195667328 0.93666574613625 0.790388149646856 0.809048096018581
0.927902487207372 0.816712891281626 0.892857648765119 0.924066113201241 0.940322777646651 0.892573917092971 0.929505258292674 0.818540343371226 0.85751856314112
0.827649813953019 0.854133303650654 0.928054571065518 0.986601287011915 0.813017732937946 0.981134966084409 0.91090609883767 0.854374328018091 0.844127898440778
0.888832514543941 0.785296658788093 0.940862680062997 0.957424343238096 0.927883015243062 0.815473218721258 0.826094764926811 0.876736270609794 0.981396533865948
0.893177099937053 0.834531348625156 0.930064362162246 0.85111865400358 0.905819927794809 0.97626239175009 0.909021037148874 0.820158381764753 0.879846796813439
0.924538483105823 0.94658629718783 0.982100338564454 0.841477591778887 0.945180333888499 0.815154399126263 0.814989693165034 0.895744881813191 0.83422798137002
0.915810606089981 0.942246417925349 0.868257069337884 0.906907328514238 0.871051654604912 0.930975311387909 0.853413224819577 0.859768038229258 0.851570349090893
0.706029652771109 0.816330518962121 0.967948472005689 0.90091703670615 0.994592646965293 0.886630989422106 0.859217270078281 0.871014639363391 0.99731877372586
0.895217884531626 0.970915954117294 0.85716412012869 0.871707530436508 0.844398153068483 0.902665644338615 0.858088191937171 0.952291408618657 0.847551112822958
0.830683227318134 0.896263884715615 0.87854390013704 0.851622182854219 0.955739901203037 0.875626741773647 0.874329141593435 0.849030420132304 0.98816060027257
0.994863856064927 0.992970764051834 0.773463857815896 0.850912610506158 0.970015672487309 0.727689668509206 0.97754232994983 0.994256496439056 0.718284744175783
0.922365192549849 0.915656436943445 0.782322665397573 0.867131819818687 0.979149784381619 0.832505084022583 0.949153773619213 0.944590040354066 0.807125202912963
0.921422562730366 0.846957882767274 0.977642355881658 0.778115321757121 0.886080730665773 0.874826658254876 0.826369222288257 0.930459463307114 0.958125802347561
0.943017218240407 0.863990662151886 0.84806226472002 0.854990120705601 0.834709590276284 0.951526344774449 0.858527570461711 0.906344810560101 0.938831418109541
0.83518473523831 0.820746391790989 0.835292468505278 0.916027917978625 0.820156831229072 0.983161462623668 0.863743267154487 0.942151957829411 0.98353496765016
0.704935944208833 0.890657898634392 0.877381443401398 0.942296203538217 0.835830960455492 0.913747667046558 0.989069918555698 0.938829126708965 0.907250837450447
0.815279310791781 0.941093669995117 0.800037350847817 0.830183553725878 0.911961667646512 0.95807487622213 0.945095060973716 0.949882693864802 0.848391815932247
0.821234721860273 0.868983369472487 0.83829326925751 0.931166605769986 0.94287207256736 0.892029529963052 0.869607542197026 0.929639328207018 0.906173560705287
0.798995774907557 0.877014915341026 0.945325113508309 0.871460932062824 0.984565184910378 0.890174481835534 0.925386644032696 0.912035304210064 0.79504164919161
0.804879069452114 0.836956192918365 0.971804086564148 0.849678093030033 0.961246997639191 0.939487420164446 0.932558971251208 0.825367303191532 0.878021865788962
0.903955339937139 0.888539785095267 0.861285895249036 0.928131914706073 0.841372738868674 0.959285332404838 0.886187218430066 0.791085826512815 0.940155948796093
0.818152428812157 0.851182934487378 0.96750036435725 0.808446324569536 0.985547861041706 0.972428690823647 0.848230699546193 0.963222866134234 0.785287830227898
0.776981551488622 0.965953278602127 0.908195617544271 0.919596462702075 0.770562861621823 0.999470940463846 0.930676094007115 0.981337299409211 0.747225894160911
0.86228438045568 0.940137610895548 0.98037814448576 0.932923619339743 0.869556886270608 0.995040518050564 0.763136925414031 0.72720900736367 0.929332907724395
0.901975325311646 0.935204935738661 0.905132973700097 0.838019027917324 0.851074285031242 0.865098623228027 0.950104265273668 0.888132029659059 0.865258534140274
0.855309893274233 0.927830420836317 0.954653827573594 0.881537270975563 0.893644193897103 0.849036498515364 0.862622573246119 0.9115037445141 0.863861577167607
0.883506047918342 0.871760270501172 0.97828992092943 0.910584490706888 0.852259000998412 0.928182632462234 0.833914075709812 0.903354488453141 0.838149072320569
0.806011336209349 0.838269852461023 0.898634716790428 0.935729223721702 0.97120491699709 0.922323590172538 0.936421860712255 0.858449047012946 0.83295545592267
0.959187455346619 0.984639030083652 0.852962085524299 0.997210442272949 0.822879462885042 0.906427278579204 0.847570795979768 0.850432750583619 0.77869069874485
0.737622186975159 0.996181671482666 0.901429400956024 0.801700270650273 0.805780565574781 0.97772881339303 0.996988067603358 0.998822843454576 0.783746179910133
0.850287764433429 0.896851364656588 0.975429728002583 0.822770680363683 0.886868984417143 0.86547565950611 0.966077855337797 0.877739022396797 0.85849894088587
0.833536344633399 0.84287309064786 0.930270098773156 0.954581388129377 0.907186918835327 0.873825563552164 0.860806909804105 0.828559071187845 0.968360614436768
0.992404395965228 0.93321651144725 0.929280870459666 0.956182069324211 0.833998179015361 0.828805852382973 0.858555149647861 0.833787344838146 0.833769626919304
0.79653722733122 0.84899729271461 0.849151066376872 0.995797684880718 0.855921511469939 0.9446645000835 0.918672832112045 0.908670102917252 0.881587782113844
0.854692303019589 0.885300182141826 0.895738570526657 0.976533888060475 0.855678635526924 0.850637446425233 0.868582272390112 0.91659500907927 0.896241692829916
0.872530028395809 0.858052588939945 0.883959672628401 0.877627583619912 0.871342831249048 0.901287880895066 0.849426653006386 0.991008711228905 0.894764050036528
0.876149374382527 0.998365814872047 0.955254108904368 0.819823998333606 0.979924772002965 0.837768341679875 0.908152378844654 0.807941253632042 0.816619957347916
0.731371537487882 0.982165350564192 0.98366401259277 0.967889297937102 0.857352994951092 0.90724612567786 0.853322340845509 0.895499864343218 0.821488475600375
0.833489058262006 0.829240678885727 0.935481515467366 0.934242904556339 0.973397063301303 0.855078372049806 0.822925281022478 0.887116320579459 0.929028805875515
0.842095828969943 0.780680743518549 0.981813271643755 0.926104663549742 0.815226532637803 0.771607446831215 0.956859105443192 0.968845049317599 0.956767358088203
0.894638548524887 0.876694531989843 0.95962548558985 0.822466031542576 0.832511470912488 0.904887675267204 0.907299725845107 0.87013801315758 0.931738517170464
0.845147326447262 0.946299255019192 0.913615936017492 0.950169648952649 0.815577493718949 0.783923187162928 0.845671927880148 0.943026726295079 0.956568498506301
0.872994362251918 0.781835836949258 0.877386201845335 0.881856495134452 0.87802026519566 0.823814518251551 0.951305707204378 0.993218898845719 0.939567714321728
0.975810032141915 0.836118604950357 0.962753891862828 0.915396776490446 0.910132407554264 0.687011123626753 0.75527392863672 0.983173287618088 0.97432994711863
0.849008347216326 0.835588593042622 0.911546336331945 0.918199526117787 0.925433477950376 0.899515033789129 0.831787125432475 0.980268146807588 0.848653413311752
0.883226909407199 0.96140955219067 0.901884274699885 0.94836337490614 0.807065937722758 0.925025192351774 0.889276798702813 0.859361088715103 0.824386871303658
0.862405249133197 0.92355166582576 0.885020756564934 0.928828443851717 0.851406985110554 0.886635986679297 0.935794283199548 0.861695159949782 0.864661469685211
0.84806336105342 0.920376777820741 0.979477942516945 0.802968504557008 0.789464629718488 0.976811721465973 0.945156527655116 0.805249177602754 0.932431357609556
0.926186980927038 0.89055909477451 0.859233337156481 0.863646096110054 0.884144750589955 0.980509493418433 0.846610819047326 0.897885989836676 0.851223438139526
0.940987687815917 0.773074283262871 0.937547237409523 0.96462895805579 0.805215094065395 0.833962078110894 0.991125931206282 0.843138906306987 0.910319823766341
0.81701943050674 0.909248352273243 0.924770577245229 0.821050872233692 0.95182613717322 0.960036216542981 0.877550203072954 0.897500557046941 0.840997653904999
0.921605087103082 0.916156225983159 0.808372752991109 0.830945206261806 0.907677670814879 0.979982890826954 0.88620619096356 0.866142186012912 0.88291178904254
0.824509113003377 0.937246474896974 0.828411091683736 0.817950537495856 0.9240591250654 0.902135695850904 0.854809872757859 0.969385694337684 0.941492394908211
0.822462375907672 0.906500860487621 0.854685940104326 0.88046192106498 0.918146597389719 0.88611165871383 0.91102750155745 0.966199887723794 0.854403257050608
0.80652249683439 0.895207852186682 0.84366948201432 0.930516009051002 0.942845729737988 0.969563913023327 0.833027337810275 0.887691353426577 0.890955825915437
0.834776804409942 0.844876076137559 0.908805319565015 0.948856323755209 0.950715764725559 0.918345202760863 0.824594893433189 0.930480382289652 0.838549232923013
0.960737843771247 0.961164976306152 0.847439864998976 0.940159879889111 0.956022422452121 0.75598402239347 0.8458996920144 0.8217617175309 0.910829580643621
0.922904395456673 0.86093121097759 0.953335626041736 0.898012766131029 0.825239817384063 0.819778362451993 0.84533861912233 0.983011784087046 0.891447418347541
0.772800829396583 0.94890002127868 0.999917306203821 0.856235217691026 0.968022080586282 0.828697042491852 0.867392681264051 0.811028146023971 0.947006675063734
0.75210640893925 0.813296575242464 0.850597587690867 0.929495142517948 0.979779375321262 0.890355920375122 0.972656016492459 0.879328520690173 0.932384452730454
0.809416025788251 0.900111448978075 0.770162374231404 0.81069903282526 0.972325235187635 0.930319833913154 0.934811287923018 0.973232679391837 0.898922081761365
0.834255793004115 0.895141739491464 0.949728528924592 0.779312502771989 0.963963153694274 0.836604662206114 0.922240347363749 0.899239762090436 0.919513510453269
0.944763294595232 0.844859277114106 0.959648083290958 0.839426186543761 0.826979912761959 0.820790912966537 0.89579973091299 0.967965578248654 0.899767023565804
0.75069003544812 0.888489423645344 0.942399524940375 0.901667968548976 0.973239096444228 0.761178867110159 0.908162129411783 0.963323309568828 0.910849644882187
0.85966956241052 0.789701300875259 0.952009729975155 0.948529966885852 0.81216790560098 0.963833773627385 0.875115822913164 0.903911086080278 0.895060851631408
0.941224505048775 0.888372227494207 0.954794388537255 0.944161166763152 0.851154382820802 0.849588664162585 0.843112359909551 0.886067573512035 0.841524731751638
0.807855768711863 0.983117081053334 0.862882107357196 0.867526453533714 0.839214702483694 0.811023509961704 0.869839443385374 0.973394039478593 0.985146894034528
0.873478088047552 0.845095282968356 0.870665559131689 0.972264523555926 0.959876518435155 0.801138499232203 0.819002165044916 0.920356959665872 0.938122403918331
0.959255613857057 0.990230550017935 0.803550890080022 0.815838163340495 0.91131257240289 0.774340733083164 0.862369496087531 0.89392751626242 0.989174464868486
0.988508080648551 0.868986769997355 0.846646450478368 0.924642407939616 0.873583693163709 0.872168166019883 0.924381976462301 0.874446340973038 0.826636114317179
0.994619127104478 0.926862744555614 0.827152075579617 0.885986812417625 0.822729510519123 0.888899974213731 0.862221643097824 0.905644395849013 0.885883716662973
0.771707668427372 0.919897147642299 0.941914308829725 0.807101805049603 0.7826326960115 0.923616140891524 0.897142461077893 0.967637244898798 0.988350527171285
0.945179964370848 0.828266285712752 0.932989562714254 0.910131424209358 0.84181694283351 0.883140395095656 0.88256158622142 0.988939615543766 0.786974223298436
0.877848937805282 0.798064022094403 0.837686986049198 0.91063527467066 0.878449211924836 0.871759807930328 0.98329182788993 0.923025979899431 0.919237951735931
0.743420305515953 0.980732934382344 0.953234764885471 0.773924281328436 0.871151900248697 0.86923164949761 0.854869806106167 0.992539156223047 0.960895201812276
0.729780824571185 0.960882618039306 0.967846000417888 0.974347908193481 0.857941820355264 0.945569959891462 0.863202814602161 0.875356540629325 0.825071513299928
0.988248144055126 0.9071486179916 0.9798501563472 0.689938218617198 0.943013126237382 0.984455945078449 0.848102269540329 0.754702134454756 0.904541387677961
0.899090300731989 0.886833023032347 0.879504443750793 0.94230752111018 0.963437625954778 0.864072289551316 0.816412623026442 0.819456525084974 0.928885647757181
0.853404517925246 0.821949247855746 0.9534459951993 0.865651896157644 0.841536029903454 0.856365686310523 0.960456191286168 0.91794966211442 0.929240773247498
0.961925292724936 0.87022072319945 0.92643370999493 0.817986395075764 0.772419398234647 0.975859142962074 0.832400017466183 0.990709257167371 0.852046063174645
0.938751718246227 0.925714082269249 0.818836908716289 0.872358882885778 0.855460081936615 0.855058608266868 0.917538030478102 0.934493874077892 0.881787813122981
0.974072968492857 0.99437027575453 0.841944931985596 0.857521849403382 0.884841655211034 0.819990997802517 0.898426182052922 0.9071691588653 0.821661980431862
0.917449612231897 0.992070834695096 0.83636920260316 0.870320591119788 0.84886955209066 0.955361571826774 0.686972245623335 0.901527409133983 0.991058980675307
0.854123659475349 0.862819734606805 0.824275806004906 0.849508815239874 0.969545504145958 0.863950476018087 0.99884210470068 0.892819807608508 0.884114092199833
0.82114670359827 0.834720419710935 0.897515563933838 0.950971673235139 0.864601273938285 0.825875218229657 0.971405499158271 0.984170611931482 0.849593036264122
0.834002770103223 0.993787847969119 0.818408144037052 0.976200098685522 0.901784109626252 0.799369891816501 0.892919276784689 0.969302366650356 0.814225494327286
0.948997329072056 0.997919075089402 0.791746840920804 0.872956746807117 0.995969619747877 0.805966386664653 0.873692145942592 0.889668745326948 0.823083110428551
0.815291204925096 0.904284192839501 0.818974908645768 0.852699203891474 0.994727889266277 0.934151157716054 0.936070313793315 0.911324577359601 0.832476551562914
0.861923545485999 0.802429278653579 0.900875043021145 0.993298555390175 0.942911670290771 0.804268295440131 0.936457524148444 0.782827582336142 0.975008505233613
0.801066210966057 0.912367401772261 0.850957325934233 0.9908551393947 0.866549720362473 0.81768664845048 0.956394724222551 0.967648504736365 0.836474324160879
0.989148012106136 0.980617681122467 0.940998150980919 0.862972547775907 0.939828526702385 0.794953040898811 0.77733766656436 0.738961289629448 0.975183084219567
0.8383103612413 0.837924560190152 0.895750040902662 0.942376693668021 0.84826414548843 0.861044657066777 0.980979323773428 0.875649878919716 0.919700338749514
0.970106625443132 0.962088251357996 0.955549105400903 0.816833752564675 0.821607765436766 0.982398626062765 0.877449990085433 0.848886740703794 0.765079142944535
0.828412119032126 0.87601284600295 0.90584991524868 0.840987936110733 0.924241274155251 0.931022865912303 0.875408845315317 0.94396464122646 0.874099556996179
0.898719011668995 0.868284530737721 0.943806594826623 0.775963805696956 0.827617903958881 0.913740765886235 0.967740399756894 0.958563730599771 0.845563256867924
0.956688415871182 0.96142534097453 0.892798608589945 0.827032771757809 0.994940907972254 0.987178065770589 0.770822996209131 0.782474629392342 0.826638263462218
0.957194981324069 0.82424616379044 0.882620449675596 0.846051296723003 0.878462715236615 0.919377855568185 0.995417372259484 0.871281222467034 0.825347942955574
0.93181673992808 0.959886844312972 0.821991903137228 0.854919432851082 0.995720096871968 0.875183698817559 0.868247116280959 0.832104425853018 0.860129741947133
0.856155819438849 0.844476412069117 0.888166511717734 0.864967064938764 0.86016565306822 0.846530374335235 0.937846707757275 0.975062912832353 0.926628543842453
0.940585186892789 0.936328301719519 0.933562270050471 0.948360151854814 0.959149207489727 0.739409450378864 0.731228758159301 0.969826808923329 0.841549864531185
0.913843985249602 0.946997209677903 0.953468378258998 0.776328360446108 0.811652931787655 0.851271580960471 0.959320213608238 0.893288877451941 0.893828462559083
0.849717523565873 0.968770270829887 0.883205491662987 0.860178773541276 0.899164662966625 0.8687335771416 0.962567796434773 0.920135891190033 0.787526012666947
0.897655378548971 0.973109357362008 0.974069526203868 0.973361539008698 0.949907430569748 0.792246698994943 0.762864086640616 0.801523191031927 0.875262791639219
0.91697296643555 0.952699839590153 0.941102329167407 0.935052365651366 0.895079428630631 0.900328616297462 0.889818418490214 0.829315388266404 0.739630647470812
0.875566392847945 0.97933793072044 0.994598026840239 0.865807181286847 0.894283523511888 0.95391694636737 0.779198913531044 0.859567686819717 0.79772339807451
0.917410188415869 0.998240739356771 0.776941349432351 0.851643511569796 0.908167912835033 0.940816034028634 0.93265779084329 0.836603198500687 0.837519275017569
0.879812770472353 0.846092850458629 0.944139189013832 0.982290555433479 0.821889126451931 0.961745952656742 0.882126363434917 0.866746208783931 0.815156983294186
0.907987475423548 0.860498201788075 0.983501077862513 0.874846130959314 0.915577397245385 0.87372748544825 0.866141503470711 0.870413569359393 0.84730715844281
0.976334489710785 0.820289045612621 0.848600004993014 0.815092346917534 0.963734163179372 0.848425563183766 0.854161273040073 0.954280164467457 0.919082948895378
0.804744419905738 0.924869097143122 0.798010318250237 0.953871643110227 0.989686129109733 0.87364541734445 0.926304011282639 0.841855271830492 0.887013692023362
0.949574949769808 0.843542937022515 0.976784172364886 0.844260755093996 0.82181687010488 0.955460024497348 0.946691307929481 0.784537328517017 0.877331654700068
0.834367517589053 0.791173746947867 0.999436469140775 0.824626843863163 0.76427513349744 0.874190995327041 0.989788328484017 0.969457596657613 0.952683368493032
0.85024577460883 0.832852187737403 0.879031299460734 0.976638988175949 0.847595984601552 0.882427754216373 0.924516521598754 0.941462592819956 0.86522889678045
0.839044608187063 0.848475738986864 0.935592888533288 0.829804899988999 0.880472511522698 0.974071193743225 0.995139850894652 0.816372384776755 0.881025923366456
0.818135787124476 0.865713994688637 0.991279847353019 0.850467549749237 0.839693663247499 0.88524657193142 0.975997906012595 0.933229883062131 0.840234796830985
0.931337851085286 0.869798945340019 0.895345562334942 0.940860320690185 0.856429083708679 0.908863078082754 0.862528850154984 0.802147432805624 0.932688875797527
0.868962067819237 0.829877956184334 0.876096858023733 0.936653206916893 0.821848888660416 0.923748382918628 0.907722830200934 0.967463796732635 0.86762601254319
0.885666874091295 0.991435942888695 0.874536241751259 0.886393874665939 0.838822239471704 0.852316364333508 0.93472303413309 0.809945755810587 0.926159672853923
0.986113722251291 0.914678939444578 0.895802438327971 0.868920884534909 0.894442257620994 0.95515930430255 0.862230005977858 0.822748971076566 0.799903476463282
0.908066075992818 0.846584512011015 0.994096530393557 0.885941396612639 0.969599291329265 0.999089961051375 0.815135176375088 0.714249597687725 0.867237458546518
0.81153683747637 0.921683658639595 0.983862290123029 0.926012214597883 0.857486628455837 0.97616211915886 0.811471158869427 0.817669686402286 0.894115406276713
0.842736051037984 0.981580537312301 0.932297017625956 0.864473336218363 0.873248367206832 0.874854618481295 0.875516733683992 0.911983477477466 0.843309860955812
0.883251392586234 0.855862108439503 0.813383782894437 0.899232662365753 0.897537870451241 0.932180954504226 0.926730948417611 0.97077238323379 0.821047897107205
0.76583889183386 0.910527696247899 0.712147994752997 0.966045707506102 0.915777673351228 0.890962550420393 0.970309411398489 0.979802886288547 0.888587188200486
0.837066628826206 0.971239048545945 0.834601028675391 0.835644042070423 0.899172910740778 0.908321489279259 0.881857254352046 0.884234345733776 0.947863251776175
0.828562180760883 0.967233388516084 0.898891670850421 0.853826817565724 0.917427428769787 0.773887947837835 0.89218054252977 0.97559227928594 0.892397743883555
0.787184452796893 0.921410124551157 0.837042827517388 0.805887279243917 0.95770367488778 0.993500803969058 0.884906121559596 0.928155252087677 0.884209463386535
0.908566850453983 0.841053129844485 0.833669596511238 0.984496763836346 0.952147306673273 0.865485317341678 0.800953122906382 0.827192006917609 0.986435905515006
0.740478471237784 0.933458533343098 0.974747197034787 0.866572002895524 0.742343923919842 0.968526842785173 0.887762534506771 0.896447231037268 0.989663263239754
0.924778156399502 0.89350240627462 0.973314745298169 0.927421502754037 0.859748143238795 0.892751060056788 0.933819124807405 0.763218689767378 0.831446171403306
0.815359871296557 0.974473920706899 0.915342648518888 0.932394606087053 0.891810258593217 0.817093094429234 0.818766524241763 0.939352139709437 0.895406936416952
0.794856892950029 0.936041204243992 0.775782195625039 0.848209275830266 0.928393345090532 0.904504031823699 0.968472568807629 0.943671044615376 0.900069441013439
0.804335702091336 0.935499340188686 0.903495402141802 0.815699014865638 0.878612010084087 0.941031303688749 0.914780424299157 0.95467482127518 0.851871981365366
0.794716668576826 0.851950834988048 0.967398546129016 0.946280811270774 0.986842196033925 0.863598016362184 0.901767733916237 0.859182139249185 0.828263053473806
0.898848736887286 0.853895997666379 0.83948018664564 0.905862186896216 0.817603984029086 0.937295793384905 0.927120587361649 0.969613635288572 0.850278891840268
0.910784763768888 0.956696803061997 0.957675900319789 0.799933121677609 0.769677648232608 0.896490384254907 0.851249512697345 0.898523318445318 0.958968547541539
0.906156998564065 0.920363159620743 0.885112187031001 0.992552902688115 0.847608101833724 0.904227474953248 0.866369477520528 0.841560627221003 0.836049070567573
0.740916388993677 0.762435034889478 0.964701925912535 0.950026892218773 0.899143586650354 0.961412155292332 0.874371926060667 0.878147563387327 0.968844526594857
0.902471420725985 0.847458993409552 0.932988801572534 0.92808625995041 0.81112537990579 0.987914918636008 0.799592579848549 0.811570038954462 0.978791606996711
0.867008507610385 0.740834984215517 0.938168194912168 0.90287610615567 0.940684847617501 0.953601128788355 0.994188653383351 0.847911190009656 0.814726387307397
0.9087879406804 0.897252149638732 0.958008076432694 0.8501681948886 0.80696424035964 0.985984400800317 0.929126626729809 0.810411896272892 0.853296474196917
0.876699670730604 0.924977442973965 0.884540874916273 0.869295763931509 0.83661727592144 0.845142532771023 0.880447225499557 0.884812681496325 0.997466531759305
0.832019118420673 0.992152777263767 0.860222137510233 0.792486922596571 0.857719529191539 0.880469700952429 0.942537380992257 0.902269352736239 0.940123080336292
0.95948175016686 0.921645804558412 0.882263002606877 0.88941796599313 0.935249888047107 0.830529135641824 0.811219805379873 0.872465428478439 0.897727219127478
0.943283026619426 0.918678009159824 0.734946000596662 0.983163935250677 0.782408308468676 0.879577065262781 0.926565604317714 0.926100872648991 0.905277177675248
0.868134729064193 0.934218695377236 0.959105582753725 0.939600967603475 0.872362857813416 0.902109670958632 0.917593329159608 0.829456928808835 0.777417238460879
0.794887479840018 0.937998713027386 0.810171150391486 0.9116215644569 0.795470323552381 0.928880126997599 0.903423794020685 0.985388253364 0.932158594349545
0.866665830516838 0.883035873867313 0.935115373788746 0.932381931737234 0.875721531610675 0.804503941497603 0.849464383973068 0.922181306312707 0.930929826695815
0.946688223917448 0.844649206152881 0.947865374995602 0.835216565347824 0.924052427848021 0.8838616158358 0.919233403072745 0.830439779400296 0.867993403429384
0.837067189225635 0.830321837811914 0.916434292954478 0.840664392091813 0.987507798152364 0.943256671726846 0.896919602414843 0.905688807808583 0.842139407813525
0.867967996060555 0.915965087701587 0.832288033126215 0.821836727242321 0.99600603884877 0.906866775166371 0.840600133976484 0.893280170006066 0.925189037871631
0.867162953148527 0.925933191293127 0.862329323496549 0.865807819975217 0.882327748313626 0.837248404021248 0.917526867105022 0.967350424733212 0.874313267913472
0.756476476025503 0.867465867033552 0.982107031446296 0.938435504058242 0.897148856487339 0.931726729544093 0.884156352260601 0.981704481217014 0.760778701927358
0.800002906284724 0.854429862626737 0.836806973168833 0.96713891312634 0.749779009547535 0.936496058578625 0.974815090973983 0.902713214179601 0.977817971513622
0.754309919557857 0.963413472016367 0.864131678576214 0.78176518451264 0.949207451501247 0.787067759380261 0.996572508804505 0.910160507848282 0.993371517802628
0.932036519781263 0.844092241171184 0.926022137716186 0.848752666365433 0.832722266817918 0.931704189883725 0.83696422630934 0.969279487920987 0.878426264033964
0.808907606860862 0.998977768341486 0.829004359292625 0.875868866300973 0.761548684903524 0.921598476248636 0.973633673740239 0.892633174656455 0.9378273896552
0.846063173143111 0.879281455388067 0.88926936115399 0.904289916638539 0.814706368354389 0.975707872490089 0.87841989790235 0.875322091022221 0.936939863907242
0.931499654252063 0.858822753093425 0.942407900964879 0.886519740073406 0.832823106477099 0.92049330391452 0.854446824560453 0.887520442430313 0.885466274233841
0.818283412636585 0.875335207728723 0.902910352636106 0.785280524511724 0.964786200960459 0.919818241588763 0.820557910048608 0.969325887663848 0.943702262225183
0.808200713922608 0.861777654443864 0.80091229386749 0.80486139380727 0.93400416553699 0.978086914947699 0.934660286510766 0.999509610525445 0.877986966437869
0.890051715953093 0.986326656453512 0.892219999221743 0.930686355356677 0.80869688126942 0.999836350144195 0.724854556961558 0.961382819056527 0.805944665583276
0.953881555265124 0.920162412854733 0.894818650986175 0.902212551619904 0.86321205800085 0.921157895735439 0.835435279840417 0.839352186521822 0.869767409175537
0.979801012958448 0.84675895514364 0.771280826634598 0.884346914678492 0.897269799578113 0.868178377172215 0.87625390335782 0.881323380587685 0.994786829888989
0.913540142611055 0.907356095244999 0.973066537331336 0.975416513837587 0.973558806060644 0.804813608844189 0.828154378464493 0.775526428266475 0.848567489339222
0.989561714939429 0.922637649062382 0.894292985865158 0.884534806552091 0.798353881898211 0.909735773538889 0.881430502245647 0.835977356563288 0.883475329334904
0.94018757169935 0.880637881521219 0.968902143265079 0.89883043319877 0.889465688489336 0.989578627200056 0.746793925680608 0.883112568845045 0.802491160100536
0.99600105721028 0.812051773103197 0.839694058092429 0.853631442697552 0.919024675549967 0.876297417564336 0.83110392040511 0.936616796139402 0.935578859237727
0.887178413442684 0.883106485102093 0.846368588816128 0.872991050609528 0.93138174465763 0.980442625437293 0.817767246893265 0.956733415065103 0.824030429976276
0.828167170593984 0.873656212423287 0.85124408843031 0.827844170751817 0.999298911312317 0.994855318357287 0.977208659868739 0.822183048436973 0.825542419825287
0.907496226744593 0.998247449628434 0.844933834850782 0.821391684303745 0.818630092928749 0.771533830545299 0.935631745852894 0.963867675585696 0.938267459559809
0.807679083947965 0.875744754008013 0.895864967525419 0.920564123733128 0.896837945626841 0.996115515406721 0.811220940628375 0.857486574122648 0.938486095000891
0.881214764295265 0.875098893679933 0.826598489607042 0.935689908366847 0.822663963185941 0.866590944767396 0.91075071751063 0.913324236822822 0.968068081764124
0.83620158451615 0.835379552096315 0.855202564056121 0.856344166764163 0.906514783379682 0.83252606909191 0.924372329010306 0.983408521632517 0.970050429452837
0.696205729895661 0.921082674354261 0.748461417601647 0.949393145174302 0.940411433351278 0.859140927123567 0.94524604277921 0.992226301488965 0.947832328231109
0.870111659717521 0.823191733970167 0.873345303520873 0.867263595028736 0.860628627967229 0.946635356794291 0.898969956191192 0.996494262510455 0.863359504299536
0.814244397690812 0.847104083511568 0.830304258154312 0.838030897548659 0.968698631302361 0.996932222812283 0.83278713901682 0.98199559151082 0.889902778452362
0.861951003226649 0.900054443571856 0.822497086671935 0.946495324016724 0.86129069068812 0.9229641155557 0.85991516392646 0.848783332748765 0.976048839593791
0.805861977724212 0.879042361154883 0.899068825337546 0.943782465907971 0.999281199888479 0.989612071777079 0.813152093903693 0.748713640656734 0.921485363649403
0.920229636723182 0.918315705387583 0.820928843900578 0.90023859989525 0.85326264901635 0.880048664472491 0.858590616256398 0.88638775002052 0.961997534327648
0.896791081471248 0.933449866720318 0.824693641536227 0.860306701987275 0.805757183198871 0.89303927940269 0.876630844895566 0.956032232588265 0.953299168199539
0.859471761154908 0.864949713988928 0.997256910062153 0.854484004802164 0.828986506417089 0.807747828293798 0.908177530668936 0.919773184993261 0.959152559618762
0.835642240700204 0.956961834671568 0.9831647950166 0.852520393366152 0.947467786749663 0.820225794042469 0.851885533050527 0.893176167429872 0.858955454972945
0.804165562408246 0.907986405500803 0.834627055430661 0.931858769815621 0.96688531451701 0.809086244099588 0.776705430283085 0.979042543855558 0.989642674089427
0.924158311784371 0.834169394469355 0.902970526926066 0.977838874902885 0.918102803633473 0.919951364447351 0.993445011299825 0.719277677430769 0.810086035105904
0.963389531139905 0.977239757276197 0.842660579359965 0.8827422620381 0.856812273705323 0.809936311044407 0.831127327909722 0.868561712033564 0.967530245492816
0.847055316265175 0.983600988452743 0.811361302318396 0.883212575706299 0.956873251812369 0.949922604021323 0.812398142167548 0.828078584495476 0.927497234760671
0.952834313991594 0.876120519160212 0.868685670247993 0.909014229585398 0.950453393634832 0.851290076706485 0.842665143086504 0.862836403530245 0.886100250056737
0.881887179242124 0.897555667173012 0.987227168558271 0.721490374069049 0.807081748117861 0.954592728064005 0.903170648559452 0.915603202370883 0.931391283845342
0.998953749783505 0.90744872071817 0.827977114464715 0.993702338064033 0.761760012582425 0.938028768979225 0.872175210219605 0.866243863209675 0.833710221978647
0.803917150580582 0.915875955607984 0.759283291711571 0.984168123733422 0.838944609004524 0.930027803943333 0.972391969207567 0.988600247745339 0.806790848465678
0.824217886976015 0.900320471639506 0.768305190987465 0.8502412455987 0.981689675138666 0.947008104978818 0.761715855542357 0.969751826162563 0.996749742975911
0.966284457838751 0.869454735338834 0.916851585210131 0.794137803448096 0.923173093936409 0.853705803828029 0.818259040960961 0.925993733301948 0.93213974613684
0.901636822611905 0.930367091117814 0.781688995485455 0.885076975683461 0.991591381809432 0.834543785222563 0.968212351549598 0.723757404856362 0.983125191663411
0.771501616765447 0.914490690901385 0.793758293283078 0.852994905717134 0.96008150700581 0.922013001801899 0.900907771566456 0.97523634917953 0.909015863779262
0.872628430596629 0.885847588142687 0.885614062149937 0.813343897245341 0.896622032400162 0.859177281079111 0.914700552813556 0.888704412947031 0.983361742625546
0.89324311971008 0.953754761551963 0.941943622588791 0.919697023548821 0.757730931476782 0.953869068443318 0.920649177775251 0.800596538208598 0.858515756696397
0.91205132696003 0.895027146822063 0.831013875695265 0.903598293818712 0.908758577921038 0.836991859106566 0.929949757350841 0.840198961445329 0.942410200880157
0.896477455246482 0.824186460806367 0.941721336076692 0.86418149422742 0.9621815547091 0.888237188655044 0.833192217575412 0.860844920723143 0.92897737198034
0.99300865597459 0.908591899421825 0.89581486605468 0.995475059023728 0.914224934173635 0.845724046569954 0.751446763822235 0.90731543916934 0.788398335790012
0.839377972099044 0.853523534295129 0.830981055787285 0.874577028533534 0.983206774799585 0.970370719828489 0.826434732844921 0.830463123762759 0.991065058049255
0.850546481444695 0.865737941033776 0.95135459525586 0.953694359531464 0.783160108154535 0.999056890468312 0.854948202260674 0.876949865439592 0.864551556411094
0.981203590505718 0.99862516027267 0.975089549548159 0.768279145308067 0.829569767548998 0.864922591112304 0.830161802363677 0.918051387576123 0.834097005764284
0.817962812278394 0.993791321614964 0.941470164140653 0.823072151032327 0.973772894798985 0.843031853254219 0.836276352384007 0.94730682947237 0.82331562102408
0.86146334367571 0.836318888798213 0.988886451085614 0.896455144008805 0.882500129627565 0.925506836427247 0.839076856633829 0.87754185228319 0.892250497459828
0.868436164201187 0.907205625064686 0.867801111788782 0.857885497655006 0.868278337111155 0.969216281075287 0.891400044184194 0.880374158879818 0.889402780039886
0.852311344993194 0.950282821123365 0.824668768396 0.850828659178783 0.824210496477526 0.951288774866258 0.93314914220288 0.916329546875903 0.89693044588609
0.740908956967753 0.971556969768938 0.894246127813748 0.959208664899005 0.946484429369372 0.810851483255853 0.892015905193754 0.979182952911912 0.805544509819664
0.858043608898106 0.943787146801936 0.83913284981713 0.887252679938908 0.883482835494244 0.861196036629092 0.87254078669539 0.966325352675245 0.888238703049948
0.835809156888879 0.843477191761104 0.961302757981932 0.967501475862096 0.885772976857457 0.858203140321769 0.875342258165759 0.899083749936225 0.87350729222478
0.935968936654036 0.89345536232604 0.979515887177207 0.781687895953546 0.961468725091554 0.781143099707643 0.841622460758926 0.85561268850388 0.96952494382717
0.979575601505722 0.896371846955154 0.912998094398492 0.744303440248801 0.997877246253866 0.952228141969488 0.743543918543352 0.981941832245285 0.791159877879841
0.97098313611503 0.816994077654052 0.913127961430724 0.789695818091152 0.973347310104035 0.822569682821187 0.842810964978418 0.904845114803327 0.965625934002076
0.801589283794016 0.789876392154998 0.888424103095849 0.854513005398301 0.976446286614507 0.970285868304458 0.947146069620779 0.789825323722736 0.981893667294357
0.719202135908761 0.895701404748873 0.914654988850958 0.769119067950568 0.840454770955408 0.988072220911017 0.925242976656803 0.975779413955557 0.971773020062057
0.818445150111567 0.871350629298071 0.948169473782008 0.939661200416141 0.78197084901546 0.794972261605114 0.97267265319227 0.998167498957831 0.874590283621538
0.973021314425576 0.828420122215956 0.799285863682711 0.83513321283373 0.971518142435513 0.967531141253297 0.851450374338035 0.947693297623383 0.825946531191799
0.846020502414723 0.845976506150802 0.823381619804442 0.883593795609872 0.896768745415543 0.970639485918143 0.818570450514022 0.932357003903055 0.982691890269396
0.847979367864029 0.926871444701759 0.852233426858482 0.929153800195343 0.854944425615492 0.923958168343203 0.915311523435587 0.871127965181692 0.878419877804413
0.787409591239634 0.919406956513356 0.860844838525623 0.89880210789581 0.81404353412639 0.993986942643332 0.977855774978736 0.959090293676935 0.788559960400183
0.897296915859806 0.88370512133296 0.943179930242874 0.955588972381168 0.801520675244457 0.981571906810508 0.786245264985362 0.939534405191956 0.811356807950909
0.967006429827628 0.859454818488416 0.985218566657593 0.807322374585445 0.793025679868865 0.877456780705935 0.880959276056533 0.986740913481928 0.842815160327657
0.82726332159765 0.900665410762086 0.819549428392477 0.882169616438411 0.925289744431803 0.878576011919548 0.933613963614002 0.880630933990127 0.952241568853897
0.730451296070442 0.932874553675377 0.80418938769787 0.926700236981798 0.922322611090279 0.897512111028726 0.9436973517968 0.854131314871796 0.988121136786911
0.925455885968176 0.813192619546611 0.936413478260169 0.797824274913897 0.948694922811939 0.900231929356499 0.89608808938437 0.881855061300327 0.900243738458013
0.861270050120284 0.83600396530908 0.920625013790882 0.974812080657188 0.808841808752931 0.921187644507322 0.836198165704919 0.919477192440209 0.921584078717186
0.916786819275256 0.957823447452129 0.853621697410234 0.863532488173093 0.83270486184727 0.841084325547196 0.948676778474541 0.903461791756482 0.8823077900638
0.882514161482864 0.985536125343793 0.783052833345117 0.912218935411247 0.857654287568928 0.829228607153852 0.836907518579104 0.975686093780641 0.937201437334454
0.938492771915316 0.937123620434286 0.768038480663777 0.92480175329925 0.945520801557954 0.88961366068445 0.775048938734869 0.956486439642059 0.864873533068039
0.847555622386859 0.829990769048094 0.997765379957621 0.884742042510104 0.765918902352794 0.962614095954342 0.978754544771233 0.760270872582844 0.972387770436109
0.874774242703809 0.917839557672027 0.913655306444916 0.847031125604388 0.897156299470669 0.932537309746394 0.963984123493897 0.863134503395518 0.789887531468382
0.812264986793439 0.954858752873974 0.892022841495116 0.994408016993727 0.995328027010405 0.81628020328292 0.822808770646825 0.885317344751071 0.826711056152524
0.99987204315442 0.949984138151735 0.785938175120164 0.974536767645807 0.88457049555211 0.890590631096674 0.845443819087691 0.871639581385263 0.797424348806136
0.721731196119567 0.821526439783543 0.900077414255196 0.862534427224562 0.973803816998354 0.896178581281414 0.992481914464338 0.947325691214498 0.884340518658528
0.988689795843358 0.776075186910384 0.964339740234957 0.961178063076073 0.873707946042861 0.832980864130185 0.772182473873695 0.91698091035289 0.913865019535596
0.902884888730307 0.878287804081203 0.819369696398595 0.884409526400748 0.824734325480742 0.816841390712391 0.992359281438236 0.933583380299531 0.947529706458246
0.885830681138577 0.870065974898529 0.896294075220476 0.944551814029013 0.863475165362168 0.907432275994091 0.850668830426677 0.921285271290425 0.860395911640044
0.913711720906824 0.846898628931383 0.990710585197581 0.819746409139167 0.886349878739283 0.901644750556499 0.989555120318739 0.905182108456229 0.746200797754295
0.862966625571065 0.882968599214199 0.931782471237488 0.88438819792733 0.960470486925733 0.881486042062963 0.841869158415188 0.92904499405596 0.825023424590073
0.956806984239634 0.858935222496003 0.885470188511084 0.987990400860056 0.769349759336246 0.887283000021188 0.970123964246061 0.927086793045859 0.756953687243868
0.845324189155276 0.964712271470558 0.85668086520428 0.8670461231178 0.928043495226896 0.950985706697538 0.882578272104734 0.876988308653557 0.82764076836936
0.965683221530776 0.951345370046449 0.867304209800578 0.873366682712346 0.779497415571253 0.862019520515959 0.906140658641851 0.966745067237548 0.827897853943239
0.902477057774191 0.837366637417752 0.823764479876829 0.901447412343538 0.901965954139964 0.802080331225861 0.990206266860555 0.987862904739917 0.852828955621392
0.919709876140086 0.813513011973887 0.936781211079597 0.933481927300144 0.871055339042722 0.886038215661138 0.896542224306342 0.90361343386695 0.839264760629134
0.804568235184523 0.992666605924754 0.839537331856121 0.821947547709595 0.967508363126233 0.873149950119274 0.855554366450846 0.907980802833811 0.937086796794842
0.837400191416846 0.925540695053364 0.964090546870911 0.836443682228955 0.92668007872748 0.85166730853895 0.846877272508863 0.897117013459174 0.914183211195456
0.963396691636997 0.957005798962974 0.83514868897784 0.88228994213145 0.893118989101105 0.814729427905512 0.98719458219569 0.800878012899702 0.866237866188729
0.881362983083807 0.826523815795216 0.853652481129126 0.830901731963501 0.940777069092255 0.961347042800492 0.930211474379501 0.951564387773193 0.82365901398291
0.973014309096588 0.809195217477302 0.880302138001236 0.972085968335531 0.874863794233022 0.92266344654372 0.788458666474553 0.950926975458307 0.828489484379742
0.981271294842698 0.983125228126115 0.896353069959509 0.911366760665602 0.819506137971078 0.944529755215197 0.84688508024789 0.835412422644467 0.781550250327443
0.956332027574504 0.850602722083665 0.832579326493463 0.951141579635383 0.847361434735712 0.899599812840691 0.826676218457724 0.839187080856345 0.996519797322512
0.945504910370258 0.885392197692433 0.953985020041356 0.8423081193177 0.781976633722254 0.905890910126396 0.87885450148961 0.988687767353789 0.817399939886204
0.838046944761708 0.931040949402988 0.980303967353447 0.928717117711952 0.816060256391546 0.883628753171077 0.897679673361493 0.874281625186262 0.850240712659527
0.934287549860913 0.874136909406836 0.925521917471562 0.820771342292901 0.979137705918116 0.949403394537843 0.847826274611945 0.838805383222736 0.830109522677147
0.869347571626089 0.909147223244335 0.853775115558365 0.960264490425941 0.857570386532703 0.85945918705015 0.901694729488387 0.927871557229017 0.860869738845013
0.990740966102915 0.975786994790029 0.948454203947344 0.873948112507259 0.866041938481523 0.823166572778677 0.872071845174189 0.834559090819394 0.81523027539867
0.87444989057913 0.906277632679012 0.797709886515159 0.95942312530816 0.79259524386567 0.978650247767172 0.929558032054416 0.970189512646517 0.791146428584763
0.936930715816658 0.767549539949955 0.926016264543849 0.982645507209518 0.791885274754097 0.925722446719401 0.776260239661084 0.982024751106712 0.910965260238727
0.992374247369362 0.831637410310934 0.955610386354613 0.913060537170512 0.871433861266285 0.890663707673948 0.840782911679578 0.91450352301426 0.789933415160509
0.812020486836425 0.98872022321721 0.922827547278003 0.866684987965957 0.927450001565461 0.841502528477311 0.857252051807192 0.965925943710672 0.81761622914177
0.94958207329483 0.885676277547496 0.745410460687605 0.779838436959381 0.872573475879446 0.9904241725939 0.809859991345413 0.998341171323858 0.968293940368071
0.817856789438056 0.898248014833638 0.841920166313817 0.802144062214707 0.901664637463796 0.942805581634296 0.926146163088938 0.908631163049749 0.960583421963004
0.88704101823482 0.933173214898542 0.985153089402289 0.947924550619008 0.824588738866934 0.814038809540161 0.95253639412876 0.791615200163812 0.863928984145674
0.96218203305229 0.905998709569562 0.825211204871969 0.905375118380401 0.863993221194087 0.872975182892972 0.938059320690877 0.886949249109631 0.839255960238211
0.847581207651051 0.86132300606202 0.931116562664248 0.865936657294362 0.783528905877022 0.991293324925554 0.977679131882241 0.793908204936746 0.947632998706757
0.897396417257988 0.842937132027304 0.814927531044171 0.835406904625887 0.893312194334031 0.992326751290614 0.927446144727118 0.993694672275402 0.802552252417484
0.865033876926035 0.827619390897604 0.87398287624055 0.952330386536191 0.85381167231528 0.864024672247768 0.837647328927327 0.971022474818718 0.954527321090527
0.923995528155666 0.850877674808287 0.948665462952058 0.799739780306028 0.912361784784947 0.974178328290102 0.837837768451881 0.834529666068853 0.917814006182179
0.972295891855981 0.788573821704485 0.835512817968412 0.845359870542173 0.920353219741588 0.844569278439305 0.897431988439873 0.989047705823819 0.906855405484363
0.899377727438452 0.985246468240919 0.882246102073893 0.851832245939224 0.945693456908925 0.855097766165615 0.864297026690225 0.862953030542278 0.853256176000467
0.900128518272291 0.87978895095945 0.88360872026308 0.852893760727673 0.91071733378153 0.924400694101977 0.892742018585773 0.90065307268505 0.855066930623178
0.953684334421847 0.919731824996139 0.950480640947823 0.731400037657902 0.923597889332352 0.959388885138573 0.929473801202679 0.856184612253184 0.776057974049501
0.841727493653934 0.885377543127078 0.915708943301934 0.99681715750753 0.866759663205315 0.994757262789576 0.826538269680687 0.810047125661399 0.862266541072547
0.771480810720407 0.94871524299349 0.819819613418384 0.94005152133384 0.938517824160508 0.841214801287747 0.79381722543384 0.952899474684884 0.9934834859669
0.852449373332464 0.82389004489808 0.996692205263183 0.875660371471382 0.799865841915047 0.936031803779322 0.958914328965697 0.793815570438699 0.962680459936126
0.808398928932273 0.849311470624601 0.705611492493117 0.972730964496414 0.891624721005691 0.961402285460465 0.84988454875977 0.996732637430674 0.964302950796994
0.815001470223369 0.884151416354397 0.929575552444325 0.967265220443963 0.848014425748373 0.944538979970686 0.853582418043742 0.841095630665614 0.916774886105532
0.980286246605984 0.88266420050287 0.960751693414221 0.806302096880537 0.892863631713949 0.795752553573424 0.853087628808439 0.845493561687063 0.982798386813513
0.910225148602574 0.863211619944228 0.855276666490232 0.890429824324144 0.963131970703297 0.872058548445368 0.853163118116513 0.923856533410168 0.868646569963476
0.799619848751541 0.982940167355541 0.938972258629583 0.767607729627857 0.803610983999222 0.871073098097654 0.911616114342804 0.98399629206271 0.940563507133088
0.790272987670785 0.898434395451273 0.991889851006777 0.938416145558795 0.945376750158768 0.817349101910219 0.87564431386313 0.813235894229919 0.929380560150333
0.970999063304491 0.85456886318548 0.999217839367255 0.845044423704624 0.916609178476362 0.83984959525416 0.910780893017484 0.798034992987004 0.86489515070314
0.886068926192306 0.935024268130073 0.783931660282941 0.962630833553631 0.959910253396474 0.852382105659684 0.931350542278534 0.863456298756009 0.825245111750347
0.951349497404514 0.945691957022547 0.830736327804157 0.87272770065304 0.987121178664208 0.813001481035902 0.844339177569858 0.950595918920864 0.804436760924909
0.823366713721861 0.880684383469492 0.953715820617941 0.772554920737336 0.884696983458757 0.85927563720909 0.957760878979345 0.938678630647976 0.929266031158202
0.845266393840161 0.972292703004511 0.833973227592661 0.870357833635171 0.861715153076081 0.989695361879763 0.877311984926883 0.851149550517265 0.898237791527505
0.872661270586969 0.944527851543568 0.995313705937407 0.897969144395735 0.869503655776975 0.796480785097579 0.826918993254684 0.970474383696709 0.826150209710374
