0.970944407391201 0.91880069066584 0.905461203025868 0.744851129783208 0.747227559728888 0.835977665734391 0.876737343670604
0.841797392760101 0.96929644986143 0.933557499630025 0.851346142532792 0.740323188369536 0.727090935105941 0.936588391740175
0.818183606316422 0.94946623078069 0.830596211123774 0.851851637994243 0.956735328961672 0.811392411402618 0.78177457342058
0.829040925904043 0.773594635274027 0.995758487059931 0.806409188643335 0.863706744344324 0.874279907888715 0.857210110885625
0.987016997846957 0.839304226169336 0.873188926214578 0.629405236195578 0.978572950306808 0.778159967966997 0.914351695299747
0.809508043315762 0.883343365155368 0.885038566415576 0.722172779128763 0.849740325473233 0.987799767968842 0.862397152542457
0.860135731996595 0.951960276526928 0.889664005408688 0.876442967428647 0.967131371805505 0.765180223095411 0.689485423738225
0.881060516486677 0.844326861213856 0.883244175113373 0.879612676300554 0.824867178357519 0.843388402714891 0.843500189813128
0.743950474355381 0.966931362184461 0.897120408730524 0.833122604871577 0.877164647766337 0.777331576836949 0.904378925254771
0.969145299504337 0.806481376813414 0.926230418491031 0.794431153046032 0.949683870017874 0.807916233238976 0.746111648888338
0.679229281603288 0.659910075964801 0.923323618044289 0.880115403963445 0.918043500791709 0.97767516115922 0.961702958473248
0.936591637366815 0.724074401316844 0.816243139064397 0.995240196915667 0.964424914688193 0.873941185725417 0.689484524922667
0.897435440809577 0.766449105463997 0.758270380576806 0.984405351610029 0.837675322046079 0.804431250180485 0.951333149313027
0.853186141142089 0.870780635122073 0.774886943476166 0.995027062924597 0.853087010859575 0.9245520626849 0.7284801437906
0.956459611515696 0.782815286199333 0.847966878370572 0.808928079804122 0.928289847766104 0.845724856331419 0.829815440012754
0.885439235656325 0.819256903740409 0.798069976231825 0.82102661652488 0.91390763281886 0.932193675040198 0.830105959987503
0.86118404172173 0.902810504623967 0.86888166063406 0.77911687223006 0.765913328798988 0.831797260925854 0.990296331065341
0.980261766152526 0.855927626076199 0.717455261891241 0.914708023092645 0.834441088212606 0.718977381224033 0.978228853350749
0.874772156472072 0.8085595891647 0.789308353197375 0.757170300149531 0.897511705278126 0.935032266982292 0.937645628755903
0.845107006193058 0.733943037608379 0.944755200678557 0.896807938665701 0.865278522911338 0.774042860774858 0.940065433168109
0.802167842940924 0.931643728313895 0.829020706124115 0.934140480960312 0.901988589263663 0.933266057793006 0.667772594604085
0.796397532283326 0.984584697448041 0.875590049937508 0.778035745383531 0.78212708530875 0.959789032419886 0.823475857218958
0.800052097483834 0.726848046945613 0.976158631447469 0.818623959743362 0.943153534259932 0.897805973788907 0.837357756330882
0.793260324329149 0.793633754544916 0.779769007327701 0.901186410119207 0.882803089172438 0.939234892331185 0.910112522175404
0.988745706795368 0.92474273008629 0.748136692638414 0.907120043785813 0.935222975098619 0.731392590679009 0.764639260916487
0.929854668614737 0.871158510317297 0.918157303591253 0.699985542806637 0.913343819090856 0.75318277905473 0.914317376524489
0.967149696162986 0.845732941306623 0.658628522447648 0.958800339455085 0.895376140798743 0.877641791298022 0.796670568530894
0.976095693456193 0.856509230727112 0.91302775416177 0.875963926962006 0.81098829526789 0.77338243996856 0.79403265945647
0.906895733202855 0.781000139479398 0.917877389988053 0.984252083553837 0.71001165291633 0.799342643273397 0.90062035758613
0.858056687562343 0.747384931189452 0.869089281078866 0.894360848819716 0.725315948636661 0.930891871594461 0.974900431118501
0.99452988814402 0.751393331267323 0.83739519423282 0.973991626570643 0.9624819875871 0.824817173597129 0.655390798600965
0.826938229279398 0.926570986052658 0.843903580892629 0.877259152054159 0.85482345950239 0.839411507519544 0.831093084699221
0.975853347887907 0.866291634822193 0.787022880903335 0.797337952445334 0.746340816314458 0.864578305655555 0.962575061971218
0.911237907269432 0.804525784993707 0.834411856611484 0.850814446673808 0.808261346242313 0.971075870811967 0.819672787397289
0.829237293581831 0.958285277323137 0.844235771067546 0.824298512054675 0.930324486495878 0.76957545499061 0.844043204486323
0.778265719197076 0.903646404973555 0.740876760392396 0.720815897363608 0.97323891830067 0.887886928715611 0.995269371057084
0.879037723061693 0.979191415167547 0.823554860848441 0.774223446274949 0.878922639017384 0.9026383627342 0.762431552895787
0.827534732669127 0.79250510346397 0.810842892756646 0.91228173773543 0.979477467633377 0.860381633628824 0.816976432112626
0.872081351904232 0.821679611255635 0.88161123216768 0.90174903166069 0.896672163429328 0.841599437105792 0.784607172476643
0.952065402658406 0.746907885837871 0.906149142876969 0.728340493812028 0.871830418891669 0.930891645627109 0.863815010295947
0.826047171350312 0.982591394180743 0.838841698561507 0.809557944450993 0.844256786157369 0.894100884737656 0.80460412056142
0.957979558795098 0.732430015624086 0.726460254567781 0.841879799869456 0.911388928905777 0.934978990324835 0.894882451912967
0.829735227042222 0.904163911402635 0.774816349085054 0.908661665220054 0.983696515177716 0.996235584908089 0.60269074716423
0.886953743302038 0.985890436026639 0.816190482664942 0.909345027535431 0.68935170781149 0.775946370460438 0.936322232199022
0.646846567084168 0.876240911039878 0.953274235191321 0.824964134316466 0.874299885375054 0.911520397032916 0.912853869960197
0.892643309576442 0.742049331398146 0.836718055534751 0.931655608593689 0.993661403787308 0.748436373385775 0.854835917723889
0.925565490499214 0.846466719293171 0.814895733207471 0.742187491748997 0.950856797812532 0.863182723318891 0.856845044119724
0.96336900350173 0.806425513650471 0.936988079031818 0.856876136314525 0.975915937784109 0.677860174096666 0.782565155620682
0.788924958340248 0.968087492880544 0.914361128185285 0.826409066282957 0.947535558080276 0.790210654364113 0.764471141866576
0.848975257345836 0.965644003065859 0.958757737219868 0.854879658529203 0.739306539780195 0.713318418212941 0.919118385846097
0.899045283756178 0.889281547923 0.799350815924273 0.970519827838394 0.732692658919722 0.817354317229907 0.891755548408528
0.956174893911779 0.968720176407885 0.856955637594586 0.819695680859659 0.825998449207909 0.958086082451027 0.614369079567155
0.881784878036402 0.81768748130162 0.92948102078452 0.778739120674576 0.880105536113265 0.87702802122348 0.835173941866137
0.683135868967244 0.776517922131893 0.782916350353721 0.987585043919087 0.861396210494429 0.918657072152069 0.989791531981556
0.842944460963294 0.845615193536001 0.840474821449694 0.823613144833563 0.867417218326457 0.910800810381818 0.869134350509172
0.752946035490533 0.952179634528193 0.804323593195884 0.958152475826556 0.769731182771258 0.985844839016596 0.776822239170979
0.770789463859381 0.995554077040726 0.858600902843889 0.903187935797764 0.814089833803791 0.883325077531714 0.774452709122735
0.994863938873483 0.790030601278224 0.76906782668901 0.924302802074485 0.831132371582863 0.977108918993115 0.713493540508819
0.910847012283513 0.887388747011279 0.924339069031394 0.802938375298802 0.973878154485715 0.722993940964103 0.777614700925194
0.689152735931606 0.88801938229717 0.971185904389197 0.716830800155932 0.958451378805755 0.779234501201709 0.997125297218631
0.958501401003444 0.982461189014801 0.811762971490151 0.693848794928369 0.866448822086553 0.862759447906675 0.824217373570008
0.761914088317981 0.927421691954843 0.720820902180628 0.746103240992845 0.909526863292014 0.975474953522831 0.958738259738858
0.906042639662549 0.73785165328544 0.978568825097032 0.781485306887036 0.787290207136786 0.835611690298981 0.973149677632176
0.922307963900743 0.904076290629582 0.905320226036777 0.805919557243551 0.826690295605071 0.770641702652807 0.86504396393147
0.96694765331368 0.980147633466639 0.872877352980815 0.758021772003154 0.721670374743776 0.858755307994306 0.841579905497631
0.735300209005177 0.955818313126709 0.885226445959173 0.744966613822116 0.959316813526219 0.942942784299007 0.7764288202616
0.896440652934871 0.735328013900437 0.927064928239575 0.792608429507183 0.880453449522401 0.831872227608411 0.936232298287121
0.997524494614702 0.953586563090506 0.82871097290215 0.995596866199548 0.740071063370971 0.721372198702655 0.763137841119467
0.753668800202721 0.768194769547392 0.957436073018138 0.915279268134186 0.862587696050097 0.846167095526566 0.896666297520899
0.820802353459618 0.88399817777715 0.834821524257029 0.889068908964938 0.846089303181195 0.783471184090639 0.941748548269431
0.849211030156594 0.82397931615499 0.902945287039404 0.985624353418166 0.917903522894171 0.801928841517112 0.718407648819562
0.751353082870485 0.90045960108945 0.784194079608765 0.965956039646176 0.787497916687248 0.818372174890262 0.992167105207614
0.922228628178037 0.948706416872495 0.845052583029088 0.790943750203956 0.843550132766402 0.850260004130178 0.799258484819844
0.870016139755367 0.868387032012346 0.804126106418296 0.805120070467498 0.896929725291255 0.970962443879354 0.784458482175884
0.794358553359329 0.788579834438657 0.985268146943234 0.943180624108129 0.818670047673922 0.837644281958893 0.832298511517836
0.936735396409782 0.940664183565678 0.865292878168322 0.820178562958686 0.853287143076699 0.79295932023366 0.790882515587173
0.842612063328014 0.81797627933344 0.933408546361297 0.831300819534399 0.669690119328396 0.997637963353978 0.907374208760475
0.826559513597403 0.781815085276983 0.879426820344501 0.84030877107824 0.805855192244646 0.962067739574651 0.903966877883576
0.771461762280951 0.911760351997729 0.739065664451568 0.815617800298474 0.924850347762431 0.85264870657453 0.984595366634316
0.861632062519189 0.906558026247495 0.852847803278794 0.946663965092427 0.708588492099593 0.939554114541571 0.784155536220932
0.791721191984476 0.900074112319403 0.843803973149734 0.814801830958883 0.82459101665524 0.887780263833107 0.937227611099155
0.904063922000404 0.867694468422053 0.836757678298239 0.793559626377442 0.78849753943495 0.961417956153945 0.848008809312966
0.785903140286568 0.941142209099829 0.819305719415855 0.91538431785834 0.916653417436633 0.868470473230158 0.753140722672615
0.880531121454109 0.786385762429033 0.895433608331564 0.900196263880819 0.992897836168141 0.629276712880912 0.915278694855422
0.912916066460549 0.789303746793448 0.693968493510384 0.782483127273493 0.992712972651986 0.902825808477592 0.925789784832548
0.785629023062203 0.796075286601042 0.886105508318599 0.850395615806423 0.754713082651306 0.986500321524865 0.940581162035563
0.850371471730897 0.775951236927319 0.781982789552371 0.86609889738189 0.890318753247531 0.990566536573234 0.844710314586758
0.869846094845677 0.931674417208292 0.822929875559324 0.818068902650151 0.804496017917888 0.793241994810759 0.959742697007909
0.980025850425363 0.807716759418905 0.833334967777655 0.818852778958892 0.85208338517819 0.729441468870254 0.978544789370741
0.777308154520216 0.814402271041864 0.953351927015427 0.926970540803077 0.785296084152892 0.845300050345047 0.897370972121477
0.913734796411146 0.626925836869185 0.966528453409483 0.875594490240984 0.866299962291691 0.833739316453547 0.917177144323965
0.872926032519458 0.79958312052332 0.86682096304796 0.846883325050128 0.892083480251644 0.982758128976369 0.738944949631121
0.723774255981741 0.942066687096822 0.988488136446449 0.705288514375989 0.829074668139418 0.89775739176486 0.913550346194721
0.776720996776898 0.870177820875532 0.903757194789071 0.778811720816604 0.974669975546644 0.857168410833483 0.838693880361768
0.808941235861631 0.787451713206038 0.798107299735236 0.88821951882286 0.962603646779865 0.899561628964745 0.855114956629625
0.748905681398513 0.877601761868242 0.978440002282363 0.838787005129605 0.80253996983085 0.801393535565553 0.952332043924874
0.704203791242314 0.833965803296683 0.850446223374039 0.895628833523028 0.917927293211754 0.837391200992917 0.960436854359264
0.882344713156115 0.797169616909855 0.946041393680903 0.821293826532967 0.782512118951321 0.809682567326822 0.960955763442018
0.87403758051751 0.835638897844007 0.905846370670909 0.773927439016973 0.803885672846478 0.994376481062017 0.812287558042106
0.897371620531073 0.735731580647801 0.5746488815912 0.962395519778028 0.842669928439336 0.990513555051332 0.99666891396123
0.84571128236996 0.815925257068358 0.815404953787651 0.842080032365893 0.878887980071131 0.861919771833987 0.94007072250302
0.980929143841218 0.887834557045764 0.798073485215969 0.764558050721603 0.901592247658225 0.753412407250371 0.91360010826685
0.825191507109187 0.795265931274052 0.981191689073739 0.904783671428095 0.872718259700905 0.798190371860775 0.822658569553247
0.913085995912696 0.797183312229294 0.988132048233551 0.778983878076454 0.796599516194079 0.999719669613467 0.726295579740459
0.775123286348703 0.994617420132654 0.759920299642094 0.759701230043318 0.931261831302701 0.802514993437238 0.976860939093292
0.887894698230945 0.809419499371794 0.930133802099606 0.803836721215622 0.777431694818694 0.882462254477587 0.908821329785751
0.748825040196034 0.894414761804927 0.7374363484719 0.994978818811516 0.911100650524636 0.968130530448969 0.745113849742018
0.935047482520955 0.904167798281681 0.742880322229594 0.799709176343531 0.744253848838156 0.98443579690515 0.889505574880933
0.78272793531277 0.791855206121423 0.80193138736668 0.773449538795663 0.96417400766095 0.89832468864596 0.987537236096554
0.936852297536652 0.924929510552676 0.760420460273329 0.762136859308321 0.905485874980412 0.863000472477094 0.847174524871515
0.912878261350644 0.827981584278557 0.924091063939288 0.780490671033455 0.879530298683765 0.94286842031942 0.732159700394871
0.984298919658252 0.714854324958813 0.849506252486134 0.718921039221788 0.90785280826826 0.8811471607092 0.943419494697552
0.967212294091206 0.70776469119509 0.808548341791714 0.849566011273088 0.899039622226287 0.872127047913162 0.895741991509452
0.941621864272656 0.820967796295629 0.871715554090797 0.904846367057046 0.881666158569127 0.776809376334351 0.802372883380393
0.877545363448405 0.893575427257023 0.871750420809916 0.715701293437018 0.933157344627074 0.936882639045691 0.771387511374873
0.79137632540572 0.797388126685869 0.992075481801199 0.855111525402443 0.961495521852829 0.722764518130988 0.879788500720952
0.740555318168981 0.974834149412279 0.777781406422789 0.900975121164416 0.801967421648779 0.98418078325769 0.819705799925067
0.970070976428658 0.831541480428232 0.649719661513893 0.948571974592002 0.930628196743308 0.791665790487427 0.87780191980648
0.836880186816261 0.86903887761297 0.779483185987331 0.924500546759416 0.894864439843558 0.954199234231853 0.741033528748612
0.797851189598636 0.853669000663585 0.892539746824141 0.958803740304811 0.79032971982339 0.830822488316566 0.875984114468872
0.833307064332879 0.864698704742297 0.973275548122253 0.772619845977206 0.860436104889903 0.89063390236424 0.805028829571222
0.976119005149772 0.87441482475105 0.951100185606625 0.649406109059295 0.74705535180634 0.932628267563145 0.869276256063774
0.816995965114867 0.850262047574929 0.78597821503832 0.96652398123384 0.927902346899142 0.791470867821487 0.860866576317415
0.95958905331317 0.804191575365791 0.819616444040753 0.98031807542869 0.874486413688761 0.796121134183359 0.765677303979476
0.769280526400911 0.986817553309535 0.851224573660587 0.760088464078234 0.800582201814386 0.9267350343313 0.905271646405047
0.764428168369073 0.759719469711306 0.883623773493382 0.904785373477321 0.920764849141978 0.814849324983261 0.951829040823679
0.848466785416802 0.907608681073349 0.615150866508083 0.961871715588359 0.821869573237242 0.880736889624459 0.964295488551707
0.818630357355363 0.720244526325997 0.855333710695244 0.913560610554634 0.830014025355711 0.91645191514613 0.945764854566921
0.871875798524112 0.979878181057039 0.77130491132972 0.813750999644588 0.723032866518882 0.963776507900692 0.876380735024966
0.800242331082822 0.958478791432075 0.790110239651292 0.950627538541962 0.822166540642053 0.818934710451271 0.859439848198524
0.798083110853693 0.828548719139075 0.933027384677626 0.912900259610436 0.7806342050349 0.969322065685956 0.777484254998313
0.883604971089218 0.829899725401652 0.867207169536647 0.810748708650564 0.896915036480608 0.815807240866549 0.895817147974762
0.924339269152835 0.923319093313097 0.842312732163261 0.86487218287041 0.752664807992209 0.947362696385268 0.74512921812292
0.798277728343226 0.945502640658494 0.929046017114395 0.924136025948111 0.848870295170688 0.797950831634547 0.75621646113054
0.881403987818611 0.958302316868878 0.977589883387791 0.856873774828812 0.920370409995259 0.717904866635675 0.687554760464973
0.826481408167814 0.894751960394855 0.934303757239564 0.882050638541351 0.771967305077692 0.924495061935109 0.765949868643617
0.841735791356951 0.872947767865868 0.780018548955319 0.926923009896453 0.810635083996623 0.79125236271837 0.976487435210416
0.785692312241387 0.966257924993044 0.844019953411099 0.781957881008131 0.849556928619567 0.997774892672023 0.774740107054748
0.849678065925063 0.996135930324465 0.874061372750967 0.915699502574612 0.734494801030248 0.973804285621315 0.656126041773329
0.85941374835789 0.851381280584519 0.837279603747246 0.989115563709325 0.824581532259165 0.701936629911344 0.936291641430511
0.97089360659925 0.958006529328279 0.723723233698906 0.778085729988673 0.969995057234118 0.816238786648681 0.783057056502093
0.861198946933576 0.933429242044663 0.862032406767776 0.825483191720397 0.855569184754028 0.865776661979772 0.796510365799788
0.923833979007634 0.863786568737367 0.852271759654477 0.83832560919631 0.981576295337011 0.713369286915272 0.826836501151928
0.966840866814933 0.951281744168018 0.91930646469452 0.817499656271862 0.782975990157804 0.757900885453554 0.804194392439311
0.751406464529404 0.71780631166916 0.978673863975802 0.882742257809697 0.916456399573871 0.844025268738148 0.908889433703918
0.797337458443002 0.836387118060063 0.854296792632079 0.972590694043773 0.841777525771099 0.928695156318218 0.768915254731765
0.838957105099725 0.743040209124418 0.955423889090337 0.818151505857224 0.88615925630898 0.995393324738001 0.762874709781315
0.698481583931567 0.846229532437097 0.800870411867164 0.79290870095596 0.986165651452663 0.969093394541694 0.906250724813854
0.914541001373424 0.966267807653239 0.787628604594859 0.777399405500016 0.787516444160191 0.821563444778889 0.945083291939383
0.958338125799866 0.867169046774394 0.703007559616465 0.835538492637483 0.830645031866329 0.836945318801701 0.96835642450376
0.963354563919952 0.974878993993047 0.959812618733882 0.767043508108421 0.792977471697432 0.690152623732094 0.851780219815173
0.977520944000153 0.817614878541053 0.968864097654768 0.902815632556113 0.931556361077489 0.719836489989616 0.681791596180807
0.998336375047912 0.898630457152716 0.824172009204338 0.85633598492739 0.743919972670749 0.802257442220241 0.876347758776655
0.988522916075788 0.88264401034878 0.759812521393985 0.818766466113245 0.820057608479979 0.766750479577669 0.963445998010555
0.905739773516606 0.973700602298823 0.922445731232233 0.754186611582161 0.80305637254488 0.860487274494576 0.78038363433072
0.826657910887887 0.820880336157779 0.965630480229282 0.769540615897247 0.860101304385478 0.870117902068173 0.887071450374153
0.857135604879882 0.76691212698525 0.943273960416181 0.933531962868486 0.894049838527479 0.866235399451322 0.738861106871401
0.857399801637927 0.978332536139108 0.82032511919963 0.779069132045047 0.891425825716018 0.901931931834915 0.771515653427354
0.85912971552477 0.773944906437658 0.979019840742742 0.800920214285532 0.923521397011023 0.847012006413366 0.816451919584908
0.978732712678043 0.913003305083697 0.782034022450436 0.807109307561523 0.797441250797136 0.81413361048338 0.907545790945786
0.861870258767147 0.983568874739574 0.899666240677654 0.554696262701098 0.960831730388907 0.854504907225712 0.884861725499907
0.940219499782809 0.83804655117533 0.852786600290969 0.804914667030951 0.936061033992265 0.768133098292256 0.859838549435421
0.692853999047916 0.920929225615667 0.867755558865558 0.960258804000434 0.874723637896141 0.783009654272881 0.900469120301403
0.85159734023062 0.764410108700969 0.963442147048502 0.801863485048258 0.973487016305963 0.842332827975836 0.802867074689852
0.97836024540984 0.930483086861569 0.818648675497409 0.971457193574465 0.665738900753541 0.732493889052149 0.902818008851026
0.84605115280799 0.769345416684972 0.961817281899852 0.7044895133215 0.859299168332578 0.933641088656069 0.92535637829704
0.797608554998289 0.858546005612951 0.915635107250208 0.796130176737178 0.914236738789355 0.794627835279032 0.923215581332988
0.896890460126955 0.787290621661185 0.899233765594559 0.714290157658344 0.967495164493411 0.909777598180348 0.825022232285197
0.79349624846714 0.823208096774918 0.822403551852666 0.828397772139827 0.977038546733479 0.843475833500526 0.911979950531445
0.97499906587099 0.915483746594671 0.772112651011903 0.800825262653748 0.880240037750866 0.861610196594748 0.794729039523075
0.929113706779257 0.759329161087106 0.760509452522524 0.913258810997297 0.815790228461233 0.94926078879441 0.872737851358175
0.849527456795542 0.753817429571277 0.928603873757423 0.830082616408557 0.741189797313291 0.991083690502555 0.905695135651353
0.935355789580495 0.934814287885695 0.788914675255522 0.778539756165634 0.778517692768371 0.953155998381448 0.830701799962834
0.966825144709125 0.960610725839062 0.777367860515451 0.795452320489734 0.720560348423538 0.850022569642881 0.929161030380208
0.869991103486535 0.697716479662294 0.755392924089252 0.828687977865274 0.99506030036492 0.906734123831335 0.946417090700391
0.818579960318045 0.869606592468935 0.688972086550488 0.926285236957299 0.89616552909149 0.968405734605365 0.831984860008379
0.753619906935339 0.834631007916109 0.915061409541543 0.778772886348116 0.966942154504863 0.889056695051885 0.861915939702144
0.982409340232277 0.973208133565221 0.66722912128337 0.932174769742303 0.919718412056416 0.918992165392635 0.606268057727779
0.94119044600556 0.86779922117566 0.750850413721137 0.922742194917061 0.806417937538353 0.810337894916189 0.90066189172604
0.944379190610513 0.693274486365047 0.63649967020974 0.781325362790596 0.98919522893276 0.961748908278882 0.993577152812462
0.819314103599354 0.98495389349876 0.97275358318199 0.895866917864072 0.732124785780645 0.905052782508533 0.689933933566646
0.792497489527541 0.886249697746288 0.651667129622595 0.936291007349426 0.8674190377916 0.988537319725826 0.877338318236724
0.793353940345862 0.938199837781822 0.841499707592971 0.836098793007481 0.745796291501628 0.92804533540146 0.917006094368776
0.897371199890097 0.966420038081919 0.76368613147897 0.926558187906724 0.848395420972232 0.728542573449248 0.869026448220809
0.886475498014963 0.917518660052437 0.716175966289673 0.951855052908911 0.968363944864693 0.912351617934601 0.647259259934722
0.986107653988771 0.835050964324716 0.726066307296683 0.832507451081132 0.75808415970718 0.986015886373074 0.876167577228444
0.783260095488047 0.833539885328929 0.754065077778791 0.921160546948037 0.893156166737905 0.853048113643309 0.961770114074983
0.879072146503538 0.793927006259327 0.891559283948231 0.7647998491902 0.825983237062023 0.849608011549978 0.995050465486703
0.844459097693221 0.910706580406565 0.995870915147035 0.734716095595144 0.870079742314546 0.837499087831983 0.806668481011505
0.831043062477359 0.993123944707728 0.827814476354425 0.744811620639035 0.938747803058082 0.851663096370513 0.812795996392858
0.81098257283837 0.846099265592602 0.924165178589313 0.83826704313321 0.843535371526477 0.825741635163616 0.911208933156411
0.832896454399582 0.888127848126562 0.797276656479626 0.826835989462146 0.860031115777129 0.827857247226048 0.966974688528906
0.719772565480686 0.994369647485137 0.73397162489795 0.788281696672436 0.896583245983403 0.944766848585525 0.922254370894863
0.712649194033713 0.951545662028576 0.811129885604669 0.954725302966084 0.953318575409475 0.671139934823124 0.94549144513436
0.796809761309913 0.706766560038223 0.924501417357085 0.760802038067179 0.932161052088972 0.980921634799059 0.898037536339568
0.767908082508313 0.886198452542654 0.828254087208184 0.864549284682414 0.907583412136266 0.769543887480683 0.975962793441486
0.912742269757589 0.992394526053651 0.69017623881708 0.889008230690551 0.891009161311904 0.816728320476856 0.807941252892368
0.894845466050003 0.990548920922793 0.776158833311054 0.820788538630748 0.880377331814542 0.866202841284407 0.771078067986452
0.769864151882025 0.972583078772616 0.696180281995564 0.947976897705741 0.994039494148111 0.905437756836345 0.713918338659599
0.867395205018397 0.923735331657807 0.870478021785615 0.853737507400473 0.937358654087098 0.68989082870987 0.857404451340741
0.766042998492196 0.833397740788977 0.808312291628934 0.926752177313064 0.953625522251626 0.750232126325333 0.96163714319987
0.790196223773107 0.827655366738008 0.845498502893756 0.914320441083615 0.934136398591513 0.808445616723246 0.879747450196755
0.840308542362833 0.861419495012142 0.823470487979195 0.811668584988075 0.915267324941052 0.866963073116049 0.880902491600654
0.892658228282216 0.887087738968503 0.583449563479372 0.907608227523568 0.997539203053728 0.924493939996646 0.807163098695967
0.758467674686317 0.914629933500859 0.93346900422459 0.786335846026686 0.731619987698374 0.972887999023816 0.902589554839357
0.764621958268366 0.87216621248626 0.871419488366652 0.823967972610326 0.846678000881612 0.932478974003652 0.888667393383133
0.98066155202445 0.801174470145469 0.960394514649145 0.767033352824116 0.814621531315681 0.910694432493902 0.765420146547235
0.879032767343043 0.801148028560107 0.74926271654252 0.999072357349146 0.977806032973541 0.873656437937048 0.720021659294594
0.899607418188675 0.911922525641514 0.945218823692433 0.664968444042303 0.902958113653142 0.892718681105798 0.782605993676137
0.887433439084071 0.749787810913883 0.786475679106122 0.988495695404578 0.840500598232758 0.876804859895671 0.870501917362917
0.948490086438949 0.819052881978952 0.899127227756499 0.766061817653501 0.850356728204336 0.811207718610797 0.905703539356967
0.7818708921415 0.824218848297545 0.867238659051322 0.98346612231788 0.754423666658854 0.948509826249483 0.840271985283416
0.939500959387442 0.976151959540078 0.704134546958626 0.674340414004492 0.93981902722912 0.853727024439013 0.912326068441229
0.884470273289202 0.81115462796599 0.890072914474231 0.934272101032554 0.862479382108014 0.891490285364154 0.726060415765854
0.918271262746425 0.853592874862005 0.828963978985274 0.864744063265299 0.85142249994593 0.797596554798767 0.8854087653963
0.929686851635848 0.868036755572845 0.813988880951414 0.813914202278604 0.8559324545735 0.84159462293103 0.876846232056759
0.905055125752988 0.800329056722921 0.795643374101197 0.85987199032515 0.93040381889417 0.892162576348566 0.816534057855008
0.712997532864378 0.721007137247969 0.985221180290168 0.84764246710878 0.78206294113873 0.977060899177831 0.974007842172144
0.858796349409433 0.853823205820387 0.834805026721625 0.891812868285855 0.808342486374634 0.868325638972115 0.884094424415952
0.8946953975449 0.8599739789148 0.822081177374738 0.880005310811431 0.849307290116832 0.815256454492224 0.878680390745076
0.722182935407524 0.950652856713874 0.822427745882805 0.833977726716218 0.953092981134248 0.885384871842091 0.832280882303241
0.911659293460734 0.897317723486757 0.846908255873842 0.922050309495212 0.799827383419189 0.840892874470326 0.781344159793941
0.831516433585826 0.968297005291695 0.736058039893494 0.820286417342939 0.823460291705375 0.957694247080876 0.862687565099795
0.904104644092775 0.731660478005161 0.793473942778596 0.893698972414966 0.891951169122189 0.801619094753613 0.983491698832699
0.807768622785199 0.897956488982119 0.829121569928718 0.860793339280436 0.959341570948613 0.857715969222981 0.787302438851934
0.990377083053282 0.451002251034489 0.92136759488045 0.860036169821722 0.939301831797957 0.890687807875945 0.947227261536156
0.974965587603077 0.709970067463392 0.840445771229243 0.760183132551881 0.982649389091177 0.810968790255597 0.920817261805633
0.906962648691616 0.966376057338091 0.952273444226354 0.968311067147917 0.771590649239618 0.84251306116325 0.591973072193154
0.817666525216574 0.800880455271027 0.802557084759001 0.964263912831032 0.889001491416813 0.814566123765453 0.9110644067401
0.985381135091733 0.815002450713533 0.911989593901233 0.892422732002307 0.770917263041539 0.864674594501117 0.759612230748539
0.745815154408824 0.958115254080066 0.766047712182517 0.920727833486948 0.936307929171618 0.853933775056173 0.819052341613854
0.961311747618225 0.838288170864564 0.870013134718423 0.932521910283674 0.886021864083923 0.748844081284478 0.762999091146713
0.945463280231654 0.70203340151397 0.823547004273512 0.889894015603779 0.866734937734043 0.915445598372608 0.856881762270434
0.793494832748268 0.842151427452152 0.839507542021602 0.830951315738062 0.989700682496297 0.825010926478234 0.879183273065386
0.852217365470985 0.852945633654473 0.781958089868247 0.883592510125144 0.929356836518335 0.885203259617045 0.814726304745771
0.908128088687265 0.781224827626554 0.708806820911659 0.82077473595243 0.91627169342437 0.929363524578488 0.935430308819234
0.940330224696041 0.8328039138873 0.823684148158836 0.811572682200361 0.823885235458129 0.959332190548892 0.808391605050441
0.977738417001314 0.833169010281929 0.905737462317286 0.979050594082417 0.790658706338463 0.779406833986693 0.734238975991899
0.822564188862594 0.954275138550912 0.748714466132476 0.845808292940391 0.981202996627802 0.851256466328811 0.796178450557015
0.835322727351059 0.825991832819733 0.893236217608776 0.830865020051499 0.78387416073469 0.852237859040034 0.97847218239421
0.934472872051918 0.984184357867669 0.839185925657079 0.781981741116435 0.790162024899876 0.947286506483443 0.72272657192358
0.824971202120625 0.744666387865861 0.925730106835941 0.997620205560081 0.93176862837342 0.866447891386999 0.708795577857073
0.80210245884211 0.818107870445085 0.958459833115059 0.786250830730244 0.91556070880856 0.761507891400623 0.958010406658319
0.701486295936467 0.922179333395618 0.925977207055851 0.871130608789987 0.831462117875979 0.917991221861652 0.829773215084446
0.851773347878912 0.822447355825348 0.77305338353381 0.981320903762809 0.827848435718827 0.943905211014819 0.799651362265474
0.799357785533153 0.8133539594235 0.814457038567415 0.955009896064512 0.865965631738418 0.839148896017832 0.912706792655171
0.81594336692935 0.80420832212724 0.824313957528903 0.88179460433291 0.95286699024187 0.920747427369058 0.800125331470668
0.843603958219117 0.868227453493012 0.825736445413912 0.884838302120944 0.888907475306056 0.828215042004757 0.860471323442201
0.822026981266363 0.981645396382829 0.837247576228513 0.786149540374242 0.907794869234779 0.891357435214548 0.773778201298726
0.940131385394934 0.937182889879169 0.77878148149652 0.781146207166266 0.637083872059358 0.996649635642644 0.929024528361108
0.782954742334961 0.948558459550143 0.724113998922486 0.949017055604171 0.799554016454023 0.972059487557815 0.8237422395764
0.915591970900058 0.81349438114929 0.797287247664583 0.99007706568877 0.790405077822305 0.772421410918536 0.920722845856458
0.936957784810286 0.860313652548672 0.84345813269434 0.961897987402322 0.753738788604184 0.869371709228596 0.774261944711601
0.934724561621972 0.689686737288561 0.939794485483105 0.707481208009929 0.912138598434864 0.879912625033947 0.936261784127622
0.748431860829131 0.914087877171797 0.835010369853932 0.81873964675526 0.981502062793656 0.797871554026249 0.904356628569976
0.875953372776831 0.64229031123298 0.911070085418654 0.682899558331031 0.902367625923749 0.999589247817145 0.985829798499611
0.741813710770776 0.898594353796369 0.892752435735207 0.982393936747766 0.664216240078453 0.96912412748962 0.851105195381808
0.858975126849014 0.715938454695497 0.872358667401767 0.975555926845388 0.960706090801786 0.884608952577368 0.73185678082918
0.815343358908145 0.768596258002674 0.880641663251068 0.822708225082987 0.894998163706908 0.926489825473081 0.891222505575137
0.99118053958222 0.844599075072807 0.9308865999321 0.742056694009591 0.765200771019346 0.863776761215773 0.862299559168163
0.828357864626251 0.842867082785146 0.796336054462165 0.920705968101364 0.914187007140724 0.876119674034938 0.821426348849411
0.874661799888035 0.97250211986866 0.966194494331552 0.759948946736382 0.754529658084532 0.722188302802425 0.949974678288415
0.973264849890022 0.89356689268335 0.955690517623275 0.618556322642279 0.835646835536794 0.93825468672421 0.785019894900071
0.802385898928307 0.892996022764274 0.805440679708603 0.819797650636291 0.901246906473543 0.950403680832009 0.827729160656971
0.980928998686407 0.752899510941435 0.797750218471411 0.893317075699046 0.81673272660138 0.913595799263659 0.844775670336662
0.933459169153581 0.917903186496374 0.816553120539305 0.89658410387114 0.847585098085206 0.800569297028478 0.787346024825916
0.875167249093844 0.774008256598721 0.924567445998045 0.778748708020074 0.894833943896979 0.994757686859604 0.757916709532733
0.867226215727464 0.785399757810009 0.920337930852011 0.917147407671376 0.874717975891001 0.851469195619448 0.783701516428691
0.853897784866899 0.768224198231121 0.987662658920809 0.974766109682085 0.828452323599646 0.803213745686895 0.783783179012545
0.972977555087395 0.800719405328578 0.799488841060399 0.864712993441389 0.882618032024346 0.81592903215168 0.863554140906213
0.892544848897078 0.951930132029619 0.934237024919387 0.705644010359849 0.974650789504315 0.699223143426829 0.841770050862921
0.931232370942893 0.831409086378504 0.821132643999835 0.838330494649153 0.817965561264351 0.872869090487791 0.887060752277473
0.962652107191477 0.887114593359451 0.824511000167453 0.624422175167729 0.782548194742393 0.968744629626594 0.950007299744903
0.847737892337959 0.995339668954048 0.956498638387128 0.96472872782975 0.740008553556459 0.918520836836423 0.577165682098232
0.950204362355416 0.871425380655052 0.914513171876834 0.833581800913324 0.836795672939781 0.770493760465481 0.822985850794113
0.797015473627992 0.956033290451054 0.783843947217052 0.950694111689718 0.998096235232636 0.727366281138959 0.786950660642589
0.850052197516557 0.816052090831141 0.909339659895556 0.86061350116772 0.81567132210518 0.907049602914144 0.841221625569702
0.844167537635007 0.832385345317166 0.886039768955382 0.851962477730504 0.94823342245953 0.851973202408733 0.785238245493678
0.827694681905925 0.948282984158036 0.863193787326368 0.821770346640145 0.842820905645959 0.824285912289735 0.871951382033833
0.865354304336018 0.766567563655784 0.950950782297441 0.786176461488961 0.762890640091896 0.964124022328833 0.903936225801066
0.773023542861477 0.912636713950337 0.924850378974758 0.803134787941439 0.850837476543319 0.939399074430516 0.796118025298155
0.951484255173927 0.955110271900464 0.959916985079873 0.864632245688726 0.794064052027947 0.766540442778993 0.708251747350069
0.86183227479578 0.855682129407032 0.814850566576263 0.843028689579204 0.879285925926318 0.895931057228613 0.84938935648679
0.844988876997087 0.7350897748025 0.816563670024476 0.98653936177288 0.887705400841833 0.74930423254179 0.979808683019434
0.7745102598621 0.941773583183019 0.906380953645995 0.7381493748359 0.96738351853344 0.930931438770194 0.740870871169352
0.951576145235512 0.94472940941396 0.615596573711907 0.849320463460806 0.902841409642424 0.892735888721391 0.843200109813998
0.710092748396807 0.794675308730518 0.967898947837574 0.925901362425972 0.805992796194893 0.822801663636794 0.972637172777442
0.794087017682618 0.954270447598165 0.964283372463968 0.7887768944946 0.640295686876412 0.882811800900094 0.975474779984143
0.905426907649441 0.976623550308365 0.762643013209687 0.784073782305747 0.863179139206896 0.835091310870103 0.872962296449761
0.876848257068028 0.967310900491251 0.804528885905744 0.7828773777268 0.873661371867974 0.78626178594377 0.908511420996434
0.834985633311674 0.704589164108304 0.923042491714921 0.855697371112844 0.909811089009103 0.917251947084221 0.854622303658933
0.745004427342252 0.939811026549056 0.818150799513867 0.867130583442187 0.774597283580619 0.873136283944618 0.982169595627402
0.922301077179475 0.932716517072031 0.789892064342917 0.992090174742143 0.726902812842292 0.788151971033249 0.847945382787894
0.972606703294179 0.789127058594205 0.802145890087647 0.903718122774276 0.801842513070739 0.915997165160879 0.814562547018074
0.864098231956651 0.872393321583678 0.793270384003318 0.896745660882815 0.8115754110629 0.941555739495247 0.820361251015391
0.77676266017125 0.98207639727341 0.769496629490113 0.955127325070277 0.996271349944733 0.686009122392 0.834256515658217
0.945163740219564 0.74060543666545 0.979471527283623 0.7269632480626 0.893762897146448 0.885217860773585 0.828815289848729
0.954654467010875 0.714912353138879 0.9359660025064 0.74841535491608 0.981904123737175 0.797494786515679 0.866652912174913
0.769193666698645 0.80296459916526 0.905204360478853 0.743495069878213 0.97877631057773 0.907380516710399 0.8929854764909
0.762095555499206 0.864078958055533 0.99189222439122 0.940200602245004 0.730931210165985 0.76778072109368 0.943020728549372
0.899167239509526 0.760337595398974 0.925966500467399 0.625884614837557 0.998588287610468 0.890249916294185 0.899805845881891
0.991350985505344 0.78562191032753 0.773526602602332 0.902616801482658 0.869960428604069 0.825972621357474 0.850950650120593
0.788056434382371 0.962320843298647 0.638407334290073 0.987236512956849 0.893695508025565 0.981705177517699 0.748578189528795
0.946610118879457 0.852708289785502 0.631457465108764 0.962148907262836 0.9603480331599 0.750521464741291 0.89620572106225
0.953200041171932 0.857250174857963 0.753708143874093 0.938134571108004 0.956980438672668 0.835122196961183 0.705604433354156
0.835451076365817 0.792749933198372 0.770324672576091 0.987478146522079 0.884184737975593 0.801168175361487 0.928643258000562
0.836790572465191 0.785100841766178 0.769136247008369 0.932834206037572 0.810797748483155 0.963386150116346 0.90195423412319
0.992265892834474 0.76216300263844 0.717211789993058 0.961148914597777 0.957307768906043 0.92315558664934 0.686747044380868
0.783257761669871 0.92625104540177 0.920838777024689 0.809803476376634 0.782129326756722 0.982396477834777 0.795323134935536
0.823972253723556 0.935132905125188 0.77077034357943 0.988843914176539 0.74620666947525 0.884654423829782 0.850419490090255
0.764423076661688 0.84227966077242 0.847264380371062 0.888366435927872 0.866340882412814 0.874660711036533 0.916664852817611
0.802410423287118 0.845599463262455 0.857363815953317 0.941813756939657 0.994366734029329 0.768538973576334 0.78990683295179
0.837411771200174 0.803127863508319 0.844335724179096 0.832190896207771 0.846577419386468 0.837971578990889 0.998384746527283
0.869994585267165 0.866165678472096 0.814311683177429 0.975448556779425 0.816609585638561 0.841866047096789 0.815603863568536
0.868219951613573 0.978508389400428 0.730527660915344 0.798461251216369 0.9745185920624 0.733171009622257 0.91659314516963
0.802848141558623 0.887371257405113 0.864379763062231 0.788563214819731 0.855020794395055 0.97287032863068 0.828946500128568
0.841231778095958 0.815175112909204 0.981771802846163 0.807767233800333 0.965676058302696 0.795771791012963 0.792606223032683
0.849162724368389 0.947957120637143 0.91609760969677 0.985181551657565 0.822481375693203 0.718200210950026 0.760919406996904
0.736438072704434 0.779893578410818 0.842710855424191 0.983187536664894 0.871358219585611 0.983080316598683 0.803331420611369
0.820222049091088 0.86852851568066 0.950254396927357 0.83098309232706 0.857946623801646 0.701552733833093 0.970512588339096
0.905306002392172 0.937388476452836 0.952123999331445 0.650148872599077 0.932927897387997 0.827007869416161 0.795096882420313
0.982076381295117 0.85973817458601 0.726508135505581 0.931693119526062 0.852993431939318 0.712360665266963 0.934630091880949
0.755252165836519 0.937768279966229 0.820291597948586 0.950780788357302 0.746443755169382 0.964936064038753 0.824527348683229
0.810254814425299 0.832031300691099 0.805327341283288 0.813664718184331 0.938010124211401 0.96507562533674 0.835636075867842
0.790367054302307 0.858562729511863 0.944577175268018 0.830035400538933 0.964500144259854 0.825765733575372 0.786191762543653
0.989135615828088 0.822247749317983 0.835785979476368 0.882931846047993 0.790692064025011 0.906918980428403 0.772287764876154
0.973900669456642 0.845320567851689 0.955203801059422 0.754185696544829 0.799719307906 0.764094562541213 0.907575394640206
0.741428068827361 0.947145543135731 0.897400475027445 0.781282457728739 0.850627611835547 0.905836194683375 0.876279648761802
0.798265795352105 0.966711513166532 0.861286404516744 0.654320236013808 0.990610673104545 0.959979420916251 0.768825956930016
0.869608490676514 0.97610504445535 0.860196581200829 0.743502237589545 0.818145941811498 0.974586009507076 0.757855694759189
0.864348270236255 0.827868038845517 0.806470152509991 0.845798604514016 0.679909356184027 0.994784732668824 0.98082084504137
0.997120342456594 0.958108629507803 0.91756952285254 0.751678304179497 0.653543133442703 0.773595025512372 0.948385042048492
0.887158511720167 0.846899688588574 0.833400477473026 0.822617050116874 0.904416043066121 0.983988402575941 0.721519826459297
0.887790351808151 0.75255544779556 0.715312457943083 0.997495002485364 0.884110639938234 0.979623477210729 0.783112622818879
0.857473874048809 0.906002596408878 0.813177238001424 0.825646534150393 0.901420719884278 0.926177594452093 0.770101443054125
0.783291189658939 0.90621807178086 0.776806169986571 0.886044571983433 0.907543527271709 0.866965274346589 0.8731311949719
0.83004474840952 0.960651991957275 0.822910067346973 0.776535174485406 0.865080388860402 0.853737283366522 0.891040345573903
0.819880699456807 0.772282364145789 0.967582839869071 0.950835466090861 0.774189572052896 0.824725231474924 0.890503826909653
0.763726178829238 0.860957594969478 0.834491274129396 0.89926923627997 0.922252115964749 0.883309412768967 0.835994187058201
0.76421878185516 0.981997139725705 0.883473905641792 0.776506018647917 0.628588616128123 0.990769740705339 0.974445797295965
0.828589628499345 0.818736270337833 0.971879963450461 0.856093042621319 0.863553958204869 0.878969132952401 0.782178003933773
0.677842990123553 0.958840539532904 0.678910846763857 0.869843182071794 0.961404664523131 0.944151654551989 0.909006122432771
0.977384550499386 0.848812478221427 0.759248130383075 0.790889167801962 0.832799886162473 0.939610294712857 0.851255492218821
0.893571676252842 0.89085361010148 0.68022280741145 0.906677635261688 0.86791151380224 0.832379270967788 0.928383486202512
0.960476166540148 0.736023543819679 0.969793535915945 0.896735631807102 0.819747647917861 0.804346893462398 0.812876580536868
0.876046206222042 0.848198263500282 0.956249859852718 0.997885800305853 0.725210193949547 0.764101862439408 0.83230781373015
0.793596210190284 0.982155236671831 0.750665415726816 0.855988559907962 0.936233305555743 0.930693556841649 0.750667715105715
0.973915980919987 0.692814978911245 0.943121715063151 0.918044775104127 0.948048096694907 0.846919528814909 0.677134924491674
0.836581241351095 0.905467799781775 0.811263532588438 0.891650577234362 0.897589365351881 0.818464787436794 0.838982696255654
0.897833545594774 0.928429742080759 0.794727657517471 0.764306829198024 0.971899499008433 0.890668432120777 0.752134294479763
0.678728675194294 0.984870469067519 0.838814913758155 0.900052970488244 0.818480742813272 0.996839539717474 0.782212688961043
0.83378574361142 0.983530971730396 0.972466212274528 0.818062059049452 0.852977285137829 0.758593147130708 0.780584581065667
0.877166524447018 0.92373704487387 0.958833842667931 0.868615885947359 0.860282089263594 0.76040142766573 0.750963185134498
0.858163541974396 0.779094964627881 0.843688304640986 0.896530639983563 0.870309989107871 0.794108614641269 0.958103945024034
0.921566413716264 0.899120864503355 0.791650090238365 0.98343616634757 0.78364053874955 0.818286596152195 0.802299330292702
0.898923205649756 0.904409765124101 0.867949136638297 0.650199690611762 0.849652413597011 0.957001881852119 0.871863906526954
0.748950306224296 0.853048420756781 0.988528788210625 0.941395465006614 0.827007975038945 0.894274762027903 0.746794282734836
0.785777865602497 0.755316297361005 0.931977217038695 0.879151141318331 0.964006915767192 0.861131987677122 0.822638575235158
0.801614289429948 0.865993484029515 0.894680739667672 0.930430568491467 0.757575971532391 0.964043100088922 0.785661846760084
0.896678172457185 0.825578166788938 0.946625629319737 0.985026170762868 0.853296318590461 0.741277369123843 0.751518172956968
0.919895038765716 0.744186534391751 0.850220698625739 0.808942932706576 0.976577216455266 0.977679449081829 0.722498129973123
0.840723818425652 0.790324323053816 0.708502451912627 0.756820947142553 0.964778807235899 0.997511832641733 0.94133781958772
0.90619820233223 0.836403734273942 0.947005404479278 0.798894419675094 0.88879712890769 0.777144194931219 0.845556915400547
0.91662701975124 0.73870745495343 0.999001193926714 0.847974378197484 0.84663958482681 0.779481920840907 0.871568447503416
0.703420865171456 0.719967356474119 0.975368720391489 0.986049647406927 0.989954691521991 0.711248914264811 0.913989804769208
0.928414731887659 0.997756600120592 0.716886620812621 0.915676653979856 0.656060001225467 0.795737794998515 0.98946759697529
0.728941390479104 0.751252485009667 0.921222366194092 0.923336567068816 0.994021407685301 0.923147592797945 0.758078190765075
0.814715255989165 0.905655299360044 0.811127972382151 0.808669028651883 0.824090553222294 0.943198581422195 0.892543308972268
0.948315453552271 0.833090390081802 0.791725295719171 0.828369744539049 0.811138268594575 0.812254715691068 0.975106131822065
0.71308825036888 0.72735949137419 0.972763317014848 0.90087396796821 0.904771162910509 0.973003871062098 0.808139939301265
0.867135154446336 0.928481377389957 0.842682486420848 0.821323298442623 0.838818225082851 0.746190508819319 0.955368949398066
0.971103577674978 0.985856137617437 0.648829217414193 0.940387382088246 0.625879250866783 0.993222899665049 0.834721534673314
0.808635089536733 0.834417537852114 0.806957157778591 0.901368368332658 0.857087560082595 0.943745210001005 0.847789076416304
0.902071727195459 0.84493337891658 0.831124458703593 0.765030953028138 0.775594300771708 0.90251826179306 0.978726919591464
0.903116193316266 0.787144386915017 0.951354127294714 0.90269322946417 0.783546387601438 0.718363520837619 0.953782154570775
0.751865432926165 0.964427302758986 0.839668923756608 0.798788831738596 0.837957794341719 0.955119311622443 0.852172402855482
0.837336352620961 0.934791903290252 0.996989993280639 0.811571014448502 0.977724943564864 0.715003959882671 0.726581832912112
0.981940359078582 0.868623769832091 0.833509240945646 0.823774768047223 0.812497077109145 0.871346724927723 0.808308060059589
0.820410986695032 0.965835883925165 0.783723465904063 0.863409868984844 0.848992319953171 0.867510382265293 0.850117092272432
0.896476361304234 0.992255404270379 0.724384011835723 0.78268163948928 0.768679136687071 0.866886313200513 0.9686371332128
0.901417907991659 0.732167297456982 0.807214415499689 0.788311729084401 0.870223987546074 0.973162166816438 0.927502495604758
0.896352091046229 0.872180896079809 0.915384303646366 0.769446125675974 0.857164192625216 0.801080821446528 0.888391569479877
0.952412390435317 0.699338542750144 0.914609627166171 0.705357267806761 0.87178469747467 0.962509139223092 0.893988335143845
0.710977003271829 0.767507660697648 0.852942665243696 0.855619589487948 0.98109556516431 0.949624117019623 0.882233399114947
0.900970156289078 0.766204359376428 0.891059638827623 0.898511829794002 0.798602403898835 0.772679432216412 0.971972179597622
0.755596230818 0.829825683397122 0.925505133541126 0.829150716503633 0.910769017289569 0.848600032006962 0.900553186443588
0.910382655486263 0.787559910469434 0.732989420682341 0.926434751194638 0.719313446433376 0.92920028793614 0.994119527797808
0.884477308456672 0.750961614601119 0.915965585423395 0.998893370438828 0.92775219102642 0.769271097701593 0.752678832351972
0.85185654967782 0.975894164272269 0.872897984472557 0.760301565176491 0.809381422262632 0.979341790415203 0.750326523723027
0.912880833050064 0.71563106767932 0.873194292108156 0.861533169983796 0.903400571607803 0.775711005669016 0.957649059901845
0.824377862333514 0.807847463229333 0.968563742244685 0.884028115019608 0.876891567883891 0.794314652486415 0.843976596802554
0.816519371527676 0.869539732669983 0.927067169603418 0.911734217739424 0.869598269096966 0.778569649177454 0.82697159018508
0.76651790191628 0.916438555302346 0.843069911282351 0.992164278774844 0.865875821335423 0.757878853862729 0.858054677526027
0.851923821788024 0.88961428290392 0.794720671358673 0.874843224631511 0.831582677520335 0.941440629490862 0.815874692306674
0.984960989781673 0.99982478819912 0.809297481079205 0.825197530284709 0.806296815303027 0.670185797342687 0.904236598009579
0.893791049438148 0.862157842356155 0.734967461749408 0.901881411574754 0.786853053582708 0.932030475962587 0.88831870533624
0.82357196675821 0.987595037269783 0.844183416887326 0.884463671080326 0.858742485803636 0.762184641679545 0.839258780521174
0.973081593226121 0.818747159349725 0.861807749532375 0.798870990410838 0.923585413363248 0.940038774112751 0.683868320004942
0.885179512029975 0.986795627286643 0.772607268866914 0.819929654507732 0.88430062115677 0.80413170454237 0.847055611609595
0.909205987598375 0.90895218437344 0.770957235945133 0.664962563141987 0.898954210310635 0.878329196105059 0.968638622525371
0.764751516596347 0.658905940896529 0.866345233760421 0.958957074586663 0.866123706337904 0.971923878016798 0.912992649805338
0.93766894729521 0.798278224244787 0.802902052233001 0.763064390383754 0.992528849117787 0.857371712058197 0.848185824667265
0.98204795986413 0.79148061072666 0.906397739384758 0.831592074258052 0.802134240062919 0.932622454903251 0.753724920800232
0.837236443538196 0.771643803225204 0.824610474059952 0.823114606149875 0.813845349971925 0.955010712646813 0.974538610408035
0.907795610226153 0.788189761625909 0.832004477672268 0.984685520717498 0.816441008468121 0.890738942457812 0.780144678832238
0.970347478036538 0.793443502094091 0.646765693665308 0.815763807505228 0.857645562033872 0.975703888430094 0.940330068234868
0.824174356544624 0.980411242561383 0.775254193206234 0.773389772681631 0.743833794578324 0.954513961906361 0.948422678521444
0.77435522214765 0.831321325986326 0.890046957176428 0.871088290156626 0.816949475834487 0.896160918297293 0.920077810401189
0.832798182684691 0.855543562611557 0.918068463686589 0.856534294261871 0.877710895598531 0.905819224342556 0.753525376814205
0.954000831170869 0.970702413171498 0.796133398347829 0.92602531881502 0.71863845741216 0.908767272902475 0.72573230818015
0.946048058208237 0.751089295688214 0.875610590992223 0.765062556314493 0.84888782259631 0.970606235619676 0.842695440580848
0.845267210920109 0.886992983808913 0.912482393123397 0.927021052800883 0.727211183477232 0.942736957504497 0.75828821836497
0.74622910399998 0.845525217030999 0.82079614877287 0.969135146545453 0.894856527898407 0.737191316462398 0.986266539289893
0.785870961463862 0.745958225563358 0.993415232422968 0.823234217133466 0.776024356375686 0.915286697752436 0.960210309288224
0.974610501627316 0.911292987563317 0.77907722687007 0.795631411427891 0.854495092940034 0.934883017033574 0.750009762537798
0.934112763334624 0.792441572237072 0.872931216110733 0.759111760036362 0.90643661300414 0.767425286428141 0.967540788848929
0.662086755566654 0.908024810507804 0.79777023830914 0.87225541791182 0.912953600759606 0.928696618784736 0.918212558160239
0.968856358735421 0.788618746123108 0.92622779992243 0.772658517413362 0.811825983393759 0.901053078472573 0.830759515939348
0.984577820544996 0.817963070328265 0.775202127189892 0.821217024027673 0.986738536263984 0.699115930605885 0.915185491039305
0.884511824284735 0.737158946317678 0.830532598677077 0.937045458072383 0.833377332331234 0.851042383407976 0.926331456908917
0.858560984920752 0.858891645415382 0.934557065146401 0.832418028730213 0.829625833584176 0.868530577132231 0.817415865070845
0.873979686445539 0.845610654487006 0.947448598623394 0.942283783903955 0.771813173697666 0.861881488511994 0.756982614330446
0.978172266904049 0.784074633944466 0.857140331503331 0.778841273294903 0.840359740758494 0.950958809318411 0.810452944276345
0.792256720534801 0.944366597269559 0.877812588456664 0.937578922823895 0.844326807534906 0.816916589077163 0.786741774303013
0.932101500646785 0.812386983064917 0.905796249150062 0.831556467483629 0.820922970873443 0.806411017405877 0.890824811375286
0.835074143122638 0.844416281529248 0.865265619592595 0.860597930169885 0.815310418343217 0.798180330125296 0.981155277117121
0.813130984827339 0.871255097986614 0.871431829352669 0.924357666488432 0.871905683267488 0.821799438222303 0.826119299855154
0.764844778870874 0.792779953434397 0.968526155549751 0.929078558187845 0.856072408788916 0.746573609713317 0.9421245354549
0.917736426868688 0.846829434967487 0.907542904768302 0.853909582369186 0.870937542661977 0.854217364742442 0.748826743621919
0.873103826074743 0.905430173429303 0.963196786649033 0.945288401687231 0.884270360125143 0.776864609796318 0.65184584223823
0.877508661988941 0.869367050959532 0.847161309737283 0.905101285344289 0.817889719213452 0.851798268929074 0.831173703827429
0.736013969435875 0.945617483696839 0.893490367879583 0.728132040160576 0.847166591466926 0.988826610277198 0.860752937083002
0.880874354203453 0.722027056053127 0.740530931592851 0.901104144274185 0.972581642710298 0.911308189508752 0.871573681657335
0.93407647851675 0.938159966293132 0.867783874068359 0.89124991922189 0.79977289342795 0.788762457943456 0.780194410528462
0.789943420059786 0.958367664548089 0.828850617156432 0.687444668978075 0.866821173545044 0.958298495468899 0.910273960243676
0.993723679894778 0.812722678545944 0.807202140614248 0.829492636156698 0.799806029438414 0.832117615997777 0.924935219352141
0.853136906186405 0.834037466336135 0.975223974962089 0.915848110912178 0.867253107716445 0.920772228365205 0.633728205521543
0.785008783679509 0.783438591271793 0.854828732629482 0.880505709374175 0.949908790701937 0.783635112807435 0.96267427953567
0.981545266423774 0.919519519493573 0.95550359279015 0.872696941159634 0.752851847506684 0.762303811671592 0.755579020954592
0.722999144560622 0.718221782260557 0.993275974937944 0.866735105540262 0.875464506788767 0.916528103276887 0.90677538263496
0.883159253210874 0.844346221516537 0.965445033723684 0.787418981406784 0.724832581380782 0.963955939205005 0.830841989556334
0.864619865580368 0.980039901306173 0.856560599810752 0.785547476743386 0.813870015992896 0.795944149646574 0.90341799091985
0.893750831322001 0.958996931407454 0.801823011940215 0.802517285163187 0.902291742799375 0.827136757789187 0.813483439578582
0.83554124207706 0.868971005414919 0.904190853305762 0.804611258164292 0.929670697659534 0.83779665462259 0.819218288755844
0.795644650102282 0.775032823264354 0.946880711731909 0.760006190534698 0.906527940546039 0.941976233146347 0.873931450674371
0.955186071922576 0.676573972127272 0.883663134308184 0.945434444721829 0.932992807337302 0.739247734043029 0.866901835539807
0.959200970417532 0.707043536091149 0.975571163891966 0.851500373103028 0.648281266087051 0.877825672740542 0.98057701766873
0.817219077394421 0.896873795743345 0.792547998705321 0.885842878865343 0.797827474964379 0.85829297899175 0.951395795335442
0.766763434813175 0.70822024309245 0.989710792445249 0.96650506014005 0.77184313835904 0.858331901581604 0.938625429568432
0.831356068470336 0.999254301450991 0.758889439730061 0.913430972152978 0.768061103208339 0.918042704132181 0.810965410855115
0.828290431438255 0.96697625844464 0.603516551713348 0.928255746749372 0.996391359006596 0.782814739660173 0.893754912987618
0.981592902827126 0.702315995374257 0.910581567640235 0.947175813814398 0.890567826668981 0.722032424627734 0.845733469047269
0.850604546575284 0.917759266431047 0.923957749963226 0.980807979741242 0.869098043391471 0.716332486639864 0.741439927257866
0.777461499185401 0.96648927588731 0.750630892037085 0.755469948267939 0.990829161513701 0.884459678315833 0.874659544792729
0.969767405936585 0.876542996994053 0.768150635264793 0.895714907934154 0.780203233721633 0.9066356499302 0.802985170218582
0.831212178879389 0.896415055368027 0.804139182648255 0.861173271899486 0.921286204278533 0.849638460025427 0.836135646900883
0.653567302746881 0.901291811695473 0.922524663726161 0.930340511986182 0.987649713127 0.654537439879452 0.95008855683885
0.803703115781543 0.767608630796509 0.993413831449537 0.926707596399666 0.823792564115954 0.951793296202204 0.732980965254586
0.829332555773113 0.911298029099939 0.836035680735808 0.866504355608791 0.90961389186282 0.819785583005929 0.827429903913601
0.913350211502471 0.847975586533945 0.893983458754527 0.804311231441128 0.924893212946409 0.795559991051353 0.819926307770166
0.800975707693659 0.945952966550619 0.83435957636715 0.799055813738762 0.870293279771749 0.954386664058831 0.79497599181923
0.933850724590124 0.843785172484983 0.830772475995383 0.933309079648286 0.897294216623308 0.846441405952417 0.714546924705498
0.752584682916063 0.957769589874515 0.871240163150138 0.879760366713844 0.940630255819591 0.772741561281087 0.825273380244762
0.904345527880423 0.950810785308911 0.965404785120013 0.834453542538451 0.578815437799859 0.975758874921652 0.790411046430689
0.94966197129976 0.775795532017726 0.922783765081684 0.794105752966992 0.995189671444621 0.788686851951522 0.773776455237695
0.873239410571127 0.956936224618313 0.985123388300402 0.794643715244467 0.90422431330692 0.705749953794388 0.780082994164384
0.79812202148707 0.810190938253112 0.919410081306027 0.944951934328031 0.769484375186241 0.907364992805632 0.850475656633886
0.867507830357056 0.916469829523853 0.789499854253115 0.814494204220992 0.981699358794039 0.738022507372696 0.892306415478249
0.696058733686006 0.95535262064515 0.841174571968054 0.985515481459365 0.988958660208803 0.873836185049904 0.659103746982717
0.819383686005716 0.958039427386044 0.841653685255748 0.91607431192142 0.820881110929829 0.797079401175754 0.84688837732549
0.978553914957359 0.76536539454161 0.824455248627604 0.78004549438878 0.961853632623821 0.835822162346336 0.853904152514491
0.811280374582514 0.889005914694351 0.927317433244821 0.982327639938189 0.765191974413832 0.793643464675242 0.831233198451052
0.930608123057614 0.890382316392643 0.976486369173481 0.860508429453048 0.954683635593495 0.652437202778692 0.734893923551027
0.835339468589117 0.846286929659461 0.812723042831282 0.904942466659568 0.930323870975109 0.889927357750336 0.780456863535126
0.792022168404767 0.921765562345545 0.804898845983095 0.870519483187695 0.950607025619236 0.781152352170354 0.879034562289307
0.858474836038892 0.984679024038158 0.627685327138329 0.837498834395928 0.758097114235876 0.990901347553677 0.94266351659914
0.993540628307676 0.746659787983433 0.862434462289035 0.660797807840817 0.863785461461986 0.915161594606071 0.957620257510981
0.95569677992053 0.901178964188252 0.720490602416274 0.910752457559327 0.845335862468281 0.859357075359342 0.807188258087993
0.816428212033053 0.984872138103665 0.871725461679568 0.816750447287984 0.852591768420181 0.785785730643873 0.871846241831676
0.921230816664015 0.83634188076361 0.969901833217852 0.830570806967413 0.756248098140066 0.754769906174227 0.930936658072816
0.898882252365257 0.982437871980787 0.686408557336694 0.902268799177547 0.839143618852967 0.856787981689198 0.83407091859755
0.793905126965812 0.980245911265473 0.952929438715085 0.82848528173716 0.846737574280697 0.806233685149035 0.791462981886737
0.757578390009077 0.963781064176406 0.86107004736965 0.853866675415867 0.801201181161936 0.923159855240263 0.839342786626801
0.794157131082224 0.831270359687662 0.732566745790162 0.935584863238849 0.792745433990817 0.949871328551419 0.963804137658866
0.923532274510831 0.615751642758835 0.808590147922125 0.987073133949717 0.940995509941665 0.746734393831817 0.977322897085011
0.79365952140336 0.819445272747038 0.945750503427371 0.897518463707717 0.90976053226813 0.813940598864501 0.819925107581884
0.919311549156334 0.870048430502428 0.727821154492067 0.923480314366374 0.824278345070327 0.791038911687113 0.944021294725357
0.776973174779934 0.863774223337082 0.783279239262458 0.970912645874486 0.942110774884253 0.801151123828545 0.861798818033241
0.862969797425909 0.819233197556109 0.860874422258076 0.824427511336696 0.820957000858209 0.972747123358218 0.838790947206783
0.812318622828594 0.760201247232567 0.958139495641261 0.746699519294634 0.916684050985726 0.968413417509353 0.837543646507865
0.854752987030844 0.817378715218175 0.862657135994974 0.99631500285765 0.818070889720882 0.813632482822788 0.837192786354687
0.865260237660136 0.853077811110035 0.845866851852555 0.768296222986984 0.97682059516383 0.927047063410657 0.763631217815802
0.883606521922859 0.816843655655881 0.884409546990398 0.882943628991823 0.809270966218489 0.837406708877852 0.8855189713427
0.690294448334074 0.985932401594669 0.9326301599242 0.945864546881591 0.984871641052681 0.702703115773424 0.757703686439361
0.805898973351343 0.942943246317435 0.625664670658445 0.988371451800722 0.972617760261314 0.748490764194421 0.916013133416321
0.729910452897925 0.855182043626971 0.924305841935742 0.955458458767047 0.842509128614058 0.805989335011408 0.886644739146849
0.975906138837096 0.813060863696409 0.756266133267029 0.836619141393688 0.801059216496024 0.949965617663262 0.867122888646492
0.929390126615211 0.818387172465566 0.752700018430659 0.895157798362179 0.89826104803784 0.913402775729034 0.79270106035951
0.763036928791279 0.872157336875269 0.916963576684743 0.958322271819313 0.79628233766588 0.77137649289893 0.921861055264587
0.889689899411729 0.909421258627108 0.992482242561931 0.907514926691678 0.891593341397567 0.78166936212523 0.627628969184759
0.8903334890282 0.852499035730422 0.870087940713661 0.882483128028418 0.79034073375545 0.795863061600589 0.91839261114326
0.987074713196581 0.76126789515785 0.886831367771282 0.89549633096246 0.835583930499915 0.805124980039696 0.828620782372217
0.952422451443169 0.682735640459996 0.995435749697112 0.868658245354407 0.647157004937504 0.86957739857778 0.98401350953003
0.855775483298985 0.940744821086483 0.901303908751577 0.790297251752517 0.92503143266476 0.750245500700278 0.8366016017454
0.841913890175805 0.98127236859988 0.928230370604456 0.812266170319257 0.72673062920487 0.891404417923116 0.818182153172615
0.999005753695304 0.786573953580242 0.918041498735768 0.756123807154374 0.802224412633158 0.877727847497681 0.860302726703474
0.966287408736813 0.886125953743175 0.79988144672854 0.814060349496093 0.917956827560619 0.857223368444797 0.758464645289963
0.820896853376632 0.920114497569788 0.848865469071241 0.896938378216412 0.829963748084906 0.851805233385859 0.831415820295162
0.813625705492222 0.980889728977809 0.88837645781672 0.996031229781705 0.984431417593407 0.526849194013796 0.809796266324341
0.863394002801913 0.830892212234575 0.780163250357249 0.933843527549775 0.913846000800542 0.915645395286827 0.762215610969118
0.827402561990025 0.717598835130864 0.838257774624756 0.971381392202164 0.935973249692712 0.907987153879649 0.80139903247983
0.750772905253031 0.711624198970873 0.951343830305929 0.977943785730711 0.775754205976537 0.838767280112777 0.993793793650143
0.795131086999234 0.982505514556662 0.853414502944482 0.986879126358019 0.740184735788628 0.71197159102032 0.929913442332655
0.89560440332384 0.881183895199491 0.835853301798749 0.791591095256776 0.833618642143198 0.901559511477862 0.860589150800083
0.958863409112983 0.927693995171732 0.945256279314955 0.48567497459863 0.972521855274774 0.766042858202622 0.943946628324305
0.935309037533359 0.788983208023348 0.955184996050428 0.798652925927924 0.71242838625896 0.831631237196054 0.977810209009927
0.930284915247889 0.834078239531688 0.810737040398315 0.845337461526946 0.850314992428527 0.800959835752458 0.928287515114177
0.789335746756056 0.69065357775858 0.740752931552651 0.954353687213847 0.885822562506052 0.983757742633142 0.955323751579673
0.69794031276045 0.964649431119067 0.994787595419107 0.7929395824931 0.964755769001983 0.928720791358381 0.656206517847912
0.90749766607001 0.826359993535542 0.835834884554436 0.952731013215351 0.843683682956333 0.81269315742169 0.821199602246638
0.929899537259739 0.804942024016533 0.854243156285392 0.857253575906158 0.891495360002357 0.920951709671887 0.741214636857934
0.83696804749416 0.798303759245496 0.803892185378562 0.922536235533595 0.824006303083914 0.877871104330405 0.936422364933869
0.712882930692694 0.820573864057701 0.961423409045327 0.976068995776477 0.984706940715402 0.767838501099823 0.776505358612576
0.854865320756134 0.75880401864453 0.953971505527243 0.824459588264072 0.884837191411522 0.86002438244132 0.863037992955178
0.874613466876794 0.80243077063104 0.751624495580957 0.775262853375063 0.856874897443603 0.9794938354701 0.959699680622443
0.813427653045582 0.817494977752231 0.863924630553256 0.874702589371567 0.983434296032389 0.856020177144829 0.790995676100147
0.82183658267896 0.90411549149548 0.842893322441135 0.931395996492089 0.815573073354785 0.808202089609763 0.875983443927787
0.952369430737973 0.820070284974379 0.782453996831173 0.933504856424221 0.839567445968293 0.736888440239217 0.935145544824743
0.995339103304613 0.745888694676889 0.842361720437843 0.841243776196069 0.79380170190485 0.868379452793945 0.912985550685791
0.936115078541755 0.735239257231368 0.767163997133669 0.866168626753849 0.831992906728361 0.888552019595546 0.974768114015452
0.877936948736936 0.965960696284617 0.705177651499013 0.848930971453917 0.89999741559645 0.917031616864722 0.784964699564346
0.722274370484094 0.893352323336797 0.93101028630594 0.847345509446099 0.789626503600982 0.907230639889719 0.909160366936369
0.837885190857689 0.895453678509332 0.879165332663719 0.938589525528491 0.799992700356984 0.789659415924461 0.859254156159324
0.879429316609184 0.946717502737082 0.897909304181818 0.756822206720806 0.943998916165506 0.894755526198462 0.680367227387142
0.95563795692629 0.919099070195033 0.77547029865429 0.896103005805724 0.854738740966791 0.813017718843254 0.785933208608618
0.900847580937155 0.829110013653379 0.843240818039349 0.978812825682324 0.817383593477085 0.821953328597979 0.808651839612729
0.815981470774471 0.758929744814364 0.788801109184065 0.892698872291987 0.984961049440752 0.950879120377844 0.807748633116518
0.731575692152994 0.807683818745844 0.831496254335146 0.98529745628109 0.940481225455575 0.853159269522148 0.850306283507203
0.874134320791002 0.926535226757966 0.765807959756151 0.788227572532378 0.965073105053478 0.867363022782161 0.812858792326864
0.935678096392987 0.752367384934401 0.69202592231301 0.866291600701379 0.997052053775539 0.853891907967762 0.902693033914922
0.802852536376556 0.796355370419785 0.866635361864521 0.968403338037891 0.788629072720896 0.893167278346826 0.883957042233526
0.948221155006053 0.663372262719758 0.974902209019088 0.811507851005226 0.923888176909236 0.744505930836285 0.933602414504354
0.857444557818278 0.615358870429912 0.89564843014415 0.936280991728364 0.962088932317243 0.794771507740029 0.938406709822024
0.869825509396671 0.779568536538054 0.789915814582397 0.982355706874158 0.820186148465648 0.801074545180696 0.957073738962375
0.797785126929921 0.834699981544199 0.83397315832939 0.938292777512573 0.830129059382206 0.779606713646143 0.985513182655568
0.972866538616043 0.89052651184151 0.890958575375122 0.803767576144756 0.825163604269577 0.781853306830222 0.834863886922771
0.819726173654593 0.787914221325725 0.771632433793515 0.886949951691651 0.996752184429926 0.910415383793667 0.826609651310924
0.837631602300053 0.861795377661147 0.96641914726135 0.879910926349039 0.784460271131513 0.736040263608659 0.933742411688239
0.805675871544942 0.911452744678296 0.857103035592779 0.853059856788538 0.812096259268704 0.918322492435604 0.842289739691137
0.777812089986347 0.978876325802311 0.815123444915793 0.958697225049449 0.761571933104537 0.860356092802457 0.847562888339105
0.889190865573948 0.796041900533766 0.892712745530279 0.826327535896687 0.962223037666067 0.798156286672086 0.835347628127166
0.870043296549388 0.796606328322206 0.807693248769117 0.912372028828004 0.814595244549892 0.893282889968742 0.905406963012651
0.955969872269072 0.905441140547115 0.807630158386647 0.85475401250825 0.978482444353501 0.755877618415967 0.741844753519449
0.83469142803628 0.790461311075425 0.78035294993785 0.797846834997469 0.868142819806774 0.970004422725447 0.958500233420755
0.88619029983159 0.829265453343965 0.799686854218619 0.819561643335902 0.917175597237428 0.790918854035621 0.957201297996874
0.673228185806507 0.848866574819679 0.965603209959481 0.95746514368928 0.962482451444123 0.690004718955212 0.902349715325718
0.841435859016292 0.888277098363951 0.829224888983626 0.950583939656387 0.822792541860716 0.853608844420876 0.814076827698152
0.902260678121536 0.859635496438094 0.985673133249125 0.999290998028658 0.707508139641082 0.919894456438098 0.625737098083407
0.92507551995459 0.651716056510283 0.846365594000114 0.839070374597549 0.978833180412186 0.941712461369225 0.817226813156051
0.865148216801817 0.773266329139337 0.852300373131314 0.921262179034021 0.778853938619454 0.812444050300665 0.996724912973392
0.960921638416904 0.99369455809319 0.830412658472529 0.809746627127989 0.742936064620795 0.877300174821683 0.78498827844691
0.815704741344205 0.958874417054254 0.887413006805694 0.827893913310179 0.835816795812699 0.815153827378212 0.859143298294756
0.857163167621414 0.799489843567722 0.792992103402624 0.948348068995034 0.972034892685054 0.782823885361943 0.847148038366209
0.800482390813869 0.855000303389687 0.930541033694956 0.953681348669495 0.759910944731592 0.812971783723934 0.887412194976467
0.910630304174754 0.896441670530874 0.763191662930615 0.772909236234657 0.952904853969192 0.913224067465826 0.790698204694083
0.687933860005968 0.86177905928476 0.867707692401693 0.926674418133471 0.91681463976212 0.825576263371862 0.913514067040126
0.984242812230063 0.84872464721069 0.912902742867543 0.817306005269582 0.832905671088666 0.876026729311971 0.727891392021486
0.952069253095283 0.861164489637577 0.850755003813723 0.848519061995755 0.879312473247565 0.83259104442035 0.775588673789745
0.785355720245504 0.79724937856682 0.958069154322983 0.914989233477181 0.929158971180016 0.960384744447902 0.654792797759594
0.980664349672934 0.868322657596439 0.878640584708673 0.777987432342619 0.832496468521208 0.808478444485159 0.853410062672968
0.864887119867912 0.852577092081664 0.823521491740749 0.994965758646091 0.792277275025208 0.873824935762766 0.79794632687561
0.847801476423829 0.872545905981318 0.739808182697074 0.822735199778313 0.928515629198573 0.810368444252478 0.978225161668415
0.77820492061749 0.975716595914668 0.70088023349706 0.964504085946908 0.672075571930204 0.927714456616412 0.980904135477259
0.945433987304211 0.73258287957653 0.843359270913338 0.947302746829929 0.793327180298683 0.962515245101644 0.775478689975666
0.887233832524958 0.898425872694955 0.87144273184936 0.781473727098047 0.876705073909734 0.800218184223537 0.884500577699409
0.860434838247017 0.805125609805673 0.817919063589562 0.865698309274652 0.917061116518228 0.91976048032411 0.814000582240757
0.797442141131685 0.795895448472434 0.970180011727796 0.65784610176288 0.937834407597942 0.972007751320211 0.868794137987052
0.778749537790786 0.81483393779817 0.843023358034541 0.909495484657058 0.949812862173157 0.79582781091648 0.908257008629807
0.893398039981343 0.594287799482871 0.910359385260188 0.891391625359042 0.937687558128147 0.981845706388164 0.791029885400245
0.906233306422316 0.947666467698601 0.83983094062434 0.798934489226878 0.65186425931757 0.969334014574328 0.886136522135968
0.818184269312588 0.883750805258909 0.974342176863665 0.854267756612112 0.981382394331314 0.70615669029133 0.781915907330082
0.854504296257659 0.855506420556284 0.776410118733969 0.963103036600884 0.75582323561799 0.837157209607344 0.957495682625869
0.874232082815634 0.848200647519355 0.871263998448886 0.780919112294981 0.888677542663086 0.871409422171559 0.865297194086499
0.92604498737598 0.789795036953662 0.921666564763709 0.810479537540954 0.83430808315894 0.810490496457012 0.907215293749742
0.800365635911726 0.856584127707244 0.862235204003449 0.868328590166582 0.886796233470233 0.88944821661042 0.836241992130346
0.785835204450347 0.935065792045929 0.862970945187953 0.811901658294422 0.793647647228976 0.839106840377109 0.971471912415265
0.904151644981392 0.992546280130709 0.842973243040282 0.692375447894946 0.819320559432104 0.947872633200087 0.80076019132048
0.929114639567412 0.841697864644307 0.991612175004881 0.779360948993387 0.859450315477829 0.869702474159368 0.729061582152816
0.957494379652413 0.914246243390531 0.838527453182254 0.740377557313426 0.984113728384143 0.640866209878275 0.924374428198958
0.76564751163571 0.758049321313017 0.894501448433476 0.963252389599089 0.874705640363087 0.861728591545792 0.882115097109829
0.963558572912343 0.957645195652536 0.750474091209446 0.801838179245402 0.841507808073667 0.903562435085657 0.781413717820949
0.864441754218861 0.829660518254061 0.871173944525587 0.870362020439718 0.842660622505225 0.90510075165886 0.816600388397687
0.843081463951669 0.90061391360207 0.839456799775569 0.911378777885543 0.785254785346677 0.958491708686193 0.761722550752278
0.824251509482841 0.644430938899168 0.974152032885867 0.769839312530168 0.973545066036047 0.870237632621558 0.943543507544351
0.965301331897538 0.840193692681009 0.934804172237188 0.770950963745946 0.677366644506155 0.858140907502443 0.95324228742972
0.93687025007999 0.887455808379801 0.855798603222667 0.833285008906781 0.995528268422065 0.746661914667953 0.744400146320743
0.799315186808218 0.873191823660884 0.994114453201393 0.773367465848312 0.99463641185652 0.783728174828055 0.781646483796618
0.956122911798415 0.853503612910821 0.807846979321574 0.834962754725395 0.904361491780142 0.80597732703194 0.837224922431712
0.856369126774834 0.712647591244372 0.825607266676605 0.898498744829608 0.977570568133552 0.919871521996793 0.809435180344237
0.726514307949728 0.930997661190832 0.828774090368294 0.770948718028604 0.954526479281198 0.839330619826139 0.948908123355205
