0.95728139438179 0.680477700462871 0.822939460953043 0.838202591651841 0.842919520515075 0.858179332035379
0.8268730710557 0.776909121823904 0.890870400425491 0.795140770505664 0.9256022472933 0.78460438889594
0.873913340755503 0.684721172304082 0.961187697546341 0.720278497744084 0.800358852167931 0.959540439482059
0.937634086197031 0.812716639920409 0.786691431385054 0.855178071880396 0.793355783751574 0.814423986865536
0.710246141674132 0.805573125630954 0.911378356397037 0.832358814221066 0.88129705473186 0.859146507344951
0.808029163607454 0.815243687868869 0.862590048630825 0.824849792135077 0.745424901186085 0.94386240657169
0.699767897240589 0.988313555345674 0.956192323009853 0.664341175189954 0.878336890076496 0.813048159137435
0.727154881289964 0.937514459649441 0.834689021996428 0.919865730348176 0.822891017909514 0.757884888806477
0.811082836002018 0.815492194709633 0.797519111552777 0.731456849936422 0.971960289264311 0.872488718534839
0.833796447400601 0.819605922390007 0.93762528351094 0.884140951950926 0.802433806034082 0.722397588713446
0.765205094584177 0.783328146677625 0.825723875439637 0.873988525666391 0.933933247104916 0.817821110527254
0.927251493057349 0.851775379637572 0.700716183081731 0.80583829288043 0.901941460638057 0.812477190704861
0.760923603915175 0.846781236578487 0.809344986115003 0.831224887057904 0.760353736703675 0.991371549629756
0.835755201059398 0.958148685654223 0.93745564744603 0.86517074061945 0.775607199169731 0.627862526051168
0.911748751222879 0.902965345783798 0.849458732071293 0.722587091684849 0.898998971516981 0.7142411077202
0.723920260827013 0.829913989184475 0.85655366051939 0.99015883773968 0.683636878163804 0.915816373565638
0.733064761721921 0.959450776688456 0.770624450340431 0.944090196507707 0.821100710162865 0.771669104578619
0.960104971042479 0.763653671409445 0.806037653799473 0.716041181116108 0.777704065788677 0.976458456843817
0.796288817940803 0.920496922464502 0.785773579636721 0.882749138417087 0.78595360847831 0.828737933062577
0.97857856798803 0.797730730897835 0.791799329393809 0.800045101575683 0.829740977688138 0.802105292456505
0.85892574995246 0.76319603764478 0.775763346805527 0.834903738130736 0.92371154437584 0.843499583090656
0.96405515939062 0.792555521299028 0.827826774386644 0.790568905400142 0.738356745171423 0.886636894352144
0.928858537936544 0.837517405718682 0.761512781592743 0.907859675898146 0.834781799330204 0.729469799523681
0.943634581950805 0.769053982704937 0.990728572396969 0.69775674460266 0.790208524252255 0.808617594092373
0.998731050657651 0.707744722631904 0.715490987438294 0.796335152802299 0.958531555772746 0.823166530697105
0.783758933933658 0.927099458230795 0.79375595049688 0.843929841294141 0.935511354552599 0.715944461491927
0.745585716306832 0.941200205831178 0.824033651038722 0.84829643634947 0.880606888734931 0.760277101738867
0.791605280412947 0.784466602951602 0.84007428781275 0.885104209140366 0.836159631817563 0.862589987864773
0.929492172740028 0.879052101107008 0.83518982742055 0.759027191707207 0.780401453079385 0.81683725394582
0.707302186323435 0.716620474573059 0.795263019569536 0.875648151367754 0.922447408469535 0.982718759696681
0.723052449828049 0.84519284860811 0.871651879298347 0.707223310828057 0.892930677473569 0.959948833963869
0.651151335105761 0.973461039123463 0.750014063798013 0.904855891236265 0.97202434721417 0.748493323522329
0.949987811121352 0.777516247208311 0.972378638371275 0.560668758080539 0.791059797503085 0.948388747715438
0.960232377334648 0.702931508042906 0.985102222191605 0.815769758705222 0.705681381345398 0.830282752380221
0.73883037977179 0.917988991434303 0.838373889264955 0.831052941503996 0.720624572717322 0.953129225307634
0.942788504422089 0.744253193070805 0.788311959620701 0.742643334876732 0.983428444414883 0.79857456359479
0.908439211717241 0.719997157218267 0.788624717330725 0.861674508164514 0.810026448110099 0.911237957459155
0.780706188515303 0.799773463111781 0.954885142600849 0.630968871534008 0.916346084624291 0.917320249613767
0.785522863157199 0.842863630410165 0.922800382609753 0.858226257503512 0.820441286166465 0.770145580152905
0.72734360154457 0.854211025699055 0.766923838155758 0.989654148468838 0.988748823859514 0.673118562272265
0.799394602012031 0.914976781647049 0.794085851498178 0.916346292194762 0.760050751993903 0.815145720654078
0.87991429732641 0.687056825762882 0.579353371316257 0.958673325130794 0.947494623053537 0.94750755741012
0.933935963411578 0.512322059304688 0.986553734371098 0.681635522385935 0.896202083896025 0.989350636630677
0.738017173609244 0.911059493035416 0.596400114086187 0.962901532109441 0.909141419074431 0.882480268085282
0.950437631490893 0.811930474925212 0.904946963730238 0.918612007780523 0.680665571394276 0.733407350678858
0.927686874347303 0.763034645849466 0.856383934186959 0.762118222579327 0.761666619063471 0.929109703973474
0.809944081348524 0.951240542878667 0.76690128528531 0.798900232538974 0.814675140138649 0.858338717809876
0.77677220914078 0.84491568949799 0.896018802485243 0.844328786446825 0.962629681914949 0.675334830514213
0.97664324892691 0.847624025809979 0.687858275032661 0.897846233862537 0.992704554659806 0.597323661708106
0.885664761454822 0.843964510129572 0.77698577446752 0.765239393260979 0.963299021106605 0.764846539580503
0.721676519515641 0.973111418628662 0.810934870745855 0.800025081858389 0.796474436616943 0.897777672634509
0.887718794115294 0.902544729182887 0.798424404622481 0.63942719147321 0.780752273043537 0.99113260756259
0.744481462046246 0.880178651092767 0.997495784764077 0.676980800831481 0.719733582755136 0.981129718510292
0.880659055761197 0.992520058297634 0.893416921741583 0.729738973967016 0.812334404756285 0.691330585476285
0.898961870472982 0.856856961873449 0.772895052534747 0.945912441360804 0.694950210205441 0.830423463552577
0.775531585431043 0.747458992883854 0.698926666663924 0.822996505858115 0.95787226883944 0.997213980323625
0.921371642320365 0.792976083529509 0.847106069161749 0.929089496510131 0.775374096154753 0.734082612323493
0.71119688598929 0.972630701113008 0.847022884962362 0.660832854399473 0.959818080655254 0.848498592880614
0.65367650053748 0.973695262114101 0.838292103428605 0.797587573976936 0.907286235899581 0.829462324043297
0.662949201878143 0.908399684180413 0.769342019354693 0.804925478863169 0.933912908070137 0.920470707653446
0.863601060883623 0.685440502578126 0.847516842676352 0.815202340488731 0.92855320702413 0.859686046349039
0.924700037222788 0.841834237997589 0.859493978133107 0.707824178428197 0.771451374910856 0.894696193307463
0.841068857627511 0.927323787715421 0.959890309813343 0.62592661023483 0.956753071948393 0.689037362660502
0.786740010210457 0.987702378708368 0.769573763840345 0.803823900897099 0.807949950451905 0.844209995891826
0.775422087748248 0.788160945727662 0.717199662658598 0.976192793677602 0.781679031019042 0.961345479168848
0.579637352568117 0.912949479211786 0.923508887364917 0.891171123821162 0.707570750824913 0.985162406209105
0.781581015057697 0.939660252228782 0.993702790007209 0.454018327663694 0.867534951432402 0.963502663610216
0.833804128119381 0.837227048571811 0.910447032656047 0.745513137946094 0.839129594676492 0.833879058030175
0.800608389892273 0.959682151038552 0.653878336611496 0.880101164893057 0.763812869375879 0.941917088188743
0.839346377825406 0.985533338682335 0.570583767857414 0.940320495762993 0.905453268009818 0.758762751862034
0.891427525413274 0.743188305241197 0.707392201881722 0.915476207715847 0.804226618806872 0.938289140941087
0.815728330276334 0.819656908761906 0.779237136955697 0.969726008382604 0.808072983823663 0.807578631799796
0.963621721737004 0.770118188958858 0.871867044098751 0.644763886232311 0.790631723413994 0.958997435559081
0.760762656047526 0.971653266807436 0.887104564591679 0.853665388035749 0.727011338950071 0.799802785567539
0.914605447160419 0.969442927278581 0.958409716652993 0.712373102706739 0.682064247000139 0.76310455920113
0.91108893334369 0.840456592975879 0.716102804830299 0.779756099802394 0.996367886057739 0.756227682989999
0.926112588635101 0.607704805673944 0.941882781919873 0.811650513474046 0.766641437903279 0.946007872393756
0.958137375666215 0.810646741185263 0.748720788946652 0.942505471502734 0.698178409274841 0.841811213424295
0.86339631205869 0.85317809444883 0.859511259824827 0.749395545831123 0.702137085886169 0.972381701950361
0.776214070860074 0.878272619088889 0.923065609678642 0.834142907004029 0.767751652472219 0.820553140896148
0.876893889187759 0.575791200131415 0.992841387422988 0.582778850026756 0.987694001239097 0.984000671991984
0.985073998380062 0.88716351057467 0.674359027597065 0.957244781591177 0.704963769829543 0.791194912027484
0.721025567245857 0.924851721536655 0.842305989471546 0.805434138070027 0.726467831854931 0.979914751820985
0.724477790304742 0.883002800209641 0.75353695577419 0.737850345261186 0.932670790862625 0.968461317587615
0.816651035342274 0.777257087986001 0.911644664272677 0.92459743428227 0.844743851327492 0.725105926789285
0.809396161239289 0.706787190819718 0.819305803669519 0.964676835696235 0.719810848737804 0.980023159837436
0.90102413656237 0.774488797444291 0.83389739440531 0.751461365524758 0.865144474750169 0.873983831313101
0.958909238553849 0.610966252144147 0.850665153429632 0.93704996515332 0.917609463926018 0.724799926793034
0.812222716874386 0.869784753882083 0.707542331764345 0.78389735364547 0.877344005609233 0.949208838224484
0.820590415947088 0.779859629136026 0.850292474944121 0.952031620697033 0.650962247937521 0.946263611338212
0.738637648330979 0.898640993191508 0.767097885204747 0.720485940243893 0.975698760883418 0.899438772145455
0.954862944240756 0.859827936661068 0.868583850015062 0.829002761621247 0.840071288350698 0.647651219111169
0.770238295552752 0.806673271582877 0.843699208517137 0.935096681827028 0.797204431823948 0.847088110696259
0.834584456636537 0.847434643662355 0.781877111665112 0.905776656255314 0.853767424899782 0.7765597068809
0.982751807121093 0.776848732367592 0.843727303325846 0.930911208015278 0.664991834408354 0.800769114761837
0.714125905789481 0.582728751846802 0.840738398474364 0.999027609464833 0.947799084072745 0.915580250351776
0.737765842320041 0.788228245589642 0.875020756344499 0.942847028550141 0.869726268387498 0.786411858808179
0.815638650180418 0.756471056475115 0.871501416920851 0.794713507566539 0.834474826723037 0.92720054213404
0.877579962460954 0.832060281411801 0.807176977473414 0.858306926072704 0.840728376450832 0.784147476130295
0.971726948351283 0.83474147388249 0.727505199942159 0.75168102460924 0.785213664485774 0.929131688729054
0.944404600577861 0.874188574876973 0.895648023924067 0.642932752632944 0.903302716178527 0.739523331809628
0.762385505122442 0.872361797588234 0.915624710159349 0.772743909638099 0.897023137829683 0.779860939662192
0.928758924744972 0.852947891884956 0.95874329402249 0.646202476161371 0.963958815611832 0.649388597574379
0.91792381912075 0.821182065352454 0.993369603977252 0.975115188963596 0.873060218200964 0.419349104384983
0.769710179914233 0.74028072638572 0.769719838945201 0.9303038887073 0.956194291336183 0.833791074711361
0.754530356611336 0.778693334857652 0.939068577221761 0.6795400621322 0.936400103433772 0.911767565743279
0.823952569081761 0.880388852735187 0.819368044483167 0.826614252969521 0.851086424751845 0.798589855978519
0.881680757354865 0.837319756650883 0.733492484366355 0.781784971335784 0.964864839056524 0.800857191235588
0.809528070402423 0.727731101580822 0.991013681565604 0.814692731377809 0.760094165181651 0.896940249891691
0.944688930925218 0.746750260958053 0.887958210811129 0.837784032479988 0.7754894981849 0.807329066640713
0.984298420204209 0.811755034704121 0.734764090216743 0.874432876521346 0.689132774895437 0.905616803458144
0.838894928490715 0.904157964089302 0.788368225104444 0.671206895921374 0.990803587414009 0.806568398980156
0.995819687067362 0.78340603346362 0.629481318106015 0.969236764087643 0.721650241729295 0.900405955546065
0.824212481626137 0.838263744286307 0.919190269966674 0.746255798433415 0.758667225650637 0.91341048003683
0.790353303876683 0.861028056933843 0.849979934777797 0.877845402738649 0.82776110545931 0.793032196213719
0.830916025851095 0.667122454883313 0.954498633746491 0.971392892254249 0.668991334033062 0.90707865923179
0.993476764514575 0.841620243525556 0.821446824995544 0.544161437610496 0.815007108497068 0.984287620856761
0.930948375652644 0.755850792466385 0.981135850358473 0.614262574764955 0.787157952162945 0.930644454594598
0.877967438760918 0.686063997827138 0.827328377129233 0.922068770395314 0.849150098313874 0.837421317573522
0.999330038774631 0.838799545868409 0.727453670870756 0.902245714555971 0.7390133646177 0.793157665312533
0.549080225785284 0.885320206623398 0.989750378175037 0.661162877887933 0.971461971466449 0.943224340061898
0.830011329224391 0.733721387958356 0.902313707811209 0.912713161292855 0.783207543789978 0.838032869923211
0.758590172334662 0.821509271035914 0.900181601622344 0.795775959915731 0.896678318697006 0.827264676394343
0.786914597565358 0.870415784681203 0.774332808647137 0.97906846738625 0.803886477373732 0.78538186434632
0.862517896380291 0.832060382449743 0.793864229795503 0.939666013634727 0.662368479589089 0.909522998150647
0.859589065461841 0.756741091292904 0.981145550032652 0.765967660726663 0.686546287404927 0.950010345081013
0.863384899138531 0.676431914532846 0.973241506589374 0.768067651594205 0.993149043243624 0.725724984901421
0.949058013613 0.722466797767571 0.803454250938625 0.831839349819431 0.776206049737736 0.916975538123636
0.952363773235812 0.83820709108837 0.877247234631069 0.795803783590628 0.55466066929361 0.98171744816051
0.829183726596428 0.936800703045431 0.864370406094359 0.76821872179642 0.799196044090303 0.80223039837706
0.743837744169766 0.944672305131623 0.749307276783479 0.819408573925953 0.922804874279301 0.819969225709878
0.801484568864767 0.761571046409208 0.785217423106043 0.930164060261921 0.876353885765054 0.845209015593006
0.815088731210354 0.881267763659175 0.790850722143136 0.865548819577611 0.835380426332324 0.8118635370774
0.659832643350299 0.870782950722339 0.947769796907401 0.909380825100759 0.792651075308867 0.819582708610335
0.935568474061777 0.795619515523901 0.8518210288214 0.905365371168245 0.773477123194063 0.738148487230614
0.978850853003192 0.759679573526779 0.724094234796958 0.692253684603398 0.878902886129965 0.966218767939708
0.968192626543193 0.608558127760068 0.784086241887468 0.81544555985058 0.857905713657403 0.965811730301288
0.881611987961983 0.75944884361239 0.701414109887411 0.9743050381501 0.715705322325509 0.967514698062607
0.813295961916179 0.707714247461582 0.968694632064007 0.980977561278389 0.890945624200269 0.638371973079573
0.831285184922085 0.821192831337382 0.95525378366174 0.693159928737514 0.955809530302998 0.743298741038281
0.982528879478542 0.734406208094526 0.897964828176547 0.78145913789957 0.81642638043223 0.787214565918585
0.749164625669934 0.996991050853841 0.740268251425316 0.830104339129913 0.811656837779996 0.871814895140998
0.995806836241768 0.751597535488365 0.954566957986763 0.852623749592662 0.713692948839687 0.731711971850755
0.967874036847164 0.852029027424962 0.809848747842439 0.877236989743778 0.749108168025779 0.743903030115877
0.838640401445266 0.85598557075258 0.93524085540083 0.716487829587009 0.845388056574252 0.808257286240062
0.788684084210972 0.967293966997864 0.678248922193023 0.833767350690887 0.969734755909891 0.762270919997362
0.737000256667871 0.704551115596144 0.903179795444611 0.988884181538816 0.961227956587158 0.7051566941654
0.79653606706467 0.943869403116982 0.782916153638281 0.82868373053235 0.782548647871029 0.865445997776688
0.913483919418775 0.929495985807307 0.862755042268981 0.461338652573128 0.87367335645117 0.959253043480638
0.988567973722033 0.895533718174331 0.770951296536247 0.924424502060569 0.70686909652465 0.713653412982171
0.99792320699696 0.99200341839186 0.696427754649598 0.720285274429759 0.838122462546782 0.755237882985041
0.755435774625671 0.848751568821464 0.78025756934196 0.895543379037596 0.84045080327227 0.879560904901039
0.916116241081858 0.945105401464455 0.933111004845363 0.983129495101305 0.509858856148314 0.712679001358706
0.781031010988344 0.903474826308452 0.958527772101718 0.902145899165479 0.742250616985376 0.712569874450631
0.764687443597733 0.841895345863754 0.890991339309364 0.773347558122179 0.770338434491872 0.958739878615097
0.876179307514521 0.66682789365821 0.729477662580866 0.959165449594138 0.828018516889642 0.940331169762623
0.875351984538115 0.912663897601154 0.776513263571809 0.672335925481245 0.797967484461719 0.965167444345957
0.908917174933965 0.768359912235959 0.891710688332829 0.756226213733717 0.93054402176312 0.744241989000411
0.73629394817466 0.887237229705686 0.857962641103641 0.78886536622899 0.894775420094506 0.834865394692518
0.816077466822877 0.973610892456782 0.919176014233692 0.793360358135571 0.836989273455922 0.660785994895157
0.818052645289626 0.960133302088118 0.773021983175631 0.924825937108691 0.776652223141559 0.747313909196376
0.901703024747734 0.989163005391782 0.742581745009794 0.650813080270577 0.75179640879405 0.963942735786062
0.856423280195019 0.762360377287697 0.807129296097068 0.896873177049492 0.930833431880819 0.746380437489906
0.791758580739701 0.835724456067428 0.853958995391211 0.749339107212662 0.869529454545539 0.89968940604346
0.710222493215517 0.775706366565889 0.936431627857534 0.924107139182031 0.857673582689333 0.795858790489695
0.86504982284582 0.79573066637829 0.752551372946384 0.895861217716052 0.883863717492953 0.806943202620502
0.738032353075483 0.958482346511003 0.732556607053478 0.942630977450603 0.919062612419323 0.70923510349011
0.720389670274084 0.866436227474752 0.899127861047843 0.831772327223804 0.955927015112 0.726346898867517
0.764205883199243 0.953318862116644 0.805193215380135 0.823797177518143 0.950059663841331 0.703425197944504
0.759993709835188 0.976139827609843 0.82583943327482 0.948175647760106 0.718488026580775 0.771363354939268
0.930034080915381 0.808606342098811 0.766627840668251 0.764429388231469 0.7786114905467 0.951690857539387
0.783673166379074 0.790348651560408 0.888547924799907 0.857750125134347 0.876205067332334 0.80347506479393
0.790671688030487 0.876476230971495 0.693157671082312 0.923720128954619 0.922445196614964 0.793529084346124
0.867381915514531 0.798904296553584 0.819868630074591 0.944358935989977 0.83642399532026 0.733062226547057
0.915806212324485 0.734711719478708 0.846894583004126 0.745439011354029 0.765844500044892 0.991303973793759
0.639369188797472 0.946098969602728 0.837624771809963 0.894975073197081 0.767747677536147 0.914184319056609
0.895592373244811 0.740947233704949 0.80926870327653 0.79790796466318 0.964040419560002 0.792243305550529
0.971296270436915 0.827435217323615 0.814972426198362 0.816062272203287 0.83451036798053 0.735723445857291
0.52746578459768 0.917785013415603 0.823671184229996 0.998447062091508 0.91328752807611 0.819343427589102
0.926742669834953 0.86750707863789 0.955327670210791 0.726160782188211 0.776336379981628 0.747925419146527
0.835687188606713 0.809957332030092 0.827864947038449 0.861532760036261 0.843634654294934 0.821323117993551
0.999634783605518 0.669264711070817 0.880615073860513 0.687490766786811 0.991835854633106 0.771158810043237
0.907671534690991 0.690143349978701 0.906359912890703 0.671282975127359 0.864192874277924 0.960349353034322
0.73954932046094 0.971346595596181 0.877447162541638 0.86092002655797 0.729586412205061 0.821150482638209
0.776993227080352 0.89534379523656 0.790724590804527 0.793786270497941 0.885879064874923 0.857273051505697
0.793405972483043 0.603239378296354 0.976019846644734 0.746333411551291 0.919937887514009 0.961063503510568
0.788378467814137 0.740225897072683 0.885267416572603 0.968767880051283 0.785789790618818 0.831570547870476
0.793222166094973 0.87486154242647 0.743824275337357 0.852130749713855 0.755549667485656 0.980411598941688
0.976895787487934 0.673242827399157 0.926778221857176 0.986220540544632 0.926573532557824 0.510289090153276
0.740290297513793 0.889439777247133 0.895800417995343 0.97451992664578 0.780401611251927 0.719547969346024
0.85573559672065 0.880078969365817 0.863807990833318 0.765106032634924 0.867261005310525 0.768010405134766
0.967005021197029 0.718574515915575 0.844796394382493 0.880560061335173 0.855399957976237 0.733664049193493
0.9698140620659 0.918215255452921 0.647157365669087 0.692517438802918 0.882013961551308 0.890281916457867
0.80916987217414 0.768131821064842 0.854463939416134 0.81415462792055 0.836864209630744 0.91721552979359
0.823022903684066 0.712810962722868 0.882912269345624 0.712771115625329 0.883101126313639 0.985381622308474
0.799722067678551 0.710437482693415 0.987505912503 0.722344526372655 0.992840201404949 0.787149809347431
0.810752431249547 0.925133814168375 0.814411487541441 0.966114542540111 0.907045361962974 0.576542362537552
0.698970578348006 0.856352655009043 0.961774265640778 0.746746718535544 0.902844066378599 0.83331171608803
0.929457049494989 0.796963943132652 0.812964977434438 0.907948733526613 0.880127394345354 0.672537902065954
0.91988440504973 0.700882842791724 0.838003635755007 0.896801966872088 0.88105383918175 0.763373310349702
0.986982486104624 0.712220786200684 0.85776811966 0.591795531664592 0.86245487464646 0.98877820172364
0.681846369253762 0.697747840617912 0.974450189436876 0.944581867901038 0.877465879967991 0.823907852822422
0.751613782373297 0.988163375361793 0.909164091631583 0.908399817154749 0.728694322502728 0.71396461097585
0.752780451363808 0.97438072966522 0.819973858126698 0.872635534709835 0.742531375728497 0.837698050405942
0.751299229490071 0.781868958107553 0.817875663688114 0.991451736932793 0.797485492928231 0.860018918853239
0.846189687199185 0.822728857542451 0.831085013457495 0.81777807024289 0.864779677742258 0.817438693815721
0.914899163576842 0.968655065792459 0.63666630397107 0.744150148373571 0.987665665241151 0.747963653044907
0.963172897518116 0.962985079866936 0.803256209050664 0.825053074440744 0.723111740336221 0.722420998787319
0.73721111072264 0.714538692245581 0.778756497384263 0.814236783404744 0.994032008701486 0.961224907541286
0.824625746834686 0.971907624101722 0.787068362867675 0.823069180590896 0.727736643103601 0.86559244250142
0.750893616833251 0.90629896248357 0.74780964886264 0.936558446122836 0.80423600758943 0.854203318108273
0.732956050694526 0.838763126789376 0.891150475466097 0.922535930675356 0.745136936145043 0.869457480229602
0.749935949864627 0.842411735068157 0.960104366160699 0.939688599281545 0.746187201645103 0.76167214797987
0.81070611763212 0.903317940277561 0.839092531433873 0.884625451966692 0.763326253176566 0.798931705513188
0.882978315081888 0.875499373769628 0.828536285143603 0.716409069304605 0.93175167513007 0.764825281570206
0.751201814371612 0.973399804378732 0.680225038732568 0.814498342961828 0.866281710051486 0.914393289503772
0.996143153280999 0.775703358124665 0.645438263168156 0.889846460876646 0.752074995402038 0.940793769147496
0.736772001830252 0.889324317989358 0.742501247548473 0.648027366282918 0.988645159222654 0.994729907126345
0.780960485122875 0.731091621781545 0.995197243910856 0.860459486140563 0.85655496351344 0.77573619953072
0.937309084120924 0.941991338408692 0.799401604957481 0.76389653892493 0.756197855887419 0.801203577700555
0.960206986313384 0.882402500312134 0.806782998586797 0.719913666923121 0.851189606640483 0.779504241224081
0.803759066791084 0.860146035105931 0.642719443448151 0.973839781353703 0.727927214994373 0.991608458306757
0.815607380063936 0.789917384928544 0.936740725077197 0.783216917293731 0.91423683848597 0.760280754150622
0.982264457802988 0.764177453846422 0.8670949906672 0.855597788541369 0.759564155332246 0.771301153809775
0.846274227339327 0.836660277466773 0.891629098289263 0.770380612400229 0.763319057446238 0.89173672705817
0.780894837933795 0.781205271295698 0.76466869412295 0.897742784905984 0.884052495238019 0.891435916503553
0.945546316305103 0.801850462265155 0.772164225615938 0.810276613953834 0.908985087967345 0.761177293892624
0.828593967533362 0.793953789330612 0.640028060852521 0.982607076468774 0.973623912774423 0.781193193040308
0.868756797126864 0.846844373967777 0.865632984542497 0.868740279620497 0.850490494116255 0.699535070626111
0.931999136632021 0.76319571788331 0.813436188871591 0.813481561944021 0.768523818551752 0.909363576117306
0.898022746404059 0.793440894564198 0.637487903188618 0.814151128094336 0.940466057139971 0.916431270608818
0.77359008741437 0.889716142280947 0.971899762431019 0.691592879280039 0.697871473959041 0.975329654634584
0.662805607875832 0.924310104487936 0.784341574060187 0.99788027631491 0.867217904348886 0.763444532912249
0.916644319557079 0.869915580626226 0.788089052460028 0.758863214252497 0.864068228213682 0.802419604890488
0.780936590338628 0.760747955842341 0.942647601633208 0.773028747706648 0.940227656669523 0.802411447809651
0.933460135198633 0.741613373562216 0.81584965735076 0.871209958610381 0.726201837876769 0.911665037401241
0.983918757728567 0.80078110183918 0.665334828870927 0.832882102593591 0.971519807801405 0.74556340116633
0.892700457879651 0.829530359585908 0.834726201136844 0.787611409086583 0.846920994403869 0.808510577907144
0.769215212656371 0.629053127399294 0.980984254437294 0.909267601131043 0.886693341235417 0.824786463140581
0.881812885853164 0.804525484335503 0.87815676696183 0.748298490095556 0.744737035369884 0.942469337384063
0.735666411898017 0.839500122843096 0.748852992213609 0.921025561771039 0.8651277770455 0.889827134228739
0.920207824150337 0.774331019229602 0.796945168799446 0.7718267687683 0.828175786232349 0.908513432819965
0.968405939652051 0.758073147713686 0.799098002905172 0.694689768851618 0.97938556248016 0.800347578397313
0.850540418903425 0.813851011106993 0.901701132753585 0.874594241259609 0.771505210325189 0.787807985651199
0.556330131285987 0.921849517824749 0.909591503647244 0.87387874685107 0.775132160075997 0.963217940314954
0.970238622987614 0.6250536366471 0.843648489575154 0.975480930497037 0.813887152195907 0.771691168097188
0.938213120363268 0.978024869021266 0.859113645645098 0.646417834148006 0.681973633699382 0.89625689712298
0.906248984995478 0.952880260194041 0.65907719925114 0.736561178504468 0.948924535696797 0.796307841358077
0.921793676142859 0.772764989934505 0.747056140559599 0.996318596951457 0.789338015056302 0.772728581355277
0.769475871046495 0.619529731709036 0.991327804206157 0.983053108929465 0.657494554758595 0.979118929350252
0.749329163505225 0.759049026450168 0.816337811437071 0.953026563918465 0.742279101534889 0.979978333154182
0.751795867906161 0.893442157999667 0.77575467453208 0.742373140172145 0.997261263249653 0.839372896140294
0.794855677530479 0.940188885363981 0.889871596115886 0.903779035927861 0.667438436603486 0.803866368458307
0.866423383726396 0.941436208856905 0.835580092712584 0.974253490942625 0.715622365279717 0.666684458481773
0.749974961049815 0.859046071554851 0.899321038330942 0.902512392760043 0.75711691906426 0.832028617240089
0.920525253656339 0.730584731240235 0.714560787936955 0.824548608442509 0.819697990198188 0.990082628525774
0.876660237858597 0.765950442704508 0.877234769916402 0.80807188739254 0.699650389349406 0.972432272778547
0.721791227334134 0.8480072048292 0.724811522245014 0.948692578506548 0.898098375523384 0.858599091561719
0.652497349810133 0.942534878095767 0.892325607222062 0.911759612460294 0.73268622368512 0.868196328726623
0.864025523382226 0.870779634359523 0.817624981237358 0.879574053951808 0.739312678207874 0.828683128861211
0.909360884653012 0.879375401980421 0.687743850664926 0.753477983511572 0.775750721934547 0.994291157255523
0.742421743130774 0.826395394530708 0.716724149489708 0.978118396225453 0.804394194116095 0.931946122507261
0.94025107444276 0.793798690867593 0.691500608537026 0.743009809437722 0.908841221720298 0.922598594994601
0.911028046666237 0.779689069136447 0.750326391917465 0.761864770031075 0.82100200057143 0.976089721677345
0.862114195251198 0.804795106029191 0.778495723192339 0.76379958694661 0.796068043055008 0.994727345525654
0.533744653897565 0.573414476674755 0.928279739870455 0.984160232720905 0.999370932324159 0.981029964512161
0.790545178811252 0.951123447665208 0.873213650484384 0.788488595730275 0.869559954248717 0.727069173060164
0.879120635985048 0.980450774078706 0.844125172799881 0.673959951587812 0.816120098318496 0.806223367230056
0.917443922821753 0.934679653024524 0.994166460366181 0.651547081479563 0.658826277254427 0.843336605053551
0.823140284617562 0.78710755076175 0.91268883352937 0.92782893890382 0.902434902429481 0.646799489758017
0.655986540125867 0.970739271779377 0.906197504097518 0.749132465343966 0.984857389538292 0.733086829114981
0.931872136659777 0.722805704751618 0.847690736651696 0.805484517535605 0.728105641663836 0.964041262737469
0.921496589411963 0.906025034709422 0.946705024752031 0.748245582908757 0.729091088657398 0.748436679560428
0.850739946354525 0.771117214362066 0.868735654163587 0.935533050995989 0.768710928468145 0.805163205655688
0.999774731575797 0.740420105052 0.912277863254139 0.778969511809558 0.777628785518259 0.790929002790247
0.929486466812046 0.782724493915736 0.807631119240736 0.765235590944905 0.817632529450584 0.897289799635993
0.790055606415612 0.829625434600936 0.804474678116911 0.962467397331226 0.799519578732156 0.813857304803159
0.606508600371582 0.892435923264638 0.771717807577305 0.955354380682129 0.931950306505869 0.842032981598477
0.808256397072052 0.952902628961651 0.770904458732096 0.732001076007162 0.872629688085075 0.863305751141963
0.995874388113201 0.43509727049961 0.838277508315145 0.960689797655833 0.9778532794536 0.792207755962611
0.755791596401153 0.777130386657384 0.984361401409283 0.783249188088792 0.943576602454359 0.755890824989029
0.755633742844523 0.833933988200109 0.86087585135845 0.765158325976223 0.855975991654148 0.928422099966548
0.985247637044262 0.748476940246562 0.661679390362145 0.749222302758431 0.882111346609791 0.973262382978809
0.749650578077913 0.940757743194635 0.794769780341769 0.87706324539489 0.757096419683323 0.88066223330747
0.786509269857305 0.937051076366858 0.810967509266037 0.826756725229113 0.89768894608136 0.741026473199327
0.768972324107289 0.918745116708988 0.740995508627934 0.97130601627479 0.764374347292661 0.835606686988338
0.861480967318281 0.855161848516081 0.780853297994594 0.89843665458274 0.815896986781692 0.788170244806611
0.807817620247142 0.87778600225412 0.87725208152808 0.847521905358066 0.76929361291501 0.820328777697581
0.98621431546067 0.849246582328478 0.690645164683116 0.933008735243363 0.810004108587542 0.730881093696831
0.981897428101747 0.929923307688386 0.927236415185434 0.961223452224352 0.595249775561055 0.604469621239025
0.970479828239846 0.700165822261565 0.912511474845882 0.754639065302747 0.825955519171515 0.836248290178444
0.90890906699532 0.836794054654761 0.744860751847155 0.82434745809955 0.869651795195973 0.81543687320724
0.670538648791311 0.900659426515152 0.820634322016254 0.737762481038194 0.932145069145331 0.938260052493757
0.946776496707821 0.883280879924817 0.761826186942083 0.813082940947016 0.675480786873613 0.91955270860465
0.627898212909707 0.990273138387257 0.623338149900312 0.882698662432527 0.968834895530762 0.906956940839435
0.992761305991393 0.716447006114078 0.890272396501663 0.897256723671127 0.651607723710367 0.851654844011372
0.909158267058016 0.937467598783879 0.759250040295976 0.714866091764739 0.912102379372753 0.767155622724637
0.832945369453576 0.984464225166245 0.808523218931952 0.7085343352093 0.74404819407873 0.921484657160197
0.889399247190047 0.756239977573524 0.980140083420642 0.857443209304356 0.74498485213932 0.771792630372111
0.866120800255999 0.805351918421927 0.866331016054719 0.774085417289073 0.830808051110535 0.857302796867746
0.736278335431318 0.859990631321884 0.931310659696576 0.739119162861587 0.746464504268133 0.986836706420503
0.956362796187964 0.69529226860346 0.830363433370373 0.786205684155386 0.867283086864769 0.864492730818047
0.762442495591474 0.734786796693141 0.886552361281174 0.859845859956194 0.75673165007246 0.999640836405557
0.868012189429239 0.960083597980457 0.699983282921808 0.825095107906043 0.908531292322341 0.738294529440112
0.747949145892109 0.84768024911897 0.970208034826692 0.768699343106409 0.673290143907373 0.992173083148447
0.994654393396978 0.615432620074104 0.998744463977678 0.71011696871388 0.825792482969723 0.855259070867636
0.839118058414718 0.775993267581081 0.900061116655511 0.756749991185001 0.741971694720081 0.986105871443608
0.944489998570937 0.921308312857925 0.916107112005457 0.843525524727339 0.619737169647474 0.754831882190868
0.767152828174302 0.898743601823124 0.786017452634632 0.893405820670203 0.854649602014781 0.800030694682959
0.9632458715828 0.997338085500224 0.712674035575565 0.69290080591232 0.723502652117521 0.91033854931157
0.763158419365873 0.796300306892076 0.807044813097093 0.776509744796125 0.862610402200467 0.994376313648366
0.791878695879781 0.953376114948346 0.854438035755203 0.759222579726049 0.857192387847525 0.783892185843096
0.864072308177119 0.697012267290699 0.806345762094859 0.970092348699167 0.863859265745914 0.798618047992241
0.850843513306905 0.767308114334067 0.891894478012621 0.629988239764941 0.875611937947091 0.984353716634375
0.810227371125754 0.856949534551267 0.792962934738876 0.872299629891914 0.784854985186261 0.882705544505927
0.777269357694306 0.798838944457458 0.88497206313558 0.850243955843131 0.864909453962165 0.82376622490736
0.898911788959315 0.84196949433623 0.482729947222588 0.926069515978402 0.872651999517685 0.97766725398578
0.878431127627708 0.690539905286777 0.791130991686453 0.968140071949074 0.875660375507497 0.796097527942491
0.967216967333243 0.860257616017216 0.933395107826582 0.739389188162683 0.764307503305834 0.735433617354441
0.844053305638482 0.793800331095377 0.813780911215875 0.915588534391533 0.882273065104428 0.750503852554306
0.750882392497987 0.897808985342316 0.776538362564729 0.723798460864329 0.941484822923177 0.909486975807463
0.71978771198586 0.859912754576286 0.88319087432581 0.798176841093105 0.841565034108899 0.897366783910039
0.824310729508775 0.922244987490823 0.719873927445209 0.938085899884199 0.785772466506055 0.809711989164939
0.844078150985826 0.748706430460835 0.848883089686964 0.726235171828125 0.846660629003015 0.985436528035236
0.72498064474194 0.932948917403312 0.902821862288457 0.763151117169575 0.9346544368588 0.741443021537917
0.765686638283186 0.834835842698182 0.766838420862482 0.786261621648529 0.952151334168495 0.894226142339126
0.763572264215357 0.778484979804268 0.818972571297709 0.782114607764088 0.996103325011004 0.860752251907574
0.782210784898855 0.917827924910181 0.770661115467261 0.941629328540988 0.75586389924428 0.831806946938435
0.851742862046239 0.961459509318769 0.799467413643494 0.786773627157703 0.791967201132393 0.808589386701403
0.7029411150961 0.66721605414777 0.971026437321056 0.89575139111121 0.791184857117149 0.971880145206715
0.54450359320368 0.979529725429171 0.959219014967308 0.72755888917302 0.853981927317093 0.935206849909728
0.770606426823562 0.871178161987191 0.944216049413678 0.882676427213705 0.868136810351575 0.663186124210289
0.846450897937239 0.631516457005119 0.978987679603537 0.931980541929522 0.991497277174794 0.619567146349789
0.871448067031393 0.96741657092807 0.837846668027934 0.749850387430855 0.758824883775543 0.814613422806206
0.819937211675526 0.722960434693126 0.849244412561314 0.970555935190557 0.730080072482881 0.907221933396596
0.715767460338362 0.823314350903036 0.719573525416789 0.917571165415963 0.910526377483473 0.913247120442376
0.664248248673885 0.960326819573581 0.844707283917681 0.821267257550323 0.86762501777335 0.841825372511181
0.771800740059704 0.9744775185537 0.917253680970706 0.825683677146667 0.695205362862421 0.815579020406802
0.888607834990469 0.866475356143793 0.767851398521137 0.762890866124064 0.863659718298813 0.850514825921723
0.870419364066248 0.754714664537421 0.847212034412769 0.860321436986941 0.834782421369817 0.832550078626805
0.764676668020105 0.954415965083907 0.848113849186061 0.82609147665578 0.729840840458331 0.876861200595816
0.98530540034438 0.777026291725896 0.759313896635771 0.75364800351558 0.775800742975919 0.948905664802454
0.882200732411076 0.978072491827311 0.716313081887134 0.795059981449436 0.83157475367741 0.796778958747633
0.689350445741817 0.959925437022533 0.819895067527312 0.991478703376657 0.753140578087151 0.78620976824453
0.775604084030641 0.743282172354968 0.803841410061914 0.961605324232831 0.785761461436311 0.929905547883334
0.549169870793913 0.728198731211969 0.835652255344462 0.991145806165737 0.899966405982861 0.995866930501058
0.794681947626598 0.781447264083915 0.773452659481377 0.949118589071473 0.880529816930324 0.820769722806313
0.853751497534765 0.669193903097527 0.898437274598131 0.983132504761659 0.912224871416544 0.683259948591374
0.759575156844308 0.977429310841096 0.708172039107539 0.924576642450972 0.890575687959264 0.73967116279682
0.922777076873256 0.795797432352782 0.781175706605445 0.897577654509899 0.760189205854697 0.84248292380392
0.906338813530056 0.848773184341777 0.697803926702777 0.910793894271689 0.825581119410952 0.810709061742749
0.790587022312423 0.959721526355418 0.593374371587751 0.827974036809618 0.896250990477944 0.932092052456845
0.728458982905826 0.750386335700246 0.760464171401922 0.96531532479424 0.854721341599287 0.940653843598479
0.783787771781056 0.713093335088515 0.824621860366318 0.912742025231957 0.79556448560633 0.970190521925823
0.948902360875543 0.782871236627138 0.818176860833402 0.774865740637119 0.812302016453191 0.862881784573607
0.898576988680106 0.71057614335988 0.711212670899081 0.947275183950499 0.941622517899287 0.790736495211146
0.894620951402432 0.963026292301891 0.842182466210005 0.84027255292081 0.791168660761219 0.668729076403643
0.726465146735277 0.755057951910633 0.784180877891966 0.935579971882332 0.90704834583373 0.891667705746062
0.758822732446538 0.789007007837987 0.911740696392853 0.869581354036223 0.991722333256218 0.67912587603018
0.684426986718121 0.886311564850147 0.747586585610946 0.784524406100086 0.96467727973975 0.932473176980951
0.743489902774123 0.670423753033479 0.9948034284765 0.991063209561357 0.835036803192601 0.76518290296194
0.733621966281816 0.727252889539561 0.7979315342922 0.97635513925833 0.924161055880268 0.840677414747826
0.797404700161642 0.820519622140566 0.895555939648751 0.864115426248614 0.746006572366186 0.87639773943424
0.829105370231939 0.811673950640168 0.825315264756769 0.835311149527842 0.886947683210168 0.811646581633114
0.867680496645109 0.805428295933843 0.726742287535775 0.868768213307742 0.75956034648271 0.97182036009482
0.769985905542941 0.662917978781293 0.988675390841842 0.774214222581178 0.895434332459426 0.90877216979332
0.640657862811466 0.717877829999079 0.979219548435258 0.968867230763419 0.95401177394595 0.739365754044829
0.834964608204275 0.916620975659708 0.819596457273953 0.837274569118296 0.785186003353844 0.806357386389924
0.939903813649253 0.844597785312793 0.779855200204907 0.865394557571905 0.79532754245232 0.774921100808821
0.806793446400189 0.97062666974768 0.77461213479026 0.790048119640972 0.824720685234359 0.833198944186541
0.917791385587327 0.7801578402848 0.945184497190556 0.74400375261041 0.751946195880899 0.860916328446007
0.992329388261533 0.870808455426068 0.651121582241567 0.997489600069692 0.761788667580182 0.726462306420959
0.805020159710848 0.912343571006349 0.940837420721289 0.768157307943934 0.788716820424671 0.78492472019291
0.76809215898632 0.921489665220849 0.924333855879098 0.99875371305755 0.793858601920362 0.593472004935822
0.9143546670345 0.846371365877068 0.813959882819937 0.765834840801277 0.835948414847293 0.823530828619926
0.839307772119698 0.588109773252898 0.697355732178329 0.926114132775119 0.998721390709849 0.950391198964107
0.951949733741683 0.882460200110287 0.791214949946035 0.728306882359404 0.832527109204907 0.813541124637684
0.786970325440933 0.732540659099049 0.951562226853087 0.734426375449776 0.882466054751067 0.912034358406088
0.875649306191466 0.797091826425094 0.802412074223373 0.833818394355997 0.841547690646363 0.849480708157707
0.891884479486433 0.947489168857936 0.76417891233061 0.80789906099811 0.789910153434039 0.798638224892871
0.769857628301444 0.780111334964787 0.823950759965233 0.986036171360337 0.7687682793477 0.871275826060499
0.847286752453874 0.789248907940142 0.98288627897936 0.6882858028955 0.744250624135762 0.948041633595364
0.821182323090843 0.871948189688791 0.979978651652806 0.793079627505842 0.843126232048972 0.690684976012746
0.913221927410956 0.989708570394665 0.799073955339601 0.854920497797327 0.700743275777798 0.742331773279653
0.920617343553211 0.750017086704679 0.916951832542133 0.809286751614273 0.847370697170977 0.755756288414727
0.950580388609286 0.89611940656699 0.762495735729211 0.858254684809936 0.761589909248912 0.770959875035665
0.979273262364958 0.496216179362889 0.633004258629494 0.980013410805813 0.934369986669661 0.977122902167183
0.841908145624497 0.927536101405397 0.852832224680138 0.775123551829102 0.778775884143432 0.823824092317434
0.796456390704067 0.7767247221431 0.877737798232978 0.85126032953504 0.846974830766856 0.850845928617959
0.631143146404056 0.597814287721244 0.949695744248449 0.995203255813598 0.975770346857959 0.850373218954694
0.998518616081724 0.927782927439335 0.784884957705264 0.611902324378752 0.893060570927768 0.783850603467157
0.833111603312046 0.907224623111048 0.819099455973664 0.919412973334267 0.766775922980979 0.754375421287996
0.905980408222391 0.76766471026914 0.795300367747213 0.776554026267561 0.921142982743337 0.833357504750358
0.759795521269538 0.84579889911839 0.818052305229585 0.946827030962432 0.672755170742424 0.956771072677631
0.746192667353621 0.783906183707298 0.860648628204012 0.899959268092578 0.812046765608197 0.897246487034294
0.730889899607132 0.748427968606608 0.886349771361676 0.747571945349044 0.887918345936749 0.998842069138791
0.866746762330507 0.72049802834059 0.751062224202555 0.949928859795994 0.99140224878862 0.720361876541734
0.980759942492246 0.675948742944716 0.952902496960635 0.982679180628173 0.665266251817002 0.742443385157227
0.691752247006008 0.946661242657835 0.849420498473645 0.903600708582407 0.75920065751105 0.849364645769055
0.931661502340148 0.790656509075759 0.998417550166413 0.691218291372882 0.715628177316082 0.872417969728717
0.774723089135485 0.786477340135671 0.861083450168178 0.844282311521166 0.77636395233291 0.95706985670659
0.847951237410562 0.748456261270969 0.779405155981572 0.879428951731732 0.863987984336112 0.880770409269053
0.775042868832951 0.926769729220058 0.788041995894061 0.820134588595818 0.827835786807992 0.86217503064912
0.671565859346025 0.857000744508156 0.983120185005483 0.824286373515652 0.736605511376949 0.927421326247734
0.789767746203761 0.808269484455371 0.836598638604693 0.985266777880712 0.830770234825442 0.749327118030021
0.783999074489098 0.881750718095099 0.892377345369355 0.790920402477854 0.828080700783827 0.822871758784767
0.776851922314161 0.845494067748163 0.998416795347971 0.762690010219496 0.688615815292542 0.927931389077666
0.639927998612198 0.972311610125152 0.778292124327847 0.978607066156058 0.983310277309824 0.647550923468921
0.748927700380485 0.770098336865256 0.94283841950193 0.843427739144033 0.828082319475219 0.866625484633077
0.705606257740092 0.860008556997286 0.881602576536722 0.739564714007727 0.817099697590741 0.996118197127432
0.779243977301044 0.795877255336321 0.670935081845255 0.998757226467754 0.762790142811702 0.992396316237922
0.756467513056924 0.850713240773232 0.783505690123667 0.823432737428645 0.79585247483998 0.990028343777552
0.698908836381992 0.854158908353244 0.916722601231684 0.847842603826893 0.798683199483914 0.883683850722273
0.987196683011415 0.98275954908035 0.861294466339333 0.93734485924481 0.634370400209529 0.597034042114562
0.886806148615884 0.778455987293691 0.722074534555995 0.755766730471841 0.97434934577243 0.882547253290159
0.804491832311812 0.816808065219915 0.965238340052212 0.75446288802086 0.809295424888295 0.849703449506906
0.62374411170698 0.983761617165802 0.926093801627031 0.947665245549536 0.679906500267542 0.838828723683109
0.791714765535481 0.866505291248288 0.749047332745114 0.850218317713368 0.893751230912723 0.848763061845027
0.77960528843779 0.999786041863631 0.772610127554289 0.774393563431736 0.84590097746052 0.827704001252034
0.761976844382835 0.989672531973048 0.938346164779579 0.809978829316923 0.686722958156022 0.813302671391594
0.745553036378775 0.791628624374276 0.940754504752228 0.780004458806553 0.977000203724838 0.76505917196333
0.8608551772441 0.88042920585406 0.732270227634575 0.881613472510091 0.929637184929777 0.715194731827396
0.815230221344356 0.868885632512251 0.802554152292395 0.874781781881116 0.822156553481724 0.816391658488159
0.877356562722521 0.891788596180808 0.699017394016795 0.821567036562373 0.717100979376187 0.993169431141317
0.811906432193065 0.820288979842599 0.886042444137215 0.812157027612063 0.824849036501962 0.844756079713097
0.941503700048305 0.797090286068991 0.764444757076036 0.761279884059035 0.832118006923754 0.903563365823879
0.762872255995386 0.77055357643783 0.843143894474333 0.989775940813022 0.813334796030567 0.820319536248863
0.799073483214604 0.944757282421373 0.69927743133673 0.954002807105661 0.749779611387575 0.853109384534056
0.771369162884029 0.967423522354649 0.647262537797548 0.992317711018275 0.977436866355926 0.644190199589572
0.7991849071756 0.837528494191978 0.916415855429584 0.889362545234662 0.787886265828033 0.769621932140143
0.983552365649493 0.659276879441299 0.81353880792957 0.743001747050632 0.801290490263295 0.999339709665711
0.725432931672725 0.955910204649431 0.923760663983064 0.849655163829036 0.69218215642441 0.853058879441335
0.805308492224624 0.80811007905579 0.764301871084503 0.763781846948471 0.886498069779931 0.971999640906681
0.846665798074218 0.836878422001766 0.826419528429868 0.730845425327283 0.872117414170947 0.887073411995919
0.76596386529912 0.955993317266484 0.804242768850263 0.931884821947765 0.779359494452424 0.762555732183944
0.684435863027825 0.795815140572096 0.960517987471267 0.871290139441824 0.74292844211815 0.945012427368839
0.810401579862893 0.832195567622982 0.81868015245453 0.847873754727279 0.871221681935218 0.819627263397099
0.886967414601263 0.895958608592366 0.778214602766804 0.780780019643247 0.76637747634785 0.89170187804847
0.77545005453678 0.726877305310905 0.890971866585303 0.918287618540302 0.738679121750554 0.949734033276156
0.820812337780872 0.768873288370472 0.797632627922914 0.994702449518315 0.805119382103399 0.812859914304028
0.71588151725884 0.790611107368051 0.915043469863708 0.888720592074667 0.74424218450316 0.945501128931575
0.889823440943932 0.693116178197068 0.777739578952346 0.983465828500448 0.776360298420326 0.87949467498588
0.755176296439829 0.794983206040597 0.84721560369341 0.780186067529179 0.865736034591061 0.956702791705924
0.831141694689982 0.928543320691844 0.607609557062722 0.790856172884762 0.919146085638028 0.922703169032661
0.957870658057429 0.877441459951727 0.624462355794237 0.891582234452884 0.885046876919811 0.76359641482391
0.869281625926239 0.941568439155006 0.756981512303522 0.705130375273144 0.97379030234323 0.753247744998859
0.776971648631368 0.97254088534215 0.534643071216889 0.972754647361582 0.81151106759744 0.93157867985057
0.885153161703997 0.744372611229485 0.748430047341787 0.923747112188891 0.89337310127102 0.80492396626482
0.939539882971415 0.964424881976254 0.620506933310534 0.881387082849703 0.701314073787403 0.892827145104691
0.717673868530029 0.997753939792392 0.935339455052335 0.705212786185158 0.733787622861287 0.910232327578798
0.683678421658644 0.834712432623532 0.971522955102006 0.845503327149702 0.724623568582504 0.939959294883612
0.692397086544198 0.683172800702147 0.859958975492144 0.935387838193521 0.949746911702358 0.879336387365633
0.788865763554324 0.976605253220039 0.738435455911128 0.773783183498583 0.835211613190934 0.887098730624993
0.974672789587868 0.692328622752421 0.756468462676538 0.981367881516882 0.817386252896034 0.777775990570257
0.882900352100433 0.828630739661441 0.853854504639903 0.924397402121708 0.737160801214317 0.773056200262199
0.776819552650985 0.857961324771337 0.826283763596573 0.930108350460873 0.810925704214045 0.797901304306187
0.888991517682978 0.765428601870903 0.757231827006889 0.904913140195939 0.8705691082242 0.812865805019091
0.805555199424347 0.683067777282135 0.77781598806057 0.813908384716483 0.98840230933864 0.931250341177826
0.856551468975005 0.974006859287269 0.788795336434993 0.708417229345777 0.679909045065458 0.992320060891497
0.777981815106794 0.812564668817695 0.905030435588977 0.829056685599463 0.896639843310205 0.778726551576866
0.798515710860157 0.923757382442159 0.805479490518315 0.779898590659835 0.902135148954408 0.790213676565126
0.812566209592301 0.925459567308875 0.855240484798866 0.677122635798966 0.791900860248766 0.937710242252225
0.741291436376587 0.654187877594639 0.949773057470393 0.882410442604333 0.939884173295404 0.832453012658644
0.767507764577308 0.866637852885506 0.815202462945339 0.963224252122698 0.724815614972513 0.862612052496637
0.805045745547244 0.901070668862169 0.721364325857698 0.783942677860323 0.852722004487578 0.935854577384988
0.874664149329489 0.874969163775366 0.807104402973905 0.736401483011624 0.928284195870614 0.778576605039003
0.877386867359349 0.687511558874479 0.743472180978027 0.911624788565804 0.845309481200726 0.934695123021615
0.710879736510928 0.838725573417265 0.781527543718562 0.981066617512899 0.87851202022932 0.809288508611026
0.778231524546074 0.923480462757583 0.775416684148938 0.775463473187289 0.762961708346233 0.984446147013884
0.75168873633301 0.677313911488748 0.845082339364818 0.801199038121591 0.991055840757325 0.93366013393451
0.869483887679826 0.799385975573539 0.999243559851435 0.530235598655796 0.869684120489661 0.931966857749742
0.868485181553876 0.908820313113461 0.96921864735403 0.885227996823122 0.549607675585007 0.818640185570503
0.784685248869493 0.900339189862296 0.890481938168153 0.840143781062596 0.772908005993371 0.811441836044091
0.698782006460854 0.854410862349406 0.720808682754411 0.844249407838902 0.915073773995254 0.966675266601173
0.947522615347896 0.788832842773255 0.65462615663094 0.767751069432099 0.943117168575944 0.898150147239865
0.882833439615785 0.834633981030107 0.887332167182929 0.783004627201994 0.706171662419053 0.906024122550132
0.79860458123922 0.875226205870665 0.900291972200221 0.748547161328797 0.841832431056075 0.835497648305022
0.894238164444231 0.858763099543104 0.498980353808231 0.981391634502494 0.975565592182426 0.791061155519515
0.935784281816912 0.902971656204106 0.749259839513741 0.79226634036273 0.838237413178439 0.781480468924072
0.901287965891107 0.803591014983275 0.791216520680811 0.872390026003282 0.998890633804578 0.632623838636947
0.75668700733808 0.738676317309501 0.750664320711043 0.95752430073539 0.955256837155438 0.841191216750549
0.68730712986516 0.939486586258949 0.727122163288586 0.787100440170284 0.927972957567224 0.931010722849797
0.85462425018534 0.865605069716114 0.80297490057326 0.869959134453176 0.868790166371896 0.738046478700215
0.85462017064593 0.788182405036551 0.858344454068502 0.90089346112405 0.796717136325791 0.801242372799176
0.79255136413958 0.743936253282765 0.927842950682087 0.965406431783422 0.860950193321857 0.709312806790289
0.997561950037883 0.716414325114731 0.738257485656461 0.996276719120026 0.903700954017737 0.647788566053163
0.833461891969154 0.887582003701247 0.787906106202428 0.745126745445653 0.796535105043563 0.949388147637954
0.819584389226518 0.78304835124784 0.980586194716972 0.82551872862597 0.864285789879481 0.72697654630322
0.843480893627527 0.640397682059751 0.948786425821668 0.655726278865368 0.945912155814028 0.965696563811658
0.847854750109273 0.703878893596644 0.747198945886141 0.952886295144713 0.993475822565198 0.754705292698031
0.962008487421707 0.990428080107391 0.751663760913636 0.704130425357589 0.905265157094546 0.68650408910513
0.802183712819852 0.803837597374497 0.888493469260087 0.81320181252928 0.767335467651496 0.924947940364788
0.753002700856897 0.998501937984676 0.674250558228451 0.902471094230619 0.728351388575709 0.943422320123648
0.715844210108768 0.992338636490419 0.69886452916583 0.899819974333325 0.704186856908982 0.988945792992677
0.832732298914519 0.964777883594928 0.667207650042384 0.82712183500573 0.879491320062917 0.828669012379521
0.762564190005134 0.80964720094325 0.787926975137296 0.762185905857003 0.920085148186071 0.957590579871247
0.975814452209721 0.803596219450776 0.828875601263573 0.711520710107427 0.846292237391467 0.833900779577035
0.926251590092249 0.771883424464063 0.748924202719291 0.832089773348965 0.983308723873699 0.737542285501734
0.668741185332349 0.985955594990127 0.797156251112709 0.719572912437188 0.950168812146913 0.878405243980714
0.797186882617269 0.872601640004305 0.920407088178674 0.776103765497491 0.812159347414455 0.821541276287806
0.609934898176625 0.967162108194384 0.655973223760505 0.783822756076104 0.993004475683154 0.990102538109226
0.788794706877787 0.936707691410123 0.974699446945912 0.734944786270952 0.61924222605724 0.945611142437985
0.69074069259664 0.928380688428693 0.720141268459271 0.831432495618736 0.918519414493785 0.910785440402875
0.978156888615316 0.917022474091702 0.754327504819953 0.845075661407577 0.879552578471561 0.625864892593891
0.795077590127164 0.751096412404704 0.993032100947394 0.95087554589186 0.719612441842691 0.790305908786187
0.789464989888572 0.828270644230095 0.786940101239269 0.906570447248466 0.842494826927194 0.846258990466405
0.961118842800757 0.978646686550128 0.724861796185233 0.712542063909049 0.856995860340281 0.765834750214552
0.801802910216633 0.817658966145941 0.743836342498721 0.734271533991929 0.975820109280992 0.926610137865785
0.939783549132443 0.858549942644169 0.685115991031134 0.848843238135493 0.943845439417704 0.723861839639056
0.817290409300045 0.838634358711118 0.792459262103004 0.754210674208747 0.987859672816266 0.80954562286082
0.821863336234267 0.853077436451192 0.863771314735203 0.884464831781731 0.809286916367006 0.767536164430601
0.960938424170794 0.883776861083515 0.956812435887546 0.843560246274973 0.660841435987793 0.694070596595379
0.918957673602227 0.83217387794165 0.919819582415713 0.783071706354762 0.764221071566691 0.781756088118957
0.69646942041554 0.774583223115151 0.890228531909694 0.983820405990772 0.803320796008497 0.851577622560345
0.869902124575763 0.839585161527092 0.946386093012304 0.923096431636937 0.583316237670545 0.837713951577359
0.760235637014137 0.802424469659802 0.772980265767384 0.953425909144201 0.835427063155502 0.875506655258974
0.584887499007622 0.905673258826986 0.83301773853746 0.753739643607098 0.925562594686426 0.997119265334409
0.711968473962942 0.833026931133308 0.714482953687257 0.88848535605224 0.89180858400946 0.960227701154794
0.713313550657677 0.97004839923483 0.958903486284227 0.786811490622213 0.824281867164774 0.746641206036279
0.807189289429209 0.889067319799216 0.864469132305178 0.895399611670396 0.744107105498121 0.799767541297879
0.97411452800747 0.78708875027701 0.882602775523856 0.77125825724193 0.840732006545014 0.744203682404721
0.749965768273908 0.777179796548724 0.687152714162405 0.999290816254952 0.897000201245996 0.889410703514015
0.890785217039918 0.896092025816659 0.822225462322587 0.938499013089002 0.731193306983894 0.721204974747941
0.916169476046893 0.896653324400299 0.655209491155576 0.749875217754588 0.839715324808998 0.942377165833647
0.805184454212955 0.830101713833658 0.89038499127428 0.954365156070178 0.73752739831201 0.78243628629692
0.91972387783074 0.991443716607149 0.829325946004217 0.56166695821331 0.739674158237262 0.958165343107322
0.746465499446285 0.927436890346794 0.741331034250485 0.74618561584642 0.989543260693236 0.84903769941678
0.702356000297318 0.983905490847627 0.921477905250623 0.743281244935661 0.696445755268284 0.952533603400487
0.97936516394808 0.692146887438584 0.979547899963506 0.733626869442856 0.838530882063526 0.776782297143447
0.765392799977666 0.826805918664508 0.986713712622961 0.857952672082665 0.799123840585762 0.764011056066439
0.817562478547917 0.824403782027691 0.952493750189024 0.779082411601284 0.788727632535472 0.837729945098612
0.938700565551351 0.699857714187105 0.907235084442435 0.711156812962769 0.885135359635073 0.857914463221268
0.751759333241317 0.553738230295102 0.843868278331033 0.980983815883672 0.873937883558047 0.995712458690829
0.817938947833336 0.73360543586614 0.873550166063628 0.847874863922905 0.824791969937691 0.9022386163763
0.974142412398662 0.70929467732778 0.877897626908056 0.870399961388992 0.87424690821625 0.69401841376026
0.823395685480845 0.689572610395973 0.87626052797471 0.889193044437404 0.969501141969799 0.752076989741269
0.824856976786941 0.857090999848633 0.900459481154479 0.829663907765089 0.774578069701964 0.813350564742894
0.796553914153944 0.948398960170431 0.569663139321483 0.950924679556642 0.969277190849925 0.765182115947575
0.787981176479811 0.906250763278247 0.774090306852423 0.821384813503426 0.884681671413006 0.825611268473086
0.846598729412832 0.91465188832391 0.756081860094926 0.846790400409815 0.833525860514459 0.802351261244058
0.947572700354882 0.865634120674797 0.732389570917949 0.728820388364477 0.81460944082586 0.910973778862035
0.698532559927474 0.78617501654572 0.804887534822001 0.79712594453962 0.9485423117886 0.964736632376583
0.73897984236086 0.784796926115808 0.903449568354573 0.770263897605719 0.978353645280532 0.824156120282508
0.938249319001457 0.905638131997742 0.801849583460405 0.704121873232038 0.751162944501768 0.89897814780659
0.932813254641426 0.990776780150669 0.696131631770503 0.71154029135316 0.812777675013909 0.855960367070333
0.828064333440792 0.789330504790089 0.788048423115998 0.865137280011512 0.748147889354301 0.981271569287308
0.859151635074356 0.905103818803782 0.774937981073317 0.709820198144695 0.870472350620521 0.88051401628333
0.857372096490848 0.786721024272144 0.73524339880147 0.915347904353666 0.791530767272299 0.913784808809572
0.803235058620908 0.81100907922158 0.752363388014406 0.750033273904242 0.922500514533051 0.960858685705813
0.934413980371531 0.750092550635743 0.998691146781363 0.698731465157694 0.870175666882886 0.747895190170784
0.746122028895042 0.846893329123327 0.833183291679482 0.785509928408915 0.948259744782011 0.840031677111224
0.81309261435556 0.943845988069679 0.723880318545877 0.715449208932819 0.82883829935522 0.974893570740845
0.736962525189755 0.757699940777947 0.70918492419939 0.889771192966178 0.939742773543013 0.966638643323717
0.848111929994132 0.769247425362095 0.88944846941376 0.79025179079637 0.781020023202916 0.921920361230727
0.767541789500002 0.921116595556118 0.882907467340525 0.744210754385086 0.921888784187617 0.762334609030651
0.952246114716433 0.964572648254609 0.665764359995524 0.905442864871957 0.543086344956658 0.968887667204819
0.821544855694008 0.77401106528978 0.776281406482102 0.880072056502985 0.903906437745331 0.844184178285795
0.853413886981091 0.779774628111441 0.880227337884747 0.931247225651033 0.746269820290892 0.809067101080796
0.831441292683568 0.914211041714718 0.789150043524339 0.802496422779479 0.877054233947937 0.785646965349958
0.781785298275819 0.866123585762153 0.783740057839417 0.991595616430288 0.613365309403062 0.963390132289261
0.848393892477027 0.785596929740091 0.92670250948722 0.799318649570695 0.789368640726999 0.850619377997967
0.98738379912775 0.895997068049833 0.65157512817754 0.9347288291278 0.837717874355364 0.692597301161712
0.709200840199072 0.951555700118772 0.707471854526735 0.846454627791561 0.864233552981541 0.92108342438232
0.798105089081178 0.964261784111861 0.768406982813083 0.674453958291224 0.798319252719137 0.996452932983517
0.85965940145914 0.999478974293467 0.836643369563203 0.70057362523743 0.821308640287769 0.782335989158991
0.98635698845168 0.797593710081996 0.817297716904289 0.75731698643519 0.868177015893399 0.773257582233447
0.908194383924866 0.695567078245657 0.967729784165106 0.69399732334688 0.857868355771069 0.876643074546422
0.959431307927789 0.950164622066463 0.847762634488261 0.470293295657221 0.951238454642482 0.821109685217784
0.949070092533725 0.814718275813793 0.816381884490492 0.733569672417021 0.828340077520356 0.857919997224613
0.640888234803356 0.99277559152005 0.997280962073348 0.744174788686943 0.845387424664641 0.779492998251662
0.779873941109485 0.861195114799581 0.547680701187888 0.993474165697007 0.972414334370129 0.845361742835911
0.997114963775259 0.976354463097223 0.631722672634552 0.970662378306264 0.768645440058981 0.655500082127721
0.778154108682891 0.889701855567928 0.793020941945689 0.891028537237322 0.818161112052421 0.829933444513749
0.95110354588895 0.704751967822139 0.799098053654419 0.778708098775092 0.852827656108182 0.913510677751219
0.809715393613526 0.794938284506654 0.933840625564625 0.734863882881138 0.893789018755925 0.832852794678132
0.835578586663837 0.780592338870128 0.768838505370854 0.851248797135017 0.85800223148634 0.905739540473823
0.805184350742507 0.790117984108441 0.823322162364706 0.846330970720972 0.762392590851743 0.97265194121163
0.902458749790262 0.755988562493517 0.814437528676482 0.755908328086592 0.910070943997295 0.861135886955852
0.777059627139051 0.936637493860961 0.864165655099607 0.94338337291178 0.744715992566922 0.734037858421679
0.808131844314165 0.81114333678195 0.78481061289611 0.837868815840186 0.770766655490896 0.987278734676693
0.88368555299578 0.849624563433242 0.779523553558379 0.836480533207765 0.885945087966578 0.764740708838257
0.852216907949217 0.91115226062604 0.602123977213768 0.973174007854761 0.827220069872094 0.834112776484121
0.885171353353081 0.839777210055942 0.74812420169735 0.678856861253332 0.864631737357335 0.98343863628296
0.814488400669977 0.865853315085674 0.86411075602317 0.850558328971592 0.820102544791876 0.784886654457711
0.892052545921294 0.918162099670073 0.82005489730555 0.719153995352784 0.753242703037672 0.897333758712626
0.690870311021081 0.762555332046106 0.936034720052075 0.871505353947726 0.852975366884255 0.886058916048756
0.981235652734548 0.80929628978791 0.848317539581387 0.802963061576352 0.783565091942142 0.774622364377661
0.825728760653159 0.824279534611077 0.817273469961726 0.745123841295468 0.841102834746667 0.946491558731905
0.79301059613274 0.916793244762937 0.745594563428156 0.867991610952069 0.69659917849669 0.980010806227408
0.854354459528826 0.833212031926435 0.7659629959582 0.866509298496923 0.835431315585517 0.844529898504099
0.939503800168039 0.750227748154451 0.780717514535297 0.932788151125238 0.857825731783283 0.738937054233692
0.906400550556626 0.90821442034105 0.755705515750171 0.823178439730053 0.742645540471182 0.863855533150917
0.919181554104361 0.980868838456765 0.814621823988733 0.851690804312526 0.672520576884416 0.761116402253199
0.801360399136787 0.965078216048339 0.807074706931361 0.825999998896308 0.782066397118921 0.818420281868284
0.664048068767361 0.843458838041592 0.960199814016876 0.670696095237534 0.912655154729082 0.948942029207556
0.792121877385024 0.758558109472478 0.90826233522183 0.893164416874313 0.814254171401701 0.833639089644654
0.671867268167272 0.997835326015477 0.688874343806404 0.880609109039081 0.884402013127296 0.876411939844469
0.738007200908856 0.71387099653281 0.979577462998063 0.838371140473657 0.906335377015049 0.823837822071567
0.986452993791169 0.733092353449534 0.720491165326266 0.75973478787621 0.855157151246963 0.945071548309857
0.752011479736489 0.889600598888042 0.971070577754496 0.742333061846128 0.757566871291444 0.887417410483401
