0.847602637163573 0.856999618600012 0.987348297709322 0.934630727533817 0.886392651293441 0.813500673070529 0.840513214900161 0.958488506680048 0.874523673049097
0.907037329769234 0.848464727835506 0.921331801321058 0.847782598080421 0.910015515248036 0.904008654259911 0.863334411194205 0.905214950552869 0.89281001173876
0.723529010282042 0.989739379869283 0.841390581484632 0.959213658027573 0.898938479933254 0.918353460252244 0.924489534954385 0.911997863201354 0.832348031995234
0.940401763140314 0.845629885555548 0.883865984209182 0.628217449158698 0.985447553462257 0.897801749707982 0.966027982099437 0.857711373696955 0.994896258969628
0.892108956393749 0.927390667315479 0.911268123986561 0.758509605133077 0.918373037338089 0.951363988702013 0.847852952019741 0.994544103930937 0.798588565180354
0.992548763040872 0.913883590048921 0.87899407075016 0.8238592424776 0.894319870934394 0.843185718712612 0.851573686202087 0.89659844351467 0.905036614318685
0.846015926784011 0.85633358702472 0.8681184879582 0.961285968755402 0.938154537015774 0.863420367346911 0.890989326198598 0.849408325877143 0.926273473039242
0.834435807127341 0.751791472156608 0.915398434503251 0.949289906132836 0.829213170411792 0.907640892956928 0.949720393968595 0.954095526931262 0.908414395811388
0.926583443855033 0.917818870174434 0.838804788005315 0.967742508300061 0.922590666509827 0.858991884615366 0.837090095208229 0.900425323988334 0.829952419343401
0.90433518243661 0.85552059115662 0.964754694411662 0.827226386609873 0.91168759092349 0.819176712044865 0.935404644735549 0.882449145698005 0.899445051983327
0.822021775123547 0.949543469834017 0.883221232886572 0.81757083879441 0.960589256980472 0.851735713702229 0.983114050285006 0.83121957118159 0.900984091212156
0.893461306172017 0.933734395590581 0.964647102547968 0.812243421310696 0.827106970615425 0.927964724542571 0.853142952736525 0.899473930866985 0.888225195617232
0.893303046674894 0.87775152449013 0.919109484794039 0.804085198560876 0.9494169719363 0.915101201720035 0.996188965572093 0.796268173957778 0.848775432293854
0.847325570244009 0.869684799644201 0.841391985558756 0.92932042086299 0.888732585083385 0.923751493261965 0.887995942503847 0.932838647311748 0.878958555529098
0.852344724206055 0.806287651820918 0.93959170239534 0.992663689105137 0.787712690635987 0.893697036596037 0.89024281955872 0.985758602597683 0.851701083084123
0.822583061785329 0.90370468946394 0.799903452332953 0.812134343419255 0.953716649420781 0.995385072350117 0.849535860678383 0.895050158924107 0.967986711625135
0.870865074266391 0.967016993999207 0.782875925526187 0.899162582792566 0.904104573540827 0.953149204889373 0.837131205121362 0.967505412116269 0.818189027747819
0.817486104317758 0.934858696347943 0.820837101294889 0.949141888228103 0.909377328378617 0.977092397355796 0.831807582724379 0.926734896347198 0.832664005005318
0.916354489342093 0.92045449585539 0.801732307238092 0.969014572179477 0.885638183288414 0.844758082175645 0.962960203646386 0.819378890970813 0.879708775303691
0.776499343712802 0.904256116786324 0.950700503114158 0.974599650508651 0.787403476301435 0.958981436147612 0.96941678811083 0.912182328738208 0.765960356579979
0.908472668889934 0.888033397316219 0.889812345743911 0.956071750245388 0.976845307146893 0.794219455202393 0.851839156016111 0.795677044961351 0.9390288744778
0.879084941732267 0.897356506451469 0.945506516510698 0.801319256221586 0.968185288419837 0.813313326051282 0.85253795372331 0.986893250861783 0.855802960027769
0.991463129456992 0.821966880100434 0.895556873915997 0.93709379493912 0.912629868822544 0.818939060901855 0.844701950753236 0.945414351388141 0.83223408972168
0.759102355047212 0.941311037707306 0.990783714133579 0.845547749991929 0.906834373883333 0.96546179750086 0.905849284621792 0.795142786545251 0.88996690056874
0.863391864467782 0.852156230978953 0.93850575487829 0.886775089705164 0.905420799925729 0.840198466339382 0.860425266635934 0.932374759802835 0.92075176726593
0.93695848178715 0.82975360712261 0.950722653815303 0.985798492350809 0.737671709592537 0.728686982510979 0.874167600776422 0.973854540094565 0.982385931949625
0.812077531935773 0.887542520618642 0.888516788268491 0.773915843874647 0.884953804325041 0.951617404519867 0.855188896501007 0.988808401973342 0.957378807983189
0.954290081539958 0.991115940088259 0.892404881724079 0.874355143544238 0.858031107787682 0.817979465170778 0.924747024135736 0.830212334919602 0.856864021089669
0.851195511035093 0.848393900663401 0.985078520939934 0.851279547798838 0.988751442082977 0.896928170808749 0.836316481245821 0.894607994797236 0.847448430627952
0.848903762927119 0.896493035683717 0.891947955856756 0.95879614977079 0.906198890033846 0.969407380539101 0.874103515771495 0.819520247678748 0.834629061738428
0.957878079639897 0.821949340423526 0.844190629490939 0.94783897962142 0.847676202172863 0.898171637727571 0.902878396261345 0.813807895150035 0.965608839512404
0.86989855769237 0.832534850088317 0.900453167634505 0.992368403683974 0.934165685085837 0.892778884639613 0.818634737830236 0.802305572369262 0.956860140975887
0.827556046261552 0.942691876559861 0.978042565428577 0.931393873407278 0.88215112609986 0.858405906731272 0.890102881265092 0.840267244582797 0.84938847966371
0.84310356767486 0.972884394245523 0.813363814503566 0.804227600900262 0.888311688521103 0.818646960933397 0.956033474906505 0.989117657574783 0.914310840740002
0.741205896810696 0.712771527075268 0.876474953264782 0.967003708140008 0.984393325915316 0.973229557934591 0.848468136415932 0.960546356184618 0.935906538258789
0.983536375249172 0.81232986608026 0.876579806644866 0.965653794060639 0.993503703438753 0.992231626633869 0.995503499107383 0.724644510731905 0.656016818053152
0.934865797227642 0.952053413493085 0.989778934088598 0.821738750200634 0.958409776008571 0.807841343466015 0.815459729013529 0.819728223534372 0.900124032967554
0.794658405451226 0.91512470128348 0.914270693176118 0.868263317101832 0.932398702537701 0.992513444937475 0.911692272078876 0.891931993955977 0.779146469477315
0.854990611931499 0.961493533901857 0.918661741509078 0.841084861785335 0.976395917239995 0.853503685231206 0.898156487404129 0.831935446627139 0.863777714369762
0.911310612941031 0.887206248759411 0.953944440436274 0.838139483551607 0.83143659037022 0.886869492908196 0.972579776388774 0.770879119634727 0.94763423500976
0.829762102441439 0.797410921198187 0.872093960599686 0.984219705332742 0.845779871841723 0.83022677639623 0.98780836339629 0.989285388109818 0.863412910683886
0.858526393409299 0.872789377730243 0.973247675025939 0.920189589184048 0.873022658111534 0.865042596776675 0.91423215688986 0.867447781355188 0.855501771517215
0.994703777267518 0.822408802580506 0.82597603158901 0.914722744626187 0.796169948535506 0.868576692181457 0.983857607187648 0.818584530262865 0.974999865769301
0.865595240556677 0.815674211724276 0.911101565609022 0.925644410126961 0.963766024283207 0.846432343648917 0.876703128741291 0.925011296508793 0.870071778800856
0.845622285713924 0.884179166220522 0.874670736568684 0.903519742694113 0.939838548278455 0.856264896379358 0.93227530548468 0.915981115850796 0.847648202809468
0.87640728591795 0.992107321840031 0.917248184679262 0.847270315411609 0.960807350037875 0.841289707004555 0.994325168123819 0.777961631069827 0.79258303591507
0.92546310572837 0.8797361709696 0.933550871988356 0.870777321194037 0.920548540611604 0.867291369380217 0.876465490115958 0.863412672941827 0.86275445707003
0.830720959142213 0.889125411209255 0.923207532036879 0.988740603612128 0.973369656816425 0.893064148346426 0.78998916140441 0.851146608781882 0.860635918650382
0.882538176608703 0.891276355229745 0.93874187605407 0.783192742150168 0.888390328256865 0.907786136649712 0.989594457496885 0.77441917080992 0.944060756743931
0.806086981499643 0.88553065414563 0.839575742545594 0.90280894341421 0.914622236643617 0.857824024370189 0.876090818264224 0.958083192847098 0.959377406269794
0.841593762385577 0.989557675778392 0.86804227679576 0.871863619033535 0.887699317063591 0.982028802422509 0.843739835156675 0.875464807824451 0.84000990353951
0.850770310061398 0.824830737863843 0.835331496880446 0.898379781220291 0.879247106858674 0.945362973967139 0.960459343476758 0.930695591042978 0.874922658628473
0.750868390253411 0.987549097813688 0.951660194145908 0.973292258104574 0.88280203013517 0.737544161481848 0.817488691684023 0.913604049178438 0.98519112720294
0.990745338573645 0.901814465917148 0.893282171305803 0.936918567076545 0.872965460303052 0.891712737653362 0.814110699598474 0.866639693222434 0.831810866349536
0.835172746148734 0.850993133408843 0.969433525797547 0.956227007471825 0.873106611162886 0.836922931695572 0.882916703119226 0.911417907908595 0.883809433286772
0.932518966854063 0.910576970947863 0.925376394894475 0.866935436909365 0.934615904714818 0.961544394508948 0.718476681478069 0.833913968694382 0.916041280998019
0.956201107042635 0.809785395572491 0.908301283535559 0.734121921505606 0.888839199842628 0.964264571058288 0.790611711974594 0.981216029226127 0.966658780242073
0.924088679524181 0.840996263591664 0.833712901592176 0.969560442729808 0.855739729809919 0.854270082114695 0.929872956490859 0.95245620004499 0.839302744101708
0.996185298996836 0.821691055224653 0.779292751230773 0.873032450023682 0.845246620567915 0.959251674660431 0.913651210539621 0.890620465901453 0.921028472854635
0.879240362071944 0.893787466827176 0.830005237409916 0.864351019745571 0.951192395092615 0.925733005402872 0.80507391307186 0.973900785527077 0.876715814850968
0.934587002155548 0.924374554790477 0.801480493781937 0.913944639122694 0.866791974084783 0.950194367960832 0.854181524838846 0.798008900638635 0.956436542626247
0.826914893538518 0.804362160403647 0.84780794610115 0.938992762086622 0.971968550501589 0.82483420421929 0.936467518582646 0.889536251961642 0.959115712604895
0.966958504557966 0.909116090064925 0.775317267572528 0.782213719212923 0.984907121884975 0.780915570056583 0.93156807559923 0.923239107397776 0.945764543653093
0.985421256727084 0.838494498993788 0.904867279016061 0.995374921459204 0.882368604765266 0.848487915582287 0.790264867166325 0.829681688855699 0.925038967434285
0.921324500923977 0.986750215288566 0.866265932976025 0.90795934373683 0.974693601602249 0.971330080683706 0.816211520458428 0.807587431452255 0.747877372877964
0.952605365277633 0.80566772944693 0.795972790850737 0.991533012770096 0.949612790271578 0.911415528397075 0.879828054607358 0.825961592875477 0.887403135503118
0.974596126447156 0.953136827899425 0.812082628214395 0.778416311400827 0.982370417640103 0.77197214018892 0.863000736111985 0.921177245520554 0.943247566576635
0.887803899712729 0.997006358474057 0.877943949285097 0.897566747004668 0.866281926235205 0.839366500716421 0.914301253673253 0.843795919103162 0.875933445795409
0.961468065733662 0.943288391719369 0.909562308120679 0.910842833580446 0.920945284907127 0.825851673091618 0.88759552191142 0.885375207618043 0.755070713317637
0.788068825128173 0.914952592079087 0.943717614241703 0.874727039615193 0.858748596757992 0.94424029116697 0.803321928625871 0.997496194287869 0.874726918097143
0.974707672253654 0.80731870847797 0.884579275380184 0.912048794771155 0.911944423402436 0.910846276437616 0.887139900523358 0.811723719219179 0.899691229534448
0.953692665782728 0.893167988269697 0.829026516026005 0.874093012102985 0.969109242341918 0.849368964202311 0.864117275539349 0.879126957862528 0.888297377872478
0.988454231398289 0.860295595284953 0.937673679378492 0.935115820568838 0.953709695487203 0.770731732345064 0.81281925357402 0.849974324659707 0.891225667303436
0.912681864430801 0.847085347848008 0.821867066013819 0.82944394271692 0.964473890893221 0.89026559461149 0.898604976876634 0.958440506410037 0.877136810199071
0.933444341717182 0.923142093619961 0.961584135815332 0.859083883331238 0.872886464696641 0.820822192918853 0.811090764617188 0.893854107365077 0.92409201591853
0.821340613948544 0.8948772890671 0.822464630747466 0.940084318907257 0.995211399569036 0.836142235321271 0.993862233710578 0.840726286674977 0.855290992053771
0.858036001916029 0.79190217893301 0.854739755686937 0.881559164697676 0.989331157257316 0.958005090683829 0.830995858449339 0.973535624762339 0.861895167613526
0.93768551668053 0.9493052410952 0.943744763895565 0.973420457684445 0.938428360691834 0.778527886949196 0.890845019150952 0.812451522174034 0.775591231678243
0.923113678894537 0.951569607243513 0.960721872135779 0.863673464279724 0.943026016623194 0.773011457199962 0.874715071739559 0.870461182105054 0.839707649778676
0.964234823219547 0.989286262658162 0.907820086462899 0.764719905951369 0.873516670896549 0.978614297261745 0.766466693518026 0.801686799816424 0.953654460215278
0.908050304681486 0.955555196073661 0.963121513874166 0.795578683105167 0.882563143742933 0.819307389652744 0.975782655911524 0.815041278955037 0.884999834003281
0.839637891044953 0.859788155958841 0.917720589941195 0.917558772102719 0.969261695994975 0.895624656536234 0.814880276735747 0.850634708204059 0.934893253481278
0.810470852923744 0.903439142459216 0.904498643732897 0.861038590074886 0.999879418470116 0.91958559337515 0.798907468100173 0.968612977815085 0.833567313048734
0.83533177079599 0.949497049360643 0.917877462916422 0.762777485538345 0.984424984633907 0.738553081468746 0.964580356217651 0.848501848430288 0.998455960638008
0.95781648055302 0.925980524990367 0.988866462438686 0.821530930345484 0.783587588792374 0.927845705109332 0.97359256516067 0.78378701643334 0.836992726176726
0.786338033250522 0.777883267277345 0.890617495660938 0.913407104666511 0.980293065810771 0.982049191832412 0.953600086836952 0.930795750850783 0.785016003813766
0.874486689283431 0.85214407288882 0.952818194860277 0.953719127411332 0.827602500655732 0.944136639874569 0.836673457574789 0.824492069162716 0.933927248288335
0.966040722712977 0.875655744497418 0.986299299289928 0.89559610437805 0.998337954113834 0.849443989308413 0.859596406110724 0.731306038310992 0.837723741277664
0.875098724367723 0.825628383042886 0.838658957956649 0.971504667805115 0.986629499918643 0.854039854354798 0.917267270289989 0.797119450962163 0.934053191302035
0.878864461300035 0.848892060915035 0.908908827884762 0.971417406635202 0.851395398670096 0.913454424382436 0.8261580275572 0.901033317996442 0.899876074658792
0.840814149143819 0.847237515727437 0.91333276482358 0.992693337400749 0.860127953916342 0.868087825727262 0.907578526256543 0.865359774568378 0.90476815243589
0.928053945061993 0.871658163556283 0.801638150675873 0.900142394014459 0.868750602409514 0.960666719893317 0.870228284904703 0.898390245805312 0.900471493678546
0.832510205956163 0.915613020507693 0.873804173939503 0.849660615927726 0.972520896631771 0.900754876040482 0.854915387340258 0.870542281145791 0.929678542510613
0.873342082750333 0.850835116682215 0.807472019613118 0.864688638206055 0.970501452664634 0.971345793561789 0.958206547339852 0.905279317236119 0.798329031945885
0.936968618862272 0.971615151018055 0.938317525819487 0.910263167600272 0.823061089296641 0.812755775949186 0.825666925711469 0.90950177780253 0.871849967940088
0.955230579249555 0.840226433246173 0.872188930710446 0.937417589688808 0.846302952724114 0.894058835084096 0.956291171797263 0.823581506862847 0.874702000636698
0.912346664043439 0.942850077621608 0.952587122673174 0.851849521128378 0.884249487375384 0.887543613874301 0.821507245244634 0.901804616192953 0.845261651846128
0.851832623497611 0.841424679517563 0.853144610765158 0.886996468508621 0.837992998934135 0.898228096892555 0.847504325326226 0.98614794405808 0.99672825250005
0.992813355048641 0.842337386999568 0.807582886004277 0.749127431655825 0.947425628249067 0.916067050399025 0.890705130722282 0.89359519121522 0.960345939706095
0.963624432912774 0.902343522436544 0.774309581299758 0.950886383410561 0.859276887458787 0.88698795228644 0.909573769897397 0.770337131394191 0.982660338903549
0.985154475379674 0.832939312240702 0.895186637330104 0.921255023729868 0.830722276242094 0.942331990534299 0.819875768789633 0.814411905698303 0.958122610055325
0.890624192735375 0.934713074788211 0.862670830750883 0.985979540330763 0.806908905150695 0.811122779217446 0.95106667079557 0.841237870212098 0.915676136018961
0.97722318315822 0.818308795073033 0.924584647694822 0.97312372100534 0.832155076578027 0.927525137636324 0.764388908237534 0.833897965370271 0.948792565246429
0.816990441601902 0.917733268100576 0.987575070958389 0.939031325616751 0.980156209630016 0.860906947184099 0.769714192787536 0.960988177464473 0.766904366656257
0.994787613485023 0.897632715766517 0.949777853636249 0.841624075374061 0.86126400769797 0.876038402897511 0.884211828959193 0.888774996611316 0.805888505572158
0.88796428810346 0.873614935990802 0.895564750214336 0.912212118213788 0.887414602807123 0.869150433920723 0.932348955078165 0.858388836301609 0.883341079369995
0.799268498391753 0.876739874092519 0.941241497906846 0.986376416285829 0.682781829860771 0.878452424703557 0.964059753860988 0.939539084086253 0.931540620811484
0.850765067003296 0.98509499529028 0.799403434986141 0.953185684181517 0.970982430602486 0.73905534384985 0.971504065411126 0.932288847715958 0.797720130959346
0.805533003790092 0.899346788877085 0.958168684044883 0.91410377112931 0.899191489242503 0.773945368533795 0.923091875104628 0.995286047139687 0.831332972138018
0.785986971421447 0.841680471640688 0.945486396623121 0.818811950497824 0.99055482994038 0.86052449119409 0.844461468580972 0.983011693540343 0.929481726561135
0.918290145903928 0.993371268175119 0.860440539284092 0.794010085315434 0.807029806422721 0.908141932199232 0.897992900012873 0.839061780867934 0.981661541818667
0.970891639148978 0.889902178340468 0.966465647839117 0.901472795318705 0.809048535016749 0.81522523601508 0.843964352271153 0.961081592327869 0.841948023721881
0.935925807434417 0.867018996983878 0.823298460770895 0.812282998998241 0.842100477946511 0.934383252924418 0.921177508835334 0.948639195537121 0.915173300569187
0.915272510891272 0.944611650845203 0.972346346447667 0.808855789840478 0.961161272963812 0.980606759693923 0.764513889139194 0.86312720980107 0.78950457037738
0.870686558145292 0.816241925892743 0.927259363376973 0.819519618331513 0.976594911052119 0.918573097778155 0.914432302638691 0.914707930901358 0.841984291883156
0.877364739972874 0.790612469877864 0.838132033446693 0.888577454254924 0.878504611446416 0.945091090348348 0.935442686889046 0.935443959451584 0.91083095431225
0.991644983552371 0.801175572375226 0.818307140325095 0.950673354502639 0.995118149822259 0.735637825846208 0.965240239449668 0.763016854674996 0.979185879451538
0.875058245448969 0.995976554443623 0.845623128917529 0.854070424525587 0.84735707663655 0.867420995260125 0.861633473196007 0.993104648716732 0.859755452854877
0.870147172057095 0.957140795111404 0.905691495691125 0.846315019750026 0.967934980147455 0.796536660914415 0.949738436431126 0.833287177707212 0.873208262190144
0.857636232879136 0.863292368385404 0.90411023388314 0.920685100774128 0.983895380866677 0.909857020528015 0.905484350957659 0.909723626315191 0.745315685410649
0.976284741015598 0.794967173253269 0.914826479476317 0.892506363946926 0.801116523444405 0.999944981373695 0.882657987693177 0.945032032616075 0.792663717180539
0.872989855895884 0.942955485589811 0.855240997658696 0.835108114753243 0.804760978591723 0.853282927247664 0.919472298607251 0.952863922211555 0.963325419444173
0.993706167680915 0.832159357806933 0.796201180188055 0.925315530627074 0.97214505742043 0.895885607596179 0.949905539723135 0.796271127819047 0.838410431138232
0.814629815643849 0.839443172441889 0.95110532711669 0.992311318272246 0.796895143600802 0.934695612574365 0.965828231634618 0.873650378711142 0.831441000004398
0.942183288759235 0.997510877201941 0.905906780484212 0.88283656450031 0.806378458756518 0.97103178594213 0.914701279033097 0.796607097971994 0.782843867350564
0.896928928410241 0.996744051321857 0.802051169723073 0.842098034602764 0.913464995521363 0.941193024092338 0.906606635206719 0.856701440573663 0.844211720547982
0.815085066405529 0.821002439328168 0.960793490292786 0.890422690877999 0.98170132299336 0.967545609202867 0.809203783582962 0.89972967366482 0.854515923651509
0.846744346317967 0.901752883246953 0.832587728912082 0.983382628990922 0.95689032989305 0.810582425423287 0.99029862260945 0.867166475477833 0.810594559128456
0.92578747965257 0.782979579280132 0.969687229455906 0.968606355907455 0.902442715921771 0.814155196484394 0.827649418532689 0.955925044622142 0.852766980142941
0.883197024178042 0.821704006251736 0.916676330130103 0.943546287616351 0.848182545639764 0.823993334483971 0.873171986635882 0.938062210404051 0.951466274660098
0.876769877419326 0.884964224994664 0.96287747303169 0.954443481135723 0.816152389614253 0.805292677419445 0.875408530884065 0.898070093485543 0.926021252015291
0.893450859712818 0.889171759950193 0.814384415053015 0.976650350462299 0.984863830182362 0.891467833947716 0.899660837002244 0.801926970076657 0.848423143612695
0.802606059044999 0.800394305430547 0.859675105226278 0.946481515400996 0.856419221264994 0.975704771771758 0.900437588322033 0.963711658550263 0.894569774988132
0.995787606766589 0.785072365210908 0.955459654103622 0.732235882752013 0.779562204169277 0.836830636164089 0.987827483893552 0.971108217083167 0.956115949856783
0.862969249428233 0.847405101499062 0.938492298877876 0.947716441353579 0.89791946102099 0.881261343652216 0.876185961306498 0.894485925192462 0.853564217669083
0.909052850105138 0.885231625064581 0.786767058447065 0.934969276973727 0.749520767082648 0.999615002629296 0.865040117610813 0.914701572532284 0.955101729554448
0.946600772886217 0.777978837721579 0.981732296303279 0.983200636483851 0.78486368840559 0.880183230867884 0.81299556677631 0.853089177095153 0.979355793460138
0.960229915259776 0.645402448147307 0.987011725347991 0.980865184500586 0.907871813602624 0.97171301424518 0.890206824435479 0.86200462056588 0.794694453895177
0.911888574648747 0.975721985659372 0.948476885483376 0.891457364624905 0.800948941303167 0.852415225638849 0.703387842618527 0.99837342719624 0.917329752826816
0.822160390513551 0.991015161586357 0.883513284108902 0.929473719510097 0.92097754382042 0.935260248532471 0.89590757913267 0.787729154922788 0.833962917872743
0.882966703830044 0.989488209002066 0.90266986852064 0.801275073743085 0.794384952466319 0.782836538936377 0.932713345967359 0.919311303986193 0.994354003547917
0.872248146800559 0.843104183989039 0.976645315904362 0.855314837525614 0.858673218680654 0.985158489097491 0.956042410238824 0.838582094916622 0.814231302846834
0.81917334249197 0.834513431114305 0.945217525332215 0.9555823498772 0.896106763158962 0.885819692034821 0.843945152558228 0.852860187710649 0.96678155572165
0.892146744961854 0.842334671668168 0.982735497071603 0.915816266325732 0.880247866236663 0.828195322115692 0.823176095174278 0.946523190976489 0.88882434546952
0.980479444681419 0.819626686548654 0.833301363053302 0.848638553754451 0.805060640294124 0.820382727202153 0.926397030370043 0.974033528280313 0.992080025815542
0.839517540499302 0.988410439574313 0.862138637395317 0.95899774591219 0.773303680404242 0.787912415295304 0.925642001426078 0.940459659239053 0.923617880254202
0.919381496513731 0.847166845018301 0.995009674650136 0.971428719759277 0.843572966172958 0.843591216036137 0.792616958813654 0.973007767144552 0.814224355891255
0.891881454481903 0.880082320017371 0.985262355420296 0.934528674811477 0.869691585507811 0.926576599762485 0.824467253013826 0.823151989447962 0.864357767536871
0.847418960729398 0.9102968146673 0.83880168248918 0.899701087549827 0.855007779540766 0.839431170508092 0.89075911459456 0.940386372359341 0.978197017561536
0.913088343182897 0.853995418584674 0.860936331193638 0.845813866025546 0.975728375145893 0.804721159786799 0.992365946355664 0.915747807794631 0.837602751930258
0.879822325517101 0.826489587005243 0.773662769718252 0.894542328416717 0.987942194590549 0.865915371574756 0.899127130316451 0.928699900209089 0.943798392651842
0.809512886922576 0.950676173824283 0.816131753619771 0.980951418620419 0.90581225988363 0.918984729785035 0.919007837023578 0.790321252175455 0.908601688145253
0.86337075341859 0.986241011889129 0.891081498068651 0.808626530337567 0.812961861226485 0.957989531807946 0.879203202447813 0.854403794909637 0.946121815894182
0.903611372222265 0.788726334627731 0.893853283028492 0.990636206102163 0.791031826855199 0.922691325485483 0.911082288378618 0.913539188805039 0.884828174495009
0.846266297875213 0.854108371201829 0.920306534250107 0.892969509887393 0.925370041515818 0.875524840235967 0.857964365092045 0.960244407798773 0.867245632142856
0.864381331876019 0.858819456484313 0.986674888922241 0.816110621255286 0.982511632046076 0.854715387097025 0.8597706611761 0.891937046739269 0.885078974403673
0.752633847055851 0.89113412978774 0.868841350197329 0.912402242164884 0.990966648506494 0.937617976779823 0.996717147569946 0.725139407794398 0.924547250143536
0.963480715313826 0.988454242840406 0.799341311558875 0.922910345665551 0.840779005282237 0.936679108084723 0.744913217039462 0.924864418227218 0.878577635987702
0.821469322577951 0.954925583046886 0.890160158508935 0.791645349210017 0.912301107494183 0.872028058218912 0.960186776098017 0.867861958842888 0.929421686002211
0.883425626683397 0.947414689533077 0.766362318470753 0.793330859727515 0.918294550901459 0.951680955821799 0.926659537611243 0.994214158715989 0.818617302534769
0.918538458538256 0.813231154754935 0.901094694842571 0.868598662198909 0.98666928149306 0.828283269553743 0.913257500153361 0.862505010284998 0.907821968180167
0.872287047091177 0.890233880013529 0.909580542912003 0.844255100383239 0.968441782086292 0.825324989758001 0.878285808333032 0.903776864562437 0.907813984860291
0.92889884494495 0.985152577021193 0.989000715605804 0.745921567248757 0.784604773096072 0.765769346142527 0.921382905915681 0.984500782293797 0.89476848773122
0.973063130181182 0.831295493943235 0.820349561270394 0.852333178269775 0.879759308233952 0.885410443492823 0.946100547170522 0.992473749004197 0.81921458843392
0.738936244473343 0.973595653553664 0.995898422713121 0.987531905375845 0.86224689339521 0.911234201764082 0.770312978443374 0.966009246625497 0.794234453655863
0.834963093252775 0.917462624001231 0.866845718214042 0.915751791612219 0.941386451256683 0.852299533456497 0.835013892740069 0.885249393017878 0.951027502448605
0.841041809451855 0.945974607010687 0.911446288196073 0.958722809541054 0.946236709005742 0.79080765626526 0.893025257830526 0.840324838116726 0.872420024582077
0.867602487228349 0.781078572036904 0.776025179489683 0.870253071819592 0.957769937062106 0.999928450800733 0.977916520690529 0.844805218191169 0.924620562680935
0.931458622810516 0.929682601010532 0.885984422133371 0.885782350940526 0.820443773498113 0.913646255895098 0.949667843417391 0.86905716242245 0.814276967872002
0.871575115312759 0.866865943978243 0.84873952115285 0.936745066876857 0.896174893466979 0.885507971942929 0.889174531443564 0.998645944532073 0.806571011293746
0.831062083991961 0.930792470394416 0.823524318141509 0.802528746777884 0.870066735859962 0.988978960519774 0.862212222499212 0.898101108189809 0.992733353625472
0.953041109425589 0.835101732729957 0.836728938127271 0.857573448996021 0.942975137005026 0.954897062588968 0.834974092110451 0.921140086955728 0.863568392060989
0.816875045604761 0.982956713843509 0.924864006546452 0.840512011875142 0.82446729482121 0.899511673599584 0.907384725286159 0.926339141668219 0.877089386754965
0.927982570862155 0.838571669524031 0.885961560091483 0.979109094976992 0.905081510322563 0.808999964053327 0.810245804344575 0.969576385999479 0.874471439825394
0.980218853784142 0.797864121147197 0.905361547900641 0.833163808460868 0.979359582427507 0.879172457877301 0.87220336307709 0.852861356299922 0.899794909025334
0.971207261760732 0.877505936352403 0.873655585381222 0.910486502531749 0.812929326204431 0.964672904685722 0.808264292285477 0.953426018173126 0.827852172625138
0.820734066890698 0.946521348514378 0.941098221140798 0.851653403853647 0.831914415763017 0.97766095831982 0.939463503582849 0.845902078550529 0.845052003384263
0.870282161765528 0.882416859986876 0.935364453722683 0.85929822289951 0.911450909119884 0.95110077115347 0.864263951435087 0.899095697723444 0.826726972193517
0.945589957362679 0.785344020980067 0.781876690502343 0.826954902334473 0.93657764045044 0.959477137256796 0.898227978382131 0.932484510865246 0.933467161865825
0.862144972850249 0.915831860463764 0.937194669379806 0.981952680048907 0.827298310391915 0.772803335178364 0.826356279866373 0.893995890774757 0.982422001045864
0.874145435897396 0.829147330226316 0.979821753358146 0.82025751941831 0.824964484957324 0.974156223455323 0.957566723839963 0.96768311002308 0.772257418824142
0.849332141061648 0.96339252262683 0.799640914965539 0.985044168991127 0.928623883960626 0.979934315733999 0.831260405757814 0.817300999986152 0.845470646916264
0.999216258566103 0.899883425809468 0.934481710249935 0.896615245876101 0.86640164558184 0.875145055319733 0.892166272415992 0.837510580706279 0.798579805474549
0.924050327986989 0.950446241209573 0.823417846416399 0.854934605214749 0.999413334184022 0.845224353392494 0.864429775374449 0.86563237713666 0.872451139084665
0.799791651841702 0.936405040763479 0.873887364546234 0.9836616801859 0.790623870556344 0.910673910457512 0.806775532168329 0.904707181465657 0.993473768014842
0.879744413200228 0.848529480075551 0.963703230728958 0.949142928540408 0.834868250056704 0.852254113879807 0.853945784637894 0.999278953665895 0.818532845214556
0.971633369968695 0.769409168599518 0.879416875474204 0.962791994680796 0.966698427547881 0.785194366627283 0.855458534603582 0.962370092137157 0.847027170360883
0.849579074394801 0.917029303797423 0.885974979780538 0.880424298795222 0.806088332234843 0.815249108665633 0.96941217602142 0.952205297680718 0.924037428629403
0.914452378821727 0.931234469395288 0.991012039641465 0.904579056135582 0.870157389408351 0.80055450443247 0.976373716895102 0.780199188165607 0.831437257104408
0.886021577945499 0.906308695565427 0.889290645806831 0.922381682778982 0.850043888520982 0.830959095643717 0.995249644700851 0.860459959326121 0.859284809711591
0.938378772866715 0.884769241415173 0.963185379729488 0.887812880525144 0.769128693019682 0.777941487669032 0.885111764118472 0.956392705034275 0.93727907562202
0.83549644850301 0.929692566194166 0.859747757109201 0.907648768625689 0.950923157325085 0.829477400881998 0.92043156714293 0.873676950272483 0.892905383945439
0.806594407727531 0.899801789351154 0.75002994620094 0.78820087415959 0.989889727918205 0.961612405688491 0.974764031731782 0.915621798812526 0.913485018409781
0.924479350177569 0.854302364826856 0.798891591468732 0.973442526806587 0.884667236485741 0.885149748512097 0.956993027415304 0.773255529381591 0.948818624925523
0.799173400645157 0.807924527638416 0.995656572928123 0.804699075232472 0.900931096647697 0.992395850353761 0.91959487938757 0.953981766248778 0.825642830918026
0.830412232444343 0.823566008905584 0.977953610423891 0.998740443193597 0.822113286236955 0.958218142427148 0.862446865515668 0.786821942086542 0.939727468766271
0.78880402987346 0.954826511487892 0.835035932398432 0.812977724007298 0.968195788181558 0.973245769587714 0.910615913535487 0.825426336627528 0.930871994300631
0.937103106945049 0.88175047140293 0.770666958166937 0.912356372526662 0.796722332465368 0.939776943517734 0.93695555349875 0.856987959952692 0.967680301523879
0.833752320214445 0.986475541892101 0.883576540208156 0.863097411148563 0.903640194506125 0.809376367191817 0.998444901986388 0.979828414332096 0.741808308520309
0.920486286519915 0.826100783358457 0.918930137847481 0.985605501845418 0.868187199538645 0.819070739263871 0.888466228582896 0.917013497626502 0.856139625416814
0.924253633898046 0.888089356904523 0.933317459935478 0.879691116307979 0.83531199091616 0.88365659598468 0.901467471213054 0.853343433638163 0.900868941201915
0.810040278356108 0.779347392602666 0.867310324870992 0.950306811719853 0.983938783862921 0.868653019132212 0.930505968253457 0.87555873227233 0.934338688929459
0.936604265254047 0.829487832440845 0.872907229260152 0.951291977528049 0.898889756125911 0.937245202510425 0.821273675884951 0.903507141343174 0.848792919652445
0.93135564352734 0.8980120719956 0.820940703255575 0.805383999449769 0.783697336109606 0.966922132085581 0.952691735518479 0.904499521036835 0.936496857021216
0.877103542571405 0.962525393699811 0.803326222724827 0.881347633466891 0.937122597432405 0.810101269602974 0.972471394669604 0.844691350749977 0.911310595082106
0.916556571189664 0.803736180569641 0.844197409416234 0.842010188915769 0.9274672881905 0.885653870053288 0.977782304331831 0.930777498446816 0.871818688886257
0.901289541389901 0.888439176524734 0.868235028924589 0.904267586935354 0.981789326005984 0.807039432093457 0.896089819926657 0.879202188963317 0.873647899236007
0.822302519352547 0.81967247714429 0.859471904739109 0.858613400724414 0.93614933986922 0.964701589241293 0.936662417587476 0.861122128457359 0.941304222884292
0.793706817926071 0.974869346680946 0.886827703741565 0.745161459370301 0.854426878934329 0.977899866578454 0.927542783147154 0.938167140096144 0.901398003525035
0.978231518764146 0.891290986999967 0.816743417285338 0.8170071096632 0.842195531150208 0.925779298878068 0.92471485760271 0.872419430612036 0.931617849044328
0.895241847107951 0.997788489174051 0.906873229145647 0.771720397150223 0.93832847852775 0.913235629949225 0.814901313838137 0.878108036729205 0.883802578377811
0.955922367146258 0.963914758493987 0.80844109656242 0.919598169952148 0.780731932663416 0.888881828270356 0.81792828032881 0.988300487860781 0.876281078721824
0.966754670692962 0.825164742538919 0.929395352321148 0.957364672521387 0.840737119565537 0.886005032897021 0.899285233296103 0.814295310869194 0.880997865297728
0.966808979528783 0.884805167254829 0.937517250377195 0.811509881491912 0.876982488961532 0.981019674051118 0.851477856692424 0.817844036627362 0.872034665014845
0.944924940854369 0.851490736972612 0.86801725028985 0.977064085312802 0.865835214884662 0.887040985726369 0.834001048842601 0.900145667329398 0.871480069787336
0.888301773802639 0.81609349684173 0.929228929131974 0.982285412807347 0.822688904127405 0.788938561277802 0.896344706850981 0.898854088830944 0.977264126329177
0.896508542879885 0.876025786690375 0.957107946730811 0.856067159499196 0.909131138086231 0.855628515587039 0.829975737238941 0.995199559917842 0.824355613369682
0.759343210507563 0.997001075244714 0.981419394053708 0.995951779875628 0.801089285139704 0.895839946437262 0.987791085066311 0.857991398542821 0.723572825132288
0.822236773341808 0.96309973776738 0.735970433759444 0.990880763262555 0.961604541724755 0.721652933896072 0.934201631417938 0.895204107794599 0.97514907703545
0.886794343805724 0.952265650388562 0.822698679529471 0.988153392364462 0.813395663749573 0.881112035659686 0.930966199949154 0.78814059090363 0.936473443649738
0.9372530164216 0.825844171339272 0.983195446508431 0.843156406320113 0.933675289612195 0.870566846513639 0.795257191202286 0.940103057563657 0.870948574518807
0.875264981959868 0.839068480573277 0.906784693276251 0.975814871915685 0.891723699882122 0.854899302211419 0.943839749699438 0.843545028341095 0.869059192140844
0.917969894375285 0.938949570811216 0.860256521230195 0.868378310603168 0.868608965870547 0.921172770959672 0.857152389718764 0.882930422656266 0.884581153774887
0.90919418174349 0.840771611745624 0.777371095503695 0.96334570686804 0.92900124441023 0.750416307593395 0.852974945639133 0.99741876216937 0.979506144327022
0.884987252581986 0.984200980015985 0.921830598653272 0.795107277923973 0.977411581333715 0.778821253627019 0.896814743784262 0.805252787397532 0.955573524682256
0.933237647419034 0.889828777310656 0.913017937898126 0.970667391685205 0.775022509549169 0.893619280660348 0.843253271148179 0.92015197204876 0.861201212280522
0.839667228351543 0.862345236458846 0.937637724210625 0.954344852029535 0.80091607713711 0.880220526482388 0.758942754547737 0.971815851748016 0.9941097490342
0.855165237893607 0.886309382705668 0.900943676083553 0.863865681952196 0.849232621294465 0.88495972277346 0.926706173419131 0.914922704560727 0.917894799317193
0.876743977710397 0.984246016885124 0.937439632916233 0.81954215441603 0.945444726003262 0.99452606490896 0.831196483387427 0.765881666413816 0.844979277358751
0.966883562824986 0.907775797971562 0.866429695020341 0.939015695891999 0.973824253049264 0.865014252086722 0.782396751466182 0.802516813832945 0.896143177855997
0.966155328076942 0.74462503500159 0.98745288900086 0.896605311242334 0.914720543496816 0.830632483164789 0.990466094019005 0.82509927538979 0.844243040607874
0.930623323389484 0.961228320970459 0.87113937487652 0.819222751792487 0.964515519009913 0.822551541049102 0.859725074356466 0.937909569800251 0.833084524755319
0.861078108568693 0.914624950756992 0.846409255419019 0.969006112310127 0.947788483550417 0.857665320745348 0.801891614181784 0.995325091697869 0.806211062769751
0.925755595276847 0.863502235806933 0.884177038189199 0.85235996659413 0.925314303664063 0.889550391305659 0.946940839158131 0.877492676931282 0.834906953073756
0.902325138444335 0.833774431003622 0.888484590977141 0.88472179516148 0.892180966200365 0.854172777418166 0.937614983455361 0.931802288335262 0.874923029004268
0.878975179531948 0.901159860694162 0.818560475577849 0.920482017760996 0.912102838602724 0.96827647001127 0.926297016442968 0.888671054901038 0.785475086477044
0.850022823463243 0.988058857788156 0.850707838725651 0.990041850730803 0.971740840622306 0.913350430850365 0.843502983960063 0.833726109524985 0.758848264334428
0.813916937103221 0.984474239053741 0.850860230782952 0.780882731740573 0.964415947374566 0.957468949819591 0.99715232359185 0.864955849176101 0.785872791357405
0.944378843821724 0.877340624949762 0.993857130769057 0.984597962728982 0.795362909132625 0.912120843221932 0.836357440768315 0.824638750367771 0.831345494239833
0.818373271236755 0.807312893398925 0.958018691613326 0.998052893015441 0.939367132291748 0.897316410552762 0.798451782165776 0.817672320611013 0.965434605114254
0.922560321960539 0.958113815374872 0.937468364501058 0.8512260643504 0.990217123430044 0.823349905970554 0.852884639291579 0.84777454413549 0.816405220985464
0.869786049383881 0.927107803780702 0.899059045387812 0.81262358909775 0.838743623480996 0.981956261405786 0.986797096083206 0.855121265321173 0.828805266058694
0.824051174460404 0.917023483945986 0.966194251041694 0.971479458011642 0.856817858761814 0.858820735506296 0.886861298754483 0.934722779653981 0.784028959863701
0.845660624304378 0.918242097211443 0.879627282418062 0.912065049770253 0.899051170850467 0.886221665739694 0.825281685615596 0.862959702036046 0.970890722054059
0.870472506477252 0.788814818344406 0.924595936959367 0.910998398284235 0.978585643753595 0.843229101376638 0.846524963456742 0.954615999598019 0.882162631749747
0.831115736852342 0.984917563997802 0.94882927929762 0.826407450021889 0.860336768291214 0.856435019401659 0.890237162672077 0.909787040759529 0.89193397870587
0.785911617296029 0.970745156320605 0.987319671176721 0.990881509383635 0.875200274074249 0.938224008069851 0.83385561992345 0.841472058210572 0.776390085544887
0.908447045907473 0.994525156134173 0.895674704183582 0.804261534810209 0.748751213960666 0.951924300239657 0.877313797871117 0.822748398764044 0.996353848129079
0.877795121021251 0.939510564534504 0.959422225173728 0.936936210805048 0.873082818500596 0.880065379130121 0.838556029394495 0.856813646989589 0.83781800445067
0.98076713455137 0.807789133804858 0.910048066835453 0.869269457371144 0.912866147586951 0.896978583109529 0.823235770939993 0.936746019544408 0.862299686256294
0.921100986827995 0.844836244703926 0.84521449390109 0.896432307607813 0.847218389520197 0.934587648263109 0.862376790147462 0.924094777059534 0.924138361968875
0.88127203669589 0.961356185013932 0.960243881618 0.985816644187579 0.789326803365737 0.793500353907751 0.994089360485397 0.858553209139057 0.775841525586658
0.955633726524469 0.760608978631613 0.735566225077184 0.994736840359101 0.876848901886946 0.881643083490174 0.920648085172551 0.99654381352995 0.877770345328012
0.885525551707118 0.873174863787653 0.837740968890569 0.923038734926712 0.859613835558027 0.996429686299734 0.911044138234225 0.836100512490519 0.877331708105442
0.957840730872716 0.860714470621816 0.896558770374752 0.81578576450089 0.820882945173966 0.935307309479012 0.92207277535351 0.972454693961751 0.818382539661586
0.983156192488864 0.89283425443493 0.962766413722445 0.786668745744117 0.978234026410774 0.825773467270119 0.802611167936467 0.884444342252114 0.88351138974017
0.812843605403838 0.922038902393641 0.916331112038317 0.883478130138644 0.978720144503586 0.936359852102084 0.849563753397568 0.85171308567246 0.848951414349861
0.781581338342199 0.826315307743351 0.938288783152945 0.882513261459988 0.78759849224682 0.981596419305361 0.877999405264246 0.980131662532403 0.943975329952686
0.882716974721614 0.929255294661251 0.963183473138129 0.878274541935991 0.913600129012253 0.854396183203198 0.934203611816974 0.804255323327947 0.840114468182644
0.946132709584888 0.820451862934585 0.835574243472123 0.978053488388193 0.887512026942324 0.875805317890853 0.962385801390391 0.855929852365316 0.838154697031326
0.887055149608594 0.884152376174887 0.866110933827925 0.966930777256563 0.823351479199461 0.963364963663216 0.840193339882002 0.941253976955261 0.827587003432092
0.823839135965616 0.904304036957457 0.870061954286877 0.998333743737391 0.828440713773422 0.943550010921396 0.830946924668984 0.935834056198128 0.86468942349073
0.826920160899799 0.770113044592141 0.965740340785871 0.749297299861653 0.981455092534728 0.93794050752029 0.859913227813045 0.956495190199415 0.952125135793057
0.764548765658468 0.944485224286157 0.961388535046117 0.920267618351342 0.866325634209066 0.787841180459673 0.83807309006165 0.930349043079599 0.986720908847928
0.854094733840771 0.871318562969489 0.84373635343592 0.946077173146382 0.843364586255922 0.949549938917295 0.887957682607637 0.855520789335967 0.948380179490617
0.971653845375166 0.906726692036996 0.987140440205765 0.83975313151487 0.808875786508453 0.922447209157508 0.870337107010319 0.813314576514613 0.879751211676309
0.873846407658741 0.888932689819931 0.873736016685713 0.914886109000743 0.858198701939741 0.900941327476125 0.930687539884578 0.86798806337482 0.890783144159608
0.785000348091774 0.994977844024885 0.843837757391002 0.92926737913535 0.921876324086082 0.943695250416979 0.836030971395726 0.874774300870568 0.870539824587634
0.879528644144474 0.899195592903259 0.880585075182679 0.841849963265447 0.992949535607727 0.855255709841089 0.927178153708008 0.83518955999683 0.888267765350488
0.850484172456628 0.871911291663264 0.87410957734482 0.94717184095477 0.818555173979721 0.896637052504855 0.943760581159109 0.799228155779558 0.998142154157275
0.850432785369536 0.884114885767115 0.814347826187018 0.969562056758175 0.866404510837796 0.822830491107185 0.974949268003475 0.838239877533725 0.979118298435973
0.754903122416107 0.99286527342224 0.966995026099832 0.916872924441781 0.958829755429824 0.803607664267098 0.836748458298469 0.769952304563257 0.999225471061391
0.97326042824828 0.911305928974008 0.924289238111377 0.955779214965349 0.921667943555824 0.776321778016106 0.824542083615596 0.771510945376501 0.941322439136959
0.985832390532561 0.846001470342048 0.864129575842192 0.754893247429709 0.967293047877525 0.91144166041063 0.781866314463409 0.910607438326797 0.977934854775129
0.902615608428127 0.903520301434717 0.98094534635655 0.878252038935737 0.843258315819565 0.860383780548464 0.829120465140997 0.950072317500725 0.851831825835119
0.83357827397835 0.842982348366055 0.845626285832915 0.985373416317827 0.909394575708256 0.920232261648408 0.87743054767744 0.925547041700829 0.85983524876992
0.945226163884475 0.908569877594386 0.972612005045345 0.900109415741348 0.699527516769846 0.978449620576514 0.793088083644046 0.866779478133705 0.935637838610335
0.995223453125182 0.848374599006499 0.945387905621127 0.796011754491227 0.841123663902013 0.922837036049869 0.75204380508337 0.982185738881999 0.916812043838713
0.845348647957313 0.916235446792122 0.894069181031657 0.852648226730565 0.880010637602015 0.882501965512109 0.937261268549218 0.874330027189193 0.917594598635808
0.857371803819128 0.973115491570766 0.953911634752615 0.894578633893163 0.854109951593029 0.85296941734281 0.925609518207805 0.890072461131971 0.798261087688713
0.773966851150102 0.926763856188193 0.989273295267025 0.972425980445866 0.764321402152899 0.757735970446429 0.96898209541212 0.89704184431015 0.949488704627216
0.876649970945864 0.939908414133973 0.87026251452385 0.905760839413866 0.928999994966608 0.87650436014226 0.872415656473092 0.904314605629116 0.825183643771372
0.875872959802231 0.853902436723576 0.91135254712723 0.943839695528759 0.887662399581332 0.798198428922599 0.931572371159621 0.810596726292334 0.987002434862317
0.979229278852782 0.890038831728927 0.831139313068441 0.988510516675635 0.830933119190366 0.864983013025969 0.818081227394631 0.921349663682239 0.87573503638101
0.955065367291464 0.857809331905084 0.927629779847451 0.976889163434045 0.779583413787262 0.964337711880673 0.781505219862761 0.84656974382376 0.9106102681675
0.953437223550475 0.868743976135458 0.931485132563426 0.949215171514126 0.800872595355612 0.931861438109594 0.851148631710133 0.867193073654184 0.846042757406993
0.824497374662321 0.824696058690153 0.891731921870762 0.894347540754815 0.829843878263578 0.935426778854744 0.876342218192247 0.938153291207823 0.984960937503558
0.916687614668826 0.859316613913246 0.918196909711571 0.823678861149517 0.921663026689582 0.88428381596631 0.973388600330577 0.809500577659846 0.893283979910525
0.969785866246765 0.947972483676338 0.827085682221032 0.992619152313504 0.919956518247048 0.83607310245322 0.849037040508537 0.914563157757352 0.742906996576204
0.828294814858868 0.926774443401196 0.850824082648298 0.891078670299264 0.996553527666105 0.798490212707848 0.958780176887117 0.89949916343935 0.849704908091954
0.911693374952566 0.809632934519792 0.962559063194062 0.831359524581989 0.842123006687302 0.916333362846831 0.882799210446877 0.896257228072762 0.947242294697819
0.801808271252959 0.881849951406446 0.885929040068086 0.916201271083434 0.968089721370839 0.945790176156085 0.820366249454535 0.787184786080294 0.992780533127322
0.842010081452646 0.985240587818193 0.804333835713881 0.816128013907436 0.936396422768082 0.970705546493322 0.984730012497154 0.872775007025319 0.787680492323967
0.85302284054 0.855371692314758 0.886455839045927 0.852290092620842 0.853224919879983 0.907802058305309 0.96372547271591 0.913956276430963 0.914150808146309
0.786228871573138 0.877649486596138 0.851420167328866 0.901676218451233 0.800469589948241 0.795307361828388 0.994405320224029 0.999769296216889 0.993073687833078
0.81632531505734 0.882923985694271 0.911060667343004 0.842868974202145 0.871012456197793 0.983395672083463 0.982670101504305 0.928832984829291 0.780909843088387
0.864260115303445 0.884355423261329 0.925257076032615 0.864252055495597 0.991421120792397 0.963995820980175 0.775493483908317 0.787650368656639 0.943314535569487
0.871133213243345 0.792455975378951 0.949157183121589 0.967364823617043 0.747260330064404 0.841157387475292 0.950344011218851 0.927363818529741 0.953763257350783
0.805046410302195 0.892183457455113 0.894456696081687 0.822155608241533 0.846932178456033 0.93697789586053 0.998990820270372 0.862429987279177 0.94082694605336
0.954673183660761 0.875620233584919 0.873332991661104 0.870003956119927 0.892714359440292 0.869409415034704 0.841627332477038 0.991433025904155 0.8311855021171
