0.696636444613548 0.645111248815085 0.848209917233346 0.992293000765205 0.817749388572816
0.905774867134048 0.990179340294525 0.839395277039786 0.643142417746214 0.621508097785427
0.392249330201408 0.998250322171102 0.841127629383256 0.89764202398103 0.870730694263204
0.918642763788184 0.761888959402626 0.94308889997106 0.730652738593097 0.645726638245033
0.946818384212896 0.620853867174235 0.885631442722948 0.901453576149221 0.6452427297407
0.534006906247013 0.728888788612958 0.976660245115188 0.966948095099556 0.793495964925286
0.958411764985314 0.915423885639218 0.790603560588769 0.741588928796757 0.593971859989943
0.824156841438505 0.90649403399967 0.629116434815122 0.971763649344452 0.668469040402251
0.883719090585453 0.871943758513193 0.568455212429871 0.830353078574597 0.845528859896886
0.676338702402722 0.925830400309596 0.723974354460931 0.722461027013762 0.951395515812989
0.763502970090596 0.931772564162507 0.966691653396571 0.721480667353037 0.616552144997288
0.748753444934415 0.787831690562199 0.906853921239059 0.784517044612029 0.772043898652299
0.807948583124476 0.65221981988844 0.770695484408227 0.793434204977649 0.975701907601208
0.958087390774087 0.64656708235432 0.617464047024274 0.972820971926062 0.805060507921257
0.73517675586741 0.73647945977265 0.93366420514127 0.820067298906411 0.774612280312258
0.790080317400114 0.915268135754336 0.707968306104257 0.656467046466069 0.930216194275224
0.797741886287543 0.920437931107183 0.669113471505208 0.857853663507628 0.754853047592439
0.531680138870904 0.9616335742929 0.89677768569141 0.872383679340843 0.737524921803943
0.769980111318961 0.797673438097032 0.698576250084421 0.987021912571195 0.746748287928391
0.73060710709259 0.703560022368132 0.974366083800865 0.842246379517206 0.749220407221207
0.728603807925628 0.802844496787692 0.955765204798597 0.736648356041711 0.776138134446372
0.884279775171686 0.652407390426502 0.893038912088035 0.781825365937348 0.788448556376428
0.996606253430461 0.942125512667283 0.727179357241127 0.814466910492158 0.519621966168971
0.875736735109611 0.787148614764755 0.951117445996584 0.795205953448787 0.590791250680262
0.851024671472579 0.831387133873069 0.637208475848852 0.737736044708067 0.942643674097434
0.989606864369348 0.819121569314699 0.977868558970763 0.700707844182133 0.512695163163057
0.765533241986727 0.83254492188743 0.996364183740526 0.559856448984398 0.845701203400918
0.694510879165546 0.796830532001595 0.693982347685167 0.938254198899475 0.876422042248215
0.629723655184488 0.820685774382091 0.966549159155896 0.70620840926941 0.876833002008115
0.941113679037838 0.811789995995946 0.55778785270239 0.775407190804367 0.913901281459459
0.974612825804408 0.702700288434592 0.817053934838443 0.710498494468658 0.795134456453899
0.559809250678163 0.769716371624237 0.770938214375657 0.918945414249616 0.980590749072328
0.705594276397638 0.865410637056248 0.788034239530831 0.721443872120196 0.919516974895087
0.904627757155168 0.972142838369021 0.769699905819801 0.720887185810188 0.632642312845822
0.738883538081273 0.763787756191459 0.889577283028844 0.751439163694168 0.856312259004256
0.874133692008725 0.634457863696058 0.935059760018377 0.939701953528335 0.616646730748505
0.931065235549462 0.849265421727213 0.825217202723524 0.567806033824691 0.82664610617511
0.85348508747186 0.769203891458855 0.891858752335349 0.868553319145302 0.616898949588634
0.647748543884875 0.985669434908316 0.862126712654848 0.616715975913434 0.887739332638528
0.661284405055725 0.837615240879098 0.934208582431797 0.894956538559897 0.671935233073483
0.753944540101181 0.820594983391672 0.868779821915149 0.797224422358267 0.759456232233731
0.668687434220409 0.885341539579981 0.852552836727789 0.683376765204459 0.910041424267361
0.694131558983508 0.838537696799445 0.984149179168492 0.639744804093852 0.843436760954703
0.998009718423744 0.65348779148627 0.816337061766529 0.882414223148766 0.649751205174691
0.707943537941021 0.835576229180685 0.752203256940375 0.973958683678412 0.730318292259507
0.948589572074947 0.697111312355656 0.879831264415472 0.587131103005785 0.887336748148141
0.947932609373132 0.867715956481247 0.616681599180152 0.737897178465982 0.829772656499486
0.899660110611541 0.797907123536548 0.736249572412376 0.702987991783404 0.863195201656131
0.81430966106308 0.748767996492273 0.728338855146901 0.869580819217633 0.839002668080113
0.611290280054933 0.845320036601777 0.984449807854235 0.924192799333468 0.634747076155587
0.662945868966617 0.964241415067629 0.754756120881394 0.919640283708072 0.698416311376288
0.757011739916043 0.770734337313846 0.733996048333622 0.912444978027763 0.825812896408727
0.947343829663061 0.646096992516327 0.828583717028414 0.854006759751142 0.723968701041056
0.675886452715534 0.672331397046253 0.854200077307294 0.990793606281494 0.806788466649425
0.942575451059512 0.8820687445764 0.528486447107415 0.960403224079471 0.686466133177202
0.749468437059163 0.781292569665786 0.944455895761007 0.746968811788298 0.777814285725747
0.757732870357582 0.889270003985884 0.996030427450902 0.968776041249415 0.388190656956217
0.678296648427798 0.591633031048516 0.958314850011463 0.953853476167818 0.817901994344405
0.756650398166506 0.674355818376147 0.783262768739214 0.869523639782441 0.916207374935692
0.614662578673798 0.920504131738582 0.815294038510761 0.661355170523599 0.988184080553259
0.732970726167772 0.784751261462486 0.889812527131833 0.83422127118591 0.758244214051998
0.677376850255744 0.952380663215094 0.793435170363455 0.779940020486992 0.796867295678715
0.897472501899559 0.901208728550639 0.745020893825939 0.644297221315195 0.812000654408669
0.765726837671291 0.961233283719083 0.715305404679961 0.843243156143188 0.714491317786478
0.71958102743863 0.75378555934418 0.893269262377021 0.832198155340862 0.801165995499306
0.701376419558315 0.705748094435253 0.962495137220979 0.763749937370434 0.866630411415019
0.830766062562217 0.860281833387463 0.689678054657277 0.661063096983641 0.958210952409402
0.823971497361781 0.760970739710289 0.895704947440597 0.649033860996439 0.870318954490894
0.800703957629448 0.514236554756128 0.934277009648955 0.982783762371772 0.767998715593698
0.7300107352459 0.731761620343627 0.639095660393829 0.932507370996284 0.96662461302036
0.889117001033093 0.908774601857493 0.585590568195881 0.67688874029526 0.939629088618273
0.98453507781148 0.698106495819704 0.610718795095487 0.856655306183578 0.849984325089752
0.923052939279012 0.941943553205311 0.836579718873969 0.765608339177747 0.532815449463962
0.814107623822166 0.941042351477935 0.726701009596058 0.681805987824728 0.836343027279113
0.466062944134776 0.728141351654027 0.982854108057623 0.913737424760731 0.909204171392843
0.803107492011568 0.736482536377487 0.881356563022608 0.773300334506812 0.805753074081525
0.898443821088242 0.630842894356555 0.726149871542288 0.864652591200347 0.879910821812568
0.968907975045521 0.699128701391702 0.636476177553757 0.978643565805154 0.716843580203866
0.768134082132857 0.866971954600223 0.735863020104354 0.732374591095361 0.896656352067205
0.923191403762848 0.705916024944819 0.741197804898199 0.858321311779678 0.771373454614456
0.893148080004741 0.797609163362254 0.659824577800798 0.845493918177844 0.803924260654363
0.782221871389977 0.850995883394936 0.752008164522317 0.829739194059473 0.785034886633297
0.795490565452431 0.791837352626641 0.78468996457285 0.794104176463282 0.833877940884796
0.826037244208562 0.863466209160341 0.817842608460649 0.598849271534796 0.893804666635652
0.663340313025832 0.516274421850932 0.966404117598768 0.962888262711654 0.891092884812814
0.793323746960196 0.776472691714623 0.943870075092573 0.731195410752912 0.755138075479696
0.859765406038598 0.86858761736733 0.779681897653049 0.688795463987092 0.803169614953931
0.814716700342363 0.865537129780516 0.77506192585194 0.780874275496046 0.763809968529135
0.732691313151838 0.939618402587838 0.763011691322113 0.787890960456571 0.776787632481639
0.804114168758436 0.714759811228257 0.935931828956974 0.715507180608923 0.82968701044741
0.951990938731894 0.731926611053581 0.748477477351216 0.902620505870068 0.664984466993242
0.697644487712724 0.749861939490315 0.761763456367409 0.975138372188754 0.815591744240798
0.766425830080439 0.780567967701087 0.63566917395654 0.939421220852645 0.877915807409288
0.716564447335334 0.771811769615037 0.748010662276287 0.931681784248881 0.83193133652446
0.788690552933053 0.679080305274064 0.93679317912715 0.880736522225322 0.71469944044041
0.734665725537358 0.63363005953539 0.92064920749377 0.78787797778441 0.923177029649072
0.856117895645953 0.79259713455773 0.753460695346545 0.756057646161779 0.841766628287993
0.734882899452838 0.701716729428978 0.767065671458209 0.984724971660975 0.811609727999
0.950057094764373 0.824734226164548 0.767742986017539 0.528456474693181 0.92900921836036
0.823052250026235 0.896419614962037 0.962277816539693 0.458515937526335 0.8597343809457
