0.790469415819765 0.580134551109313 0.86480455317539 0.852443218463595 0.945937479350383 0.966210782081553
0.911440387460688 0.827374271671132 0.700177510484482 0.962352586803006 0.902761665067548 0.695893578513145
0.716587672278033 0.945252386881229 0.867661661848286 0.699412879532719 0.771275193614936 0.999810205844798
0.884812777695426 0.833643249112279 0.767932230327162 0.981625087946487 0.75862757832486 0.773359076593786
0.963643425376997 0.705026673850924 0.833750827997887 0.983781307070009 0.738561210345313 0.775236555358869
0.719179239645362 0.742619917235974 0.993180555081173 0.876564959714154 0.947916532343822 0.720538795979515
0.917740026536832 0.903857486581839 0.74038166407678 0.572646662570694 0.929213988736584 0.936160171497273
0.984375077273878 0.837269853903131 0.779692964888724 0.781907722173891 0.828420785166122 0.788333596594254
0.73768251593447 0.778650086280196 0.980573274581899 0.971481970940257 0.800653985775921 0.730958166487256
0.7207590038099 0.736843576449758 0.964333811619987 0.89797470048641 0.773005232404763 0.907083675229182
0.8918144732234 0.667560254810821 0.723122507434802 0.871016481545553 0.922104388631969 0.924381894353456
0.872465682557425 0.883377381840014 0.923998263819347 0.752421459865042 0.735370248040874 0.832366963877298
0.545339015324266 0.987136350986498 0.965009455952935 0.939179575448229 0.662761244556288 0.900574357731785
0.797330320001488 0.652743381640011 0.823182022163513 0.959070002061832 0.999777057185189 0.767897216947967
0.792661466270568 0.860741395390392 0.874206464690495 0.746147496345257 0.958721563249107 0.767521614054182
0.843716362809603 0.920682214409317 0.91821882243883 0.931864816812053 0.73148853746479 0.654029246065408
0.521306396863126 0.868378411481374 0.898794435740896 0.926141849658871 0.99489693406801 0.790481972187724
0.96308630447897 0.757862494342182 0.744363241691459 0.784869073489356 0.954812609973369 0.795006276024664
0.808013861068164 0.816863574904708 0.973031028563124 0.730724681757339 0.88045826580031 0.790908587906355
0.758645355144986 0.876810904561742 0.775780937117452 0.884672972630973 0.945488334266773 0.758601496278073
0.762067877371893 0.943576859989841 0.692612623563576 0.687710265658205 0.920228935994797 0.993803437421688
0.771892864866289 0.947286963967906 0.739560831063557 0.784597042485511 0.998419164278949 0.758243133337788
0.717690247732358 0.760547765286282 0.921482421335559 0.951222938559843 0.934406877125757 0.7146497499602
0.929997497121761 0.689166508768311 0.932544621588768 0.811331768595899 0.777680954349522 0.85927864957574
0.953397221571936 0.718820488305354 0.669029176604966 0.985727383193316 0.688764950551619 0.98426077977281
0.801829157282715 0.756949567896472 0.859517197194801 0.75439854740078 0.984747357371985 0.842558172853247
0.732140213308498 0.664612861151094 0.869241361265844 0.984897227454624 0.938950701540835 0.810157635279105
0.961707118366738 0.906397662839667 0.517357566914874 0.767412391468576 0.920587377139819 0.926537883270326
0.764185543197172 0.88188318750416 0.754126763598873 0.823685937486356 0.849447031222655 0.926671536990784
0.762563577731025 0.955427571923618 0.826551572156189 0.789354153528125 0.817946659643048 0.848156465017994
0.635706478930076 0.915809890062252 0.852965025117851 0.888792692086405 0.739690481629113 0.967035432174302
0.88390270066893 0.748064765169998 0.794248667674586 0.945087564238691 0.789078361903455 0.83961794034434
0.894081882370879 0.749459927668996 0.650182298363122 0.844116545773218 0.917080261316239 0.945079084507547
0.733846603663807 0.732328648980714 0.888579859165765 0.846734247758203 0.878359985663161 0.920150654768351
0.792137860943216 0.800450955192425 0.80517291463598 0.824422051663496 0.91659318562008 0.861223031944802
0.963958420727805 0.830854808348046 0.729183673160289 0.871539047456668 0.845932899440419 0.758531150866773
0.907190719459389 0.641627412554841 0.925254811981108 0.927924888902304 0.754012026560019 0.84399014054234
0.86429304972285 0.909217255651791 0.88441850273924 0.693562142218784 0.892743048393266 0.75576600127407
0.752121704068034 0.721238161052198 0.736893520285647 0.996233260393593 0.976347847623536 0.817165506576992
0.722978217422995 0.817079901816799 0.938012362684109 0.941069299700364 0.624932394844068 0.955927823531665
0.984674074586799 0.64379771684142 0.71388491892696 0.893980279809114 0.844040452965817 0.91962255686989
0.68732703481137 0.903466096724477 0.742834012676139 0.987659680652292 0.993657443322901 0.68505573181282
0.849632845452822 0.801731402178106 0.850509928777734 0.857736387254037 0.84343339633957 0.79695603999773
0.916717132723104 0.761530817040763 0.909018959491661 0.774955364392255 0.743189796381959 0.894587929970258
0.794676429237205 0.743817061996108 0.810556088135443 0.882165595346992 0.994422331771996 0.774362493512256
0.873031919366782 0.900860073204835 0.676190210048901 0.78711669437281 0.956593874299108 0.806207228707565
0.982248632367966 0.826769084714438 0.791366192509706 0.791038302850105 0.857121325287717 0.751456462270067
0.976183492279022 0.932898076544571 0.74644834185138 0.982280398797974 0.688405852539166 0.673783837987887
0.845198389842754 0.953350070457036 0.615108581014234 0.958078531026372 0.945666137200209 0.682598290459395
0.755762401706782 0.93046594118481 0.923188700685728 0.830221724282227 0.802090828719175 0.758270403421278
0.90934174847186 0.748540393697525 0.742193174652868 0.912921814412823 0.788576831599277 0.898426037165646
0.79371574728387 0.942603811792758 0.861370468830093 0.839765353665446 0.873907965478721 0.688636652949112
0.743891541691479 0.864844338963499 0.956260213502773 0.819129133797813 0.71199703729103 0.903877734753406
0.979733173140031 0.788345959469926 0.822948236689768 0.799100780978811 0.891935029130084 0.71793682059138
0.977813195042946 0.90832634646144 0.707373319808676 0.775885450688869 0.853010342614037 0.777591345384032
0.811590059467014 0.984138968823175 0.756772554554797 0.897970318496367 0.765358474682461 0.784169623976187
0.575259211743847 0.827997165585906 0.780427793078167 0.948346930453947 0.895665312827475 0.972303586310659
0.975244756225714 0.974134862888332 0.736846498295676 0.874644924890075 0.715885066341718 0.723243891358485
0.85683603805767 0.989942077502655 0.652199680042207 0.962801339814201 0.564030260906979 0.974190603676288
0.77325197242941 0.855732272920359 0.778961278323383 0.863494073885903 0.742314737822311 0.986245664618634
0.834781092646189 0.841318476175546 0.830857344696569 0.777596404321938 0.858625556822162 0.856821125337595
0.739505707806444 0.791383781879412 0.903909620828222 0.799354679752005 0.800171299879769 0.965674909854149
0.804661698141187 0.907600131595533 0.797855963976144 0.845555664171814 0.750513780749336 0.893812761365987
0.926337889296186 0.704554487727659 0.841405442438316 0.816479327696949 0.942511376239661 0.768711476601228
0.789863112208239 0.808786134512834 0.876180915121045 0.810159510855622 0.802554157207369 0.912456170094892
0.789313743243254 0.848119253623567 0.930757637722732 0.813942915156903 0.81941143256481 0.798455017688734
0.894573327684273 0.9169892301482 0.806558394776105 0.744673865627868 0.732942205682542 0.904262976081012
0.70877098092287 0.889225512946196 0.92867129932507 0.769039617366985 0.868422274211144 0.835870315227735
0.743406087104634 0.887247393580665 0.91414314449315 0.725843457433776 0.959123420750654 0.770236496637121
0.888969874690364 0.797657670275662 0.842796086390801 0.752964752486908 0.826407690312599 0.891203925843666
0.862504376795842 0.926716118597395 0.777082077226177 0.781918598726942 0.868208275493992 0.783570553159653
0.894044720534698 0.913303808541032 0.758335931979288 0.875623706447148 0.747634429728308 0.811057402769527
0.93409216212658 0.905045253120618 0.760692307905665 0.729741408697501 0.763733660799856 0.90669520734978
0.719854475929886 0.95220428303915 0.703531227140769 0.943378204189311 0.782184173601069 0.898847636099816
0.872136923637532 0.666081884020175 0.77444013013101 0.879981984371247 0.975652842618861 0.831706235221175
0.835700470725603 0.832087907461958 0.902995584993665 0.659533970104517 0.798534466665472 0.971147600048785
0.687437189978763 0.837723210160139 0.706407444706557 0.983937812897356 0.813741755013846 0.970752587243339
0.957866438070982 0.728483093211091 0.74936605350124 0.725602841871968 0.903214209968557 0.935467363376163
0.858459562858733 0.730394209191274 0.945635410454978 0.573083373413737 0.982194371151697 0.910233072929582
0.831142510563369 0.670132350889415 0.891202435242983 0.851405091553809 0.772234522185584 0.98388308956484
0.757110469196639 0.759074505209524 0.809934529370236 0.858738543801615 0.917815162248306 0.897326790173679
0.755667110900926 0.805645197859538 0.918151581391531 0.803823965072722 0.816605453689526 0.900106691085756
0.815763708593628 0.812448038638312 0.92191827689205 0.830080921902736 0.885758347171147 0.734030706802126
0.704770039116157 0.984791480688261 0.705425124631753 0.858094613178919 0.874655581666668 0.872263160718243
0.896611204667293 0.846559062673089 0.586626988083999 0.922868915592699 0.87025225221725 0.87708157676567
0.83434468259355 0.762389362280511 0.845756409344639 0.921265430907554 0.942167062655004 0.694077052218741
0.891595243191521 0.779967991972186 0.75212998561453 0.742951331071952 0.89001208753389 0.943343360615921
0.944656445830485 0.796078575867447 0.874320500316258 0.768282030695593 0.755011074712607 0.86165137257761
0.920751654761828 0.834239812951137 0.879901881594131 0.806487534212221 0.829564509681968 0.729054606798715
0.79113756626908 0.804741071079583 0.722306357037862 0.767220709097456 0.983315256215501 0.931279040300518
0.868074043088826 0.904157880654538 0.778651561954388 0.847723539138629 0.751242722559146 0.850150252604474
0.756214328105529 0.869152057442568 0.957110354456044 0.73795712173406 0.849734021578331 0.829832116683468
0.988157954901614 0.959505860670902 0.846263131907381 0.717141851860765 0.67759733019683 0.811333870462508
0.819978164679464 0.856013444463069 0.919396642510908 0.85658423997171 0.692157459324761 0.855870049050088
0.996681178816064 0.900113345975855 0.728251906315983 0.763370312107389 0.667806904709242 0.943776352075467
0.869675514324053 0.919399974339734 0.820755693190207 0.865540232027162 0.78798863786113 0.736639948257714
0.827648071644499 0.926518937259373 0.822774887295227 0.960052259626069 0.633667672631905 0.829338171542927
0.96926098594184 0.731552824220345 0.773374900144906 0.789211664021925 0.895248704683413 0.841350920987572
0.788914418758747 0.825937521195418 0.865068658872172 0.82925087615543 0.757080384667098 0.933748140351135
0.934495389801682 0.894802764292741 0.739829517017947 0.735548788465337 0.839808671120988 0.855514869301305
0.871902503209189 0.785368869130818 0.708479354154772 0.956631539888418 0.935345960383139 0.742271773233662
0.820395948183918 0.89776581958245 0.953946109048004 0.973460834222014 0.65391990854346 0.700511380420153
0.89519149306987 0.863286240771296 0.933206549689497 0.589524791077501 0.972000073817553 0.746790851574282
0.698973557852433 0.759705055493952 0.960919813001594 0.711190861291014 0.96266909869168 0.906541613669327
0.883444883815297 0.763483556623231 0.826192417837954 0.870657047156607 0.70887676341102 0.947345331155892
0.894256589759134 0.772840616243123 0.925206063187158 0.828383907371576 0.830875677693158 0.748437145745851
0.892403446336693 0.859653374751653 0.814887189902643 0.863065800674714 0.670363881795098 0.899626306539199
0.759047664666316 0.863049474080026 0.820170554456248 0.82314463647526 0.786846846367983 0.947740823954166
0.691344621846303 0.938909149702411 0.956220651684346 0.747457017786393 0.782714051804409 0.883354507176137
0.725151746723325 0.96965103009438 0.699946829292674 0.707147689478832 0.932756970945739 0.965345733465051
0.982904565174144 0.625094783168667 0.907653393471629 0.915309047422237 0.698147903054163 0.87089030770916
0.814119712541263 0.792776669854696 0.784116750925473 0.932536637698149 0.920531390901385 0.755918838079034
0.834368034632405 0.972896768896353 0.803656477539959 0.901595524292488 0.804648677308593 0.682834517330203
0.979875987894243 0.849471197382261 0.885237692277697 0.610868480025737 0.868679067841516 0.805867574578546
0.747139060310676 0.721914851942928 0.916541309677548 0.936248892396627 0.948997088792952 0.729158796879268
0.978364730719542 0.950765308905995 0.859346332353303 0.707490341035158 0.720196941327043 0.783836345658959
0.958864436222444 0.689612082737196 0.937069111290895 0.871296853107967 0.781408921933904 0.761748594707594
0.769793844062927 0.776433688273057 0.941945073306779 0.955933296704005 0.768051747955553 0.78784234969768
0.918299115901242 0.84999337671816 0.74370121747659 0.8423043998625 0.939847976797101 0.705853913244406
0.741277947601471 0.925136977792352 0.875037829462626 0.784686515074853 0.881590285367391 0.792270444701307
0.850455164925767 0.966595706530787 0.768109498951588 0.897679618809233 0.680313447937863 0.836846562844764
0.785396593726581 0.885382397189337 0.982130199695707 0.787022945463173 0.90776932767036 0.65229853625484
0.967432107677547 0.731290119183301 0.842827896425966 0.781194336610609 0.907382228817413 0.769873311285165
0.862509202587414 0.900594758898455 0.77501628265147 0.702831313322389 0.916079195764061 0.842969246776211
0.854558638839634 0.922018193435026 0.658038480516155 0.860518867318629 0.755702468684105 0.949163351206451
0.694613157481512 0.8393887720596 0.987498213253127 0.986987476758503 0.67560552072414 0.815906859723117
0.797126592479858 0.692189897687486 0.961021278782123 0.757562095104095 0.84624865287808 0.945851483068359
0.836883540986217 0.943433107435653 0.950037563644569 0.730708351965804 0.82054087145906 0.718396564508697
0.912555875827581 0.824135669945798 0.760414280755935 0.776304894223768 0.904683307652104 0.821905971594814
0.817234197387799 0.966723432567374 0.865632000099281 0.985062198472126 0.676947250943823 0.688400920529598
0.809316679729321 0.886193046447256 0.727371017232193 0.879496353707087 0.96816535342288 0.729457549461263
0.816077470729463 0.974679065282087 0.788868897366258 0.816753790700638 0.739608816814243 0.86401195910731
0.904726672210141 0.849709931008701 0.876585860341798 0.664423888916649 0.795065085275479 0.909488562247232
0.754730966455233 0.898071005863046 0.93808161173685 0.726200838941027 0.757275208774859 0.925640368228985
0.776491711996616 0.787358706454122 0.848538419778301 0.843938328578901 0.837026068463651 0.906646764728409
0.850878009624808 0.778962600813721 0.824451482808628 0.862156844646738 0.975027324227438 0.708523737878667
0.725414688112684 0.675603152861528 0.826968165773965 0.988672375414166 0.928997476209609 0.854344141628049
0.801316011133696 0.852574134342599 0.850517565579479 0.872338838203798 0.806040486636337 0.817212964104091
0.84854911030109 0.979030654109663 0.874818937338088 0.735218278566341 0.731613139143964 0.830769880540855
0.709674160964072 0.976263313153349 0.717876668650536 0.849962203940599 0.847360559766533 0.898863093524911
0.842644212001368 0.937438402153355 0.730757784667664 0.685053533259063 0.982909922332592 0.82119614558596
0.852599131169585 0.795683699134425 0.868359146959619 0.822654958096161 0.789116870894065 0.871586193746145
0.826370194755456 0.853537415183042 0.863725146220225 0.950315639537638 0.629830810986061 0.876220793317579
0.846283470753807 0.958696856920186 0.780208319339669 0.781845204757929 0.896075252642253 0.736890895586156
0.709970413031797 0.939466218911341 0.723911160366504 0.721012390541548 0.997543545771798 0.908096271377011
0.780101761217527 0.90676851933759 0.755920699555662 0.827963079631718 0.912126544862429 0.817119395395074
0.768323530086132 0.990886134341437 0.822711334401824 0.921285875920082 0.882948758036103 0.613844367214422
0.720028319673176 0.867464183528763 0.926061367388523 0.959889700043545 0.762576369722289 0.763980059643702
0.951104747393748 0.678201200155295 0.94312392065721 0.682259782633549 0.87269618633792 0.872614162822279
0.792597779620485 0.814573072786754 0.772574719599547 0.924844221859649 0.848457406683738 0.846952799449827
0.750049329464223 0.910427167439622 0.903498933955109 0.717491263391619 0.917388823793426 0.801144481956
0.724502912416238 0.945668361118814 0.679456501034042 0.98335434886816 0.975638707334461 0.691379169228284
0.979692181081772 0.719162978045069 0.890132575634818 0.97362934083281 0.712005214568529 0.725377709837002
0.847115047506679 0.969453646400482 0.811106624131329 0.788233340600046 0.846984326529513 0.737107014831951
0.934340929977168 0.887869655909425 0.715592747531812 0.844487474082647 0.940487508683762 0.677221683815187
0.961873484954055 0.727126338835998 0.779466823583767 0.888808056591543 0.939289808148345 0.703435487886291
0.895936289480694 0.744836726215026 0.802004860487509 0.736411533319594 0.887989797532261 0.932820792964917
0.908031410002274 0.721620792299135 0.758375053702181 0.821524336144793 0.886933349630675 0.903515058220941
0.8852767203484 0.759568163867425 0.832024121391481 0.750323786924083 0.992367169240786 0.780440038227826
0.839360207777661 0.712916020671976 0.821259064280912 0.933691618954157 0.927057356034708 0.765715732280585
0.785524936141996 0.683786576432236 0.961015544700257 0.774415476700635 0.938091198350207 0.857166267674669
0.842144557768121 0.841582000050381 0.958465657998958 0.873146607122229 0.676223609526742 0.808437567533569
0.872006515459811 0.75502880919841 0.891656926146655 0.922546985879294 0.81460876325349 0.744152000062341
0.995515474495497 0.917294848887359 0.862777268205004 0.696255288769692 0.696056973968059 0.832100145674389
0.664995874271024 0.988248884935109 0.692755039017499 0.936349674213192 0.946239634836213 0.771410892726965
0.78678468355736 0.787093691937088 0.814241059303056 0.788618653559749 0.882158001602346 0.9411039100404
0.713733665273101 0.681242280114103 0.815681629111642 0.847049433154584 0.966706595412518 0.975586396934052
0.631061075633969 0.934184143228287 0.952997064348134 0.827182494457644 0.973261349041248 0.681313873290718
0.926769252952327 0.731634501114499 0.994925860652814 0.731835830966248 0.760124911738922 0.854709642575189
0.765972756748604 0.924763623407673 0.683742174886626 0.918537071049747 0.863200131381904 0.843784242525447
0.886916732000754 0.772652582528353 0.755157821667672 0.878760772019208 0.988510808030822 0.718001283753192
0.770395874263057 0.891149542896181 0.813831982108687 0.925028361748995 0.764448975940752 0.835145263042329
0.712297202936186 0.718923970502395 0.81715056864196 0.966203654445044 0.972402445153593 0.813022158320821
0.649229814568402 0.936555833254302 0.977016303093681 0.773516792091239 0.893176348683407 0.770504908308968
0.94440473994079 0.78209104979436 0.749821745430698 0.784540033875472 0.753459875179069 0.98568255577961
0.86994741814282 0.921323383649074 0.707188747269555 0.721718878280898 0.784750535734884 0.995071036922769
0.862634595318039 0.854761708871209 0.862121892144727 0.829085374049234 0.98983797837076 0.60155845124603
0.799475119991568 0.802721250513696 0.818211910002339 0.957791943228916 0.829427351049558 0.792372425213923
0.779827299951489 0.889196064436112 0.684829967931682 0.995945166354905 0.913693043759437 0.736508457566375
0.907806896390766 0.737505475922975 0.858357048220279 0.77271953258993 0.951691015755465 0.771920031120584
0.8009600256242 0.766401504170547 0.780872323710446 0.850177505088726 0.832252678357674 0.969335963048408
0.795281385513496 0.855266170272469 0.787840782553382 0.818710917067323 0.916932824294698 0.825967920298633
0.860720718972841 0.803096772639645 0.814628714311615 0.835426424568887 0.834189918490518 0.851937451016494
0.894992526177625 0.821856291697461 0.912036899749256 0.845149429120355 0.71299571115104 0.812969142104264
0.990533851571247 0.839098168129893 0.654392341787334 0.977101674225838 0.837430314066949 0.701443650218739
0.811010989649191 0.921999062411454 0.817051552768298 0.883025960453627 0.84912344171127 0.71778899300616
0.787291708833822 0.995605023656536 0.94602111015435 0.923209223582819 0.685046813341734 0.662826120430739
0.732751318579354 0.737513296319479 0.965367254662757 0.837876058711258 0.823662168325757 0.902829903401394
0.866666201289533 0.76096071900251 0.798952905316827 0.948794794256669 0.651342343765575 0.973283036368885
0.904308402365971 0.93047349208097 0.943064455568025 0.780293145807662 0.625945524141956 0.815914980035416
0.867793365306839 0.799227456794473 0.901283324689729 0.870008229771572 0.784958756222537 0.776728867214849
0.910780827335145 0.921729471748742 0.68006088808654 0.962658567702834 0.653820689241528 0.87094955588521
0.716436783878606 0.90574469410894 0.926305777382918 0.791658881816331 0.913978326172885 0.745875536640321
0.962238977150509 0.671626226482106 0.952062491168247 0.787284968933283 0.730081979487973 0.896705356777881
0.823564395079854 0.72873778177762 0.854973547699512 0.841705486622612 0.77427160924344 0.976747179576962
0.778804236089949 0.795845362985053 0.918822106059999 0.897369515295095 0.817932296449329 0.791226483120575
0.95552660579907 0.757370372951763 0.793306747520721 0.78267417418163 0.802022741151 0.909099358395816
0.815789967695966 0.917403124921965 0.749483704672956 0.879608778398929 0.678959786348638 0.958754637961546
0.785721150989309 0.829355404922879 0.817627160539707 0.992712003573692 0.760691542507877 0.813892737466536
0.792768742629805 0.87229456588722 0.782195642329809 0.811528559463211 0.831707257755805 0.90950523193415
