0.997039015695239 0.827166087146386 0.926271273842037 0.834714896465134 0.93191450948981 0.934546170920675 0.785832529311181 0.849338152274231 0.990743859411634 0.922433505443673
0.974803632931473 0.944110908253236 0.892310507655089 0.992152920854755 0.935689515559756 0.859948510936992 0.851652504669344 0.82058459562007 0.883194652142281 0.845552251377004
0.872539916397673 0.910312323827397 0.928607288215767 0.855863930088094 0.810989384332681 0.939914816697486 0.953960745529005 0.935878497883797 0.849820809722394 0.942112287305707
0.937874252164135 0.818748919971317 0.853151040164149 0.812395173186957 0.89371250337522 0.868662575547256 0.97849901838215 0.923889573631306 0.953255105466315 0.959811838111196
0.90124603111603 0.918977951378844 0.919086776973169 0.969082356608421 0.963838212594997 0.87602136412184 0.838536471218158 0.920098609332111 0.857026123809481 0.83608610284695
0.931715308704521 0.773530954108703 0.890297579712592 0.838936387618351 0.862383139943245 0.925316850598808 0.904228142665728 0.978970471505494 0.970601826281049 0.924019338861508
0.973358534118977 0.966058075881188 0.876071417273556 0.881599337992059 0.982119021599844 0.933451718369023 0.753211099714752 0.810065610213958 0.890838911331567 0.933226273505076
0.923222740602767 0.849263430177194 0.959140763910422 0.865537196999844 0.827509515008777 0.901439063956137 0.930966936278635 0.98458177208699 0.840128995562523 0.918209585416711
0.902616507138946 0.96179519616217 0.96790070472959 0.826664392838949 0.832469452250451 0.938174201418879 0.890679356951957 0.90125466296062 0.87310612732894 0.905339398219497
0.775837689376304 0.886494385966048 0.964103458975715 0.887393774950271 0.984391085115438 0.992451081111061 0.894347308950045 0.875757333103786 0.81097180969593 0.928252072755401
0.938577895290792 0.931310142257042 0.938568353733633 0.935071108104053 0.856238389652486 0.937276896098682 0.927340229400553 0.896251334491946 0.887048202784974 0.752317448185838
0.863513452688327 0.835399923910642 0.891386359839852 0.969657627871028 0.993001296823678 0.976783218811211 0.966217239810383 0.993705189263636 0.768415291060928 0.741920399920315
0.992822703760415 0.833414995834526 0.916605533200736 0.893775858058615 0.884809274459328 0.876665095871364 0.992479788090027 0.915154799769941 0.836920343601514 0.857351607353533
0.98797220934332 0.884870472533335 0.871967801250033 0.949060122349759 0.846841017851552 0.853785237247398 0.859271109194102 0.839210741151086 0.966349968103021 0.940671320976396
0.955384471712245 0.983517739598011 0.944379995150766 0.938018481126261 0.832259872389436 0.864580490527213 0.891446982059054 0.896232964587627 0.866750015354239 0.827428987495149
0.899648586620204 0.928437562792017 0.803174887815913 0.870366433906206 0.986067448874979 0.903580310839089 0.848834519132824 0.903909573604252 0.941731869308748 0.914248807105768
0.868210564683739 0.86842877978842 0.872648760658723 0.872352039719031 0.869669341294989 0.911844235178637 0.965123943339611 0.873305859349725 0.955817092482527 0.942599383504597
0.82003407665469 0.987168943637826 0.845883345909348 0.925882801820496 0.952127966741928 0.857199126190663 0.885303809756473 0.994832212241371 0.82416068501205 0.907407032035154
0.914306649731364 0.901080452352017 0.880542334997183 0.840253390025343 0.913259317796921 0.829684489711608 0.986286042329723 0.915947182750042 0.823808673628479 0.994831466677319
0.99332202482404 0.883216512349618 0.951663514965778 0.988930944797384 0.872822393879847 0.800555395184262 0.989708306743627 0.75312077573687 0.800178486835839 0.966481644682735
0.96364606359375 0.838481708490639 0.991935415087048 0.846473447652718 0.915226213993606 0.882676736937625 0.809241990884149 0.907441757164285 0.91437158247622 0.930505083719959
0.96622897884489 0.832444334959013 0.862860464963468 0.957763179998327 0.779173402410593 0.987124519188272 0.989563823400511 0.78455081121843 0.896220226758151 0.944070258258345
0.962174203229859 0.873768583594527 0.873358830424767 0.943127351007443 0.97819087667384 0.83183665040957 0.867719010162933 0.877781878224178 0.855418050988077 0.936624565284804
0.892871423549347 0.886604946078214 0.921861958750582 0.870760897310404 0.975223112660699 0.910639056327265 0.898532861086644 0.840145123402934 0.922856561642239 0.880504059191671
0.817785328985325 0.816321406165585 0.892912925628319 0.9696729601869 0.975714671247503 0.838991361262844 0.968907532482623 0.876865199636938 0.990672551749764 0.852156062654199
0.802734291649 0.852875312616172 0.827530107999016 0.97900728353621 0.954896732733948 0.996592245542408 0.935168998689133 0.956808247883332 0.813078747248253 0.881308032102529
0.974128903072831 0.877836026958923 0.865689716899091 0.910674709285357 0.863066164731014 0.861797671070587 0.942370419578107 0.876546602382075 0.943719394799279 0.884170391222737
0.933651990224417 0.895938594166216 0.960749995800123 0.986658909049619 0.897736319906074 0.842705774643689 0.985867857029181 0.819344348351791 0.815118206670927 0.862228004157964
0.915165735081211 0.787365826870433 0.839384655874505 0.831859807784727 0.977843170729843 0.986738260514504 0.973852157839106 0.933915812252499 0.802843694094377 0.951030878958797
0.899226166377001 0.900235733407154 0.841877277389818 0.978385682697293 0.876968863453731 0.867215995401294 0.865061332869792 0.905406886573871 0.996764706006804 0.868857355823241
0.978372955287059 0.882147658542538 0.972990365475169 0.893411396993829 0.795711410436684 0.949434046447039 0.883931567821157 0.971320196208908 0.784657371217921 0.888023031569696
0.903960507942518 0.879714321597459 0.925327567559371 0.96624196992877 0.964084251431212 0.816123174819068 0.810945093925425 0.881588971962284 0.984203362535134 0.86781077829876
0.880802607058076 0.94436469897209 0.967593965395048 0.828159602271999 0.925439231921553 0.898941212208013 0.897486409594844 0.96979774708236 0.848342623815073 0.839071901680944
0.840166562588387 0.915787763733662 0.855516575751883 0.819152276829382 0.856370598818763 0.966901199422058 0.912652772239725 0.991401582070976 0.84925596789666 0.992794700648505
0.834802749257532 0.845594489756673 0.999207001127013 0.884507930736804 0.859750301378008 0.957399351847113 0.902525953845177 0.838405256529212 0.939233156646241 0.938573808876227
0.930166655437313 0.822366813129202 0.97665911564857 0.866105028430269 0.88715344900824 0.908056828064721 0.878188127017856 0.955117653876484 0.914758291002776 0.861428038384569
0.942836517949062 0.892182519306368 0.825166300632299 0.935042610735542 0.876413149424678 0.896230401314185 0.818704766102689 0.985934230628645 0.911137322061605 0.916352181844926
0.914476216892213 0.865187478008603 0.984567959072587 0.929965255901707 0.813117668948846 0.806794870249822 0.906565848946373 0.974029729107149 0.988777734197289 0.81651723867541
0.859591919697613 0.959802213741106 0.831101312272349 0.884870753537177 0.906493669327285 0.870371623149537 0.97587374637028 0.905823169329271 0.856642387596473 0.949429204978909
0.864779776373863 0.876256968463134 0.867967631098306 0.894937868188586 0.878408539702605 0.878322365461582 0.910209172093164 0.928907620538374 0.983127261676923 0.917082796403462
0.810947151322262 0.878977815145433 0.900175161172943 0.986700776768811 0.936640988913445 0.932412406390832 0.929379598833536 0.856424775907424 0.882393889913862 0.88594743563145
0.800964566207022 0.878228643120729 0.95644418904912 0.98984567415202 0.899249894427249 0.907946662034274 0.799303199069969 0.939093785562339 0.926041526500428 0.902881859876852
0.858402889779817 0.889387518259248 0.891993944883375 0.860479497372194 0.848772053194602 0.992808462216607 0.985158654202023 0.981071797426903 0.845292456727817 0.846632725937414
0.829305103582891 0.94397218619177 0.937821678070969 0.818986666597334 0.96811028949734 0.819986473818472 0.903614680582166 0.88943218549555 0.898425512772884 0.990345223390623
0.883386600475063 0.893980369439081 0.914060777635104 0.992868357080692 0.926974165814614 0.824496617121473 0.886571650930072 0.91517623084533 0.820931018725705 0.941554211932867
0.913006939792145 0.889925023529434 0.859555941882664 0.846977058509797 0.878957922295073 0.997960340496869 0.92527248265605 0.880123544297858 0.927451613960643 0.880769132579467
0.928857793491282 0.827078120614668 0.900871193101279 0.850703059992908 0.971366506608943 0.780619282769354 0.950584273747678 0.906930367173141 0.963284960055297 0.91970444244545
0.848631854790982 0.895601240038131 0.930899649087033 0.854843791254815 0.86462932884707 0.867543037783705 0.835458486351765 0.960069783028908 0.944553546317112 0.997769282500478
0.917854688130073 0.973060772740235 0.907226516006878 0.868768544085332 0.87403318086206 0.889730887191362 0.893006111164686 0.864370533437762 0.921880925443163 0.890067840938449
0.985880706466012 0.987444652934345 0.921189320250168 0.81354571494107 0.953668556723867 0.797736808003326 0.979395023663072 0.837250894709852 0.751393253732457 0.972495068575832
0.982590600506958 0.972281675477929 0.895742327084795 0.760387241544458 0.898825479414808 0.94716301181406 0.928568209965873 0.913794030129926 0.832828645765695 0.867818778295499
0.906178232039761 0.907978735365421 0.917559524621133 0.922100269085281 0.897756696711345 0.868354633901142 0.844724656142825 0.895193572011846 0.844840240455714 0.995313439665532
0.966032502557229 0.812205229421346 0.906359052467953 0.898353669446278 0.978627611212139 0.839361337502725 0.926710048143221 0.847369682228473 0.985229995833959 0.839750871186679
0.844722029201946 0.981963971332892 0.829344626886801 0.862253551922443 0.925444737398019 0.966889405749546 0.950939596513824 0.904161742689283 0.834701548589141 0.899578789716105
0.826907534265882 0.854286773135326 0.904728023796753 0.995778863173013 0.981302242618665 0.792250500032713 0.967908005766864 0.905427340266212 0.818529274186518 0.952881442758055
0.897464571860554 0.919879106238565 0.854608995992463 0.898680715964006 0.955156649416977 0.878086769923821 0.872604174387964 0.870748139525116 0.872800613909544 0.979970262780989
0.870403211178571 0.911215368986911 0.973807536888712 0.803443573809948 0.809574200090619 0.940617530547125 0.951748410365998 0.957848948799037 0.803769061634256 0.977572157698824
0.91518871533777 0.85972602306206 0.931824140590909 0.942110768247955 0.996154968864625 0.858580970584899 0.816215711854785 0.865495300638742 0.849480327528406 0.965223073289849
0.87893096434306 0.848537708366614 0.871141976010241 0.999185709734698 0.98219089903393 0.891922498170787 0.920221843155137 0.815915212436273 0.866694752934949 0.925258435814312
0.932419060701955 0.881719094030484 0.873107462189941 0.9744315865692 0.87103900430416 0.86323293834933 0.876130965627211 0.946668026870997 0.882985552590403 0.898266308766318
0.966563964502793 0.986379472066082 0.798026352068902 0.948393838587816 0.988276217545908 0.861338055324582 0.800190203296398 0.912482795642075 0.825763111049057 0.912585989916387
0.905358626015666 0.830114184467043 0.841610487476814 0.877103293251633 0.972435862315392 0.880192997013486 0.774018873066551 0.994764826733087 0.956059883402879 0.968340966257448
0.890505720035623 0.870746277372038 0.95271447689788 0.966430379856338 0.905187868743175 0.83361895538725 0.850325205057092 0.945777743941005 0.835420804036539 0.94927256867306
0.829470679386726 0.873605807649967 0.881070612214065 0.947761212885109 0.83063583848013 0.937682160618986 0.958297644373096 0.950742275186305 0.821686650049336 0.96904711915628
0.961142209258247 0.928346232660305 0.83549074460966 0.822447847468188 0.985195006425597 0.829621043526286 0.935840184405024 0.903603019948622 0.982627385558188 0.815686326139883
0.936607291138418 0.847101973880382 0.946736120389209 0.822166436203882 0.94929783474022 0.868587363044086 0.972882089008859 0.851968417288599 0.993689552261186 0.81096292204516
0.905402087267675 0.892043970397576 0.893616135808445 0.955484649377426 0.894729779106707 0.902782102115169 0.94104252147545 0.85428315967084 0.881767683423147 0.878847911357565
0.902830072148428 0.934037910761347 0.879585899676255 0.814031524362246 0.901839340695958 0.838936381671396 0.861974019904952 0.98598047512094 0.924025623460709 0.956758752197768
0.913809642193614 0.866809637333279 0.841545735066319 0.926819533503077 0.894699547955171 0.855464105622946 0.967547625042541 0.864504818999356 0.986352377252333 0.882446977031364
0.847268981157895 0.925943615356193 0.874665859013947 0.899047689601407 0.898964925069651 0.937930752772604 0.88031852580609 0.903273623622889 0.893601462808126 0.938984564791199
0.929702816901855 0.903279644305122 0.839613539925986 0.968528308966969 0.91232120867701 0.82448594956007 0.943571093865144 0.853581190763018 0.828597030751208 0.996319216283621
0.786050272364896 0.923573924049134 0.883001821081847 0.971594382376112 0.915064047872467 0.786567252939922 0.873301979834139 0.995789160264699 0.895417009589538 0.969640149627246
0.904487177121405 0.839936903593398 0.928726821957995 0.859537036806411 0.865827534000311 0.943996183900197 0.895490487645633 0.901313119150741 0.873457322619719 0.98722741320419
0.84152753454967 0.979269557483479 0.968412843473686 0.944796952681416 0.876279006640859 0.891304946264301 0.906498464979704 0.909686629791595 0.836606753790743 0.845617310344549
0.998472599826028 0.917841696726154 0.849319686918184 0.794959741877022 0.846112802710376 0.960361005216651 0.824717494901274 0.954340547684505 0.987177876343025 0.866696547796781
0.909507621285148 0.793567419587916 0.963379433774477 0.94388309926068 0.996237247156412 0.913037479060942 0.77814785075275 0.987908495736389 0.846318466986674 0.868012886398613
0.985348605777473 0.996577104737947 0.887717129108132 0.847362907846898 0.951946855513389 0.901903584713498 0.849906996882601 0.855359880783595 0.844195373831952 0.879681560804516
0.817759929651694 0.897203354437174 0.915919484640168 0.874280050770166 0.8536607651425 0.923021323655222 0.996363725281473 0.828262729776872 0.958595015129279 0.934933621515451
0.851787452703714 0.977539312446953 0.814799065327718 0.960484245521103 0.820501952517699 0.952655246352976 0.937422581052776 0.814117124098474 0.922604388485132 0.948088631493454
0.818229818985942 0.906081217025364 0.989241045723654 0.977823100202284 0.932776788287081 0.925240088315799 0.887130266097386 0.820567363624171 0.998453368974066 0.744456942764253
0.874140980378577 0.992562973402631 0.997506968971116 0.788146577426474 0.983640906564107 0.779763225147882 0.952916093713718 0.983051324049859 0.797453839256527 0.850817111089109
0.918407724346679 0.92099132963335 0.909068198541521 0.956586826894557 0.945253208175982 0.919410500560854 0.981852967211738 0.852866646817597 0.796657247236014 0.798905350581707
0.930571392321278 0.992472555803 0.841559872633018 0.825457190269804 0.901775052145077 0.876882534316318 0.988732051272573 0.899126825916487 0.84424340141232 0.899179123910126
0.984754803020421 0.926220461175602 0.913434043694358 0.792283183838996 0.837317234207876 0.879623747074669 0.807349356991403 0.927526724871104 0.964033409077767 0.967457036047805
0.965362010369607 0.858185222455246 0.805090220008958 0.998186187372379 0.835511339465781 0.896954794625442 0.914399690883854 0.889898437263456 0.938285051768793 0.898127045786483
0.881086465901797 0.864666650711129 0.864209682762889 0.910890411233738 0.872541765481562 0.955210309815414 0.92333676158158 0.960660127036657 0.927802401757049 0.839595423718184
0.983446934749304 0.800768059071487 0.875825168922249 0.986776600976732 0.89481928575268 0.818615276133502 0.897878870565878 0.9508433443232 0.965601642631462 0.825424816873506
0.908507487843827 0.993611859908905 0.993514641176191 0.890832538953728 0.981699532502014 0.911960461968525 0.926253354371222 0.794454137641699 0.798716085749702 0.800449899884187
0.880957864725532 0.953105684523813 0.931147155211412 0.875350317103674 0.840441489484351 0.960111530988744 0.878491345461705 0.881808333356128 0.876825797082846 0.921760482061795
0.939114654895231 0.872611459141046 0.859524119672343 0.872954716175559 0.954585193863648 0.87422368355109 0.83838781052958 0.962775711089392 0.986332748549804 0.839489902532307
0.953900468803797 0.892793303052889 0.911890124860046 0.936867402515812 0.862264200512753 0.922146687624501 0.970574288413745 0.841346180567887 0.868116816846853 0.840100526801718
0.991749136478369 0.897545379629569 0.873000377401955 0.950875254533107 0.986072062584531 0.826165301328041 0.814470571421197 0.936209832433107 0.819611486195174 0.904300597994951
0.978454894876785 0.994054237747192 0.819363496492554 0.813265878040308 0.875574972290253 0.885434397351853 0.996555716217065 0.831186702893562 0.83164449760613 0.974465206484296
0.994179875357952 0.986722554382511 0.889550108761783 0.864492363187325 0.820089229934763 0.947365643627802 0.853593065704538 0.968913252270975 0.825124300040824 0.849969606731527
0.856951232762374 0.942068013402656 0.883417051414568 0.974144635406304 0.788301384167218 0.784088484811627 0.979979203584658 0.95499987997959 0.874749575504804 0.9613005389662
0.858294364661223 0.833259851196142 0.906874715698285 0.847558247269195 0.886436190650449 0.901217492010104 0.990603838136156 0.912674703920941 0.969136116859559 0.893944479597947
0.809297261245877 0.903065370235227 0.992662063163086 0.849915734479902 0.75656000714599 0.868350108146446 0.870051815120889 0.984715810485969 0.989119596061062 0.976262233915551
0.818745389313115 0.902053798920006 0.995779222714944 0.874065855630187 0.77776613574193 0.931700260903161 0.965458435927124 0.996630801803275 0.800810931545346 0.936989167500912
0.961090324135935 0.921782961703853 0.93156871875155 0.966405579126965 0.817411539727514 0.848604339802869 0.850044675872722 0.99005954597036 0.873120833264883 0.839911481643348
0.998980714694394 0.838305333814192 0.966869040856879 0.865965309654662 0.813085913772778 0.889384724024651 0.908774211533583 0.906588097362291 0.945973042181233 0.866073612105336
