0.54060191555371 0.650661372382068 0.935169530205964 0.873567181858258
0.706099222784021 0.654861870694486 0.780101211397721 0.858937695123772
0.833701856641809 0.356461340372868 0.96754473031681 0.842292072668513
0.728048695108588 0.971622199434405 0.750668616213237 0.54966048924377
0.74745473494756 0.576923245648273 0.830421663045416 0.845200356358751
0.717969731490691 0.569420459166389 0.783461445576211 0.929148363766709
0.887272327270155 0.944486777556159 0.631213614857581 0.537027280316106
0.800988891656077 0.936862220813084 0.728281219766102 0.533867667764737
0.680869003469884 0.765859985088784 0.761815020240747 0.791455991200586
0.782455937967999 0.796478814915431 0.834114620751755 0.586950626364815
0.59805261033319 0.654918007047388 0.854689331722542 0.89234005089688
0.858903876863234 0.693607241008911 0.837145767486993 0.610343114640862
0.709974990397228 0.878980139848668 0.784335900941927 0.626708968812177
0.592239030090828 0.804980481344916 0.683499484744644 0.919281003819611
0.702545960057804 0.994114938478424 0.618952668908441 0.684386432555332
0.759007502914778 0.644997566682345 0.905474071813096 0.690520858589781
0.827679024874086 0.615927623002877 0.742773018752173 0.813620333370864
0.85161833077039 0.68807372631287 0.780386083105235 0.679921859811504
0.962133004566872 0.98070309474749 0.643791588616974 0.413372312068663
0.750271855943011 0.452707333734539 0.928230738875964 0.868790071446486
0.744396524419276 0.796305101103705 0.708250544295411 0.751047830181608
0.92580473158593 0.825883131489549 0.595679179234485 0.652632957690036
0.784204411923934 0.960737714964048 0.41800571396955 0.837052159142469
0.655652372379094 0.674717242851838 0.918780129537501 0.750850255231567
0.841910895851971 0.68787015931485 0.589354903873482 0.880864040959697
0.707468105551413 0.829020523019964 0.785167756790307 0.678343614638316
0.819077849996746 0.761113693211832 0.770070250352463 0.649738206438959
0.905665095401306 0.565939449291256 0.716961140681594 0.811434314625844
0.686614874776863 0.79717932178425 0.761049894152751 0.755155909286136
0.959535855217838 0.479669051369406 0.731941823550802 0.828853269861954
0.51933557982884 0.717812811935804 0.919331705109457 0.843519903125899
0.936670905691699 0.458215674321461 0.741117270075121 0.863996149911718
0.665166696377914 0.396795074253575 0.991731712803472 0.946306516565039
0.74331228741911 0.737153196029224 0.863267669044181 0.656266847507485
0.638696865176219 0.631675013835451 0.974646128362694 0.754981992625637
0.638853719081269 0.654391490644118 0.754131253906325 0.952623536368288
0.60082032105137 0.886528108211294 0.917279132894107 0.595372437843229
0.696318942876347 0.906918441421616 0.823097486579719 0.573665129122318
0.776448854834787 0.618637163875621 0.669333817169696 0.935580164119896
0.824454924860339 0.715219763767393 0.672733202030093 0.787592109342175
0.514728977838073 0.960300388397964 0.575809706572282 0.949160927191681
0.567844323810484 0.999494998210062 0.714982863063425 0.717677814916029
0.662275993846003 0.892573244869225 0.776706889391445 0.668443871893327
0.744975442990021 0.672092180924049 0.820615670154447 0.762316705931483
0.992818019790527 0.664251570600712 0.664431869127207 0.678498540481554
0.658924567419734 0.897694017255701 0.794843852043558 0.648537563281007
0.758298058027698 0.642552098935654 0.601400398579565 0.997749444457083
0.740882248992101 0.720880396930837 0.738082782707669 0.800154571369393
0.644601507161444 0.975201739604008 0.618092013391664 0.762104739842884
0.242183013892448 0.876409670631283 0.994440266377209 0.88696704909906
0.965076887323924 0.927170354097263 0.697262373540866 0.410490385037946
0.900431749571034 0.971894890630381 0.624084138208375 0.50358922159021
0.621866407096422 0.915224136931031 0.593985028179545 0.868924427793001
0.866739254366043 0.841087135820238 0.717483150469627 0.574690459344092
0.755520553237007 0.560722580605516 0.895656761205595 0.788100104951883
0.681853548280698 0.703645859784628 0.897406309403083 0.717094282531591
0.752355722697897 0.625921317966202 0.624636378340726 0.997086580995175
0.877286627921744 0.681694376366023 0.842510030355145 0.598508965357088
0.608625199345592 0.957107245863625 0.460555200651583 0.973712354139201
0.616608901507696 0.946885711319041 0.83642445313583 0.600080934037433
0.669124738245389 0.910072646839106 0.608815707459826 0.811986907455679
0.946933679883352 0.873778174058832 0.591748370651695 0.587539775406121
0.504497668595884 0.816362749210433 0.920236775904585 0.758902806289097
0.825451402503402 0.74435224911095 0.673228210153684 0.756968138231964
0.877986132574976 0.713365208308476 0.506695174139005 0.901953484977542
0.765275524098745 0.660416464766669 0.763164188200922 0.811143822933664
0.720223491057198 0.7595217682052 0.76673586091433 0.753518879823272
0.720611764220583 0.782163681783179 0.590508382541676 0.906716171454562
0.822325066708986 0.53849686284429 0.906142866649993 0.733035203796731
0.778006929690163 0.73130639857771 0.807348658856181 0.683338012875946
0.566481159773447 0.855247198045905 0.799832305136801 0.778439337043847
0.756464403949057 0.810041161092793 0.468725683256501 0.964768751701649
0.605631785003769 0.751951641605276 0.948088403577632 0.694328169813322
0.947202156921751 0.524692456738662 0.901879717626971 0.626225668712616
0.732570588132259 0.7234085821175 0.823677741294814 0.720343088455428
0.805121175227389 0.927775084853486 0.448389591153641 0.818714148765484
0.628343271201298 0.813652542073897 0.867981356913271 0.690022829811533
0.643361781134277 0.789036772074813 0.690425941986331 0.877175504804579
0.775818618105256 0.855935830087545 0.660923115150489 0.70732243665671
0.380778322767922 0.86602325657155 0.835146310247785 0.918052110412743
0.734793265759487 0.804692324722551 0.676802134073823 0.783712275444139
0.633503202530869 0.782203563110444 0.943621950925952 0.640671283432735
0.787476354601553 0.553020517142052 0.688460273331935 0.971042854924459
0.902820746244715 0.544646773948838 0.80147830255202 0.751054177254427
0.782115180689839 0.794965353977084 0.682836422511296 0.740083042821781
0.592929359171019 0.806835806911462 0.963592376970334 0.636642456947185
0.925244345130723 0.979699724958696 0.476770218735316 0.618285711175265
0.548375237621079 0.784145485382406 0.865008394138978 0.802470882857536
0.715428129717964 0.947460197277171 0.565225188771163 0.771886484233702
0.902774931025384 0.970802590645299 0.976867233790198 0.149555244539119
0.878177682597876 0.602599135016607 0.821294415062767 0.697928767322749
0.890704055305369 0.709335741554938 0.699630485651737 0.700329717487956
0.896469871865155 0.766804083715743 0.674161767162532 0.662564277256569
0.878176715549039 0.671396031145595 0.798468817483688 0.651958435821679
0.778510632050367 0.685220788162984 0.821760696897956 0.714507882888693
0.679695819623569 0.67259307819909 0.812683744668021 0.835027357509321
0.745610907367002 0.734621287871178 0.770332247297541 0.749435557464279
0.732421984535815 0.901775433990921 0.450856365284985 0.914946216188279
0.697602643337556 0.661008157297088 0.750686787477034 0.890702411888321
0.924781542571264 0.764474092781564 0.36861580208093 0.942128562566241
0.840743495941003 0.623817520966587 0.612129713545381 0.923309269547029
0.998938390874675 0.751310133331046 0.825067048297248 0.42468442749703
0.78810786684703 0.870897697143168 0.355419071497711 0.985575364512091
0.755793313424206 0.740687639819655 0.932821909178158 0.570697137577981
0.712370264520577 0.71159092584517 0.715032706028929 0.861006103605325
0.867359015670879 0.599869374433715 0.616051857231085 0.916719752664321
0.795006464098118 0.615910665204717 0.757563561866894 0.831519308830271
0.839176519943358 0.956622465668217 0.720595309346111 0.483605705042314
0.619394740600257 0.950219315617586 0.759113620273033 0.671272323509124
0.553643325519411 0.547230099929719 0.936852005852348 0.962274568698521
0.459305987858918 0.660793464686672 0.897723727123152 0.982176820331258
0.919400262461141 0.492225210595578 0.928952222835564 0.659422304107716
0.823265076214757 0.61161561646669 0.899803862257668 0.665315445060885
0.717001645533654 0.608218905627141 0.937757023659805 0.737022425179401
0.812165724026104 0.666437702647205 0.680173165935874 0.841223407390817
0.596340365863792 0.45811567850907 0.974406460634181 0.971137494992957
0.878646109060708 0.712926551802135 0.706676245009099 0.701751094128058
0.948775617643154 0.78481079570395 0.618203347824774 0.648210238828122
0.997996509020955 0.641252116908953 0.641488666230692 0.7192627078394
0.644938698138933 0.729355657427975 0.869138025144182 0.75656761928891
0.658529639093639 0.497371431704314 0.855919536277208 0.988179392924838
0.53936562127247 0.75824157468156 0.969508701387907 0.732884102658062
0.650753704660918 0.748908273714321 0.80743591438258 0.792902107242181
0.68789317612114 0.772873194937949 0.805900111211906 0.733333517729006
0.494758762995169 0.694068923550498 0.859745885883079 0.951426427571253
0.923761723351436 0.933109861521244 0.453765341270735 0.689363073856584
0.585162220384086 0.766532161769592 0.793266083248816 0.855039534597506
0.878327454315061 0.558418762308079 0.606351534370229 0.956902249006632
0.722965894141858 0.988662434748991 0.672237235817462 0.61613443529169
0.685171876295727 0.86521052830494 0.784574606689278 0.665042988710054
0.981495023451354 0.956528841182794 0.49639869578856 0.565577439577292
0.792549033333023 0.650635007991652 0.816505823114832 0.740310135560493
0.923780280210815 0.661186317665959 0.653256417819622 0.761776984303604
0.517149127619605 0.978285842045633 0.697945987140766 0.806619043193996
0.486684160198289 0.967985900603064 0.75352012282589 0.791809816372757
0.725018691348834 0.684206656061108 0.878259877419862 0.712514775170195
0.645770760605415 0.617465508249447 0.849998508356212 0.886765222788926
0.840328848709539 0.934213097889912 0.254146518751389 0.971311534649161
0.617827626098519 0.900189329107115 0.63125507815691 0.850727966637456
0.762781378022266 0.79230705670787 0.786836718466756 0.658074846803108
0.647293116367581 0.639375785276705 0.871559754130428 0.841771344225286
0.669696914712494 0.899009029966385 0.647235759480114 0.784058295841008
0.7560629907931 0.799535196424075 0.570533305161749 0.873868507621076
0.625412456608222 0.923306370294515 0.942508972053383 0.508772201043881
0.569010678396346 0.832898680429548 0.893266776541842 0.704823864632265
0.648216158188106 0.761006688673073 0.783406444283888 0.807370708854933
0.7008226591422 0.947501839901241 0.769584566881444 0.582090934075115
0.899434077069785 0.811201328622767 0.61320204376692 0.676162550540528
0.767703258883746 0.557544455211862 0.916496563306001 0.758255722598391
0.873904745313239 0.990377730316641 0.493684738156867 0.642032786213254
0.808845052528823 0.922910687085363 0.660483276274953 0.607760984110861
0.843214312345444 0.621369968908587 0.773669956743117 0.761745762002852
0.68495332843491 0.741660593103648 0.904541275763247 0.668844802698195
0.711355750721848 0.7300286061273 0.81180041452216 0.746815228628692
0.759762484529287 0.722981787743429 0.813034640649065 0.704221087078219
0.875513025461815 0.999979031166188 0.605208202546604 0.519299740825393
0.885075494373457 0.777852758589469 0.745181319574833 0.591890427462241
0.735859086039772 0.501595496146686 0.960691698897085 0.801853718916457
0.689714929000265 0.868573121723861 0.667045604250731 0.774666345025142
0.684745301913667 0.738343068069983 0.746718564587097 0.830193065429252
0.954810611924513 0.635843845867246 0.833233752537728 0.576111789670513
0.588081548945059 0.915381391617118 0.872954316108293 0.623582743329529
0.63826400786935 0.882896304408126 0.91565154572235 0.563188142000174
0.793812659294715 0.847461015316464 0.689464809300907 0.669261516087914
0.644741181862183 0.724247714255949 0.645888667236741 0.985122436645127
0.880075946090051 0.889978569304804 0.497416345448556 0.73252913915659
0.763739747498752 0.663200909172833 0.73205962839259 0.840999714935826
0.494614628704062 0.637277571290927 0.883018889621592 0.985088910383419
0.800155734258631 0.766409442020089 0.886419145525021 0.54701567819626
0.852240850464892 0.81856989864342 0.852308147860654 0.476881103031033
0.755929211613831 0.806776214515005 0.526640539163628 0.910654034707537
0.796245026614381 0.685316274218348 0.537023105947782 0.981415593219489
0.771121677699978 0.792265553780145 0.656897458531978 0.779715309987899
0.823140977971634 0.574450497363818 0.65799688326107 0.944411641403478
0.771451525377958 0.48355453651988 0.998869223626442 0.74612471447572
0.808920078380559 0.885393032207071 0.740588739080186 0.565098150332184
0.304412599240181 0.994049860494975 0.970735452291035 0.730802087973809
0.740644567796394 0.697759443006004 0.801487107248882 0.76010888194872
0.978232353522197 0.659668951285831 0.705808536355887 0.656290158836085
0.659303084864285 0.814005516791664 0.910765552462217 0.615925845881833
0.697454636453242 0.886701228411869 0.69636817987734 0.719475955257548
0.737232459064883 0.724589459699146 0.615173124229343 0.923004957006629
0.725020711687542 0.674579748167255 0.705636711179599 0.894762828965605
0.99385147873125 0.863030163023117 0.265626465278239 0.877491892967393
0.562841249628194 0.602464544009917 0.947689156684363 0.887005049677526
0.651437727021536 0.693094849386502 0.977025683311584 0.678441740280379
0.647335611043139 0.633741432175706 0.722331813009378 0.996591143771777
0.568931045164256 0.606520371176405 0.902034840095316 0.922513743564023
0.695046204202704 0.905433052262149 0.44238404887587 0.957136694659278
0.69779358262497 0.685485828816622 0.64996875485622 0.966751833702188
0.836233652283417 0.633127181454108 0.79245115090895 0.738188015353524
0.342225950035232 0.880305529959658 0.903038307585807 0.874430212419304
0.685857166255854 0.610186260726107 0.79068770455031 0.913268868467729
0.867876035728709 0.764247977735233 0.73474945685018 0.633126529685877
0.814544537655742 0.934077668484936 0.537575991573433 0.713801802285889
0.804571714841472 0.731685391569969 0.885604979209024 0.578137914379535
0.735737426863915 0.761760810680351 0.752300353892139 0.750201408563595
0.797933458703606 0.645230029162922 0.885008595871402 0.671827916262069
0.572540722963586 0.677919889708993 0.819326551429289 0.930212835898132
0.908709293144568 0.56515225480298 0.588834183790593 0.937304268261859
0.538114148011687 0.977378391245424 0.539875040051504 0.944632420691386
0.841399028582189 0.705107957836919 0.849981640764554 0.603511372816338
0.606878192081564 0.644247168391137 0.812524609159601 0.936350030367698
0.627004480683466 0.696049458353069 0.816435480109155 0.86051058085431
0.725601975226491 0.727763591226823 0.988117228733623 0.558517204813063
0.616162111490851 0.798902671464005 0.707881436092605 0.87705378095254
0.690438761175022 0.789510570294486 0.88591689290078 0.634133775629712
0.818072408115984 0.483210109284906 0.743881041514037 0.954836441085073
0.579925034350189 0.983870718570995 0.895826437791735 0.540377809287081
0.496305113095618 0.583311999953652 0.985552840293464 0.934830046657266
0.903690060630933 0.591663734486348 0.927162450721457 0.577483754161261
0.83403103491101 0.708221875875738 0.99370549444913 0.464041594764122
0.953459580248731 0.619676695055251 0.541517797461805 0.885345927234212
0.649432024552587 0.68292534044638 0.885581131692469 0.782061503308564
0.985421148120762 0.557720761069424 0.869190236710916 0.587667854098899
0.748800070219699 0.745899354689347 0.748562937899122 0.756737637191833
0.738578637198269 0.735834218304345 0.797527595044126 0.728059549453261
0.636003084808724 0.692437088475118 0.969418752454371 0.702141074261788
0.942220743998743 0.624504196761601 0.73327903660192 0.699996022637736
0.529242455764158 0.481556427768786 0.994795713919672 0.994405402547385
0.761789448701233 0.844311187129452 0.695814511773432 0.698084852395883
0.666756718179555 0.691982948993747 0.844195192024553 0.797065140802145
0.4150409388724 0.923160630663025 0.7834987926927 0.878299637771876
0.945307623805068 0.988872028956648 0.502424351550003 0.563395995688281
0.828734921077404 0.621405071806057 0.74545098466038 0.804409022456159
0.688319400508918 0.910228253450107 0.670110501001289 0.731341845039686
0.788407958240562 0.47761231393275 0.88163901859196 0.852340709234728
0.628352581065277 0.850273094986863 0.637869429388474 0.883504894559386
0.714259067253663 0.790471806583895 0.798742356944776 0.696526769217665
0.673062826041965 0.748954328322952 0.959135165036655 0.618847680598428
0.727205757529512 0.643835698929673 0.762989095817379 0.865969447723436
0.638467687591024 0.671782066647953 0.800617355945438 0.889132889815585
0.710286000575556 0.649565525614392 0.704891740876924 0.935256732933128
0.746062217508605 0.756793453606133 0.612169574916735 0.884974753968528
0.521198123376633 0.802898452076947 0.792275220107894 0.883628204438527
0.621733129641341 0.900001971623092 0.80051650189729 0.677748396838277
0.702714537078804 0.811339427287601 0.773773906487302 0.712172129146293
0.605647996953612 0.986308973503658 0.566341590143044 0.841701439399686
0.631759702492662 0.687586018968342 0.850649914495827 0.83000436404317
0.822294245288214 0.718451345423808 0.50593451214431 0.953319897143667
0.996548239236601 0.628078878031588 0.726132459575341 0.649240423156469
0.697292160809288 0.717228238682303 0.817862511655849 0.76761708885256
0.952445629538864 0.669914709493941 0.569410820630402 0.808228840336793
0.831587943442286 0.863394689124783 0.40956064372983 0.895456723703101
0.715323952596043 0.454576432055482 0.899732035422922 0.930367579925553
0.36385094092505 0.745792953405704 0.96149993670349 0.928856168965756
0.697200352604756 0.865616113958234 0.760916142924202 0.676267390512809
0.905925125512594 0.852570468676429 0.690375176842384 0.551129228968594
0.906699767726367 0.253321408805636 0.943964872906879 0.896013950561118
0.554324539444966 0.907273067284529 0.682685456810501 0.855716936460004
0.763757687266305 0.769980137312289 0.73686954829258 0.729392627128827
0.815889903538747 0.77265992643871 0.682542344407365 0.728907825615178
0.680758717121283 0.939362506920527 0.637450023189759 0.742428752768432
0.914665333832605 0.669796272184328 0.749694097940198 0.665844296042869
0.681936154128022 0.800862394221529 0.947202140514168 0.569999311136282
0.735695757585538 0.80037041998825 0.724427805384099 0.739506017042113
0.690977786121616 0.894861874621923 0.719663953815642 0.694496385440819
0.861654171846102 0.857854674988634 0.560479286300526 0.720011866864737
0.901541792880031 0.465718499224459 0.987088191494663 0.645651516400848
0.760254140853817 0.772434815229749 0.983589320935591 0.483721722980843
0.899347200389864 0.380641843002942 0.969138494314209 0.750872462292986
0.850262818943915 0.609759393068786 0.79739883857897 0.74257894940833
0.770360951858957 0.90046024080544 0.708708941986701 0.620469865348902
0.884289884560274 0.623494583136693 0.501861494988408 0.990354037314626
0.664653578825185 0.911980822818062 0.794869303014496 0.628496295342258
0.648989864955535 0.798038472806865 0.709441782842045 0.843529879395556
0.903128076994061 0.545769081243138 0.604006156402521 0.947096685360279
0.763853690060442 0.805000298959428 0.629324989726331 0.8018210212538
0.959944974734918 0.552799814320694 0.516214934319036 0.971040276625352
0.937074178974038 0.597711281895059 0.71801649746391 0.747198041666993
0.733555422667966 0.766746608245807 0.774318409420606 0.725379559665621
0.756488800385164 0.786659004417263 0.582034200569846 0.874817994627727
0.880439062948308 0.559090299058571 0.836090276808982 0.724380361184138
0.585377293331512 0.714866987791348 0.878270597692209 0.82148512118493
0.864479618305285 0.737341826255805 0.690900563083418 0.707277992355492
0.678166560901216 0.808011974526209 0.815379871678047 0.698441592894528
0.923532398058492 0.464596626102361 0.961450207000415 0.650420768838732
0.609638921627822 0.860618880258897 0.823141687538937 0.706600510574343
0.681591248195782 0.792611763211089 0.870150749857986 0.655646238735143
0.57908031093796 0.505437449272269 0.940106419879869 0.975375819909903
0.989883377658598 0.873977642996683 0.895967666237739 0.24017131310698
0.763148400314041 0.638677045120432 0.901983045635626 0.696191508929901
0.901845098245478 0.513003892720275 0.613711328672882 0.971439680361364
0.946374527425355 0.691737634666215 0.841092620378237 0.520795217530193
0.613634272553877 0.549955547718241 0.956579008247247 0.879831171480634
0.456786863694012 0.883947337379897 0.990085059144122 0.669180739781968
0.44232243243809 0.877405815152957 0.883040235104502 0.797231517304451
0.701740249182866 0.771147017429555 0.811442608156234 0.715670125231345
0.667783179201148 0.751034771737344 0.834793063679234 0.746388985382274
0.789516300766973 0.763473551747245 0.859713101795101 0.58729704569068
0.690961614791222 0.707625577262974 0.840664876152965 0.760747931792839
0.940609990238856 0.865997314863098 0.602343058583003 0.591049636315043
0.773622776354277 0.822913707298265 0.608265203621728 0.79519831272573
0.584500251240572 0.924485510447864 0.813313243554137 0.677700994757427
0.667823149706665 0.847054575027453 0.725227755382544 0.759894519883339
0.734387998824392 0.842960951218576 0.609264810023401 0.81338623993363
0.753901844320285 0.742910002622351 0.707025015096898 0.796163137960467
0.745219374316396 0.73694498689759 0.744364755606522 0.773470883179493
0.748387790083964 0.63421377230182 0.92907663536077 0.688321802253446
0.793453683120451 0.738935974286023 0.680846264869649 0.786764077723877
0.712897834987786 0.729634088220748 0.605168618943292 0.952299457848173
0.837611419371646 0.744068400794396 0.534852354967707 0.883467824866251
0.874666549084083 0.750173010478374 0.461574945113922 0.91358549532362
0.802557861272302 0.923341872253897 0.715149451053592 0.558950815420209
0.74534532960056 0.878831713411262 0.841973668708756 0.533849288279422
0.930388716328325 0.570290771463318 0.874738606348185 0.624581905860172
0.801959574344368 0.685693878955702 0.569257406054546 0.943089140645385
0.974124078645042 0.786778216467991 0.645481859914549 0.593615844972419
0.693066152405838 0.591586565575994 0.733102666758533 0.982244615259635
0.655824542428094 0.783635189948086 0.974200772989532 0.586339494634289
0.850907836156651 0.749450966028627 0.420936592930615 0.978704604884107
0.983177548799857 0.548041817678606 0.68870469117839 0.780075942343147
0.700733691407779 0.932889280788869 0.914933104086306 0.451443923717047
0.956522040106447 0.51939903143751 0.692762635774319 0.831316292681724
0.720014710666515 0.891114164060088 0.531567907688088 0.857303217585309
0.721317743453805 0.671031263159397 0.871408228522982 0.736242764863816
0.74384482553471 0.912418230272834 0.893815918840051 0.449921025352405
0.857392441255657 0.850684805290185 0.529796857006554 0.762125896447604
0.991168311509132 0.615619699037892 0.862807931702347 0.530404057750629
0.658682600472754 0.767167962670531 0.717523193077777 0.856626243778939
0.671616305783485 0.902409728714469 0.949302575992124 0.476671389509923
0.648433036460028 0.846276625143578 0.868233016712661 0.637057321683732
0.701147241856657 0.799902745792978 0.654341048012699 0.844608964337666
0.719671846320047 0.987741453319769 0.756219424480659 0.536367275879525
0.69478689597334 0.432388837514347 0.987615573387205 0.885208693125108
0.28489394523961 0.929765314329043 0.996559814138996 0.788780926292351
0.712023830212561 0.610518883488833 0.751047487166671 0.926409799131935
0.684758794518032 0.757047040942158 0.813674145964468 0.744520018575342
0.770082802722973 0.629658181065667 0.828654494464983 0.771604521746378
0.707673197744582 0.920542876727316 0.587338685646163 0.784445239881939
0.361987507667438 0.700095828988479 0.944591117457324 0.993325545886759
0.638940666749692 0.839862974228919 0.721918515592967 0.799277843428422
0.727363103264404 0.766228534626524 0.767893642634964 0.738514719474108
0.699031226860497 0.849875535482701 0.781569040965596 0.669524196691207
0.966842819968005 0.7128441182876 0.881558563121743 0.438754498622653
0.875943841247593 0.847011898226657 0.619518913248148 0.657525347277601
0.556403231537057 0.80437269958335 0.779613855369677 0.859610213509916
0.732551028735815 0.903665069553633 0.803991316992605 0.559792584717947
0.748416271071612 0.855530930306879 0.696256638255879 0.69979616036563
0.850518977107215 0.807258313764514 0.674011974238025 0.668210734890246
0.815936050694979 0.745486025606436 0.842806423531645 0.595771500166939
0.552928274369771 0.83203549177431 0.785109027827334 0.829927206028585
0.57762297033492 0.638449676701848 0.980821429060257 0.803105923902975
0.817852509280395 0.927993572279697 0.559471114209258 0.694682804230649
0.963690218910239 0.696462092994059 0.598706604581254 0.741141083514449
0.884185770180254 0.547304918455983 0.714377038355687 0.854132273008077
0.583040141769851 0.902217087141825 0.902097510811989 0.612645260276336
0.74403237437324 0.59034119397796 0.993004397022441 0.672622034626359
0.841120395360734 0.713446190651803 0.735896442310115 0.709536971677348
0.917790512106647 0.65732993057443 0.791743371652398 0.633136185666525
0.866501359678083 0.617710404703255 0.875153491486708 0.640634744131954
0.788236598630702 0.553331123407809 0.789542546649281 0.868889731312208
0.631437706224776 0.822626659094408 0.950946382595532 0.594989252085284
0.808019892964898 0.888263840400207 0.500902000390834 0.802814266244061
0.713429288102074 0.799713329893143 0.805705695097227 0.681151686907556
0.660621405459694 0.580021756968899 0.991274139151497 0.768082698419911
0.795645940527133 0.933062912283898 0.498145907389015 0.773145239799954
0.789632891262692 0.941731629349211 0.543903329103177 0.72473215028492
0.766353091120049 0.698063059912728 0.820395255516893 0.71518859345033
0.777236471427067 0.763126005795739 0.967109511406238 0.492528011370956
0.784931167845071 0.736694670178752 0.683422907528482 0.794951254447695
0.600278089022687 0.836317963216168 0.864194620300867 0.699209327460277
0.972838153195673 0.738197687081301 0.541415325938652 0.747548833784374
0.605715572446638 0.938081572859267 0.888865847709004 0.567337006985092
0.707987957374341 0.546314504924511 0.757278060359573 0.988419477341575
0.719798197115531 0.925585896249779 0.675674816939435 0.678941089695255
0.818186810710083 0.92497971947795 0.539587490332768 0.7172459794792
0.819319531037607 0.669215512531344 0.611261330069752 0.900203626361296
0.662963225451432 0.411664780010722 0.964158284861532 0.961213709676314
0.773088963983731 0.772347374135067 0.696419017957955 0.758144643923248
0.709189478474184 0.895109916062918 0.69558450596757 0.700116099495327
0.686664714525934 0.793260508023192 0.752151911322347 0.767922866128527
0.822046126904201 0.834412614454453 0.699990401747353 0.643550856893992
0.917332843845664 0.902602488912793 0.836205172167502 0.343859495074041
0.571242526943191 0.932794041364008 0.781366843190776 0.714596588502025
0.764758716476662 0.67610347317135 0.87088198353071 0.688255826821278
0.785695862611495 0.597309956057649 0.968446014841447 0.648548166489408
0.490606453733356 0.676590749000565 0.900766441374868 0.932036355891211
0.969700318531392 0.586825554684266 0.576954992440084 0.866519134344258
0.73437807037286 0.660066765129692 0.99966788869178 0.605887275805668
0.989380847284074 0.962582724018882 0.482891437195834 0.56514499150121
0.566112283095253 0.608478547180252 0.975377315956148 0.850031853768347
0.613039074760432 0.773668394210556 0.940317921768715 0.672974609260296
0.913904438460242 0.66787331856674 0.709773908625829 0.708448334347189
0.888137910960996 0.629203053513109 0.663072600143965 0.81958643538193
0.816418704168361 0.675532706851045 0.847541350522071 0.660507238458523
0.681136249319689 0.670959048024251 0.962995289841847 0.684909412814213
0.774896323450308 0.764976406948765 0.776311247991995 0.683816021608932
0.830014350368396 0.623036533702848 0.657599443135165 0.88934967279359
0.720355078837376 0.696851742555705 0.858356478210115 0.724436700396804
0.534288516190788 0.615847439390175 0.964675694260253 0.885188350158785
0.581067505586707 0.645413760179564 0.860119044256243 0.913399689977486
0.738466084371624 0.91148300408871 0.648456703262399 0.701594208277267
0.604977727746643 0.519957699105633 0.941115133190982 0.933949439956742
0.93458600823906 0.649085146987552 0.77002946463947 0.646299380133917
0.830489807682559 0.723058374962372 0.705122476017358 0.741329341337711
0.828923983404434 0.64025327088621 0.61474327793131 0.916079467778046
0.669823748838859 0.680942736037408 0.965250154574873 0.683983360548859
0.567349918654149 0.837469379620746 0.826200204141659 0.768980497583445
0.828037270714886 0.350738957443857 0.962029652447139 0.859194119394118
0.899960560181836 0.672683954598546 0.6986333196842 0.728722165535418
0.597521303535629 0.740901901706964 0.92541442609446 0.736162368662947
0.665199126876386 0.922708632289217 0.994809995082925 0.417282245751472
0.74316295751876 0.890800564336898 0.4526817997746 0.913354678369741
0.796336646541799 0.565670456368906 0.700503173466452 0.937489723622843
0.654911560455871 0.689097773396826 0.7642833860956 0.891707280051703
0.731965965199864 0.745517145043013 0.811340312839124 0.711176576917999
0.731152367097988 0.948482710456659 0.914257542570727 0.406107379874626
0.551596699897957 0.922659756741664 0.956292377465181 0.569451165895197
0.723430025805826 0.867745197574294 0.749199188156957 0.659625588462923
0.827537389401081 0.867478176008013 0.648102569975712 0.656881864615193
0.655187352224776 0.692972200172966 0.930424565163074 0.721415882439184
0.771524818206376 0.632768015435579 0.942774962266599 0.652932204091447
0.649103179045785 0.973940039797006 0.640742528098376 0.736214253058833
0.801593382018387 0.628659253846971 0.80288377201564 0.766863592119003
0.82775570550558 0.656688140437934 0.905789289143014 0.609766864913473
0.956061188214362 0.743233966183545 0.443847542665604 0.85685730293649
0.926000175180361 0.547258844966494 0.712734064154423 0.814006915698722
0.685830690439772 0.804686524688782 0.685819171173077 0.823663613698369
0.647087754342334 0.531922625477621 0.854888829560653 0.966100790619393
0.669326341998664 0.863086518343096 0.627914438471885 0.839672701186355
0.955901962492967 0.692365066681098 0.544022351501823 0.807710619324112
0.741431870376533 0.724138375873001 0.765011617645926 0.769418136104541
0.240286899499445 0.893797741552226 0.88884401285532 0.977071346093009
0.689813527234695 0.796576759005987 0.87488536844004 0.638724345319277
0.388720585234996 0.98080695707783 0.94936754952845 0.681104908158725
0.786872662097235 0.831919162038504 0.638208906204385 0.742999269659875
0.877192568166173 0.824068163708286 0.482609843455632 0.816129424669908
0.681930617025708 0.451226092373739 0.869674775678029 0.997168514922524
0.529658952098538 0.693593213970415 0.869004024248855 0.907743809682192
0.736770784022073 0.861611435160486 0.771968447613079 0.629649333204362
0.886790680161128 0.758420347300542 0.740524451440184 0.614264521098146
0.705665311375745 0.666799239734857 0.867856162675749 0.75967928621365
0.763964923786316 0.738881098492378 0.829617160789524 0.667536816931782
0.618822480037552 0.997302534407464 0.584031068976092 0.799843916578891
0.62355778076965 0.771413694509133 0.77539078447248 0.829637740248736
0.793497806081817 0.874421135029119 0.640823447579529 0.691257611309535
0.432490089024041 0.93572278530389 0.768078629134501 0.863708496537568
0.589835010543094 0.941847432251707 0.517830405208292 0.950487151996906
0.829905269731386 0.673985165196487 0.647671248541927 0.848438316530201
0.869709492899112 0.624064359190519 0.606798558600698 0.899427589309671
0.931714676290477 0.694442985001148 0.691256774081174 0.682585564627201
0.671202978721769 0.683465934447914 0.971814751481791 0.673516335348525
0.825867110083996 0.523045709639906 0.664504483174976 0.986582697101122
0.725016500759164 0.770717605513547 0.79454958419124 0.709716309536049
0.676208059310123 0.691989817662541 0.67645349243976 0.955348630587576
0.580865905988613 0.685227394658666 0.983080826943399 0.750825872409323
0.615708753971412 0.670085792141765 0.891967828070339 0.822237625816484
0.647605972812905 0.837037984392588 0.653218175192248 0.862137867602259
0.917895290152426 0.43909221466486 0.990010535134501 0.653001960048213
0.914978315270043 0.603791306651541 0.568179877845417 0.913050500232999
0.959696338591176 0.587028360830257 0.764224497003935 0.689050803574632
0.625181245138005 0.96684661957595 0.642761528972281 0.765210606313764
0.623646789503813 0.927816513388235 0.728137702881566 0.720398994226386
0.458909695630601 0.892517314514575 0.77855916426223 0.870013825592595
0.708514349618799 0.938727416234039 0.735009967437155 0.617748266710007
0.688216428038242 0.97206487786586 0.450050135518125 0.889668558577774
0.844602821062031 0.706610146285334 0.679020873189513 0.769766159463123
0.881463284894922 0.749893955451364 0.595119877039713 0.773522882614001
0.788170769279823 0.714777220573038 0.837496299897663 0.659555710249477
0.604227722752128 0.825144803812097 0.778911879781641 0.791715593654134
0.87343432825553 0.877533294970866 0.258586009009421 0.990446367764183
0.828606412351439 0.754646851410053 0.791178781524647 0.625567954713861
0.738000242687745 0.674480552997694 0.792082782693087 0.795436421621473
0.668482978769636 0.708053424231826 0.780063945221813 0.843399651776725
0.679094566707533 0.57905900567996 0.900421581284747 0.84142484632776
0.621621808110587 0.928928958020045 0.587683621146832 0.861765612722536
0.451766369059837 0.953484752357053 0.829793695382369 0.76495518320074
0.82163764945699 0.83265837366581 0.817970364111769 0.527733612765431
0.635896263101127 0.808811319593779 0.627323318414455 0.927969098890639
0.755946392157243 0.964901135060747 0.500626113029125 0.778526359752884
0.671824777686264 0.768981490167203 0.654917401502928 0.904276330643605
0.852745847013164 0.775588725330748 0.639413302170927 0.732252125485161
0.638268914851329 0.609138642018038 0.844571705290921 0.908020737839712
0.674671343107828 0.629424252037919 0.948091719387598 0.747812685466655
0.750519403373236 0.792270487381902 0.952557798595618 0.504652310649244
0.602104936693998 0.896050632857597 0.699470400853496 0.802374029594909
0.667427016240208 0.803640086458633 0.873981446670402 0.654951450630757
0.686759940584625 0.924541754830224 0.711702947338156 0.676995357246994
0.822987604428598 0.90607568802523 0.623198503914707 0.647738203631465
0.669439271158286 0.920915104078105 0.74874393120899 0.660901693554619
0.871180475297364 0.836477126334271 0.774289220483034 0.518053177885331
0.935819051060784 0.9213051044117 0.667185974545043 0.475689869982473
0.760329286991159 0.735278956757579 0.766560323662238 0.737831432589024
0.798868730203094 0.653121446508768 0.929648323367144 0.618361499920994
0.591021161844287 0.736130153273805 0.981725410324062 0.691123274557846
0.848201346592539 0.723693927083695 0.740591588885129 0.687513137438637
0.919729873679809 0.878343087378949 0.59183597705294 0.610091061888302
0.996597249191115 0.509237858613305 0.897565025248755 0.596599866946824
0.664102394985745 0.723674743340663 0.68095706633352 0.931265795340072
0.970474320061457 0.499361878903429 0.854569885105632 0.675593915929482
0.922321067477477 0.712781501203304 0.74797614987185 0.616921281447369
0.501245624394738 0.860361646982837 0.741039762868365 0.89735296575406
0.822337115422124 0.751306071955759 0.711678653511139 0.714678159110978
0.853365718090135 0.994676946908292 0.642612909615597 0.509344425385975
0.56841349422766 0.768281097062551 0.74691076670535 0.916394642004439
0.638575854544242 0.956307511729137 0.85662626245323 0.548490371273391
0.772497161616489 0.639884642008976 0.617285654397528 0.970332541977007
0.435976572459922 0.968027026148872 0.982799932469117 0.613196468922089
0.719007344911046 0.865967676978807 0.484174635011363 0.930850343098784
