0.879694741437286 0.963805256594118 0.858874861355925 0.83021275958112 0.870341376701444 0.913346246878291 0.947939119194336 0.882082585788118 0.978105723639882 0.875597328829479
0.836937397823037 0.835304618281729 0.848158372856821 0.90594616814089 0.949696228870094 0.937411012745496 0.923391641064149 0.830659483859484 0.991789657962217 0.940705418396084
0.885435343099902 0.805459741079391 0.904753094283076 0.947861103575515 0.840295692429049 0.798296613546549 0.925628426065684 0.955535138175664 0.985803002138095 0.950931845607075
0.864910042752505 0.865780932320755 0.935863785296297 0.850270696911382 0.936183265302655 0.882378090903899 0.941573890022571 0.85364905822401 0.880194846612798 0.989195391653128
0.9301947824181 0.920937769567385 0.905297447178514 0.933878858278696 0.890031299084879 0.845086570493335 0.909018426956876 0.965231726062104 0.862897865292758 0.837425254667353
0.836754647779633 0.874852893966445 0.852462787340496 0.846513504079433 0.913676767649908 0.910711652560592 0.972351782919383 0.852981888605118 0.961549454006703 0.978144621092288
0.871354975295691 0.819763533086471 0.844217530366511 0.86537316980749 0.931670151831608 0.947754023693084 0.986650705072664 0.948777813639906 0.884718798446247 0.899719298760328
0.875599974255375 0.932243274897645 0.921973381502259 0.957066482025473 0.922148003010706 0.875718605524925 0.898382834614585 0.795063842899836 0.825878266555046 0.995925334714149
0.832610339336508 0.922176584200112 0.966749244239713 0.818353775391338 0.812248401291013 0.940109500928174 0.948149253518138 0.988779332328746 0.961709310658299 0.809114258107958
0.893172924902781 0.999530312562228 0.876261541673267 0.854733063475872 0.865415028163862 0.986440463709478 0.802400085489442 0.97401859218851 0.86495277351436 0.883075214320202
0.867168905727897 0.941393137865566 0.910823580279771 0.890701832780441 0.844153810960959 0.84006901417619 0.965083359171695 0.926503873600004 0.933731344865294 0.880371140572184
0.920517441960257 0.888776242407104 0.887864534038363 0.78717510093025 0.889489438797667 0.938928928632232 0.811448985508015 0.987061117676203 0.968137594888103 0.920600615161806
0.905104760084175 0.910863180587483 0.957268856584939 0.892846452701668 0.892447861548787 0.962697196593146 0.764276639225143 0.971674522751799 0.926459741642334 0.816360788280527
0.925621482647572 0.820463470297968 0.840206454878648 0.912782923560293 0.923350150392038 0.815617616525398 0.998541468682033 0.974478425117949 0.802361998279152 0.986576009618949
0.801988851617995 0.990385553373304 0.930476284785469 0.959894152467527 0.848238888016147 0.932891026157219 0.83677880197886 0.992038290290559 0.895513875409089 0.81179427590383
0.890947221547286 0.874053056935355 0.866151301497841 0.854922557102888 0.902608943515048 0.897131703456511 0.970543386807564 0.910629669691928 0.872983383599046 0.960028775846531
0.972365463791202 0.83194049366403 0.921515181232084 0.886097481258397 0.97216312569237 0.967477236480218 0.892925813270371 0.794138573617041 0.880259545542597 0.881117085451691
0.93954282360105 0.792185695609617 0.943302245033125 0.897426321873787 0.826015024720824 0.854820145655132 0.943724579003476 0.964236070756473 0.92968626690557 0.909060826840947
0.869066732626738 0.962175661865672 0.830967188437737 0.899909610150279 0.957136410247265 0.973183600778952 0.838510117291498 0.931478222687178 0.839653981322267 0.897918474592414
0.850431691194458 0.923446682038093 0.892074188978886 0.865981222460269 0.954553675971476 0.863499944755581 0.998471627867972 0.941017936752705 0.848680951643349 0.861842078337211
0.971489274775754 0.823399488278364 0.820722012732854 0.865179894984159 0.826861684109255 0.995027065361985 0.946070139554525 0.95611738218189 0.953141976125791 0.841991081895424
0.964234474119477 0.84719739814841 0.818177750244168 0.972548602174198 0.959500965034218 0.827466945690292 0.967524372434749 0.880884005913347 0.856810607650912 0.905654878590229
0.932068681906119 0.87798384403983 0.83656898338866 0.804225966340512 0.976309439253368 0.947180464082194 0.938455079947027 0.943926615263219 0.820491640733796 0.922789285045273
0.827193106284259 0.926258691436187 0.839834365135771 0.900740086195537 0.929174986618421 0.958268249712546 0.976308465156781 0.797614843730073 0.854368822865602 0.990238382864822
0.986255705690023 0.841585995572774 0.971964351857257 0.985846498046971 0.83188240830829 0.902028126918184 0.839353145807499 0.83373212982356 0.838293732476882 0.96905790549856
0.958643548622643 0.918031829242388 0.882584628844895 0.957005351628601 0.839603956995842 0.923176217128182 0.773863564085175 0.805561001562282 0.945216605270493 0.996313296619499
0.978218775538884 0.867396914964959 0.976098608319694 0.792873468620732 0.796307144078272 0.989179978516992 0.833346159844333 0.955469203906733 0.861634132015048 0.949475614194355
0.768674562329135 0.937639516301797 0.955078177624959 0.787852728158046 0.98876879096064 0.885390023198255 0.9614483791465 0.954749692693634 0.975176379461052 0.785221750125983
0.869962370467643 0.911749740160564 0.988403032980237 0.878253682782372 0.855949852315231 0.999030329025231 0.87676197477219 0.89739031529791 0.855868986136116 0.866629716062505
0.887908076801828 0.9299634590114 0.871083858985448 0.97715989421576 0.925989465784926 0.852350714653384 0.879592623058593 0.952218844333372 0.874022073025066 0.849710990130224
0.950774192421381 0.868114924045593 0.88777227498666 0.850329854967795 0.93399132861581 0.823001266252626 0.996737804443424 0.942848275620744 0.83333624712006 0.913093831525906
0.920770532033315 0.995579598319049 0.752662128493776 0.992241921414653 0.919859730907339 0.987937101473655 0.999124018063081 0.89989644446183 0.759922289471512 0.772006235361792
0.959143431829967 0.964717108584712 0.929075049622871 0.86906553522567 0.835046975851878 0.874343066406092 0.922340593170745 0.930359958199223 0.860791273156571 0.855117007952272
0.981736907600215 0.803063515402418 0.96160842512424 0.816777710907258 0.831109093661445 0.877318209186237 0.931598015916801 0.811711576198984 0.985677013102532 0.999399532899869
0.990914902717679 0.951640712885059 0.803690664119856 0.973317406119449 0.872565778069695 0.777659919831569 0.93326580635623 0.916384331765129 0.981723690848999 0.798836787286337
0.970103219574165 0.852326888924178 0.904549748127182 0.960815893131773 0.886206304880417 0.964739438205114 0.88648507493614 0.816030072634334 0.804650749581912 0.954092610004785
0.951295169057075 0.929295757897114 0.837622311926076 0.879829543991602 0.845059940099496 0.986859559780417 0.882706464885442 0.892294262229784 0.873676327540632 0.921360662592362
0.904077951271893 0.885512012066076 0.98975446738615 0.848250957289592 0.910688874008895 0.863575176723836 0.924254666960356 0.886452160668338 0.926715088569757 0.860718645055108
0.929527067450938 0.973911337824126 0.90384958618185 0.979003476935211 0.949278321831438 0.818365808367391 0.814344832572324 0.840720617552746 0.95096419963789 0.840034751646087
0.950897995900811 0.847169579879021 0.909838183673541 0.936628235267067 0.826934837500155 0.957646552985838 0.953473502745639 0.890125706040202 0.830173586818571 0.897111819189154
0.930865470067258 0.957460960831845 0.836415295406032 0.863664629106147 0.934566858948406 0.925205854145158 0.867252787303229 0.865259904657478 0.947143371978163 0.872164867556284
0.960484441952657 0.757202524364739 0.954328522186787 0.937124651724437 0.991483239325377 0.829066598345306 0.737291148301863 0.995515593893828 0.935383565701937 0.902119714203069
0.905512129812258 0.816572192819888 0.871695629931538 0.96274053232939 0.858304768001069 0.990385306736457 0.836876635772655 0.838104055533889 0.957477016342134 0.962331732720722
0.871870779756828 0.88152793768127 0.928225671882215 0.915332855745275 0.876938869334497 0.873782499084646 0.948773482345021 0.932855870258326 0.86874643812054 0.901945595791381
0.889668623888697 0.797468688943204 0.982468189062345 0.962578890323892 0.98356079493836 0.826013382487889 0.832480791715436 0.847981475884531 0.922228787084491 0.955550375671154
0.82586989669029 0.864018108759712 0.881462395118199 0.863530512286203 0.9923835271812 0.875891599449255 0.893091705020589 0.987963610962167 0.873342589332688 0.942446055199698
0.765864287736816 0.994369216625698 0.792876565052877 0.948647889761454 0.883211293655868 0.920900539165162 0.809868474727264 0.94661090946176 0.955979352542631 0.981671471270469
0.996892651711919 0.912325476021808 0.962796728777839 0.830452919887141 0.807558884367062 0.820841465089639 0.991538091066563 0.976294690992541 0.839350146876735 0.861948945208753
0.914328241924374 0.836042190482553 0.929920037495361 0.850580472770397 0.873432185417119 0.831619253298215 0.970911769831452 0.900327906967331 0.927119742344775 0.965718199468424
0.907771561644489 0.909830437234885 0.886759203430488 0.888085716300197 0.953882791003836 0.846588326253318 0.904429425533387 0.919434336664503 0.860036844618184 0.923181357316712
0.876373247295038 0.850429532494064 0.866102435704982 0.882470282053293 0.975345658705542 0.948617339486537 0.823035649165448 0.902999780942435 0.915387492884537 0.959238581268124
0.870272974723915 0.987138433165949 0.863135372325687 0.831023687312892 0.860829182113506 0.880012549054275 0.961751482061769 0.887820443983952 0.985486520805293 0.872529354452762
0.908414451734385 0.870041179465051 0.986984504757732 0.936677127571438 0.809390569061991 0.855977482654328 0.874686519868471 0.921297839779593 0.842936782017747 0.993593543089263
0.856128124512383 0.941432424029961 0.863904333858411 0.965364421335536 0.930103289643695 0.869793695269677 0.93010681108559 0.866899210603138 0.902601457333095 0.873666232328514
0.951050890897791 0.919599953422163 0.83941073424331 0.920494594044295 0.797325322381607 0.903802199731136 0.972300297273105 0.772230940638958 0.978694021496999 0.945091045870636
0.931987873341034 0.763218563809229 0.978510534999822 0.939481244326556 0.928143369371913 0.805169943789774 0.939992873547892 0.899823871538182 0.924373802459957 0.889297922815641
0.849255909376488 0.835351105427066 0.998190587360771 0.900602432517246 0.886285548280063 0.988967056610849 0.935505901748248 0.947494486318605 0.84960621397634 0.808740758384324
0.940126481031129 0.923607309755307 0.95812735838428 0.938506003445344 0.807602647821875 0.806339925637523 0.788368973020049 0.979436480496227 0.94541536773994 0.912469452668325
0.939477221423581 0.914791434137191 0.875309739457242 0.941435965153369 0.927028659589765 0.906022665067664 0.854699297838499 0.884836966309695 0.897760710693397 0.858637340329599
0.833270599732692 0.876858177390766 0.83264840990459 0.842826351504404 0.966109903305204 0.941869039061951 0.954251687717719 0.833336860035555 0.959458382190407 0.959370589156711
0.98376029513027 0.900863726821791 0.856803222417785 0.87295496010549 0.957140297002507 0.935286310299589 0.902574296734644 0.825484649886569 0.890690389998794 0.874441851602561
0.906556763548704 0.885198400868497 0.953455552681817 0.838590525417155 0.859096506206244 0.945086614273372 0.867492927432218 0.917338939955388 0.972426694360731 0.854757075255875
0.906098886732976 0.959475257493023 0.831007459533741 0.996328477739406 0.860546491656389 0.992321356315601 0.937575729628684 0.836239581641343 0.862241374434238 0.818165384824599
0.860001330397709 0.838686267929139 0.963597859426526 0.923651373530411 0.935890214318806 0.957144664481601 0.867954483965952 0.916388304513591 0.917207571125086 0.819477930311178
0.972190597952429 0.819835645624139 0.992131201789875 0.759870438759593 0.982582645311327 0.856065728681521 0.802882091240807 0.883814380941202 0.963729286576913 0.966897983122193
0.94088606507215 0.967234704283293 0.882416308687365 0.838493183640694 0.78652502713687 0.897594937535975 0.932434502326316 0.938981984889941 0.841797774321205 0.973635512106191
0.998767611171663 0.897398121248435 0.895683122940771 0.83589564731998 0.968770508163299 0.853832886222376 0.960421207364822 0.751832127168135 0.939449537038072 0.897949231362447
0.921435487702826 0.916026846550466 0.901319359129431 0.998399886208763 0.773800727038102 0.995221419525079 0.935137489772716 0.882137635225891 0.87145233165053 0.805068817196198
0.913502352461278 0.903753893022474 0.975719616318329 0.88230571249651 0.970255284106711 0.916929378861305 0.820366536647156 0.807721121663534 0.882244508838479 0.927201595584224
0.997588066716752 0.831854959456432 0.861270469421616 0.880140243389901 0.982638003207892 0.864765469914365 0.835281858825615 0.920165731278371 0.985717012614725 0.840578185174331
0.881134376704287 0.902594895587107 0.889495043269096 0.87934833741917 0.891466693971892 0.896451085966558 0.928459814874254 0.874500504510632 0.912705356039748 0.943843891657257
0.955038315664501 0.839913326055925 0.839391578824089 0.961296180386664 0.855974399480542 0.875074773995976 0.96758454394656 0.856707156208892 0.927280023755085 0.921739701681765
0.98630835339937 0.817318366631197 0.901948531575884 0.849815694347218 0.829236774748919 0.920440341684117 0.900883460174987 0.901397324160253 0.989093031871757 0.903558121406298
0.843836825296661 0.975681809094043 0.757092258877299 0.994253900825059 0.951949573068452 0.872831771939543 0.958957081162568 0.784037385355052 0.911867825086666 0.949491569294658
0.939473863896794 0.822891792557899 0.934871423312344 0.893181217859635 0.868790351869851 0.823089926871274 0.999323803722864 0.976449489791892 0.920714514199431 0.821213615918016
0.984131008004477 0.858184929579913 0.865618623397139 0.961561987400683 0.913302023401989 0.881631973736709 0.833726011810928 0.885014730962798 0.872627595168745 0.944201116536618
0.865911051352685 0.904857759195176 0.849127700217829 0.906806949630275 0.875808865125049 0.910784837690133 0.855079018753403 0.962959942755511 0.892628293093349 0.976035582186591
0.926184257689792 0.923573791265125 0.849716685175849 0.991943178108265 0.806094689445789 0.891205996276611 0.963967177182927 0.954636178194384 0.862689066925122 0.829988979736135
0.976149295838044 0.83777425896912 0.902389078555462 0.84307630210543 0.905673387207547 0.852863563486126 0.9839067151968 0.968539972729441 0.888354477226196 0.841272948685833
0.800018287459498 0.87543593720284 0.893617983434978 0.945334792705691 0.986753522762924 0.89353682345678 0.974386872897118 0.967876674833902 0.837872206811663 0.825166898434606
0.9579354085638 0.867353504207758 0.872381832747626 0.867334893102303 0.949161001355106 0.890411354906473 0.853530898547735 0.997974339594881 0.848892650254424 0.895024116719894
0.802591258736716 0.971207154747385 0.934634632468266 0.997399613146418 0.742830856011194 0.83610028681738 0.935647636274864 0.998077888146644 0.918139914354314 0.86337075929682
0.938457295425867 0.871944745131881 0.904329435390983 0.865922654301466 0.863015532978398 0.836915346540719 0.963354546403396 0.900272272157046 0.977172217141662 0.878615954528582
0.936793711506297 0.932330179757865 0.796277862376634 0.88775664739179 0.973452836989911 0.78350949400974 0.980373069906495 0.934184168282846 0.948237741547006 0.827084288231416
0.930210009846988 0.98391067086895 0.883932163801723 0.832544976333781 0.934139948787782 0.893823205500845 0.849361457115322 0.905461482615015 0.907723357963648 0.878892727165944
0.991177875315931 0.958431630372492 0.974217178307992 0.862578868307405 0.776001682121199 0.993976499611898 0.821602555499391 0.859320337076477 0.897662107601711 0.865031265785505
0.989563796518371 0.854866655060618 0.806721360556805 0.897464951403427 0.994450905316447 0.87077812180662 0.869701077365174 0.906138410743923 0.858584065590561 0.951730655638054
0.838900677381211 0.877887881769602 0.870566224021735 0.881605806403446 0.920964626830397 0.963685965493939 0.885772250596719 0.990201492439814 0.830034438055225 0.940380637007912
0.864137161147551 0.867455980595639 0.885501182977539 0.831575517929328 0.901854267558073 0.947431005054896 0.853805580053295 0.926270712422213 0.931784126547555 0.990184465713911
0.853516468525831 0.978579326005811 0.995825436446521 0.973169980555721 0.857042709746681 0.879138431142614 0.858485235381817 0.837644617862572 0.866330427482856 0.900267366849575
0.873626641781993 0.959542941123376 0.942833557115019 0.956788411508398 0.904048469132318 0.92720137415647 0.861323787320524 0.825391138605517 0.779201242884853 0.970042436371532
0.99732399995463 0.856684318046365 0.877751000685897 0.971234876380985 0.921213395868612 0.886167848360249 0.785888892258459 0.835506494453422 0.921745159772213 0.946484014219169
0.848636195329463 0.977589881840709 0.832552873174301 0.884374605437851 0.83615299677138 0.964656767851639 0.859968889775223 0.866366004342767 0.988301257598464 0.941400527878202
0.952048466422126 0.980943470492786 0.841248624999511 0.847107895179201 0.935019219555235 0.860452226623645 0.84411189249373 0.80708913191373 0.971426106739325 0.960552965580711
0.952105699280375 0.983015865091292 0.89765362263086 0.869572898560195 0.962448773777543 0.954467149494318 0.855453315539367 0.835274767459539 0.804534355025478 0.885473553141032
0.899226374435899 0.76991488156297 0.982863726296158 0.994182922837141 0.93619372438786 0.827339507524447 0.929089713743055 0.880251256619431 0.789390740796199 0.991547151796838
0.928600660643547 0.881458432166233 0.99244992553022 0.954084607640801 0.846404015013386 0.865009201268007 0.855863256124303 0.959087028072924 0.862683220976234 0.854359652564344
0.853537702162855 0.970877444720416 0.870910882519156 0.866154497396933 0.980619405659659 0.843761952817658 0.876002386734956 0.813737467865244 0.995347163340899 0.929051096782225
0.887476545909444 0.890137512831423 0.997457053189179 0.882783705575104 0.90531298007306 0.997895727050283 0.852010790334969 0.837626927374955 0.810670329034239 0.938628428627343
0.867260494476008 0.913538337536675 0.857723966558821 0.860231088267019 0.938523112125596 0.986579576157782 0.991171103763073 0.844257139216281 0.893866096581159 0.846849085317585
0.774336127669166 0.991353544209007 0.838052741901186 0.996404210200889 0.840719823098144 0.996132659110056 0.881624080210137 0.905104776581411 0.880611612608 0.895660424412005
0.823920790808478 0.998890783613803 0.939968501393088 0.928369101702885 0.819678812760642 0.817356609849512 0.975145026360887 0.849122337559436 0.856221418445531 0.991326617505739
0.929397302689435 0.895736190959427 0.874781382356175 0.860173720592825 0.890447438334984 0.832205291411366 0.978475411174552 0.868417639945309 0.980686630379567 0.889678992156359
0.829533327524592 0.822767908474625 0.859045332441594 0.941141657025418 0.976335149287455 0.980680742900442 0.987079730377496 0.826611781310877 0.82077934900037 0.95602502165713
0.76635438505465 0.907861194927381 0.934089734558891 0.790356788617239 0.996758009893386 0.880227187123521 0.901216970172433 0.961537391481985 0.999527725901908 0.862070612268605
0.860296486365523 0.879887804996287 0.877290655576502 0.846529280481084 0.979161825625728 0.841795857799713 0.855361736021428 0.91667607272364 0.978105393373661 0.964894887036435
0.864324732902262 0.881290397796365 0.907283434019712 0.884774284168879 0.876927102964378 0.953911414693325 0.913918479461097 0.896462756944007 0.917703842577423 0.903403554472552
0.893767353438588 0.846260708384951 0.99930781384405 0.881816809025263 0.837709826392234 0.954136524438296 0.967591503956469 0.846378913656836 0.910449721574262 0.862580825289051
0.83098324805824 0.971631041254554 0.925239163029681 0.959551381291272 0.887665252824207 0.861431947070745 0.980401304853074 0.887382757173612 0.86450136892565 0.831212535518965
0.830917986593685 0.977586705370351 0.93257232732481 0.985851779785028 0.924626558804326 0.969450114291094 0.791884671642049 0.808935668159919 0.808848379954378 0.969325808074361
0.985566686966584 0.974888252859973 0.919964084158643 0.945396211408889 0.865522911353413 0.847719251894463 0.864064178713932 0.912525945194453 0.812085424606141 0.872267052843508
0.903833769624467 0.884644213041237 0.865465600869567 0.94851312790197 0.905631241454708 0.854834163178123 0.898898662226641 0.870666030691145 0.988726504124831 0.87878668688731
0.774197017262773 0.799639505064371 0.877215754870539 0.926627361405508 0.995550222077506 0.922313318176641 0.888264703695537 0.91487031902744 0.916750634416089 0.984571164003596
0.83041799070168 0.844388545635927 0.912303593897324 0.871439313886779 0.913056401751881 0.925516819260692 0.971828299920754 0.900644270715657 0.958599124847097 0.87180563938221
0.908531308583065 0.886606765325107 0.885475406268056 0.97452909397346 0.892271386488777 0.932600192883752 0.878230441393602 0.877080553057551 0.881369673382343 0.883305178644287
0.95557955280216 0.830409238002131 0.990603234296246 0.841823005122432 0.821884163883133 0.826635275796373 0.873479375218266 0.924721316187712 0.938921474141059 0.995943364550487
0.89560509791081 0.8775256945173 0.933540880745591 0.978349525548553 0.865718964155628 0.841157607315362 0.940004180903212 0.962820406253354 0.869511144707584 0.835766497942607
0.828110476940411 0.990329480014972 0.849866630235679 0.897430649962217 0.811454238948177 0.89817834506783 0.905461368363074 0.915865056134593 0.986956553334415 0.916347200998631
0.931559458019112 0.979778449381833 0.936374692985736 0.86289225601854 0.808198405592644 0.843764689703306 0.895623972031384 0.808463510774628 0.95383428843859 0.979510277054229
0.820731299976992 0.951340555569461 0.900085901310877 0.868268775273469 0.963325304304457 0.897888416227785 0.872507695188452 0.83452402173436 0.899838197229349 0.991489833184797
0.934335225144056 0.937604734849134 0.874284494146334 0.874405959208642 0.973576437952199 0.879904067444262 0.908940738351157 0.908886246197623 0.871485258315172 0.836576838391422
0.990877125963013 0.906775595647043 0.827877586179994 0.829047452148136 0.892586730327397 0.909351737256017 0.923424835038675 0.777922736355904 0.949836743784635 0.992299457299187
0.839878275233848 0.914500408053352 0.873902256514163 0.897007895142625 0.879287175756347 0.970895534428728 0.917294779617443 0.851420712677174 0.929407328703504 0.926405633872816
0.948661548520652 0.807695738335152 0.810656252587456 0.908013387588446 0.953144203164715 0.961915098640453 0.903613835251073 0.846557647253754 0.976899281033831 0.882843007624468
0.886575638923788 0.904047563896903 0.783198684314686 0.884215945558705 0.95426013541241 0.966147278615113 0.827627131147737 0.949338009653406 0.903810069730383 0.940779542746867
0.956279079148924 0.865846001294277 0.852834836422337 0.895293474718985 0.956502331260646 0.879402135151668 0.967452111291452 0.880764359741442 0.898416199403886 0.847209471566384
0.881355616522476 0.954915419247182 0.908301560747843 0.907539689485193 0.880094957066105 0.874998763531579 0.912730567639828 0.84406390883895 0.938699039847403 0.89730047707344
0.860742844375157 0.95801822696173 0.915085600302263 0.883337008307317 0.871766573431564 0.88153481801913 0.935282162473289 0.882673651516392 0.927545095520541 0.884014019092618
0.987953872128239 0.820211993002757 0.845220376705955 0.923658275096809 0.797889576209927 0.941515466561033 0.818892535461067 0.979837860846241 0.972298339259667 0.912521704728305
0.849490145534593 0.97723525383004 0.928267205749395 0.872092838460157 0.930383298116497 0.943357538788599 0.967735187685335 0.847940425824076 0.810441330950814 0.873056775060493
0.975567270223026 0.827283402143527 0.869597687929208 0.828220853649499 0.982738719351311 0.90313908529605 0.941365661338797 0.825655491499514 0.854361949528473 0.992069879040597
0.827753395343592 0.932981035616583 0.92270270754575 0.922989153751291 0.945667241296007 0.910910946560511 0.840301846268949 0.82243732656802 0.991451457383607 0.88280488966569
0.899747414615401 0.872909508268449 0.976713971220836 0.91373699548785 0.825627789086271 0.975849675746487 0.837807297217358 0.973289318579828 0.828984696494584 0.895333333282935
0.934024580772597 0.932201386456915 0.880643960303997 0.899041964317509 0.84882439641713 0.966398313302463 0.902964185782498 0.953285107315127 0.83180253265698 0.850813572674784
0.913882820008592 0.898968666320275 0.991777167965497 0.963670371408383 0.881341356598319 0.897714099806051 0.86363931136163 0.953343065862206 0.797906376043402 0.837756764625647
0.856245875823605 0.96263402214421 0.893162737421555 0.887758624509266 0.868742004493788 0.942176340485264 0.915590615631596 0.991134571792723 0.835830030225827 0.846725177472167
0.888408078412305 0.942910999177462 0.826668854937711 0.937954920487174 0.882488022062709 0.956490584626728 0.794009809654643 0.92846067951607 0.880335005414378 0.96227304571082
0.964170829689298 0.992561153782071 0.84449251367961 0.851554865960289 0.821833239150002 0.988687697715851 0.818299397648565 0.983265861737963 0.931979912317827 0.803154528318523
0.959383815372805 0.936271383439523 0.971937073389489 0.89163764358724 0.801232421767617 0.737876053283853 0.934516696610083 0.931735316620361 0.85413837600149 0.981271219927538
0.940424128821702 0.912240445437552 0.973783989724979 0.814447207862558 0.877531304863396 0.914357318953254 0.929345326593568 0.922074890468526 0.905689123946402 0.810106263328063
0.912637150477577 0.91239903400896 0.874456792716474 0.845394208448092 0.836775751521092 0.967786639052815 0.867287614743752 0.851554835503615 0.967251921148176 0.964456052379446
0.970377018547789 0.96465960331473 0.860146646557264 0.859895229498108 0.923164434442927 0.909998038345411 0.755916080568966 0.91700400647601 0.920525355003486 0.918313587245311
0.985422067796478 0.9005949294859 0.959074234721715 0.8860438905233 0.815987077631068 0.973048790375959 0.808988234870727 0.893781157831334 0.867106819447287 0.909952797316232
0.858712365734238 0.810965203946373 0.846073163077786 0.956523547402913 0.99019066145343 0.810316880273101 0.997652550034816 0.985423269302975 0.941514617449477 0.802627741324891
0.88345039591666 0.872404441554699 0.991163218401223 0.839462803602828 0.877912701709789 0.915009980449229 0.920075674714061 0.890568184140915 0.99724549531262 0.812707104197976
0.877793654758884 0.97956563318258 0.944573572326374 0.883892089542897 0.818961268745012 0.973172352593947 0.775562425287753 0.902169446184977 0.864242871646974 0.980066685730602
0.967071344511704 0.842391299431596 0.967892208205242 0.857764419931089 0.923761101686401 0.871583779868306 0.887827892151398 0.919477146899163 0.808043096693815 0.954187710621288
0.991280860586524 0.859383514667303 0.887640388515158 0.941316344874806 0.843317386102601 0.817784235030659 0.854826444906712 0.947789906022303 0.961296283224922 0.895364636069013
0.923623634775196 0.855352970339372 0.840168123579075 0.863120683180131 0.91543818918925 0.865352534538384 0.932120057567491 0.998054637201897 0.901414363777311 0.905354805851893
0.864866615702351 0.921138866293079 0.790639834272534 0.989730392076114 0.858976740652239 0.950634154006674 0.815317634945169 0.979757694817969 0.866668529348699 0.962269537885171
0.928506499787496 0.877610888461944 0.915215993990408 0.92077952325115 0.897324397242467 0.905468022922017 0.895539465219174 0.855109501080532 0.835885941978042 0.96855976606677
0.955119101373541 0.959828273248636 0.860896471015237 0.891097152304077 0.874679505131383 0.905295634303661 0.913753653044008 0.880541349992221 0.784923166700061 0.973865692887176
0.889178213079952 0.944079423440426 0.90097739135506 0.976789114444607 0.950221397912979 0.943955526112475 0.92594772853804 0.831005985175371 0.798744738924884 0.839100481016205
0.919409438288962 0.904545121089914 0.924656939326811 0.814981261859787 0.825323333750916 0.889116539305334 0.940023905916584 0.965450000379722 0.935367194697846 0.881126265384124
0.830892777919248 0.974790989184433 0.852463132350392 0.921522160296385 0.810690617544235 0.932577517276132 0.873617919979159 0.88233599328163 0.984779082215364 0.93632980995302
0.882239269280693 0.945915720626777 0.849739986718463 0.999854767168556 0.986344683801033 0.874925932691518 0.763383934468837 0.969605901209761 0.826235621021619 0.901754183012743
0.939513326075638 0.979013524319637 0.874060176621598 0.854060347346994 0.895002861914982 0.899805950369493 0.997727820527494 0.79132628898471 0.871676255852174 0.89781344798728
0.815248351854568 0.90579818981621 0.943067577963273 0.949906149433206 0.813984362592368 0.99668081151492 0.903572566332503 0.91969550633736 0.919903978537886 0.832142505617705
0.906745142033056 0.815869608523464 0.873379648933864 0.945086286859032 0.914813174379495 0.912938174139002 0.917247734168539 0.8686553617394 0.9175939257391 0.927670943485048
0.970038307102744 0.949492462449584 0.949690655972121 0.912227061183119 0.885715130312845 0.918547995601925 0.816419106860174 0.841853498665599 0.926136974497633 0.829878807354259
0.881010259302685 0.876023927113754 0.85599277106462 0.957132274000719 0.948793928226942 0.841916655218143 0.980270519472044 0.948044764266407 0.83246588451599 0.878349016818697
0.899223487674036 0.884421264231708 0.959530944951897 0.941963679069623 0.891827949539603 0.948582003709824 0.811730555561903 0.816562566444344 0.987319195456396 0.858838353360665
0.917844719109275 0.82759837141167 0.94508414232283 0.997808854765679 0.778790061855581 0.896822558120152 0.964003456634347 0.758459897582551 0.955840347499651 0.957747590698264
0.9522524037283 0.866926878201638 0.988705418684956 0.883496454516079 0.9167016739443 0.952160529799583 0.861625441720673 0.856637385700978 0.862517603368356 0.858976210335137
0.974430242863413 0.864634947037846 0.843810563900009 0.934155594218632 0.857352109742594 0.834999477561389 0.867381732762612 0.962391033755559 0.94246586279145 0.918378435366496
0.891124731857228 0.867715208443202 0.912075383303959 0.853965701114196 0.860752500189105 0.939769706071299 0.886302916045034 0.934511221368881 0.916366561814657 0.937416069792439
0.988030380911359 0.764666243488241 0.95640594879131 0.886606338530533 0.932456529481074 0.890020052485748 0.766327703589922 0.856216535527356 0.995861402494337 0.963408864700121
0.794584623839667 0.970827210543695 0.98764271634733 0.876933477849742 0.924053906364864 0.906279318275247 0.781497590125565 0.810045564870517 0.951977428951411 0.996158162831961
0.86315668110071 0.975203214905912 0.934417057456707 0.944711013544359 0.9775278965373 0.78058519466006 0.961078515536876 0.899031197643084 0.900730914691354 0.763558313923639
0.776902882380024 0.972698509478346 0.911842855769001 0.992156940277622 0.880216887056828 0.993144660774745 0.730135383583052 0.94682855329764 0.994653889341854 0.801419438040888
0.978283166236281 0.887313328801524 0.920192279917473 0.952333780129087 0.894790734565654 0.935635371299587 0.841443732741101 0.834466340663712 0.931564287823631 0.82397697782195
0.868208128266676 0.918066001220787 0.914725011171876 0.939348653219412 0.78226374879813 0.907500264963826 0.999622785724528 0.962999700188101 0.79125892886514 0.916006777581524
0.965995520589258 0.931280989682727 0.857983649575955 0.884261993710444 0.870993257732655 0.853921461463097 0.840798007089793 0.877882089388458 0.997062409538661 0.919820621228953
0.943596772062723 0.877465069147228 0.875692090798624 0.85743096958532 0.862685867103593 0.928792882583542 0.900115318178314 0.978476612089027 0.909088628954922 0.866655789496707
0.894146922299212 0.981160428573492 0.949394544022346 0.875246790899467 0.879985220132288 0.928520094373757 0.869765126419519 0.911168750014984 0.879896171101985 0.830715952162949
0.950537607694266 0.801920274034734 0.877813881416993 0.807959148368805 0.998777785262208 0.943332768542738 0.98061728330414 0.834220347765531 0.854518825899774 0.950302077710811
0.928052855519331 0.78266705973325 0.842425115007018 0.883009872573245 0.893570515362061 0.92076040757864 0.900016670358396 0.996627570741552 0.953443142350703 0.899426790775803
0.999763592885652 0.917354639824537 0.867478489672626 0.840436130364201 0.857427512717372 0.928434247106823 0.882352090362649 0.954116771424335 0.849362896340965 0.90327362930084
0.963086963902263 0.995179744639076 0.845844817824078 0.83009704945122 0.84128864925222 0.863532878679237 0.840621313214851 0.99903126376872 0.984375211296518 0.836942107971818
0.91319978595669 0.967718924621497 0.836034559238767 0.968499999653975 0.844217074915745 0.913105744802861 0.951992621125136 0.869644847586496 0.890321409391482 0.845265032707352
0.860439717847553 0.904034772550298 0.839717362330042 0.896098308741154 0.853506032584779 0.86538433323816 0.959030342044962 0.851797973864851 0.978749254999521 0.99124190179868
0.904342894749421 0.954081280848268 0.884797928426171 0.859377391401607 0.924538739132788 0.869554014349239 0.867928230334936 0.959890963721185 0.882640364223702 0.892848192812684
0.881648991577658 0.921295734005565 0.917550048250059 0.86744985747631 0.859805825299229 0.987779065208521 0.979014993660736 0.884673020925249 0.861874790171402 0.838907673425271
0.914839615255414 0.788673298365647 0.94726964709329 0.966654343373917 0.868158330353293 0.985293228082079 0.986856677718329 0.792808131630744 0.928512777917861 0.820933950209427
0.843883204174618 0.803648111154326 0.936526319707228 0.957371921751118 0.921732807002228 0.836861350536747 0.985699451778087 0.805112851634359 0.978151238933102 0.931012743328187
0.980867316358042 0.838508338118209 0.829399684774792 0.934148613492868 0.909041131286608 0.894986197309646 0.944174038619618 0.954594007710516 0.833281722427377 0.880998949902324
0.908351870727599 0.897093919975956 0.865377796896719 0.954525150930197 0.720034693543281 0.968534293328603 0.995037397359326 0.905531276485021 0.916351490790705 0.869162109962594
0.988325839723206 0.836872840979042 0.965109637518781 0.893635258252137 0.822038989183739 0.933295779926401 0.990717986255984 0.831701703739927 0.857235864483457 0.881066099937326
0.87937404574808 0.889647846086695 0.922516506012315 0.844478532995931 0.86251344828219 0.973366685906367 0.8617389101518 0.91389086948332 0.904031793939736 0.948441361393566
0.7712637138511 0.825934752572119 0.973075937373726 0.880608908563217 0.829556360251545 0.821342776952789 0.963265934924694 0.981086609619435 0.954594302731263 0.999270703160112
0.847682323890304 0.926060573763167 0.914271927738773 0.928311519824176 0.885742838290667 0.985864859247517 0.977973090819526 0.85643745988978 0.852247705943326 0.825407700592766
0.871937215398985 0.950740525341729 0.874294009461444 0.851045210539947 0.984943650619046 0.849509128999621 0.851632408520978 0.997772981945727 0.907563995931767 0.860560873240756
0.965116936388383 0.810264562369128 0.923685204919249 0.966821408271037 0.920053531246424 0.856509991463331 0.943864790557985 0.85971548968571 0.922906496088251 0.831061589010501
0.938729123777835 0.778563879161681 0.90486288829438 0.924145941782927 0.91380685758057 0.986805316504237 0.91492685101796 0.916657796131087 0.841957491724711 0.879543854024612
0.911660676205766 0.782546895182978 0.986543853078766 0.982172275235504 0.760845718358346 0.912266390081934 0.846060303792789 0.966556975517861 0.953440710903223 0.897906201642831
0.849349034526152 0.889616281614188 0.880678864746291 0.92798779920266 0.94202106535335 0.885215078655029 0.902996146080718 0.936469740821084 0.889830110357973 0.895835878642554
0.981814139633792 0.919621379297243 0.978862863813345 0.935959915148909 0.890507518705456 0.817462718123002 0.985723342168364 0.757844413971326 0.98175025500394 0.750453454134624
0.967513535819998 0.936028269251695 0.917012309575448 0.885698828016007 0.974910703658743 0.880779644463653 0.819451084856234 0.9332844816084 0.709855645961836 0.975465496787987
0.891542675344359 0.845900133260243 0.814201366164987 0.945691574413872 0.84726672829861 0.836863217188946 0.980472931499427 0.974325295067243 0.920590172528166 0.943145906234148
0.945390955720807 0.826650085998411 0.968668817504266 0.958488251530324 0.853306161491647 0.816393795945031 0.841743309929602 0.994495992444803 0.865000900362846 0.929861729072263
0.940301886432685 0.928210437361255 0.832300990020815 0.942165141922537 0.903289594832321 0.948922539902199 0.864796931515451 0.875715611494072 0.896742330250143 0.867554536268522
0.942948292148535 0.947787937975027 0.892030948489347 0.954453868926879 0.96938319110847 0.789238065572373 0.782582513003123 0.956178540850259 0.996147276091773 0.769249365834213
0.998531406350293 0.87468173881024 0.792298420015751 0.943658985883018 0.866049885176581 0.904693983390078 0.998158684214701 0.913555540362131 0.9285627956996 0.779808560097607
0.829408495242541 0.982073682693437 0.833637605891743 0.969552935740782 0.935537744595494 0.783277974907232 0.991566501647042 0.900810936611249 0.800688490328725 0.973445632341756
0.86720373036961 0.857191120270092 0.997617606285956 0.808203831514714 0.961038585177399 0.866263059705533 0.867106084502186 0.949272461816944 0.925929189942324 0.900174330415241
0.99163943768565 0.810947316366968 0.847092577899904 0.843539943907416 0.895335420949685 0.944475105101833 0.909725972588562 0.946056677505145 0.927955468403569 0.883232079591269
0.837092676383637 0.885372471886491 0.994744599857481 0.834145398309063 0.960689482491631 0.959419173505434 0.867204814872317 0.861039504187335 0.87086576572312 0.92942611278349
0.992783414419481 0.838029099939084 0.879678268151352 0.897623468931652 0.947102114461396 0.893333042298642 0.831475463516671 0.963731019126442 0.928522728851612 0.827721380303666
0.857854966975817 0.913961488653146 0.928422985418704 0.871060825688057 0.880283100680881 0.859714778716266 0.928622453874899 0.856585358856303 0.988782033169088 0.914712007966837
0.940596447236915 0.964402566925351 0.794164254432811 0.902013419774793 0.947744630445265 0.888793141578468 0.8843722684815 0.834310323246875 0.911765812837474 0.931837135040548
0.863646680800042 0.885984769165358 0.936233912050366 0.991043286993468 0.933271382758542 0.981556012331459 0.859525312063366 0.811154344343124 0.926227354328653 0.811356945165623
0.993276233070841 0.931533239763928 0.885294986635045 0.882495846192125 0.825083293577839 0.992412268878712 0.998915658672455 0.804335714072225 0.913761307231882 0.772891451904949
0.912655242937739 0.943190195896637 0.942011970408791 0.918925972286825 0.769712480836172 0.942737319006641 0.917011632992423 0.818814455386877 0.93532077147983 0.899619958768064
0.846715252104478 0.889193337978814 0.840344123036153 0.931922800147354 0.993309576783445 0.867133633592017 0.851154960507582 0.944253967265019 0.992654672690466 0.843317675894673
0.869657506281163 0.819494748152081 0.954529168808498 0.792374058973196 0.97628948108234 0.82664071245374 0.930804250105892 0.994748615387596 0.989645155100971 0.845816303654522
0.936590544859077 0.841171002300407 0.870705922713893 0.837051872618788 0.911289465180431 0.944480049047338 0.884084860539311 0.93254859250572 0.915909559056014 0.926168131179022
0.87225320695943 0.880243064444472 0.860271889593348 0.970273223790519 0.932175415648665 0.996191414267545 0.863991005222161 0.79645006308942 0.935254278096351 0.892896438888089
0.93263391655993 0.930848467883089 0.856593863377048 0.907722412929455 0.916548835489509 0.893629659930941 0.930798169628945 0.849151386966228 0.867051970481131 0.915021316753722
0.969299300568826 0.819446291646042 0.959530229856644 0.873085931639911 0.951646270546825 0.900386151811638 0.901413923560562 0.886127089814529 0.795580891803878 0.943483918751144
0.990814826951059 0.92860171278303 0.856953061909015 0.854908406020818 0.868190903933283 0.861672979466328 0.946112696482315 0.844580147864356 0.94348268727855 0.904682577311245
0.912793000085267 0.802225267594119 0.840934272264741 0.907186305766216 0.937574402358843 0.941967062507116 0.833826705529308 0.868152538770253 0.987969142298633 0.967371302825504
0.774615727018577 0.911209517873393 0.962569115263907 0.959357835338168 0.918426372475963 0.823101586098072 0.846480503934406 0.971413380712064 0.932035418580019 0.900790542705432
0.904135622625132 0.963800991297996 0.862080863486369 0.836988353369128 0.979218658648245 0.948262927380048 0.853840191830532 0.858552033409241 0.933514941761884 0.859605416191424
0.92021032542111 0.95737547501915 0.962757402460948 0.920519572129925 0.903542550852477 0.837810044251072 0.840898580732246 0.941622131176495 0.877532732763475 0.837731185193101
0.909898853030187 0.990260678855075 0.995319092752219 0.877660343667519 0.879803420100742 0.92844497000528 0.870598449950457 0.807949553787825 0.843831389592201 0.896233248258495
0.952137677866547 0.88180787748551 0.98118680450714 0.756897519637605 0.953138632848628 0.934662998604556 0.918705487749107 0.912106518940931 0.723267262492242 0.986089219867732
0.994995347841647 0.966009649441792 0.781479210121312 0.861554284992877 0.97350168944947 0.992206093661471 0.929024189920965 0.901166049832711 0.769129899849645 0.830933584888111
0.904913868643893 0.873960437878435 0.892372596348396 0.945019474715424 0.865090637401218 0.893776561612944 0.920383266334625 0.85600752900755 0.91086653453567 0.937609093521844
0.888551323684293 0.932441377000164 0.884318344117298 0.894162459818776 0.857369856579995 0.849914387577937 0.836402772866692 0.929802975005016 0.929968336883707 0.997068166466123
0.998835613715214 0.961290262147464 0.965596465686428 0.849959608917489 0.833416320679314 0.842816083062932 0.810998460032824 0.829675948315653 0.958695502253979 0.948715735188703
0.821988723408569 0.77545940197278 0.994055558011567 0.856193202543662 0.992206254724677 0.78468220059092 0.970017339276296 0.956974843091879 0.868666052369582 0.979756424010068
0.888780079705715 0.946190397040389 0.892852699950359 0.880223870043751 0.867157309671099 0.950476661517286 0.87949211511824 0.884359247336531 0.959125929103371 0.851341690513258
0.952166138171006 0.832607388688314 0.958197918668975 0.891469238057933 0.848234491016525 0.941996266058433 0.940193327637545 0.842492922033782 0.900451394142148 0.89219091552534
0.912739926215795 0.872798186953679 0.887362211650745 0.924481894272781 0.888893780760935 0.88655597847144 0.883776186084823 0.915570096508777 0.94049076666731 0.887330972413714
0.962447357014519 0.897340753164142 0.800170027215741 0.90432558774378 0.953079997951088 0.854289640326192 0.828759838190865 0.9303570496423 0.925235409245513 0.94399433950586
0.999755051475301 0.830597975085728 0.85516482861894 0.943597053660912 0.982664205581608 0.821956224158071 0.879819385220508 0.927223360287405 0.784439318103209 0.974782597808319
0.913603686070258 0.851534926517431 0.837283785660424 0.907342539755003 0.985436274187325 0.988250729297867 0.86515910864469 0.984384143996249 0.816764980457173 0.85023982541358
0.847294713130141 0.85786691665018 0.862556489673778 0.946790897455551 0.859570447701329 0.968699091122838 0.877037993943004 0.964423682416752 0.985644918912304 0.830114848994124
0.879734395134849 0.876358915897709 0.880723712389974 0.956293868348348 0.851671552093784 0.910070432888835 0.806973080130186 0.957951371017385 0.978494746890122 0.901727925208809
0.845261864752313 0.959518437157531 0.882233919980359 0.859034787081101 0.94454939113013 0.840745403384219 0.976648479264928 0.87130669733555 0.921323921537464 0.899377098376405
0.929586317232095 0.962966036167946 0.897588380782197 0.96762337223718 0.847870763167586 0.8416662601246 0.854652416853234 0.858712999846047 0.973316055856216 0.866017397732898
0.965861255118992 0.980309239176363 0.882609042269665 0.860336112596829 0.98247143351373 0.813538752750051 0.945608100016188 0.966188877016649 0.762326406259418 0.840750781282116
0.803311737676606 0.924490950190423 0.956490022296639 0.82396755726798 0.96931008256868 0.932228377468877 0.806790566395019 0.988235001854268 0.874982480465693 0.920193223815815
0.902333810480689 0.928349953575562 0.991906189290939 0.778555451126394 0.913603377145299 0.936112218416403 0.888780694133898 0.971909732834988 0.975149341274586 0.713299231721242
0.827742178008597 0.963072486040797 0.860756997619671 0.929200570771563 0.918451803875419 0.954017892159844 0.844287349336743 0.90982200991486 0.927932483356905 0.864716228915602
0.817801138105742 0.888086603665085 0.867603778922455 0.932029374554374 0.830584229685703 0.957149520989827 0.835057126570989 0.986225631325818 0.947368480999639 0.938094115180368
0.997733963063557 0.982531329622752 0.886569392385349 0.964358328939356 0.80780832473566 0.846355291043818 0.90358017315349 0.768067370475728 0.868116704651115 0.974879121929175
0.920431768485475 0.884032615285788 0.84033507597151 0.93162370291973 0.862340521735951 0.862101176437013 0.913991872054284 0.981506902116179 0.914857629097537 0.888778735896534
0.876684903238904 0.890338310006958 0.959449592533852 0.924656387312844 0.842882910388671 0.888293418211472 0.827089321367825 0.953734818144139 0.910187253631884 0.926683085163451
0.990281757506282 0.963164546876094 0.791384856426134 0.786805146077721 0.932212905334754 0.909964868470604 0.87815474904512 0.976768838387197 0.92480942192877 0.846452909947324
0.966034849158995 0.918006828627362 0.915567001840726 0.924268388183038 0.968232288929583 0.839551034064998 0.861780406123254 0.906185462495307 0.873618542417575 0.826755198159161
0.874648826505223 0.94041599157929 0.951323053972458 0.832571693426021 0.918350662893827 0.93962563828002 0.994534820595815 0.828565760135907 0.851227474080518 0.868736078530921
0.861923273536555 0.864095945959281 0.990931883932496 0.84517927908651 0.945703670079004 0.862909164027741 0.940180615184286 0.894450816228957 0.846550843254219 0.948074508710951
0.873458315165667 0.825432028348614 0.886275069694112 0.971011493407783 0.867254426641546 0.945008079551973 0.821794817918356 0.845724835351446 0.968224867083553 0.99581606683695
0.879759758496033 0.850070082068934 0.868667254290743 0.896223387559098 0.994526830599077 0.958040936341115 0.991782255848614 0.843661465266182 0.830606714873001 0.886661314657204
0.796713648867774 0.946422480602348 0.940075158427709 0.895963473231733 0.905750587903453 0.833493102059802 0.970137603178114 0.930898664811117 0.923422363749244 0.857122917168706
0.902704079900446 0.994489332796136 0.874033914886208 0.861666541347225 0.928374927599086 0.825428686514427 0.915477613485987 0.917012293050435 0.828007819661048 0.952804790759002
0.984107048701501 0.916605408922366 0.917163515156068 0.967950831417554 0.998982561173966 0.966393862249914 0.773185769390685 0.797316962868092 0.870233446373443 0.80806059374641
0.819271637423777 0.944490685906118 0.854233622734971 0.991215466900433 0.896513290242508 0.864290475329044 0.873744044139445 0.988563420264444 0.808097066728131 0.959580290331129
0.862960539243759 0.89068523778099 0.854871130590069 0.984699330134038 0.870039130647669 0.965148248311921 0.871114339329135 0.902790914485797 0.88233907252009 0.915352056956531
0.887326135376308 0.953124670446015 0.914499195616235 0.911088332669043 0.953667655672665 0.974320594217106 0.864232612772725 0.890215937198628 0.82492052014282 0.826604345888454
0.843292767042976 0.956838898442577 0.967711422861217 0.962483329827337 0.861182704498451 0.910679186629495 0.90294923508505 0.769526170042844 0.980616289496095 0.844719996073956
0.887411009105542 0.872224312295981 0.93950476942648 0.875479376457128 0.869629383903989 0.950737651476711 0.808813269560216 0.967169114538737 0.895333567005982 0.933697546229235
0.966996928678821 0.831032198563519 0.859856828538829 0.877053865361738 0.888283618924741 0.899238340439813 0.864001480887743 0.852200473863721 0.975878053161613 0.985458211579461
0.771309221324567 0.91623167807177 0.986185785737315 0.838481337977717 0.850669757190229 0.907431010228223 0.98509927781701 0.787543520430023 0.962203386559203 0.994845024663943
0.83665137135502 0.949370307117206 0.814342259322138 0.809501344095193 0.920395705282798 0.863626293146667 0.918504766616947 0.993302139190431 0.94586032743691 0.948445486436691
0.961046450381037 0.877959975640858 0.885397760566331 0.854823231494969 0.948759921034801 0.85108760403185 0.99361167187516 0.845434328598586 0.932589633955002 0.849289422421406
0.907202273408725 0.816220516007156 0.893331815921128 0.997886182137137 0.957788705823752 0.896592391113124 0.854818727935126 0.880563402473211 0.955789221735767 0.839806763444875
0.85282160611646 0.816856174964823 0.877919372826165 0.816405537387424 0.994309199665295 0.911245218275368 0.8882690662685 0.999385998163814 0.950386814000542 0.892401012331609
0.984106299482984 0.921079928152997 0.85454280839817 0.97914268453159 0.869724109475525 0.941993814230978 0.844424780018218 0.871424230394561 0.85507891481039 0.878482430504586
0.882784691309515 0.941299821641426 0.914412251714558 0.891395911159729 0.859138007082706 0.944062189903769 0.82085809874825 0.977169839515738 0.935329991671314 0.833549197252995
0.950620816516688 0.844233158844383 0.79125852476941 0.939908256897148 0.87574181803136 0.974239828767245 0.792865064102126 0.974047506364263 0.946894559071533 0.910190466635845
0.894532589327601 0.850145998507065 0.873228168637069 0.905423351310327 0.94072482348815 0.891008578794681 0.893538052239414 0.912959972858743 0.903381782212024 0.935056682624926
0.797295450497719 0.936928074717568 0.921897648344567 0.804251605359697 0.853710237185591 0.997182024557842 0.822988657240068 0.97483062640855 0.943373731771004 0.947541943917394
0.969661564709776 0.977486973381497 0.876732067342156 0.820387584362833 0.940326396458986 0.887338223143583 0.872073493753745 0.984365171307711 0.847153431204978 0.824475094334735
0.857202384381889 0.906328192827879 0.868145968342773 0.912071154697918 0.970913917078523 0.898118724643221 0.900019269099749 0.916870474020918 0.891877179311286 0.878452735595844
0.885827367709212 0.924802610642965 0.899198644541993 0.924291475471868 0.97162551898219 0.991376627340091 0.886641363424032 0.781203327275773 0.859011224086251 0.876021840525626
0.769217851163487 0.839184977192129 0.898296219945796 0.890281305034013 0.841428278712372 0.995842527108665 0.894270156438491 0.990003832796639 0.946812922339639 0.934661929268769
0.905165221152287 0.880109580142931 0.917639898585895 0.897576611418939 0.88449062910985 0.93176642303198 0.892963136684948 0.877882114537741 0.91662621054044 0.895780174794989
0.842940134946571 0.812378990190008 0.937867572880046 0.925252526668778 0.926666131028541 0.90838228857261 0.897504562499324 0.970404811892054 0.909831105650683 0.868771875671383
0.819378866166702 0.868002567576415 0.934021697477792 0.973569099419599 0.967933615586218 0.857482973638999 0.903207576218615 0.929380708070456 0.78808150196116 0.958941393884044
0.796110400621556 0.890809654235926 0.809847997749747 0.963872607823822 0.980126067118423 0.851113588217649 0.950209325670944 0.945314211707347 0.959526433487367 0.853069713367219
0.811486789980857 0.894366729649513 0.843056473900952 0.985293190006965 0.811406386415434 0.874474436695262 0.943670668414899 0.9784998018142 0.861055492996987 0.996690030124932
0.863021313634013 0.866990520594415 0.86821847677208 0.911909155832111 0.879261102874799 0.871650845436702 0.909363323081892 0.871778561888467 0.972496242638304 0.985310457247217
0.878848003071359 0.863348500865761 0.903050974923634 0.872007854408429 0.910874570332668 0.92200159633155 0.906804195391924 0.947404761378304 0.855954723866065 0.939704819430306
0.980384659690904 0.94934993825062 0.809059063635068 0.944261702627259 0.803894593464642 0.831093628295413 0.858228566141193 0.959906040618962 0.976142918588601 0.887678888687339
0.829944057791756 0.876081669057245 0.909479582437768 0.97134224063092 0.844065358867729 0.966430108384412 0.837562041139186 0.952712684908302 0.882528682640769 0.929853574141912
0.976163716074074 0.864849639277821 0.946158875217719 0.847803777286851 0.961562511481072 0.848750999977425 0.923124086272571 0.816196891589037 0.884341205748479 0.931048297074951
0.942716767753874 0.886321714656285 0.887101445106501 0.891058143805661 0.994703158878549 0.920654899312204 0.905683039790813 0.883381140206644 0.818992756222063 0.869386934267406
0.824222223517532 0.990392991332599 0.82917565596469 0.856504590471639 0.825021347533276 0.86790855083019 0.917464405606068 0.980276489747837 0.951452366247405 0.957581378748764
0.834563514613951 0.945588361480246 0.840809450066115 0.93472023895348 0.809694629602969 0.879387579098534 0.882061218054131 0.943106474607891 0.994846603779202 0.935221929743482
0.996762762030024 0.919821787962205 0.923573811984997 0.849465789771903 0.949731462627327 0.944393719439683 0.842639070808642 0.82589896828305 0.764702887037768 0.983009740054402
0.920968109107519 0.858571843536898 0.814049870300001 0.933027171927963 0.895012723512094 0.9300682078277 0.961995942968563 0.79052249297646 0.97716663809036 0.918616999752442
0.82220034611105 0.942958033411017 0.874892927235596 0.94398892155076 0.865391193780392 0.948230639002006 0.953352035276092 0.933327901717747 0.839520219038891 0.876137782876451
0.829441377604257 0.899116711361748 0.991409185129612 0.913316875690992 0.908694183651903 0.977831189192445 0.890482728950452 0.830965638379395 0.81960409520028 0.939138014838916
0.907826205724881 0.857692201895179 0.966340425533252 0.839575268330065 0.827287442094817 0.948297763258949 0.952604449346376 0.958815557285413 0.920275291535297 0.821285394995772
0.916312656391015 0.795550221878027 0.950881917870836 0.959587841980572 0.808542825281352 0.912453985338269 0.839337522187853 0.87136356084913 0.974102032060042 0.971867436162904
0.925228726223394 0.894956927400645 0.851278085730194 0.863931011656651 0.859916425686624 0.962400607009294 0.972804080732228 0.869285655185027 0.860998119718767 0.939200360657176
0.769649023415869 0.941741046799886 0.894160454246425 0.931128803297611 0.865693048405107 0.973535737646594 0.924390600114178 0.812322010088285 0.931821202398086 0.95555807358796
0.870435378329214 0.891002083857578 0.869096748878595 0.880748771304252 0.88340807475698 0.931419681299496 0.96012650063013 0.890269670040215 0.920449284885987 0.903043806017552
0.782454841257999 0.933143867035053 0.898510457819023 0.928120091928871 0.779725965436312 0.962920206823667 0.859881247696002 0.922660459049035 0.932886467589727 0.999696395364311
0.957315338949867 0.831411356312353 0.871981542389842 0.813270265528393 0.919119626438421 0.904492635523545 0.873689483563497 0.983703120593987 0.928923254372971 0.916093376327123
0.939940262311162 0.831270597651085 0.971679076116997 0.871977007332584 0.932585060325878 0.984997050056001 0.872662079377206 0.850786400919482 0.89897178793234 0.845130677977266
0.8996383496874 0.939203592220274 0.964890031555666 0.896635789974822 0.834222630907788 0.968154933966144 0.888110383198187 0.989451683860651 0.79911197525788 0.820580629371189
0.98247247573999 0.806797226484813 0.929735718540127 0.940130759710496 0.809521680265668 0.953924745166924 0.837389336765234 0.906275183400593 0.878498238295005 0.955254635631151
0.848865492624105 0.827711563622278 0.830912207297932 0.974125089611286 0.871650212526427 0.966198350685432 0.881354670567431 0.994015149387116 0.927271069496811 0.877896194181181
0.793876788674454 0.966714634114872 0.955355679827983 0.998338841765931 0.986819951422674 0.845032027360139 0.882111106619773 0.875741921125423 0.912300419225899 0.783708629862852
0.91006882078666 0.832741876218429 0.91051151283345 0.88750091260542 0.893040686017582 0.871452375427654 0.896876249738469 0.888576063085894 0.909566139304999 0.999665363981443
0.844987714150449 0.870559892450856 0.874086900721591 0.831702227397815 0.897426447783009 0.979453128909507 0.91180561506849 0.851564124309147 0.939957166901294 0.998456782307842
0.951338896215611 0.937148916119562 0.807493903075853 0.931285150383257 0.957127769591128 0.942543329301934 0.909085001009277 0.871601727295119 0.787983640124396 0.904391666883863
0.803458285653009 0.954774754278377 0.839765608379381 0.953211009455161 0.90579217012182 0.9016108932243 0.816444671714805 0.983172277920834 0.974953513080863 0.86681681617145
0.995802488930463 0.865686886119231 0.940303074396518 0.93935374517613 0.882025916119151 0.99235310164656 0.868330203492854 0.810640412014604 0.83731175118535 0.868192420919139
0.976793795411408 0.945510678703172 0.815958689425592 0.995373150793882 0.950406480810588 0.900457697645494 0.864577798407416 0.990182928507476 0.816036942226127 0.744701838068846
0.909147872676135 0.806151120264118 0.983349124771171 0.83980272247615 0.988891329001904 0.894339943209374 0.929921095863539 0.897237440611999 0.895526850581127 0.855632500544483
0.839821978971921 0.952485264593491 0.843448100352803 0.824669622147972 0.950971961745068 0.879162725916755 0.929364228193419 0.860759316274506 0.935432706662728 0.983884095141335
0.997205744222914 0.863317024077126 0.919414801452894 0.879464018631982 0.879984751587441 0.841786575346279 0.932614881002576 0.887675873875868 0.95011145646192 0.848424873341
0.889400212579639 0.981302903750226 0.822516915196664 0.920692191335244 0.829180339398468 0.99854982466291 0.899001596944674 0.943517479111073 0.886788947271844 0.829049589749257
0.946662768901882 0.940760188652084 0.900955394857353 0.774080482092668 0.876880504517632 0.954727011764639 0.927067525686629 0.984064142961138 0.814879075293666 0.87992290527231
0.898692790983487 0.873131521386685 0.959986178592014 0.880582117427015 0.977761433307826 0.980831924966532 0.88232817707674 0.83336684075384 0.895374817492383 0.817944198013479
0.864287373127598 0.914435276721063 0.892621166065349 0.988831987771108 0.952500928651319 0.842279868705987 0.926411354283707 0.820393707902124 0.906531401414848 0.891706935356898
0.782608258797596 0.935980682387408 0.957009592181311 0.973110448910128 0.846074832529889 0.911685324346666 0.884397952834697 0.890779006973755 0.918198411580701 0.900155489457849
0.83712934322243 0.923301396802025 0.918301623895673 0.930576515019571 0.869432962159648 0.956737399387642 0.857432521298616 0.853410809357208 0.993660837867874 0.860016590989314
0.835943065728103 0.818459261643831 0.984058734600398 0.801025920470428 0.98476278182386 0.909795136412421 0.968509804109729 0.929602206672317 0.893049793307786 0.874793295231126
0.978937253666201 0.881784505273959 0.704637229444076 0.883429855843667 0.856186139136281 0.94602623301266 0.919863760111336 0.991078824962697 0.991841105720621 0.846215092828502
0.956402805016804 0.972200222035181 0.834650854335249 0.958635743387076 0.850422257809195 0.916421522989329 0.844849158342094 0.846735290112496 0.981936064044446 0.83774608192813
0.858256068739101 0.865102561848603 0.912502215621713 0.84536815862458 0.816193642447226 0.981420176200839 0.965653860847874 0.840380924754695 0.962306065582571 0.952816325332798
0.958077363360637 0.87464973831586 0.819294500096978 0.934176062903164 0.832939362228704 0.874931000270285 0.988647996594918 0.895705066069514 0.86998646553141 0.95159244462853
0.967499839524398 0.819291311806032 0.87662520184043 0.85037536144372 0.990491849458149 0.819235727149104 0.98026138793505 0.825368392447817 0.901948326651046 0.968902601744253
0.857933002011179 0.935361471086278 0.882679893772212 0.976382575527607 0.887453678794642 0.886660574412111 0.916502457220229 0.883644062629632 0.880003788751198 0.893378495794912
0.968150697355386 0.863790109275375 0.875157370771794 0.946883620694515 0.944114196910184 0.797413885516192 0.826872251117713 0.928222389039994 0.925465471142507 0.92393000817634
0.864641006210033 0.869187886017609 0.859651358739055 0.924154498141125 0.902888332582627 0.886574587299764 0.904386144302331 0.867007306694053 0.977837024510772 0.943671855502632
0.908051809159995 0.926253351516617 0.976164531411707 0.931765903290497 0.852111694858866 0.877055519347827 0.888684308612964 0.908988686028248 0.851398334633066 0.879525861140215
0.849168482723442 0.825444174655093 0.836579069447821 0.88131231649563 0.860935001854388 0.909692178830178 0.937736419715742 0.994038014885055 0.949595940506468 0.955498400886182
0.900855781233652 0.99919009292105 0.883191374571489 0.842092310740784 0.880393597865772 0.861650242839669 0.904492978368129 0.937153235087266 0.933352492070284 0.857627894301906
0.913240352381693 0.884898383397318 0.939996990476233 0.826213701058292 0.841644642028522 0.966765446498526 0.982799503110214 0.957760480330236 0.913479635157266 0.773200865561701
0.965668880491363 0.778482336498004 0.852298869229983 0.953087579291765 0.951054595567982 0.978579042509067 0.808407320876382 0.944356369532749 0.820286218150737 0.947778787851968
0.847283220457457 0.981946712754228 0.851080858246669 0.828995587004656 0.94767648563468 0.862346402649563 0.88289080538725 0.84415566962861 0.957163123033879 0.99646113520301
0.880232734644344 0.898965671309454 0.83887449920794 0.950724101030225 0.965562275086921 0.896949185870571 0.816611260990637 0.919806880687471 0.96026677899235 0.872006612180088
0.944030973721343 0.997154824508641 0.985396321767921 0.875198326754581 0.888347512976031 0.839937674369975 0.838673123283713 0.81335827779212 0.923388288074348 0.894514676751328
0.9312198525297 0.848933775225041 0.834316001863515 0.923100555402378 0.889177552668107 0.836912308592828 0.993278681805779 0.896518000283499 0.866051565731691 0.980491705897461
0.918564270887504 0.923146834980721 0.87193222083753 0.915584976497991 0.97230286467086 0.917473425108961 0.999309384107625 0.833196116878496 0.821425493916071 0.827064412114241
0.89216225259388 0.828898027637607 0.815200315169578 0.809305175930987 0.958719675360313 0.939957753201827 0.935622136462445 0.871843159037621 0.955890971641201 0.992400532964542
0.960490312028778 0.903811994710854 0.95219342337869 0.824581297364435 0.939641580347837 0.949487109045718 0.845221141089575 0.852132657330923 0.823618012743381 0.948822471959808
0.852905620940214 0.929829795633782 0.964670065852839 0.838713159255149 0.993631715795539 0.936083405386067 0.981158436798221 0.820140217054027 0.837476893958193 0.845390689325968
0.801767358767642 0.971216332673458 0.951813955362399 0.882620008312861 0.981815383539611 0.803839390952151 0.924673875637984 0.917693571942418 0.943750144971553 0.820809977839925
0.908897431341221 0.905503502185022 0.944414476964527 0.910571226546796 0.793867328614403 0.90223796688227 0.88731704215976 0.998186683041252 0.92067851472017 0.828325827544579
0.919557636186766 0.92682279803859 0.988090184063928 0.864400610383193 0.836814951397179 0.786334923445234 0.821065266563642 0.968478574838046 0.932534395929696 0.955900659153726
0.812494203110066 0.860444993586855 0.975526326993965 0.81713022005397 0.830693063007522 0.946165967448935 0.963720368090184 0.983044204324853 0.972873598283146 0.837907055100504
0.843773908512713 0.933413719276573 0.907190512195853 0.89626568095044 0.898913052454351 0.907113125515448 0.983236151389986 0.789358637246703 0.977683820523006 0.863051391934927
0.898453215700802 0.918893238371697 0.883001627942571 0.868475882096664 0.867318483980339 0.877740885324243 0.999883136341511 0.960446403912712 0.935881386434766 0.789905739894696
0.776861349528039 0.959760620826274 0.945783591459828 0.896222705814506 0.968388473030439 0.815903261859401 0.827195433442674 0.98794767028713 0.883261047474786 0.938675846276923
0.933940313646159 0.892904989917086 0.887876967347967 0.848418538793114 0.886771290589038 0.883447813634805 0.905884568032395 0.984764687160755 0.840177556157045 0.935813274721637
0.853326601888325 0.862538237164463 0.987121557599284 0.834449208674211 0.986894523511775 0.916250226066715 0.891933727170216 0.910769509001567 0.840208468055362 0.916507940868082
0.933502952115353 0.808275202039318 0.898656650713999 0.905118221296693 0.916845801718581 0.979020528531882 0.825054427597213 0.788612261498965 0.978863929153725 0.96605002533427
0.992071603456247 0.886456046234124 0.985778253040195 0.807198107476232 0.858713497231614 0.873616545088166 0.879608718730433 0.909709271899977 0.842982012005191 0.963865944837821
0.874342640052342 0.949267803432938 0.858789222724094 0.935623673618839 0.943049637099902 0.854359394604581 0.905441667743157 0.862227312438116 0.982455145386157 0.834443502899874
0.898402344437049 0.945367878844824 0.997446835801446 0.824451735973246 0.89586788754959 0.897866764480209 0.86233139102215 0.827294282658998 0.929012894609975 0.921957984622514
0.928425683111782 0.850835204715808 0.938619886765872 0.844795885087953 0.889073882802481 0.878887315050123 0.903953162806628 0.920936488552057 0.956637564488341 0.887834926618955
0.888737108815712 0.881565046683226 0.799505373034523 0.870094394048759 0.880489080600464 0.884252130568512 0.984964465679764 0.927957236192281 0.982582362716523 0.899852801660235
0.83417739344192 0.952548160889286 0.917141436429151 0.822371864794175 0.915005818012722 0.892827079208167 0.998390820512625 0.895491444376314 0.90997028411187 0.862075698223769
0.928145986171231 0.819787988129107 0.987403496354754 0.843388303063012 0.866034180735398 0.938150876127537 0.991703310981653 0.969367831526166 0.837340933815606 0.818677093095535
0.828439679329402 0.96024859389444 0.930922959272216 0.857280119826215 0.942293734992897 0.944071598857997 0.930287165421212 0.794183471664951 0.900968083079829 0.911304593660842
0.857870860867488 0.943032994051218 0.881331511684415 0.915666045336845 0.947442763812026 0.870197367468587 0.931108956216897 0.850710456348626 0.939558958863229 0.863080085350668
0.887043496522862 0.931926051869989 0.928717691131076 0.864916027335051 0.825368044317746 0.922287044163296 0.827222500472542 0.96023683881331 0.852988932454749 0.999293372919378
0.936499676064631 0.787638175382228 0.943913055371566 0.749482413761329 0.953593446726167 0.96775557871971 0.813026230614439 0.968422505340816 0.970012461990562 0.909656456028551
0.884836536859193 0.935627732061037 0.877137342540344 0.929110601062043 0.876876004901407 0.872584513166804 0.9320427089867 0.908193201139853 0.892379111040542 0.891212248242078
0.994650911969204 0.827858577607716 0.919959478898438 0.979474792093291 0.79954885281279 0.815213685880546 0.919124788223149 0.915423165203983 0.978155882379245 0.850589864931637
0.854618529346676 0.927382704882123 0.960769756013999 0.843394316398275 0.899151942427627 0.87297295875026 0.855869892392658 0.997441690007696 0.92066044131379 0.867737768466896
0.870721135263628 0.90869833458123 0.919498000260168 0.939680368930035 0.911334365099 0.872101759007101 0.908436126170567 0.928751764278305 0.872750606628293 0.868027539781671
0.892685529101672 0.795081793010581 0.965198997102118 0.958937130174509 0.89440583770334 0.927409011829628 0.883151945690161 0.900331698672494 0.9253865913611 0.857411465354396
0.923150076302111 0.888841669988032 0.91077450876575 0.896425052222257 0.926223831016492 0.855479518475958 0.886154389546342 0.905004560707898 0.95291830325218 0.855028089722982
0.999409457165825 0.973604042001038 0.879460923124211 0.93286100809457 0.886667527241729 0.920348191450885 0.869262929743118 0.844476110496739 0.839937566577354 0.85397224410453
0.887267821531126 0.848884992723423 0.822442696112056 0.994887904534252 0.833351417203239 0.893441873151873 0.925233145025179 0.952700152330088 0.971351733456231 0.870438263932533
0.890375155985209 0.978247681402834 0.863262388321476 0.883419920742511 0.917121834412434 0.946141021230964 0.905905467469 0.871068449493502 0.863809235030029 0.880648845912041
0.978739947026265 0.819094164687967 0.94744335428617 0.840909166688057 0.924859944700657 0.952470259811617 0.894143356188437 0.908440915514426 0.927411022352351 0.806487868744053
0.853117677716673 0.891621549205343 0.936749834275892 0.895458872109485 0.869680866288773 0.967317054250501 0.897387961734338 0.943666734578914 0.880787019592517 0.864212430247563
0.875427117622568 0.965470526461164 0.812576208252648 0.956664443050396 0.898642377059068 0.871249626700056 0.830903574798057 0.844402498705252 0.974362225480193 0.9703014018706
0.89228356991155 0.938711138893337 0.927812238740683 0.951828156131834 0.872910782178284 0.846626234417622 0.859762359091155 0.972298589495904 0.850900083543394 0.886866847596236
0.978012817661543 0.87918542190693 0.82831478808781 0.884668698032085 0.957306461410472 0.918169212133313 0.898958701713923 0.833087694120732 0.825928736488801 0.996367468444391
0.976429339538386 0.841938789882433 0.850368331724621 0.872354932021349 0.910653697169223 0.845151641156016 0.91054657595189 0.969794075744691 0.838005522201334 0.984757094610059
0.96955115349834 0.887346510705897 0.983561136952889 0.83603978925808 0.981995260761367 0.72068235097636 0.996382134462767 0.901411112370392 0.868330435729584 0.854700115284323
0.814829476979705 0.945712869527209 0.907129389418616 0.931606989724598 0.929690358868771 0.86219622339406 0.822696174181107 0.998454816139469 0.978667787599435 0.809015914167029
0.860582893121182 0.906491236582624 0.891274168444542 0.982506325108375 0.857549965713232 0.843630219437541 0.885059218207767 0.91365448974879 0.999356696427093 0.859894787208854
0.867732686763614 0.886154131959228 0.880245692960263 0.972788090327737 0.944164773892589 0.893601003422567 0.876073955009274 0.915717785695301 0.894142938825848 0.869378941143579
0.993562513700655 0.926794624706683 0.818309087927619 0.871038278048585 0.857480034737912 0.897763632561534 0.963869648132244 0.852227276450939 0.848730160695803 0.970224743038027
0.829019128152607 0.976805640405507 0.896492836150371 0.979923444806863 0.934987383370094 0.807203670030059 0.939269436291556 0.921425293805387 0.812149900951917 0.902723266035639
0.869595938122028 0.903455365202305 0.903374587614042 0.872097587534018 0.977233039554788 0.867368923973515 0.883198732800103 0.865659268727168 0.890893465041482 0.96712309143055
0.940317314589673 0.956416462559596 0.913433193669392 0.888505050407433 0.920190117770359 0.817333377894148 0.812073642646925 0.980074699810046 0.818373764511482 0.953282376140945
0.874177579777276 0.893636680634816 0.874973391868085 0.863464968148361 0.955450147667804 0.921489374361792 0.905866952970497 0.871931274970485 0.962776131574065 0.876233498026819
0.885135030031627 0.915277532464588 0.96100621423874 0.869505870409628 0.926131716115616 0.918748559173373 0.887397364596078 0.889679108061014 0.87783528087718 0.869283324032159
0.81029407360351 0.890404415124357 0.813849918422714 0.826504211655677 0.935961952725417 0.952000547167646 0.848247441375531 0.976459220251637 0.946849694088704 0.999428525584808
0.952767113369157 0.917099637790538 0.873492113470705 0.874513583552884 0.838723779454895 0.904350649058772 0.887460855999316 0.999175244978897 0.884420025095022 0.867996997229815
0.862852690399947 0.790646053737773 0.911117775437324 0.988984618569768 0.98044292331996 0.813742739533635 0.969178926120995 0.841113597127346 0.990889780428395 0.851030895324857
0.879841270712939 0.90937598241241 0.923793014564036 0.861925599989921 0.967941222053936 0.912337390484414 0.887720868396197 0.84876031357544 0.841155809519977 0.967148528290731
0.91883113962597 0.88415283738688 0.86578125416664 0.8502275091411 0.842565176816594 0.852488801860701 0.928691596334664 0.959379585321065 0.931378856668731 0.966503242677655
0.895431383357624 0.969900173660148 0.91275257937229 0.841768258941385 0.934530056932533 0.845423744196806 0.961795289359685 0.88806577301361 0.838653819333736 0.911678921832183
0.91026354095432 0.999381961266417 0.877849063151614 0.899600754694864 0.906013855340883 0.878197235887031 0.819218068512635 0.927411874168963 0.857072928822748 0.924990717200525
0.932585920904755 0.890491483437942 0.876960484681508 0.900927209001214 0.908617579210936 0.874325538883967 0.967176151544761 0.947702827058833 0.839747379395657 0.861465425880427
0.837269297795007 0.952870958689608 0.913861673051679 0.86945311649373 0.954036664272482 0.928588393703985 0.839449690584041 0.83264990828162 0.946221652758968 0.92559864436888
0.929324350798548 0.937676613334061 0.872329377437358 0.982592512972387 0.96848161675166 0.982141366420484 0.760391431138034 0.794428739474634 0.795494040898439 0.977139950774397
