0.981567423051194 0.859252389684961 0.894803775095223 0.997112310192973 0.797545484848039 0.797910978931812 0.840869633064512 0.830938005131286
0.868522451533757 0.829197224220236 0.859663198949331 0.915546488638349 0.839091542265734 0.844711850171273 0.854240975962516 0.989026268258805
0.810256432568 0.880988895152613 0.9694364179077 0.808783697612253 0.828622905502377 0.978283690711552 0.837438202887124 0.886189757658381
0.816171756131559 0.961765921889795 0.828821912600636 0.820026179227205 0.840048140907518 0.898273251760964 0.883281632552662 0.95161120492966
0.861951287477683 0.781494160692894 0.904084827765237 0.859242780587399 0.77176144680491 0.973963972729643 0.935159843133369 0.912341680808865
0.804917065464999 0.809034003546815 0.987943072581637 0.847070563766747 0.916166791934783 0.940849879465751 0.862624214689472 0.831394408549795
0.930510696447218 0.792797324403194 0.994827607078376 0.753531816607198 0.833252188434409 0.743315601262429 0.978559588103466 0.97320517766371
0.953620515243223 0.864814194589115 0.866605176043354 0.8069416465031 0.95597429365628 0.946600359483789 0.808412263167198 0.797031551313942
0.942514803391936 0.853313397640008 0.900132956396924 0.81254128268038 0.956434790312478 0.858604209879458 0.851112690546012 0.825345869152805
0.756799193457188 0.910025201097651 0.989534909272181 0.805232202598361 0.765320677943041 0.939609042332813 0.848313073389278 0.985165699909486
0.747294614283909 0.982194114835453 0.948108149655024 0.935758498376248 0.829827163963191 0.882413484647963 0.70564267183653 0.968761302401682
0.872027641475615 0.819941912027627 0.994583519472803 0.800906951091426 0.881248110631031 0.846886908024477 0.864670611525327 0.919734345751695
0.829821267025097 0.998906822885832 0.971302737857858 0.966476485473297 0.782283258268731 0.831330472379022 0.780636028434717 0.839242927675447
0.961344862111014 0.837541475401675 0.935850222558011 0.784689581491828 0.872727529904728 0.790203633931301 0.908673261037592 0.908969433563851
0.97310107935905 0.997726832618802 0.73784592278715 0.96182935513916 0.994240431138075 0.754798898906378 0.756597255699739 0.823860224351646
0.997140672233219 0.957629491690923 0.91623622400505 0.748272733271746 0.714280105779006 0.869602824769293 0.849929222036713 0.94690872621405
0.963928795969007 0.759254181277676 0.884215442572426 0.869602240322192 0.913859792212856 0.859521294561629 0.994323834104396 0.755294418979819
0.916099112079193 0.902949489698594 0.821370615287041 0.910413388425988 0.811875964605286 0.859285981185458 0.908923178254415 0.869082270464024
0.88327508034862 0.93895059891701 0.653135199741851 0.85056479037404 0.959774612904886 0.898581511440612 0.862252557539943 0.953465648733038
0.900789947796394 0.994572245751372 0.775216285946732 0.859483101446438 0.777362576787511 0.995055964451682 0.814026158059297 0.883493719760574
0.891006257588857 0.818576061871639 0.998684393828394 0.727851968978382 0.880540733820276 0.996359695149614 0.846459174396092 0.840521714366746
0.846045585532529 0.977066367277273 0.864550594500262 0.944412992870632 0.885239265342387 0.884952453467962 0.698215952322206 0.89951678868675
0.82100428024162 0.918523904550622 0.88992089923332 0.850803437578069 0.952525102695806 0.946475286149709 0.728840557417891 0.891906532132962
0.935056078303139 0.83639528043706 0.893825925599922 0.847959763568968 0.849870112315835 0.969667532007194 0.79143592678431 0.87578938098357
0.981015711285566 0.776646205608847 0.856536480819841 0.908392011591934 0.892356316415196 0.851919883144664 0.810423980565281 0.922709410568671
0.833101022364276 0.88880033560024 0.949641118238457 0.89000919697637 0.87403272674019 0.885651323070228 0.835896057934077 0.842868219076162
0.895270920357227 0.960571015375596 0.954199952005948 0.79976141258157 0.856595441457776 0.803215886912783 0.860790578800492 0.869594792508608
0.947042912903844 0.993033457898202 0.795642370489004 0.737733085101252 0.9297235019372 0.704731047021647 0.930570283314774 0.961523341334076
0.871757080430823 0.827127011029534 0.891587144492901 0.794052295869153 0.950351431363971 0.901778091361486 0.770231028873678 0.993115916578454
0.874257504404705 0.906723645200718 0.932655477839049 0.846233633509383 0.762321742201639 0.950334869797431 0.958032139998594 0.769440987048481
0.851214942043788 0.919896888999004 0.989545904402509 0.831460584123396 0.855130610071215 0.824009054520481 0.831103534512724 0.897638481326884
0.81758234131282 0.970800710853996 0.914713066531324 0.934820718600714 0.988911533245896 0.765058606803321 0.765114826144232 0.842998196507696
0.90840120653173 0.794582516492888 0.824873958821217 0.860135112745424 0.99428094362869 0.803140266033619 0.84411875725157 0.970467238494862
0.963942730894488 0.864837719376945 0.787599825405101 0.870905643948785 0.886589061092995 0.790308575701352 0.936152643495493 0.899663800084841
0.812079546640101 0.890721921638785 0.864115271823349 0.823819654989725 0.877211214350542 0.891512139149804 0.939997699980287 0.900542551427407
0.893520091714806 0.915460363730177 0.79383363514824 0.778656277110831 0.793708085873406 0.967412008541343 0.882451099460812 0.974958438420384
0.935591465009184 0.970316255598653 0.737363288315636 0.932854667397131 0.761241514069666 0.950500853635176 0.886816777078888 0.825315178895667
0.918111515391738 0.937435986074241 0.929488503174961 0.804809445812229 0.813630741508616 0.93570952858075 0.867976419396638 0.792837860060827
0.903100392624904 0.844819055665195 0.837775618646764 0.835183122300609 0.849266641800326 0.931611749745979 0.826141262756739 0.972102156459484
0.889380900722201 0.940118673410195 0.882430280012432 0.783699323592768 0.83602089895335 0.858915974956457 0.84822270048693 0.961211247865667
0.805770404526869 0.993146523938957 0.901085964934788 0.862783618115254 0.87338851694724 0.862728377602266 0.799366102477793 0.901730491456834
0.766080930511647 0.767479735295038 0.954814274355217 0.950330740361969 0.963814384359949 0.938164277187124 0.870368429048114 0.788947228880943
0.947476840330194 0.763377401743812 0.909145176476465 0.89955836335905 0.705938363820945 0.896953605189677 0.890129949686212 0.987420299393644
0.830385531040359 0.998531606620089 0.997637720010899 0.732286266009191 0.934125270799364 0.810908860120458 0.755747951818691 0.94037679358095
0.92164049848175 0.936088369765545 0.81983350936933 0.825638277573039 0.960761037863004 0.822489789471741 0.914318912809757 0.799229604665834
0.833009552116941 0.938370985782432 0.874150414506398 0.790741573333394 0.892343106861287 0.913395595829727 0.851247828039647 0.906740943530174
0.835288840615087 0.895016580273204 0.843795086989761 0.897570156793937 0.992110814712387 0.815762502354159 0.883735301198016 0.836720717063448
0.785943828387618 0.90851342685675 0.884222843565862 0.810942452153807 0.949166545737418 0.802108893031117 0.938846814196597 0.920255196070832
0.830904081390913 0.948691276016203 0.833112216791748 0.855857432108424 0.867674523342225 0.864804628008428 0.893702660127805 0.905253182214253
0.755678423464692 0.853086181186089 0.849808428250664 0.969302876769772 0.882324282406385 0.976696086316797 0.833192201521639 0.879911520083962
0.756126234772021 0.820918946515026 0.952011775478476 0.989026182613842 0.783837203578624 0.973697256129521 0.929200987905571 0.795181413006919
0.907462536362185 0.817990197488499 0.870286912983626 0.947843371451618 0.821714899080667 0.905896223750609 0.858457061515232 0.870348797367563
0.870713899336459 0.829147660445633 0.850880833275931 0.858946009752611 0.91961083016888 0.830077806299872 0.890710649096 0.949912311624614
0.98195755191423 0.978839215058386 0.76487957571566 0.779393697963858 0.975886744672276 0.781257783807349 0.856383097405682 0.88140233346256
0.83194329111575 0.96732831791938 0.916993489734774 0.769519227615088 0.824984290097924 0.861945302455164 0.879057359996344 0.948228721065576
0.894384290176797 0.972717879324665 0.827630993995362 0.901638917174157 0.866270091739698 0.809323581257619 0.881716451414277 0.846317794917425
0.881183232624209 0.762617266736625 0.981979425567049 0.749071135002784 0.897093635060405 0.925348360603931 0.975499464661559 0.827207479743437
0.940917618146107 0.811492971658151 0.989656620774513 0.947162414823061 0.860875319185849 0.888008636258704 0.745820469232258 0.816065949921357
0.810685607841625 0.799005134265387 0.822185007871985 0.854100530796843 0.929294541260137 0.82397535595715 0.967341055751378 0.993412766255494
0.896354572441963 0.852237121754098 0.848173827239954 0.869272164022779 0.953998087377905 0.935904604251141 0.828969249222652 0.815090373689509
0.878221118161772 0.78844409129929 0.981592878648311 0.836619547333465 0.868898367788281 0.802014418868965 0.987650912223126 0.856558665676791
0.97858516729075 0.819053373449215 0.926723969074044 0.933508866435001 0.869584025374421 0.773236931969332 0.743117058184985 0.956190608222252
0.780047394858405 0.897113370482704 0.910197317039934 0.739981597439479 0.91223482669078 0.951162679511049 0.949476904821167 0.859785909156481
0.99042699780199 0.754446742551493 0.845199017617641 0.771622176757188 0.863635859014456 0.930113123958044 0.904020192772224 0.940535889526963
0.889109709929534 0.973624287214015 0.926703887027459 0.883214480665801 0.802505406478658 0.812602816138464 0.770697463032982 0.941541949513087
0.667724722749253 0.956687368505417 0.912648581505097 0.840444711400684 0.932141183248429 0.928925129701648 0.940852875770808 0.820575427118665
0.928185842089104 0.855975473780696 0.993834926342612 0.780668658981104 0.898098226706962 0.947305977236146 0.766162017974431 0.829768876888947
0.901090460323904 0.781478108130365 0.814451822548131 0.983773973805066 0.863894443349984 0.885975545604909 0.948143473301729 0.821192172935912
0.832558802125917 0.939451151092502 0.974183533978079 0.878414003084591 0.962557853118722 0.848367922435376 0.916572176875566 0.647894557289247
0.945390995533105 0.984481883988897 0.874881151876428 0.815475931667623 0.81991933266836 0.854911084401281 0.895427459131778 0.809512160732528
0.856017405180437 0.877447895167268 0.837101563703103 0.899270164228 0.878366729904127 0.910053566962813 0.896166562363033 0.845576112491219
0.942851279255571 0.778122754175737 0.779323061535575 0.958953156985335 0.830927939947724 0.954550283481359 0.797982130064173 0.957289394554526
0.948212792277906 0.978232689637768 0.779757032914598 0.958867106182006 0.923403549096802 0.799557996531397 0.772920998469525 0.839047834889997
0.892790843311282 0.819331593973619 0.954322077734816 0.835842942933195 0.802921558441678 0.808797953894682 0.941135304721806 0.944857724988921
0.995275627927774 0.974387251178045 0.947700682197005 0.867632093664503 0.748256657135063 0.718900249654581 0.984324215732328 0.7635232225107
0.996158168511116 0.904517930778329 0.840007610873716 0.911447042881853 0.807201371283508 0.856532900802626 0.886045140787676 0.798089834081177
0.794242995062633 0.781962560802497 0.807019549346932 0.972182726133175 0.94654103524589 0.952292631397201 0.865166443214739 0.880592058796933
0.830420907770734 0.984309158089381 0.719804511921471 0.784297383493611 0.873240337320235 0.950206177988483 0.954602990251919 0.903118533164168
0.84206334863236 0.899574447508364 0.916714550961637 0.822334225438358 0.867945008136408 0.817456760120253 0.998386068326167 0.835525590876452
0.828485619523679 0.832099628461668 0.872766593637285 0.872377855449578 0.911098511854246 0.944918740745095 0.872105177523448 0.866147872805003
0.998088048754643 0.812610824024926 0.897361269191978 0.908386880133791 0.923109722108741 0.796230553174464 0.720430170603725 0.943782532007733
0.716552698590547 0.964737836202326 0.888735899591823 0.928502381891111 0.925896909725966 0.779953751119854 0.918041184481637 0.877579338396735
0.851704786747133 0.90459922933011 0.818874090540018 0.857388773753207 0.867620039148883 0.86723133400048 0.960307850549048 0.872273895931121
0.770866092238147 0.763817283704285 0.86268017844688 0.945921975254217 0.935498181887477 0.936750812116728 0.905622392944502 0.878843083407766
0.881504345900705 0.783437115373695 0.816212144832741 0.945154876344401 0.984084737564871 0.993178377214558 0.789426636113785 0.807001766655243
0.806374071794167 0.993899679832597 0.897139204507499 0.822488116859058 0.9008564703678 0.983574380073384 0.822423531297505 0.77324454526799
0.796500075162489 0.843433387412966 0.890301540989358 0.982676739819119 0.851998700534329 0.86042993643216 0.86396219986235 0.910697419787229
0.813952677015496 0.842746223292702 0.929367281234573 0.903672876628058 0.845628032440278 0.904782872099068 0.817012325961057 0.942837711328767
0.863824818430368 0.907910752808524 0.771431968170855 0.912851209689215 0.943243317373435 0.84496395911703 0.915770744124921 0.840003230285652
0.873666906285632 0.903866000018308 0.812557799221684 0.9566351934613 0.877093871456109 0.803149818925904 0.873255204678389 0.899775205952674
0.888870437243396 0.911076748693836 0.918633807153451 0.766859750451012 0.954533981600818 0.768942500131806 0.864554466097493 0.926528308628188
0.875722323007521 0.946832873948401 0.754211758428621 0.937422196083815 0.797859062193924 0.986599824134212 0.874609056371947 0.826742905831558
0.956683530933214 0.762984469751472 0.921834737199547 0.887520134935234 0.741814743438141 0.964290155770324 0.883049051779515 0.881823176192552
0.990628436365008 0.99270019151065 0.758453771588683 0.830694503904168 0.934282370401354 0.774802460486301 0.962652436389086 0.75578582935475
0.86813119543709 0.814675643694484 0.927619340888586 0.844371647740345 0.966778888521538 0.818625585908093 0.832802613622418 0.926995084187445
0.925943768309945 0.805748098839862 0.803335594273715 0.912918087320027 0.870153133350354 0.811400866883574 0.956081315590109 0.914419135432414
0.81633818296285 0.956319136741163 0.926013457380839 0.757794120446627 0.893684425091832 0.96803061584638 0.911648016241371 0.770172045288938
0.87356328497662 0.774223759161864 0.670466431445933 0.935186706159771 0.907144623311374 0.97336502072503 0.912505433052151 0.953544741167258
0.829727436447834 0.956903713851934 0.775971230955482 0.834323060867445 0.92090312029214 0.928701173861303 0.879507491036224 0.873962772687638
0.79666485342595 0.817372881376335 0.897242572395064 0.947679911689836 0.841347080199815 0.985089796307887 0.939346388642287 0.775256515962826
0.871596176941242 0.82023809677286 0.973083361275948 0.787030941262707 0.83901328278435 0.873952831466824 0.860497650799268 0.974587658696801
0.991272961913879 0.785042265874525 0.879097740477495 0.945067954258074 0.958347640465094 0.985370756907761 0.809603354507804 0.646197325595368
0.870524820455313 0.912417485720798 0.835931779305465 0.881930461797336 0.96905438981965 0.850670069660705 0.858501323118441 0.820969670122293
0.988987673901414 0.941760114061471 0.788110500612765 0.886223225787763 0.914565744535507 0.835079212711943 0.813693214364404 0.831580314024733
0.783066376917456 0.878565565865239 0.978222179363167 0.848796499085577 0.816172921192292 0.904395313725898 0.975625901693532 0.815155242156839
0.841843410072742 0.893209167972513 0.900225721563745 0.927728791122103 0.80440235640251 0.783454938145272 0.876727659877332 0.972407954843782
0.780428601230883 0.947736390557189 0.889595407444437 0.954536835684777 0.908615228058408 0.860979794989228 0.75426816174609 0.903839580288988
0.84229485382489 0.808927944007602 0.77171482053922 0.955524041985613 0.787984368869122 0.927757633329315 0.926389468145084 0.979406869299154
0.92381855937718 0.794677881384084 0.847900463838673 0.964467119801697 0.726254325874057 0.972165295470935 0.921506720395557 0.849209633857817
0.830594012664105 0.725703556876569 0.935131443112102 0.986476575085381 0.776162312474773 0.820239151243094 0.957375254444539 0.968317694099438
0.90534759641226 0.850524187627721 0.832978674244531 0.926166240338805 0.886204041334946 0.82165348633044 0.868460823082311 0.908664950628986
0.954181115057915 0.797796445009419 0.969259808114703 0.980815530912682 0.76321536056602 0.870311202764851 0.799555070314252 0.864865467260158
0.909632304380783 0.908051426503118 0.972058588352772 0.843502723337157 0.785148132350642 0.71906118856728 0.895918681040338 0.966626955467909
0.921279015737648 0.962045089235717 0.826718652514333 0.820142409784125 0.985212635349749 0.799599493875185 0.832626901578873 0.85237580192437
0.887909212329085 0.895052032398675 0.942090620179735 0.868722238715926 0.835894576621406 0.87242669951715 0.780658092629436 0.917246527608586
0.922144336550912 0.863041699207316 0.827308215991759 0.89667979570451 0.951342875010713 0.827877594773648 0.785526672691068 0.926078810070074
0.838839880122847 0.767862708231484 0.817557107959505 0.885859879974871 0.800384041146125 0.978018293871305 0.962300884989871 0.949177203703993
0.99420733282274 0.821762120696395 0.789682478189381 0.96764021343244 0.882114992678541 0.913198288809618 0.811468156171045 0.819926417199841
0.849244297614818 0.908905568983378 0.827023258732224 0.908468367357665 0.880335707491288 0.971356887961533 0.81941417575806 0.835251736101035
0.858605836986281 0.861142280646856 0.970307111718737 0.809744656785861 0.809905123042618 0.958761505813895 0.83954292723988 0.891990557765872
0.822404365127744 0.832587457769469 0.958927869247559 0.880031528939653 0.779121612361202 0.968515363662316 0.787422023395721 0.970989779496337
0.928648346751035 0.955161269929866 0.94423515354178 0.841348733742265 0.820936824122616 0.851396565359123 0.842532875448432 0.815740231104883
0.692930394480305 0.95524331527902 0.953902899760501 0.625385613829993 0.983529293620426 0.983758971722813 0.878523859579411 0.926725651727531
0.938010845228888 0.904520200101313 0.883246963744468 0.798058565547901 0.868522750365291 0.82019345882224 0.987842564632982 0.799604651556916
0.92416355871383 0.990024866289412 0.864018326145327 0.814442973854783 0.928231327161664 0.814657182925141 0.736170259811075 0.928291505098767
0.965233008740941 0.784480667988594 0.859060307775473 0.882791139713132 0.925271458648778 0.988219104057673 0.78201439444899 0.812929918626418
0.771965637380185 0.861639369572962 0.927796760131021 0.950709137921173 0.932105782002262 0.945789128305516 0.781359439180241 0.828634745506639
0.862938122962927 0.947465524319178 0.857685687618306 0.844677496830376 0.838011474160062 0.890241065714945 0.837615032879911 0.921365595514295
0.905379704651765 0.815117944582717 0.915572602523567 0.847902062723484 0.901502229630829 0.949537272297655 0.86831816189078 0.796670021699204
0.778054501487041 0.899701571937449 0.917362942322009 0.851620516936963 0.804068687351334 0.970412056389025 0.975216666495019 0.80356305708116
0.911283625441197 0.851137482796754 0.949408208428391 0.854841192499835 0.963969492649625 0.82163665587559 0.820359875747661 0.827363466560949
0.839923300035014 0.898112918984137 0.959304628468906 0.811860877181304 0.837916326874021 0.860366701934457 0.912298868310125 0.880216378212036
0.916668889825175 0.790217045539559 0.843718648231366 0.829468555973949 0.809268719677816 0.979084909462965 0.920550934067228 0.911022297221942
0.909585603608304 0.917608964257252 0.921129681904194 0.867276874150314 0.795687231550122 0.972412615660095 0.858973824466246 0.757325204403473
0.942111966160372 0.937875914933545 0.804615679391844 0.754028753069263 0.825658104960916 0.855349673023687 0.955685090734807 0.924674817725565
0.904776525550833 0.872083682579 0.846464622401886 0.845053313133556 0.965678454354134 0.731917790914411 0.890620097318843 0.943405513747337
0.814257814959532 0.818808272119054 0.962267401251102 0.790212299812746 0.907566915266187 0.958415422324936 0.922244791253424 0.826227083013019
0.790808180740061 0.958157289108672 0.990567737147431 0.687755760236185 0.988447358802095 0.847810809218018 0.795447372698214 0.941005492049323
0.895859581401319 0.853742906368363 0.773874487160368 0.960847677918776 0.854833348547803 0.78378807619342 0.886558595433099 0.990495326976852
0.834462809436702 0.843456602416272 0.83530518347662 0.904421657970348 0.971601497279092 0.844112980908737 0.925076579785799 0.841562688726429
0.8959240338216 0.883206124233452 0.889644759361552 0.749712582649646 0.846477436088863 0.813920782299671 0.944554433659776 0.976559847885441
0.94666501040364 0.837137662459893 0.893326083134171 0.925827052253417 0.818951951677837 0.863131535093405 0.776084048169617 0.938876656808019
0.888731943566285 0.929205462915122 0.857515363843537 0.857179010075346 0.840389189707114 0.844883790725774 0.880026564475711 0.90206867469111
0.935469419181105 0.778711346110314 0.75442976561151 0.98182800073626 0.968736886028437 0.758216839890111 0.995054224089631 0.827553518352632
0.846617688246917 0.891555897001726 0.835915632917341 0.850187733199051 0.883016957414136 0.912297734628519 0.792652909488898 0.987755447103412
0.81411587371121 0.938673885771776 0.919799026459025 0.993758006462229 0.755361362445637 0.785597365124106 0.937686751187416 0.855007728838601
0.760517221214554 0.888499802396202 0.94630522980728 0.840494403561274 0.969679096775168 0.818907410910104 0.880408609472973 0.895188225862445
0.88238888725216 0.925555831813783 0.852538774882227 0.812049605015983 0.824032097018495 0.981896425266345 0.898050527559996 0.823487851191009
0.979025135824046 0.986294982838849 0.754606416039307 0.782650010477266 0.872253440607832 0.969610423417173 0.922778038006488 0.732781552789039
0.841709051762043 0.975481973370299 0.633206509932563 0.820045809252411 0.987279578980845 0.936907875959613 0.898587072807706 0.90678212793452
0.936977786660841 0.889895714413301 0.909586208279947 0.773404274008758 0.944236360430108 0.985899442997068 0.782660040696524 0.777340172513452
0.86358802517252 0.926910536987232 0.950900638444172 0.81544189268471 0.893279201353085 0.890985080302892 0.852110730944428 0.80678389411096
0.791106777445201 0.808310189287864 0.983659177309734 0.804281218605154 0.997560800747364 0.902550342294021 0.912679983780275 0.799851510530388
0.839512735163389 0.872300216505899 0.890989792640992 0.837989932216077 0.908902536783413 0.850615288006677 0.924906022989546 0.874783475694008
0.922944886937366 0.990986454384443 0.725903185613597 0.966283666999401 0.807035695212692 0.973725592720857 0.757931648779845 0.855188869351799
0.853764288012019 0.970114758387841 0.891907797691155 0.795926367412985 0.863190669672481 0.995014625214144 0.897568383287606 0.73251311032177
0.793212447038009 0.972388083199862 0.99527889104746 0.788477321959713 0.841949805828584 0.782514497119391 0.994865490523807 0.831313463283175
0.810922746068054 0.804951018939693 0.990957273041203 0.809825089646231 0.984325326578826 0.859568652018126 0.915566257775287 0.82388363593258
0.875648839241837 0.920505534866585 0.988888550662661 0.860902073580384 0.918652690308078 0.844277809872062 0.783521267615871 0.807603233852522
0.76584480877982 0.94346654879939 0.856208682055166 0.992811681674784 0.963354955061677 0.819347066085745 0.859080339854555 0.799885917688863
0.993215963054225 0.811592760265999 0.921836325740481 0.840834505981442 0.865582103204116 0.877802521126622 0.876007658627472 0.813128161999643
0.913647302241301 0.819682158941872 0.982948456358581 0.793834368062422 0.883726642628288 0.77991000797634 0.981568621316354 0.844682442474843
0.893144592117667 0.733380334797421 0.964587285364355 0.852655547705463 0.711784472846314 0.925816579255845 0.953008044186941 0.965623143725993
0.813724885475376 0.881415199903763 0.837147073623141 0.937497623354247 0.84638654166058 0.983082923219535 0.895024948262552 0.805720804500806
0.98301713905447 0.746213894931079 0.862522212042297 0.87914285272139 0.942658032228707 0.928188030450252 0.726347048666922 0.931910789904883
0.987591760331124 0.776931939100934 0.801709028427301 0.923870638259823 0.838178479726418 0.894570833541466 0.803897213266745 0.973250107346189
0.811321805667683 0.922928957165784 0.792577362026573 0.974744614151331 0.75697701116354 0.828972110149394 0.966567810170401 0.945910329505294
0.890971272648529 0.923869520662726 0.901236352111317 0.827027406347421 0.917522914699817 0.889137569363048 0.826112062350551 0.82412290181659
0.887899445187783 0.925545386672573 0.859415630430873 0.815377979471186 0.863337510608622 0.879945663775451 0.805278277145057 0.963200106708455
0.99525936746701 0.800979336116274 0.791755358695168 0.942928836440122 0.954127766621125 0.93542341941289 0.77634390485435 0.803182010393062
0.881894673392267 0.995795331043297 0.902181888787203 0.819816582324063 0.748308990393409 0.726214992975597 0.997708490277688 0.928079050806475
0.868604941983726 0.877939537459546 0.829351912948654 0.961444430039208 0.80980715547317 0.791874040443508 0.9744497666301 0.886528215022089
0.8326119640396 0.922046490375172 0.857489397275763 0.999339226472328 0.928199282542722 0.853127493658696 0.796165637869004 0.811020507766715
0.909475112251027 0.95766426603981 0.81891172515318 0.771169999127511 0.892550628590146 0.658097962709732 0.994595952182493 0.997534353946102
0.876969197340979 0.95260281554112 0.905749895373735 0.739340411817392 0.899777946353682 0.732303156318788 0.954765977710642 0.938490599543662
0.865378434853498 0.874180702328015 0.991515308172578 0.853812791084003 0.915060358552669 0.839579501370534 0.863396389426168 0.797076514212534
0.859804663964794 0.801738468490385 0.931585261207232 0.920420912210184 0.957006706081902 0.800000100705899 0.812850786184736 0.916593101154868
0.992905970866038 0.964280136315596 0.736788400992221 0.83212982974158 0.888761100587508 0.797896761945331 0.906125588566868 0.881112210984858
0.7978115316405 0.94407668524312 0.894572550505162 0.849200730297077 0.796781645443858 0.976046477454889 0.838505986993376 0.903004392422018
0.98739472050729 0.916473744509044 0.971069241987402 0.884888929208849 0.516003571905808 0.992732728606748 0.943704145621029 0.78773291765383
0.868954258800423 0.900684654095434 0.871380648298669 0.8604315247579 0.854515556678566 0.828882067116794 0.864657115130723 0.950494175121491
0.888741510238427 0.894765551008183 0.870261922980807 0.837580063252667 0.785116398391766 0.920049357308835 0.845279161028906 0.958206035790409
0.940793509425219 0.987885930852381 0.868295992110426 0.896972201133941 0.873636881570548 0.819119681107888 0.800974993269301 0.812320810530296
0.941361530609769 0.843112262804986 0.839550336810034 0.783929951869734 0.896076967058583 0.905633765874722 0.798498667043468 0.991836517928706
0.914272050062119 0.87720174481156 0.793820043940905 0.796462765379901 0.849901764577267 0.884558043495461 0.907696454995688 0.9760871327371
0.815035712167115 0.969892160708312 0.943579360157402 0.855485494577201 0.905667666357447 0.855358010947985 0.836071322316772 0.818910272767765
0.942878985305626 0.807734040689664 0.992156620388683 0.970730605357013 0.85955846119457 0.75337595569191 0.853097541194037 0.820467790178496
0.900307987339759 0.829787617736087 0.86462834114461 0.773849126271695 0.872368771587349 0.952947514504433 0.850922060108086 0.955188581307982
0.575510876550498 0.988382622119099 0.999361622114833 0.90025934088385 0.88247421625277 0.967602674462066 0.809893206917656 0.876515440699228
0.987199977401709 0.849141506812279 0.846600564230958 0.804040166313431 0.860880417277529 0.84665624905529 0.934975135141552 0.870505983767252
0.92998971102368 0.858725332565319 0.933220146941548 0.850883116106429 0.962682955022789 0.761593449384895 0.832322062549647 0.870583226405693
0.843069130419261 0.83627130454438 0.889115648095376 0.959364772377733 0.990863031236168 0.836218387333539 0.783493734483984 0.861603991509559
0.843536976517148 0.937150053742877 0.838257790771853 0.899237252537285 0.952120508767932 0.905885616048341 0.84350814540289 0.780303656211674
0.969772246511546 0.865114745658866 0.794324506042325 0.983412382110277 0.866263042450124 0.578413530210441 0.998596483055539 0.944103063960881
0.828509351294166 0.907346503310012 0.79404906399774 0.962337465678978 0.843855700709244 0.846305373081847 0.882395525362036 0.935201016565978
0.831645752785813 0.980782295191357 0.829925287065873 0.829963186823999 0.888230968890476 0.861169281424903 0.951150641712311 0.827132586105267
0.849811963107457 0.81368196133536 0.874353724706919 0.91733992897032 0.905601997098479 0.82895661708489 0.831014349678207 0.979239458018368
0.824704086566669 0.940594698257916 0.894380543338195 0.913940856322378 0.847347936627715 0.83148079515874 0.896643598871842 0.850907484856546
0.860920154066975 0.860331565788503 0.948478612546731 0.893053792957782 0.993818310956989 0.75577290822063 0.756718721772083 0.930905933690308
0.813240405404104 0.972783467542525 0.961656133175709 0.916332175153802 0.81608648588295 0.793235032098663 0.874917278330055 0.851749022412192
0.828783651877684 0.963722639437732 0.889988277312843 0.989051107998892 0.796982440971314 0.887284247785093 0.818885587095349 0.825302047521094
0.998784448236474 0.954194238169847 0.857217973326531 0.993308546260118 0.631323046101933 0.995064593560749 0.960646097962336 0.60946105638201
0.986651176025892 0.865170468422701 0.681717374945101 0.99800625443258 0.993757016656481 0.778949586608541 0.715740215589483 0.980007907319222
0.989241638583675 0.835822937004648 0.841192931582585 0.838005273235607 0.853061430981147 0.95119853674725 0.867494450147256 0.823982801717832
0.813996216031388 0.867907488839435 0.966470781432161 0.944538102439354 0.867126036839266 0.822554058808712 0.888347232381825 0.829060083227859
0.801179507413214 0.794810787098281 0.992667502561175 0.866451874386321 0.891938407380142 0.886942882812776 0.948044334540895 0.817964703807197
0.900341566290819 0.92168771166838 0.813811213194858 0.930142620459514 0.731719453392418 0.812043898618879 0.904362753899606 0.985890782475525
0.961124259666229 0.863276141389331 0.797738405893044 0.892034445802725 0.893256332641236 0.784398583570908 0.937268642948261 0.870903188088267
0.719143409891976 0.97366979401465 0.912276492883065 0.964625462462038 0.804602327839291 0.955476623656551 0.771138621172022 0.899067268080407
0.892206775133282 0.86812475636745 0.892157733721973 0.810341673383894 0.956893163224121 0.844426233478914 0.85891968587548 0.876929978814886
0.856228523518051 0.610610561486247 0.911066490373269 0.944437851055327 0.828444273531828 0.974260154362317 0.928300039336968 0.946652106335993
0.856413813421194 0.746178312047128 0.912396267945569 0.836162325153709 0.994965686027276 0.966263351747647 0.761136329772911 0.926483913884566
0.92496032668675 0.95810724058362 0.848275061736059 0.868685397285563 0.829288109497433 0.855785468945048 0.852523624949176 0.862374770316351
0.888403535383187 0.948701041226319 0.822957471593235 0.798117315876729 0.80740002262055 0.948708203153705 0.966871765571302 0.818840644574972
0.963496492728615 0.873123578610654 0.954087454210464 0.865741568510181 0.832182535214972 0.770517557640461 0.939655565156743 0.80119524792791
0.838595944209594 0.86791670854117 0.867294061735292 0.880778555042213 0.995958682917738 0.828195054631614 0.830450438365389 0.89081055455699
0.845985809543246 0.926413941899238 0.988712734075522 0.863283963914657 0.802428444508071 0.892550790909017 0.843004900723641 0.837619414426608
0.784418294392239 0.924695611338007 0.745477527460649 0.881505563211061 0.942409675588998 0.769094487362037 0.960571914976423 0.991826925670586
0.832446944191967 0.913319405000711 0.836235629534003 0.843589335169939 0.912136019220547 0.841334076392621 0.931584194927301 0.889354395562911
0.722703314437851 0.936207491921951 0.985009912465359 0.94554690160527 0.989209384883768 0.670883645439499 0.951960542930273 0.79847880631603
0.927403846708375 0.892592716580031 0.984294320441894 0.791905488404126 0.797825579587315 0.94741506465756 0.89642883229503 0.762134151325669
0.96767838155492 0.797680366045646 0.815253798979894 0.945364866011709 0.828052549966868 0.942958754654091 0.863711781582133 0.839299501204739
0.947516168532859 0.933119986486844 0.88040068059245 0.8950446493844 0.728658378377779 0.929949143499675 0.799823435000028 0.885487558125964
0.852986737151709 0.853512171202671 0.682655051066194 0.948745625833905 0.949909453288685 0.980924917283213 0.73769836817246 0.993567676001164
0.987872178424743 0.994222689021709 0.812790587828093 0.962579542568278 0.737618977919856 0.93360252670409 0.77597327326672 0.795340224266512
0.821740218925721 0.96740918113799 0.827004383886538 0.892883780488079 0.930836430517979 0.785849989526574 0.935063490801209 0.839212524715909
0.94415626131024 0.818893678400192 0.834305814469391 0.957590765231619 0.827534421805668 0.798974314094785 0.825512872267478 0.993031872420625
0.941083312614236 0.832226467924011 0.814231279106877 0.77285630616836 0.84788014920138 0.805642500706609 0.990055126496306 0.99602485778222
0.657523987726694 0.984740138125496 0.961163132259049 0.988111855832301 0.984193722121367 0.989059561330246 0.828253541229502 0.606954061375345
0.917258374870264 0.734738632464033 0.722331630982849 0.814780287956293 0.905020266449848 0.921425340274412 0.985656709639809 0.998788757362492
0.851511081304773 0.85852932276719 0.880221383663058 0.88577226754906 0.878085465823784 0.897968973893219 0.930951277216542 0.816960227782376
0.894902042412154 0.78462478132414 0.848580976275896 0.791344496118213 0.987116356955867 0.812946305816819 0.960307574433792 0.920177466663118
0.921968176601232 0.81965410975192 0.989205042673687 0.80309163761729 0.862261968005917 0.977956107947952 0.794446309088537 0.831416648313466
0.901680396504806 0.976580558121253 0.901929471483192 0.861646183747098 0.895086342427319 0.823432711472381 0.835178154116407 0.804466182127543
0.974836864168141 0.870806249544262 0.880504829954372 0.928873173833731 0.871525784375813 0.8250055934935 0.70688811288379 0.941559391746391
0.825036726758939 0.869652113942358 0.953078120832462 0.976642799759586 0.866503220381275 0.927779177544193 0.761301053836701 0.820006786944486
0.883512385226586 0.802643513456017 0.852974901793292 0.81114421920817 0.996851976714949 0.960712439442714 0.792802812447372 0.8993577517109
0.960930552841841 0.835420007535853 0.779298716113493 0.791229237329616 0.966507361186828 0.870935702250567 0.996525721051944 0.799152701689857
0.799162235660042 0.885061095904172 0.935484781325951 0.847050455175689 0.828701065175502 0.816166897828304 0.984840490980205 0.903532977950135
0.869332415962959 0.754388641810453 0.919750888862473 0.896532108718105 0.810320979003771 0.97329571303977 0.784863999778511 0.991515252823958
0.889187733516667 0.859958008689707 0.837268665687302 0.787311935987922 0.991738486808027 0.940951550617105 0.892917222683887 0.800666396009383
0.999247511218946 0.780641711115374 0.940703414116385 0.912857156510566 0.768047675306937 0.900989903812256 0.882434842044348 0.815077785875187
0.883320587858939 0.780802196926414 0.866357735737173 0.864650755359858 0.905639774802187 0.929659710779356 0.799910953375287 0.969658285160787
0.900681157965317 0.820858170747855 0.899337956500754 0.967617071815151 0.86678444757134 0.931804976645949 0.797030978843817 0.815885239909818
0.913352676912805 0.856397378842558 0.767183753242007 0.908995675760146 0.869563415096252 0.83982601534799 0.868043899969781 0.976637184828462
0.805381399278842 0.798874881076485 0.914795605458828 0.84223795687617 0.942602683086389 0.929120094721323 0.836676386093762 0.930310993408201
0.953740728668055 0.815075803038908 0.929516686780162 0.82700186222517 0.904338064379247 0.789921884336387 0.85017017399148 0.930234796580591
0.768750583838999 0.893303735903872 0.878192610385443 0.949412904889751 0.911818198291035 0.909281385592885 0.915633248324787 0.773607332773229
0.905707261053567 0.870870048144061 0.836986138843969 0.863727823089122 0.832561829541622 0.871254812382462 0.836501396529219 0.982390690415979
0.987577865933291 0.906698848443168 0.849354530736017 0.946737941046946 0.722855852026156 0.951821809046669 0.793273507390905 0.841679645376847
0.83645728595877 0.901838400992734 0.921336501284204 0.917511771403841 0.874762310551785 0.890917915469256 0.817700482676641 0.839475331662768
0.75962110684722 0.910827061915785 0.792754541447882 0.979519280177326 0.881936610764095 0.815777096134504 0.891578674609245 0.967985628103944
0.749918186075159 0.997538924980833 0.896416154189592 0.791528280737791 0.959528185759288 0.989150060682617 0.811634832104556 0.804285375470164
0.731868307856118 0.8897386545658 0.719910863219974 0.941853335317791 0.910892137462558 0.883628675319671 0.956794637031807 0.965313389226281
0.908120739845146 0.868583823754056 0.941479120311549 0.918242328966298 0.948139725172616 0.876093636384599 0.770969111819002 0.768371513746733
0.988046100946134 0.954170190544951 0.919303622487491 0.800083146334896 0.893190664026483 0.731372216718175 0.755235408377493 0.958598650564376
0.77452885892663 0.953324452710843 0.844282343953998 0.832280918764764 0.90747383902245 0.964519128062919 0.8689190086637 0.854671449894695
0.825843307801024 0.959328430955437 0.922085541264058 0.987540715834732 0.790443725991925 0.858949311580361 0.860190321391542 0.795618645180921
0.959316676010236 0.945097122065874 0.836376715845598 0.783917645384766 0.995241038658193 0.879085215746008 0.82315113654014 0.777814449749185
0.923662567339745 0.893739719721486 0.794504208394038 0.818175753238666 0.906008195576504 0.799105115274112 0.992818123436531 0.871986317018918
0.880250399468886 0.999045476628455 0.867794778253451 0.78622744290449 0.832386499546043 0.788701780307417 0.900146959937743 0.945446662953515
0.911697532352681 0.777399092763217 0.818597418727308 0.956039820322971 0.858173597788717 0.900106320828063 0.804414020802815 0.973572196414228
0.763585246289075 0.758890745090948 0.97698322696654 0.776260198760155 0.927511987758166 0.89972958798705 0.92704205415137 0.969996952996695
0.842288678217981 0.895757366796858 0.84208794857339 0.87438772641515 0.949597858639244 0.839824757681126 0.829889006455968 0.926166657220282
0.85482757466869 0.991413667106642 0.844822762369834 0.827283062144927 0.943971955058819 0.900952093225335 0.813217626276285 0.823511259149468
0.930193915262239 0.910986696826466 0.881773855863149 0.896244974159085 0.937803534812762 0.811720293729484 0.830987464741947 0.800289264604867
0.859795605838267 0.985119893716229 0.97124308340443 0.911301807600277 0.611598582371398 0.845400811060905 0.849009380579911 0.966530835428583
0.933918952898333 0.863264414392463 0.96506876693882 0.681855007122449 0.726205647022611 0.881190540882192 0.980526412163202 0.967970258579929
0.997760784350541 0.83166506991995 0.919188360757818 0.881571261984083 0.71811769472918 0.951774721775861 0.912134221980628 0.787787884501939
0.819596667879845 0.92888273685131 0.842543377313761 0.839556224573864 0.914856670458024 0.915800781953743 0.856043630960736 0.882719910008719
0.926875928057075 0.656661917031176 0.984823537008286 0.731220748001345 0.904721163299722 0.998550584989776 0.826627997148108 0.970518124464512
0.878225998553379 0.941908744093726 0.986793320303491 0.844167677472378 0.881556951952613 0.822597124574829 0.851666830661301 0.793083352388282
0.850566625313707 0.876377544778864 0.881340507014892 0.890905545547422 0.82935205099169 0.837785231872275 0.86629722779859 0.967375266682561
0.82788325973004 0.872877366857869 0.916194145198235 0.819561432659387 0.827714851204128 0.977432258455942 0.9302645024166 0.828072183477799
0.977796975583283 0.776533940808646 0.814752430907423 0.903129050836264 0.82002204281504 0.976659069104198 0.903192535733786 0.82791395421136
0.791206020421717 0.769135348841575 0.767400956897782 0.996798997404071 0.927419267123113 0.819705975537208 0.950420108490236 0.977913325284297
0.941677908795684 0.850544460736488 0.837801482038602 0.835108897939162 0.841715670676752 0.937762376915967 0.818018581402275 0.937370621495069
0.767039648876389 0.859922488665261 0.96451480955894 0.828085013066711 0.992488781516097 0.798407986320432 0.830941274013583 0.958599997982588
0.796037921714051 0.993137139522385 0.812004874405142 0.803860818722916 0.753796307179316 0.923837727562528 0.985054128644392 0.932271082249271
0.714048852452411 0.859378655211368 0.825456500482438 0.886534220726224 0.951842909581289 0.835867666742325 0.950259012650914 0.97661218215303
0.760628219257634 0.957519890476195 0.861398689389647 0.905193119993615 0.994154217916641 0.848738795036318 0.850509066797937 0.821858001132013
0.882849627262229 0.973370139563115 0.896408407239398 0.927329033596519 0.966172096821835 0.748051608886879 0.728737799505022 0.877081287125004
0.869939967588885 0.963734062576875 0.954253465574217 0.778841368571658 0.882337617783283 0.897643190386188 0.85803291743726 0.795217410081635
0.86613141753069 0.852157989746309 0.827034603900087 0.992078906159797 0.842619566556618 0.949551747802776 0.854055575654719 0.816370192649004
0.873280271305603 0.931557172464908 0.809454666899723 0.982007621449245 0.842562079209568 0.962010179435662 0.83099136605442 0.768136643180871
0.793761375867359 0.857647290170238 0.835379296964967 0.919110355219282 0.847633022869224 0.927707585798644 0.823000600083587 0.995760473026699
0.783441177261488 0.914286951589513 0.955201668313364 0.797341581665253 0.791526107120438 0.997383131655535 0.891774673648695 0.869044708745714
0.860406306810291 0.822467763846558 0.899456141854153 0.817606815927519 0.874784724942658 0.970494518912487 0.791524556002026 0.963259171704308
0.919225173396315 0.957202632614211 0.831009598163912 0.792488222731014 0.972484100615911 0.910160992668964 0.854401617892572 0.763027661917101
0.834816973162351 0.863855428743714 0.872545120808706 0.8255602037532 0.964546683306567 0.879859979842817 0.891569387825003 0.86724622255764
0.931715771242204 0.829638541368146 0.855206326660911 0.894508116463549 0.855537084035173 0.868573436419651 0.935717735809998 0.829102988000369
0.837312877309395 0.929235465551389 0.78904706843667 0.940274368501246 0.810056561753681 0.975873055673281 0.870120383083358 0.848080219690981
0.823605742482695 0.984555604922848 0.96495261978191 0.800455609412363 0.802945020304596 0.799528902663434 0.989778488507027 0.834178011925128
0.974024281048362 0.767266183513372 0.826588055143216 0.965610973817837 0.941493478424118 0.812420927387471 0.881327668711787 0.831268431953836
0.853039071843992 0.890807804244463 0.973421391618454 0.926207912832449 0.750490457499534 0.971767300856378 0.888509733135608 0.745756327969122
0.883667384320685 0.820142311655576 0.860550320629736 0.853242492519218 0.885333146047751 0.924128071729391 0.937929418530279 0.835006854567364
0.918675520266321 0.790857264012148 0.819390569442491 0.84925142980598 0.995195234106694 0.850634482770081 0.986419071933835 0.78957642766245
0.870301031227491 0.869412160566997 0.843700052218603 0.880297719332418 0.866953134382361 0.935836737425467 0.809079223605767 0.924419941240896
0.756545875882045 0.920073475932262 0.814944012504506 0.928878306278412 0.813326048948468 0.857992448626342 0.957516572382935 0.95072325944503
0.849174149472354 0.839493697925635 0.825409023526088 0.93451834440044 0.957968292902093 0.961250682033124 0.872044278948625 0.760141530791641
