0.947828194379964 0.807284254320916 0.888259763856209 0.881463428285055 0.873806678483853 0.868210940075648 0.991462094500862 0.86171359100761 0.879971055089882
0.97338681747334 0.815775874384998 0.794909379111823 0.819242928596203 0.944396398656875 0.971365966443359 0.772007545937417 0.958013588525013 0.950901500870972
0.905929100788439 0.951813930578688 0.959204774804818 0.996589336840954 0.743065120176087 0.861566723534196 0.883218195595774 0.823440322542738 0.875172495138305
0.999857986338582 0.883660992218481 0.858441762761861 0.810064467087224 0.906310047668773 0.917872979197082 0.876194769495064 0.94594574577413 0.801651249458804
0.800378473853692 0.929392149465892 0.870773958430201 0.815178559664314 0.970777690777447 0.930825805216842 0.906338763659527 0.806310464620124 0.970024134311959
0.865270101504994 0.910460331041515 0.911666231782178 0.78492372881481 0.902063044085451 0.985845264467511 0.925779694445541 0.796066107594088 0.917925496263912
0.814651835528187 0.817670952579359 0.973412750889821 0.920522775696771 0.828729776210034 0.785157487722445 0.888784704851904 0.971770420784717 0.999299295736763
0.890743724245205 0.908480499856971 0.904594914039717 0.872637663078549 0.925116232826353 0.963432505775184 0.842136815260538 0.849029632172811 0.843828012744672
0.888001473663208 0.917920829424254 0.908519362736456 0.799647918170036 0.874620646833405 0.933739335424004 0.846166601002174 0.851168455505716 0.980215377240748
0.908871691213136 0.868036174469328 0.858977855431187 0.894107155756335 0.946272275125341 0.811270939343013 0.912548703731997 0.874240467640265 0.925674737289398
0.838483003543032 0.880298411101858 0.81367142513531 0.913212178638912 0.861110019396133 0.963906262254078 0.836268866501996 0.913116725975024 0.979933107453658
0.962626249615302 0.901180891237903 0.940752026293849 0.877676458734967 0.864145139845704 0.848322456665696 0.869005705975417 0.833041373058491 0.903249698572672
0.891667737849774 0.834633574175251 0.962051781094629 0.90519360805628 0.889425483150905 0.891400040117862 0.873969836554726 0.827879360928381 0.923778578072192
0.941768248756403 0.975891461944516 0.876507886818509 0.926803610502961 0.805823399633722 0.873693942700042 0.916969079108708 0.757553716568308 0.924988653966831
0.892854601356384 0.808184818586742 0.978977092246449 0.844975376942933 0.799373146438555 0.899403946689775 0.980390160146967 0.96575306282402 0.830087794768176
0.907437437089867 0.821389789470002 0.943826277082836 0.820634635132624 0.823980127053891 0.998898803681138 0.862653053239703 0.914681426677637 0.906498450572302
0.972614400246947 0.925979716673174 0.90676780156247 0.809524478265527 0.809682807461678 0.904549542168597 0.892761991464803 0.901172685054234 0.87694657710257
0.888762493559981 0.866801132196221 0.887961625242478 0.85873542127771 0.82820264739882 0.98717246982888 0.802185015701122 0.945676210536241 0.934502984258545
0.889913666205192 0.943372387939339 0.805301436651139 0.814608620249032 0.809514249007777 0.866752930488184 0.928655789444956 0.969501762181336 0.972379157833047
0.839681096890853 0.803103714589254 0.998545480284409 0.810877155659313 0.897735934727853 0.98515841706424 0.961177986788364 0.798083643922778 0.905636570072936
0.832941223001261 0.88720736793343 0.986356926783295 0.91891629589666 0.939837121731437 0.813593996057628 0.840512763871302 0.894092476844739 0.886541827880249
0.855867986394302 0.882903070599896 0.867581731816034 0.937518755823473 0.870914235300365 0.842865468114669 0.919290046355557 0.857200166268663 0.965858539327041
0.936763841560492 0.824359493297296 0.880647333897004 0.949755364969279 0.857873462139453 0.849756364289953 0.902360282537848 0.996371703024811 0.802112154283863
0.834415768592745 0.81308618968508 0.956638723945966 0.823200800401358 0.975406673160471 0.820971381549715 0.918169990843514 0.998082328980381 0.86002814284077
0.877169949845339 0.876753850119842 0.992722570248967 0.881926995250231 0.882911371458094 0.870695053739533 0.816196959639849 0.939552013386514 0.86207123631163
0.947414396446574 0.996853056260608 0.966571837578309 0.879030326758801 0.89622185376623 0.771791273861699 0.852480223836886 0.837181060843235 0.852455970647658
0.92672551150476 0.934998278513316 0.898521632030367 0.805370292239653 0.802140579380572 0.885047242537849 0.890547345616085 0.937334668571637 0.919314449605761
0.907898072827701 0.788395814598116 0.875014083622006 0.971620662558692 0.944635271284046 0.802779151479512 0.941513376091971 0.883443423652444 0.884700143885512
0.991115790842147 0.942544232189719 0.736091630245992 0.86656343206154 0.771612721607799 0.877485719969003 0.858584704969663 0.983862760197719 0.97213900791642
0.967493139215594 0.824830810490211 0.869178184819155 0.782177518811613 0.83692665113449 0.954311023477607 0.920937883881499 0.854316484892363 0.989828303277467
0.848479948439208 0.896673511460954 0.986372878908478 0.815951059461642 0.857217491304387 0.922205583056831 0.889315384702256 0.896111994947204 0.887672147719041
0.872141601754553 0.8522330246055 0.860198424850009 0.857660767220294 0.888886351754498 0.982879308035869 0.851058959767092 0.896813259665286 0.938128302346898
0.83752044175871 0.877747160061923 0.842632581414279 0.989701771023797 0.895365685413896 0.836060710865097 0.858792219242734 0.923646268852937 0.938533161366627
0.835512900088361 0.866045214146307 0.939104026739504 0.861433516074333 0.931450436353702 0.82787116208223 0.927665543886246 0.891104958942912 0.919812241686405
0.81296882978048 0.924258678013877 0.934386886040546 0.863083057639009 0.929238948224096 0.823606628225861 0.917097459852491 0.959060745508706 0.836298766714934
0.905803158422027 0.979391093172397 0.966975050525719 0.826528601781862 0.975438521662138 0.935283270338887 0.793698612549989 0.810010548495596 0.806871143051383
0.984006748391662 0.900382001222026 0.757048486470204 0.770047823683572 0.948260281691395 0.938169568804851 0.993629769013399 0.946443942018174 0.762011378704715
0.861732146506517 0.802487269215876 0.817510955744868 0.928049821638336 0.918843229773148 0.898498087261164 0.987603453926085 0.905763307763127 0.879511728170879
0.869579203023523 0.970942609242778 0.870936224625466 0.846708391023179 0.867214028675484 0.870648676244875 0.998832099986974 0.819580316130726 0.885558451046994
0.781522694311518 0.987353291940907 0.794746070222952 0.91366849858247 0.998747978729036 0.842119943831619 0.943893216829653 0.764752890064213 0.973195415487632
0.943950103440554 0.857686818143259 0.880566413282292 0.883171198340265 0.882621817804591 0.863257970801314 0.898033118140814 0.931143101634567 0.859569458412344
0.777642716421397 0.956676204073046 0.945630883738702 0.94499307954621 0.997960253214709 0.812558790599953 0.969907834700656 0.680161797669139 0.914468440036189
0.993439779920535 0.78451608516134 0.79276064853505 0.990733762058271 0.931011886774057 0.974077719620713 0.829177554111921 0.891380648218182 0.81290191559993
0.847509215380533 0.915683716383502 0.800876985581011 0.991380954457249 0.923153572021553 0.86624878556118 0.936022063158898 0.852908026636876 0.866216680819198
0.954934905524746 0.790985102845014 0.912819268733154 0.897694997906026 0.895225975379699 0.844789392601554 0.974368523908677 0.848731591607417 0.880450241493712
0.868726148813395 0.905228529398631 0.904184495271241 0.995756876554984 0.808711395341332 0.893830476078799 0.79894430501017 0.846599897380955 0.978017876150493
0.975707777567976 0.77007472522134 0.797374566031163 0.930052859777186 0.787670400673189 0.903747955476099 0.990441892782945 0.994293717962958 0.850636104507144
0.946723676250312 0.839948550403474 0.909528595552729 0.909430735831903 0.902023750101658 0.858605184890306 0.944809947226126 0.84687905941228 0.842050500331211
0.944461929495499 0.754867243146926 0.921985789708056 0.795288117323742 0.949133040535722 0.9121270364172 0.859338805030541 0.917111698293894 0.945686340048422
0.782082481669718 0.925324265092419 0.971160263134405 0.842318553281201 0.813934646404606 0.969116732568804 0.765048106553615 0.944115775009167 0.986899176286067
0.879077991127824 0.857244281933005 0.919790212512783 0.992671828243004 0.8072951509475 0.944514721701873 0.862344376167596 0.844134394366183 0.892927043000231
0.943659150327754 0.841061456314076 0.824218835093215 0.853107313731579 0.923357414961985 0.889260458458589 0.993144603283055 0.897683677902537 0.834507089927209
0.907540960995214 0.822944586543873 0.949000509004447 0.891301813671541 0.820744684928245 0.850315866096981 0.959970842738463 0.951784600136396 0.84639613588484
0.94147493371128 0.903772164842616 0.878224162075802 0.787383677231636 0.918366036441566 0.783606720883159 0.90768488434334 0.912363046535573 0.967124373935027
0.932738522670426 0.856654877184818 0.938409636185896 0.839091507976761 0.897444876195477 0.970142603809353 0.893107347141659 0.799291952868889 0.87311867596672
0.853910550511042 0.975026599147129 0.873235085364078 0.868872470959261 0.953348489396845 0.998148330028464 0.849892058440163 0.793497502658076 0.834068913494941
0.81071136094407 0.817694916689564 0.993041147573847 0.910589996731162 0.859639487186521 0.908095394868547 0.986166530289342 0.806550909603906 0.907510256113041
0.941956212991484 0.883692738964114 0.833306842687654 0.964786963974989 0.81984049085989 0.89656962944988 0.857186093549789 0.97097013642822 0.831690891093982
0.846213865257137 0.890955028897402 0.898368587776223 0.918811423205699 0.811086834459233 0.873302348971688 0.88011597487458 0.914604479328395 0.966541457229643
0.934547316134311 0.92275148311669 0.828677115784618 0.872719524689693 0.904083158998989 0.804521306142957 0.958929529728192 0.860190052024461 0.913580513380089
0.915034942523025 0.951105083816708 0.863640943248556 0.863706522984052 0.836548679743173 0.941949067797373 0.834130916038187 0.935811591019408 0.858072252829518
0.963458213632003 0.955883206562255 0.982020220715064 0.820604037808558 0.889160512765152 0.905763368889185 0.96301504278662 0.843141363998317 0.676954032842847
0.900910825251925 0.851045151330445 0.85445498513037 0.962041922581273 0.967273202839903 0.89223414440726 0.895828457283777 0.823577943941846 0.852633367233201
0.911351606431278 0.879954495860242 0.827165343003659 0.870009938158089 0.829649171180845 0.855632604709844 0.872439711762762 0.964358124939003 0.98943900395428
0.845328096585628 0.954094899296138 0.818440551418513 0.994369531705338 0.896792999876928 0.896628220125562 0.888602822423792 0.883876595339611 0.821866283228489
0.965843916736207 0.818469131921607 0.923019760875927 0.942840872168824 0.759181171993087 0.885563140013302 0.864922663826063 0.841581589956568 0.998577752508416
0.85927214646807 0.966587768088169 0.965435988878563 0.845008942235627 0.832260449397682 0.878977372026518 0.861944947667121 0.911140564310295 0.879371820927956
0.790345724442513 0.922545853792042 0.997831310090773 0.998158729193508 0.792383119328109 0.931349990874807 0.83307017811408 0.909444119027323 0.824870975136845
0.934210785945275 0.774227904218483 0.810718911130524 0.943866619472056 0.876856658705044 0.965589834856469 0.773768611428145 0.968412361453072 0.952348312790933
0.922825964255589 0.769217239471958 0.960385168886995 0.999464639254825 0.925177388310061 0.80544332666623 0.813879120361627 0.832943915660739 0.970663237131976
0.918228815260432 0.996253184772954 0.900857574406713 0.720118597004941 0.898423051520671 0.792802037567285 0.988421796186603 0.810183044265016 0.974711899015383
0.825065875100287 0.996475717303793 0.906259920675949 0.911005662197326 0.830885069152611 0.838447083834814 0.904098317999612 0.830581664667464 0.957180689068144
0.951899692807109 0.849835627663122 0.800540467769233 0.812685178214783 0.797226429859285 0.99680018881433 0.90301933456697 0.91516774090444 0.972825339400727
0.917876551123328 0.817253487989016 0.866259702616391 0.93421293604014 0.886894129442636 0.965870437795212 0.906758417854748 0.838350064095811 0.86652427304272
0.950986945662992 0.830452582719425 0.856999823568706 0.877824837831176 0.896184574122269 0.782600274084182 0.982499956067667 0.99766467730012 0.824786328643462
0.955305823466255 0.777866504595125 0.905346392436914 0.857886623077391 0.804128191027332 0.882162121079865 0.939200236636312 0.987973718485875 0.89013038919493
0.863989464841182 0.856340008014141 0.862440971560243 0.872925007545487 0.880624145058745 0.923817656382599 0.978808564555224 0.900154570908943 0.860899611133435
0.826456496608824 0.823100578887279 0.87033203357582 0.965302690287366 0.995804393376707 0.867503570691594 0.931160995839687 0.881520830653966 0.838818410078757
0.832523051328988 0.911961308683989 0.959709218267828 0.897337854838024 0.845505212529846 0.92277381082148 0.892106693366266 0.780365774256843 0.957717075906734
0.972964166158765 0.842505734444478 0.879284161775058 0.905197703128346 0.833238407279441 0.888527316015171 0.814813395201712 0.948473960868124 0.914995155128904
0.888049134038082 0.878897493461906 0.939605471444522 0.822666132824297 0.956318460942065 0.829449668616644 0.98466638810672 0.85365170903317 0.846695541532594
0.904970058308055 0.788615006577911 0.965249561971557 0.75428769165707 0.773598668464483 0.907874665555694 0.969991657477484 0.957540924926532 0.977871765061215
0.974996291843695 0.865660676224617 0.930788597169909 0.893683283020149 0.856862575150951 0.933297508254417 0.826294898415541 0.831863297988187 0.886552871932534
0.89308163734789 0.945991655773364 0.938900863013353 0.978872827169763 0.808877541015219 0.801399450366137 0.860937570410578 0.855922772352059 0.916015682551637
0.786035911777326 0.819725407658126 0.965052170389225 0.846429928669138 0.986181418785891 0.845859367558492 0.978304828984932 0.795055723174439 0.977355243002431
0.871406497659217 0.904776353673947 0.908786184180881 0.788346908296567 0.998633797090046 0.947897293138699 0.72233087740409 0.921782226928876 0.936039861627677
0.877121851100586 0.950382628418127 0.864360474277975 0.974198971556737 0.710580128402817 0.877785354456014 0.888046586251496 0.993350412381845 0.864173593154405
0.971437402482739 0.889221033785118 0.834338148140686 0.969989710384244 0.827814506629791 0.818418855941253 0.939025153706281 0.907984430485981 0.841770758443908
0.796915060512048 0.963720791454775 0.84587116289474 0.941556227541726 0.823750933182108 0.950927777467069 0.87947581425649 0.812374330375094 0.98540790231595
0.925382645103703 0.871513986193435 0.925214845649086 0.994903075202403 0.953725829576872 0.856684288603591 0.968631846084506 0.801821964663658 0.702121518922746
0.852822380430759 0.777557191935346 0.999941526665836 0.939340017518993 0.904143382340285 0.811362816168997 0.985457667222333 0.908998052140943 0.820376965576508
0.819039482230295 0.837933865751274 0.98352144478241 0.905651188630807 0.971161710430017 0.847428660607314 0.830940522289117 0.87510701553847 0.929216109740295
0.876301235441601 0.784367536341642 0.888958265795512 0.851599255658467 0.836249894797583 0.966358504071864 0.919997591038498 0.960613057401499 0.915554659453334
0.813097185806295 0.890756713692813 0.91301647424722 0.951282475974529 0.934293886914904 0.80792526965392 0.936322681394389 0.915996537010905 0.837308775305025
0.971570924975726 0.830071246936285 0.937534323168356 0.874079788172091 0.733374226959856 0.912547503774952 0.985254069780079 0.975649251594387 0.779918664638267
0.831573448444753 0.877234835629036 0.883707978285126 0.826402916930382 0.976659751970462 0.971450969174392 0.863708495529544 0.858776804482563 0.910484799553742
0.90447720883501 0.84839243964375 0.813295342826953 0.817206299358307 0.955260032356076 0.866498010676765 0.859720665135691 0.949179963487256 0.985970037680194
0.871602394477793 0.799032618737091 0.932201894040126 0.893364673051788 0.946058327818461 0.880690666409484 0.968487286962052 0.835129872427698 0.873432266075507
0.969938009441487 0.863670315484382 0.962450386258296 0.800270447470641 0.951787330584565 0.799613234598284 0.863444500756529 0.993203470703324 0.795622304702493
0.976184517724836 0.893177719389097 0.877407383745209 0.816633710728436 0.807758697371282 0.886393303909243 0.960958752112635 0.852743005270283 0.928742909748978
0.801770103092978 0.943529347445668 0.991481476913395 0.988209808585697 0.931643044489507 0.871520893442675 0.832166288696213 0.810427408881282 0.829251628452585
0.936387197044084 0.999316224717026 0.831679743237364 0.752250766442392 0.890044640332959 0.878907294093526 0.98659176692588 0.86613721306268 0.858685154144089
0.951067380753754 0.978653596346375 0.857504895868748 0.917466187259176 0.763783409394847 0.829610956983806 0.92217737743407 0.828832553481314 0.95090364247791
0.772955163217823 0.845725376418548 0.959072428385537 0.951088648816922 0.951885352357899 0.83960443778256 0.886098502235179 0.897354867729314 0.896215223056217
0.976997392544172 0.923372144266684 0.84614958767615 0.821367313349723 0.826162190008259 0.834897175329987 0.983564809639995 0.79845681767746 0.98903256950757
0.896968021635378 0.986471306945279 0.895005750229699 0.943485668896548 0.982220609581117 0.81376604145805 0.806660484452907 0.850092476223646 0.825329640577376
0.955170085066143 0.978401984841132 0.815698946867479 0.824202050009837 0.916827417655835 0.772700814490573 0.927467254925937 0.917888292756268 0.891643153386796
0.864568491567468 0.819940476338416 0.976102259655383 0.953830799287314 0.845305869575388 0.812960075020548 0.843015101559464 0.939595833375019 0.944681093620998
0.900109384631455 0.917585413324288 0.807216378719494 0.914811198871178 0.98192565584032 0.974208915595174 0.824437581912076 0.818211506904432 0.861493964201584
0.923064258833474 0.838911734812935 0.890726166272476 0.86134669031228 0.908904893021043 0.960537176130237 0.884063121099708 0.978827783264329 0.753618176253518
0.863614739538402 0.915528416138999 0.848024364863295 0.88896741864693 0.993868971102596 0.863051906491363 0.935301174985589 0.845371755482595 0.846271252750231
0.955059279382947 0.784037857668792 0.92658096511337 0.876025742970067 0.80694634655134 0.916614743423723 0.960723698884392 0.9409723631958 0.833039002809569
0.852053405610367 0.855908078281684 0.824297712309508 0.903436541591426 0.91215899198901 0.978061792291495 0.804275395481969 0.948934789055763 0.920873293388778
0.993020120512492 0.981313775805172 0.786397513701742 0.808108947244881 0.867803867949252 0.831604409621019 0.853102800002124 0.938093464854383 0.940555100308935
0.942568512185843 0.778229456717429 0.902404202188429 0.879146147359018 0.901094546394321 0.923980381317144 0.773312980712831 0.990498209719132 0.908765563405854
0.907674258716331 0.831279383580201 0.844809991886918 0.93589775982634 0.90030774460425 0.83922116001261 0.849332685747809 0.974984623299587 0.916492392325955
0.999345888599351 0.80374231713486 0.900814821515854 0.910627337215286 0.937597941382842 0.840403113273265 0.911823911880821 0.881447972874749 0.814196696122972
0.893966807014904 0.914930545295376 0.843877743133447 0.874359822113553 0.862472277085193 0.873201979556041 0.849859832894515 0.965963637002907 0.921367355904065
0.939494445121518 0.92164466376011 0.851886942685419 0.848917552081859 0.865976546409814 0.909875514570218 0.881033721134654 0.921070266254208 0.860100347982199
0.850578055396864 0.909843859782088 0.868294361297887 0.929535074924188 0.859392623427409 0.81248355810984 0.930095885746797 0.871693757733896 0.96808282358103
0.898808098535972 0.924038529049969 0.899290029506801 0.940464013757238 0.826107619878558 0.84895273548156 0.942950657706443 0.788877078887612 0.930511237195846
0.883974615910847 0.990713248316251 0.835222686600238 0.809584852485523 0.855593908974359 0.855744865185115 0.965187220936656 0.959922215083056 0.844056386507956
0.878514338715589 0.932101305597452 0.833100680441542 0.999756913994232 0.938849415266339 0.809321331937544 0.805617054950553 0.913820141959979 0.888918817136771
0.847795166336468 0.838165825743732 0.887756311976282 0.826857870176673 0.97710659194885 0.903072333545467 0.960219612285608 0.872385712868415 0.886640575118505
0.860919508763952 0.79283266934759 0.858385700620972 0.867107522011969 0.922443074364466 0.988547820278718 0.87503966338969 0.936591524178373 0.898132517044271
0.946822175677716 0.851283111817627 0.90377211729007 0.818178309286066 0.838627731700555 0.993299092363928 0.800539269417718 0.879057621031902 0.968420571414416
0.832147290084593 0.926225374413426 0.771784536463082 0.796330774904371 0.960156843057214 0.819350346037028 0.985144950025612 0.991903184895068 0.916956700119605
0.8875751792518 0.999523688689174 0.778690405799862 0.912246280752653 0.941681948686623 0.771037515776369 0.828687506048536 0.959792484936799 0.920764990058184
0.909480632641583 0.744544268579943 0.970873834799054 0.982672108890219 0.831352245854268 0.853951784873383 0.821444403366142 0.90213594213386 0.983544778861549
0.872223081914102 0.933237941950484 0.809744053335896 0.899765443726241 0.858765363357157 0.815434176597837 0.928364115886508 0.967683502396992 0.914782320834783
0.95378606857789 0.968558006967571 0.857523801311433 0.968471034176711 0.791476975642338 0.876066262437477 0.915966179612436 0.786898801745965 0.881252869528179
0.813487756312028 0.911772407880587 0.999240902617204 0.964832400358673 0.756973393677238 0.99493473135678 0.867498522504796 0.93662038782337 0.754639497469325
0.968094833745618 0.900314991472673 0.872157762563925 0.852830759369796 0.860483875282123 0.878689439371627 0.873492830060312 0.848785391300227 0.945150116833699
0.834892672304887 0.874231439663631 0.829855318366315 0.844101058494867 0.910719474752261 0.948403036274622 0.858270646059471 0.951780301939434 0.947746052144511
0.941395682255591 0.924678340210364 0.776984758972851 0.902576224206453 0.930729850664024 0.874299032480099 0.912013262010353 0.944086241551078 0.793236607649186
0.973102803633726 0.929938432600884 0.861840162116752 0.795625944937948 0.790011361809294 0.91486209411506 0.973308524576508 0.859276585600295 0.902034090609534
0.886268044069595 0.855584331994432 0.86278552174992 0.861157982630686 0.942477605476462 0.976196968010209 0.860674689484541 0.878889844578691 0.875965012005467
0.932097804113712 0.941974924290739 0.966204057736273 0.877011939939428 0.947168831122783 0.773206556501615 0.781920841893943 0.780770410793155 0.999644633608352
0.97332669564385 0.932222765925113 0.859445799381405 0.831789008139707 0.789479232843149 0.923972470035109 0.981977969999567 0.885236654136041 0.822549403896057
0.823932692352711 0.907082003949313 0.793454114715646 0.84931857990105 0.991244268995939 0.995536322261413 0.832514366078703 0.82523635069436 0.981681301050865
0.995785412864215 0.926956507229036 0.845773516391846 0.792361862510743 0.922069738977449 0.837333884717917 0.858251852583568 0.874383669027249 0.947083555697977
0.989504301872066 0.946093214228208 0.942172213389205 0.778883181916576 0.85138165629176 0.751693766731596 0.863405427890753 0.908761480971716 0.968104756708122
0.822289853039329 0.979414196772546 0.864897736958688 0.916644531308031 0.845555543845544 0.902365080599811 0.987848688688773 0.810281152667811 0.870703216119467
0.882756116965224 0.778689205859016 0.874226228768997 0.982440851446609 0.974382610929257 0.831339199268352 0.807218856165169 0.972546583787651 0.896400346809726
0.871562824145047 0.828488384510356 0.989549390620709 0.951743669046071 0.766568303609185 0.874844452958369 0.885435227286314 0.950108113638049 0.881699634185901
0.936778767330115 0.838820885442663 0.906146127567429 0.899942398728076 0.887199355091214 0.959615635323853 0.849495532070888 0.887018240585076 0.834983057860688
0.955991336487847 0.928884836697475 0.878309438173981 0.901318029962599 0.825927152200397 0.938627173486491 0.842164316357161 0.853364547579219 0.875413169054831
0.812782134814752 0.851159722149638 0.90421944289561 0.888299457714927 0.975605093036447 0.849075594881239 0.895984684180619 0.944859783035616 0.878014087291151
0.951832515189586 0.997884282391784 0.853930949763482 0.802884533289248 0.825072232168053 0.96560840412085 0.857258018765987 0.826114739924266 0.919414324386744
0.913787547297781 0.889135810963478 0.837487451576149 0.846989033202524 0.882857074972192 0.847007974832566 0.994273617418451 0.829726434403836 0.958735055333023
0.838105852856933 0.899945715899281 0.866494476997569 0.937574802801451 0.84255980907799 0.819363840312617 0.952596816798972 0.85192562013814 0.991433065117047
0.973225672826355 0.847429329891846 0.834233350995182 0.803884251465431 0.962789533979155 0.94180010951669 0.961776969748102 0.801644954852177 0.873215826725061
0.866972903154428 0.908996190322896 0.957422090865905 0.876623030820262 0.963919879529256 0.831531207808448 0.826517135873959 0.836328589735805 0.931688971889041
0.952107943480798 0.90007702285235 0.874759263226676 0.955659396387863 0.813160650025627 0.816835961277175 0.82597942048434 0.911080987163436 0.950339355101735
0.847784927903669 0.939572609686135 0.879805590976011 0.996946608863729 0.965100497342218 0.80188730630396 0.793461413052934 0.833454631885516 0.941986413985828
0.893135115690752 0.864956929514683 0.887966000576903 0.871065272490615 0.826841349720882 0.966786304316517 0.982634096002617 0.898298144861122 0.808316786825909
0.918980688120305 0.920797889946752 0.926582425103856 0.80869789740077 0.994004135092003 0.783292249163962 0.923903080810634 0.77251409089262 0.951227543469098
0.913842859113197 0.886107576863869 0.977047314763026 0.824745060769532 0.998729350505835 0.91103973538333 0.884585542709759 0.916848991609677 0.687053568281775
0.829460334934151 0.888332884637333 0.851176299902551 0.844628017300152 0.944087108411835 0.96939658319743 0.902600692142511 0.928136321890572 0.842181757583465
0.961982239927264 0.934514134616528 0.811777120657212 0.860710014141307 0.977817241709361 0.997177388492531 0.787090976598761 0.839154006968568 0.829776876888468
0.797164201767866 0.938824576500292 0.876170846585311 0.897308635604484 0.88179338016088 0.892384311262205 0.823945813667367 0.933281907597554 0.959126326854041
0.784626554885749 0.976035568196427 0.775003025839879 0.948146763758256 0.937817784218194 0.845115074508746 0.868135986342069 0.903746471442466 0.961372770808213
0.98913847660084 0.982123122288754 0.699884460964375 0.986989732936053 0.868237188275953 0.73278075627275 0.894689937097358 0.973922351505473 0.872233974058445
0.817236736180924 0.986749099253799 0.830207296090873 0.838881934815404 0.846129795005538 0.981243371979606 0.94901156195395 0.949603965881444 0.800936238838463
0.90776967369384 0.868976118442873 0.944380505197246 0.909132778642474 0.959134074000556 0.882804872647939 0.841545589015049 0.830468644266326 0.855787744093698
0.777566379435953 0.976418348710021 0.938268976679619 0.967166402200564 0.764777033233793 0.780972519817982 0.932387051436007 0.982334989873372 0.88010829861269
0.836866492573229 0.911990476564863 0.839373232624859 0.844996279879618 0.85505544429533 0.961481477787416 0.951384611333678 0.916375282715624 0.882476702225385
0.909489107474038 0.927565587894854 0.871723778873807 0.912614360861069 0.925360975061596 0.996798727155092 0.814447101721172 0.768051537771675 0.873948823186697
0.927829090268598 0.869899527100595 0.951398868252315 0.793566392746645 0.979706199666355 0.999380920795091 0.854210448766913 0.827587189165349 0.796421363238138
0.999932578788295 0.88529767573379 0.834791019876448 0.912859201946136 0.838773905587721 0.929665092355809 0.857619030809832 0.889558382603836 0.851503112298134
0.821604430751043 0.845675223852498 0.960574523572416 0.892149852725291 0.954182136108883 0.840839411175437 0.787303183699025 0.982432761502618 0.915238476612789
0.880777904079462 0.890894613406522 0.860080872611227 0.862773355411613 0.84473970152134 0.837479212616412 0.986485044254261 0.884555590190937 0.952213705908226
0.858759390954605 0.965708949696378 0.871122927733113 0.947966751376656 0.849054182538347 0.891057778322262 0.881117243786865 0.8640333286251 0.871179446966674
0.805804103231878 0.78310687386221 0.898537458724695 0.806372657407751 0.975481445184096 0.979323203485916 0.952199285916467 0.806715177891909 0.992459794295077
0.867158056016403 0.850534035090352 0.852116005033577 0.9193681599483 0.939345069390634 0.86212022936021 0.932392133300194 0.852349361895957 0.924616949964373
0.991651224903347 0.844011554890843 0.773816294949836 0.860563523453565 0.92934938879785 0.936991636433678 0.799457620046332 0.937281050114704 0.926877706409846
0.82479658890783 0.823371300825618 0.861445727922204 0.973534854542486 0.861753630692859 0.993111355509981 0.8286715967579 0.859031659486013 0.974283285355108
0.878167696505826 0.812062996005748 0.854385327641498 0.917736920825617 0.788255552831637 0.876954297949151 0.917602289472828 0.961122746566548 0.993712172201147
0.875050300877824 0.870626415215919 0.889323820528374 0.866948444426981 0.978253100564049 0.881338759997738 0.964286323864609 0.818166326764711 0.856006507759795
0.948063413486153 0.828931243622271 0.953992350020117 0.846899398652427 0.948066831724839 0.908030932785846 0.879383981559153 0.83851562809784 0.848116220051354
0.997818487463442 0.875737504024234 0.861733498120378 0.805181214089179 0.860091095634294 0.856890224570172 0.893869022130416 0.854341956254503 0.994336997713381
0.907338195011548 0.901377319832898 0.963277898065005 0.800602106729917 0.835742291757945 0.795710665867157 0.951417959530855 0.859860448923406 0.984673114281269
0.948121165355348 0.956106837300631 0.78267410599878 0.834655430718387 0.983047009177805 0.801263810190748 0.974261413364899 0.813140087384672 0.90673014050873
0.978800032018245 0.960661782845564 0.799605759179004 0.871220036859769 0.972186045541858 0.810591268410998 0.849955728379733 0.918780196515404 0.838199150249425
0.838246189858884 0.916248778421259 0.937427916164488 0.932694214932649 0.914339932540265 0.874937903898757 0.921461356795347 0.812553489003828 0.852090218384522
0.949297826083172 0.826358030764482 0.894726723792264 0.940208721994062 0.861015156349558 0.801227666578842 0.927952511655054 0.984018722014675 0.81519464076789
0.890180478534789 0.966287841287541 0.912412061610325 0.727706613176624 0.902386150411307 0.963583663283796 0.808528463854886 0.84321705794395 0.985697669896783
0.942197969004431 0.838806991224095 0.927097016500464 0.838709131232427 0.96939338723365 0.874114228423541 0.8710756399839 0.906491777458379 0.832113858939112
0.968477836116325 0.788347547369502 0.804396968428817 0.830958073858316 0.907745406412532 0.938202899890698 0.885493719738993 0.917931793480819 0.958445754703999
0.829462691226683 0.946453419508758 0.984610309898085 0.792507789597875 0.887596957885988 0.827998943980978 0.782058996653089 0.996133844379449 0.953177046869095
0.76787565269061 0.883284211281519 0.942537520278518 0.876890200037345 0.856114012374107 0.982556561994931 0.948258608730711 0.918786407817566 0.823696824794693
0.935707264805272 0.981181892200765 0.842957365465092 0.814968853804807 0.919969686642176 0.809953340201018 0.951856560209526 0.890022664127637 0.853382372543707
0.930106952250478 0.849556115714642 0.972443067362041 0.978402931629853 0.964971828697345 0.814896892329441 0.781563586459354 0.79868121638045 0.909377409176396
0.913782674085403 0.871667939868021 0.991495343370147 0.908005934460416 0.87256246936951 0.871329796123629 0.826536652311151 0.860213470157529 0.884405720254193
0.971531096401541 0.977212365089232 0.790326997038998 0.961533282791532 0.902349318919829 0.906847808565151 0.848906363200769 0.883676732093722 0.757616035899226
0.872593927352953 0.921430978504837 0.869060783715145 0.910203514910094 0.89711703406101 0.854409475573565 0.944503756537092 0.846901150113508 0.883779379231795
0.853815115275647 0.97959186776519 0.940949667518415 0.988717912142866 0.626499617908548 0.974986098218719 0.972548266027369 0.784056577092211 0.878834878051035
0.965180135405018 0.92611574227375 0.947807084819343 0.913786047978909 0.778596545840776 0.862699989211882 0.779075395906374 0.869649253878935 0.957089804685013
0.956035764955244 0.890203582852167 0.973797265631062 0.812022362559333 0.813458752124131 0.935637864914264 0.913442014416951 0.88760439519088 0.817797997355968
0.863248668588838 0.800300879614831 0.849164964559195 0.905849239185477 0.887897567384264 0.944346659018474 0.978919512467429 0.901774796347239 0.868497712834253
0.911446406196866 0.884102120232639 0.931903882452247 0.842214494775207 0.768167794553458 0.876592886637513 0.973990086815079 0.863880260240611 0.947702068096381
0.971111992245139 0.780179329853016 0.870445372819568 0.944428415359072 0.78964828780649 0.958570605478428 0.950366722864234 0.937431822621612 0.797817450952442
0.977675021093663 0.930569793156126 0.89783341164849 0.857527106315828 0.909621244878017 0.806441371403945 0.941773449254582 0.789594459488625 0.888964142760724
0.960978060602328 0.858651422907029 0.856765533820233 0.885813934005744 0.849563791706372 0.868406569830425 0.881977559468807 0.887210162389195 0.950632965269866
0.843216771331078 0.916567090645607 0.898508097278154 0.916707176738953 0.83240655922703 0.839618561027046 0.963230745540135 0.9380171112545 0.851727886957497
0.831708409672779 0.896045298566681 0.829315417284707 0.889302861594159 0.965004604274509 0.889607891707 0.953502086234393 0.913192412488063 0.832321018177708
0.838750354168507 0.919091972686342 0.936505101282661 0.792292575744705 0.995704704999208 0.789383373926427 0.911198235326662 0.867715159064809 0.949358522800678
0.90534860850919 0.865695404108135 0.860289495848047 0.90888408690016 0.912993905649951 0.852671252321694 0.795257615419708 0.939850693690149 0.959008937552966
0.876065393458153 0.825857946801569 0.91862497884257 0.980224667600079 0.882292559568426 0.977786901962284 0.801934178711769 0.836837372083177 0.900376000971974
0.915233621882807 0.961356581736163 0.882268977044832 0.775063135098501 0.969601177243146 0.800794611781079 0.94816986587694 0.790664427687673 0.95684760164886
0.871754668595106 0.937623404288152 0.935210157248885 0.864090300828153 0.884499714685387 0.740576650620324 0.963126220118179 0.935175604681378 0.867943278934436
0.849145240094971 0.765555728124554 0.971812424183515 0.929325959790575 0.975167633065054 0.968844006085106 0.867643236574161 0.762874673177969 0.909631098904095
0.853539080141337 0.874781267343612 0.991359860293707 0.89865530599696 0.760448843489103 0.910614306635892 0.831116712696219 0.947018088900014 0.932466534503156
0.912995536137744 0.900539391175496 0.800868170048745 0.808909057892189 0.953023635158949 0.893860583778891 0.884731774660267 0.899615118913891 0.945456732233828
0.825203230897009 0.964729380988161 0.987142372628548 0.894114206419046 0.906475790318622 0.842845513705038 0.888750840204685 0.834037426784797 0.856701238054094
0.868951177905235 0.861445574598308 0.826285462923827 0.893960162941871 0.879246728402688 0.92520316778327 0.970946860494465 0.904141455877395 0.86981940907294
0.901965661083384 0.846265770847887 0.861189078076046 0.833717144856917 0.937393775876347 0.925674743997107 0.888089158849435 0.943878750451212 0.861825915961665
0.970345731786022 0.970338703687868 0.88498099940086 0.913266175151283 0.761907530896192 0.972953916979263 0.821871390359324 0.744680954593552 0.959654597145636
0.968041062789437 0.856845113983381 0.93346732128405 0.850898395970879 0.850107693183868 0.897507179124873 0.949106153991113 0.832381112523568 0.86164596714883
0.849912838172615 0.869090696192743 0.800067517789883 0.994767350088513 0.938209886210881 0.953388094115627 0.967590165597782 0.800272737573281 0.826700714258674
0.828436018689084 0.77761990652594 0.899836897650907 0.899461264021142 0.847481066248173 0.970479561999834 0.888290610885434 0.993574220586262 0.894820453393224
0.917749026068828 0.782475456444467 0.821576273038209 0.912872854916906 0.97758420722615 0.986567743448496 0.923064758651949 0.785195282383844 0.892914397821151
0.776089818024486 0.928201946554369 0.895705438006649 0.953761529797725 0.850024042875876 0.773761506496816 0.91947774477117 0.969773915708963 0.933204057763946
0.866069164593188 0.894910384213806 0.869735666365608 0.947147147277897 0.880710215920239 0.862711508566273 0.887076782646444 0.895187782988211 0.896451347428335
0.910417905129808 0.844617025773427 0.868318027415544 0.84181327366628 0.84268434221254 0.92143094022259 0.920129467634531 0.898724028212332 0.951864989732948
0.909923387304526 0.852940863007954 0.94080726193352 0.9471466866283 0.845428235903223 0.932108821689577 0.887771638621781 0.840088354523215 0.843784750387904
0.833417529428293 0.96182938410426 0.784867930440271 0.810828268630984 0.890195792127054 0.982354741917959 0.877862047387601 0.91029649057347 0.948347815390109
0.803258713353979 0.87713403986739 0.909304728099225 0.95245596959606 0.982499955581587 0.906070986321772 0.825234089460616 0.844004796839469 0.900036720879903
0.985413414335242 0.82588281040132 0.888910988404684 0.82644029553002 0.967477701239851 0.817727594463721 0.926695080169814 0.83474698312423 0.926705132331117
0.81284910385135 0.983082099115027 0.950324493124602 0.960986166187976 0.915962156554756 0.871905531715417 0.873922646421044 0.812725358657426 0.818242444372401
0.889744091042843 0.84752026340367 0.848738672550219 0.93633745892579 0.915187503544999 0.858401256063747 0.858953886677926 0.928178906628946 0.916937961161861
0.94340981460669 0.855790749590219 0.825615878867555 0.97031557003317 0.926670909773385 0.94027443493112 0.834194124140764 0.883587336824897 0.8201411812322
0.90258248423982 0.870319109853715 0.855747873025979 0.918209506197365 0.860342868509741 0.863903057224739 0.9704043186434 0.899549941616617 0.858940840688624
0.772004434538575 0.865178066127469 0.949412621507702 0.99342297851277 0.853763168022389 0.827911535398526 0.811489461526542 0.930068286258164 0.996749448107864
0.889731615760476 0.757366707577227 0.962172436874682 0.996483652084263 0.933847697746037 0.998480386084777 0.780496778691703 0.866708598689269 0.814712126491565
0.910726185242413 0.990893595221787 0.968991161270962 0.910239497658693 0.703701895878655 0.822006591882626 0.942642656168698 0.761745551761831 0.989052864914336
0.941574897629796 0.856536207112069 0.866547907581766 0.979841671407247 0.924770901480621 0.815889887498887 0.780254262366789 0.850591573664348 0.983992691258477
0.820725237916948 0.945933786422312 0.918457331675318 0.799512688235034 0.852821433662057 0.893739033475123 0.848923957240508 0.921265988079647 0.998620543293054
0.809271482848074 0.971059800558403 0.933368844350454 0.884439862164712 0.697515681539334 0.987739020117337 0.933451623697134 0.865048590789238 0.918105093935314
0.928482248178505 0.987226618623884 0.763885554138613 0.890937252528411 0.878060626386278 0.990085217866996 0.77565504980338 0.873296153150353 0.912371279323579
0.861424559481718 0.917286006882024 0.796704711536266 0.795121297842094 0.992806114246165 0.922099307727695 0.950860887670988 0.767416537277527 0.996280577335523
0.908760032568797 0.879104010195591 0.844062525779783 0.95622785528328 0.810510345737427 0.890106005698293 0.926216472701577 0.894839987780744 0.890172764254509
0.902496958003119 0.847595418793952 0.887389553374905 0.960650000518434 0.854299062911766 0.886131734514988 0.914883846396492 0.928908026697342 0.817645398789003
0.998727944255409 0.90321646199054 0.962885907979833 0.726898166945814 0.943843044249653 0.741580603038418 0.823712366049237 0.994752042430445 0.90438346306065
0.932869465873864 0.895962807766105 0.844078629092491 0.78582300953109 0.95182075481538 0.934198110039067 0.868355460048262 0.914030382746346 0.872861380087395
0.756916533742944 0.945966677880744 0.808929414183634 0.83604853371339 0.900518765130598 0.995628912965925 0.953182496242102 0.989732323870473 0.81307634227019
0.964935443521539 0.913790078459158 0.87982629652749 0.911746816824564 0.852948657370209 0.902353619944845 0.834032575109546 0.892108270985153 0.848258241257495
0.874652155213801 0.979580055045393 0.904644298767067 0.979137553547242 0.831936120741199 0.878759819793441 0.834232906077089 0.883202580702171 0.833854510112597
0.967603754903726 0.782631849544145 0.880942805226116 0.930221322097785 0.988028903441515 0.837484949147171 0.781608260215136 0.874677097526797 0.956801057897608
0.815167885198325 0.803593809198602 0.954874407849807 0.892249000774285 0.886998507837494 0.813566086114364 0.952413514850279 0.899354986990582 0.981781801186261
0.852266544574635 0.917809839132795 0.869054539659058 0.993589545040117 0.873601194089129 0.82872378224369 0.861388557275825 0.928167990887825 0.875398007096926
0.805182516283272 0.811586363568373 0.999706478205795 0.98247964398531 0.893123040345713 0.809115893038074 0.903984682654146 0.950830022513938 0.843991359405378
0.665217483505772 0.952093648535685 0.926002199393383 0.996891507269638 0.949531421774657 0.955822648640255 0.707440221048446 0.93312284098653 0.913878028845634
0.969114507675498 0.852939815058862 0.844456415819849 0.871126727880656 0.815645425602263 0.897399094194885 0.953973423903316 0.985972861221825 0.809371728642846
0.975602926283698 0.936857921035318 0.827831714371713 0.92991490725237 0.82370142091169 0.855245850149938 0.894776718491305 0.8745897217165 0.881478819787468
0.842459719566222 0.980751836593141 0.966251182569528 0.981872005990802 0.874178889361313 0.923546064514628 0.792461014847166 0.78793082540289 0.85054846115431
0.971881679930504 0.858681356097822 0.854995311618501 0.913033617365644 0.830667257093007 0.990731548677282 0.882595975683335 0.825820495883414 0.87159275765049
0.797830236715683 0.947660841551067 0.859583837606418 0.916002237178771 0.906505692723523 0.801961051539876 0.997823415657071 0.847662682099852 0.924970004927738
0.776876926167615 0.884340140681735 0.844738451159314 0.955160510902848 0.989161872449125 0.871848783770975 0.878214811267131 0.995224504612351 0.804433998988905
0.790384476187141 0.882240990787217 0.789102736461164 0.878535003932853 0.920729634260398 0.822398226498429 0.987635798453008 0.989780194519455 0.939192938900336
0.870033322763074 0.990093334973846 0.827455702019343 0.883055048783019 0.853302771000544 0.854918999853688 0.835312107065677 0.920454560215577 0.965374153325232
0.911122433748761 0.769997491514789 0.833307618877213 0.759906174125074 0.973147746355271 0.951766007579847 0.925957906141634 0.939802615607691 0.93499200604972
0.967980057345548 0.955670204234838 0.857685324350837 0.840384874833386 0.83898909826795 0.873577126301205 0.948420242449676 0.878336736139742 0.838956336076818
0.85351395517891 0.813429693848832 0.991365146070913 0.918313599444407 0.95787189080618 0.852354440017391 0.939939908572905 0.840125262148182 0.833086103912279
0.84648648752206 0.843055693513845 0.899703778882024 0.824700043381559 0.836614364467428 0.961251903029716 0.808565792255563 0.987310394254147 0.992311542693659
0.772007611208659 0.920277178894421 0.894208599566322 0.945926124046675 0.969391304934228 0.895979224680768 0.8442558846721 0.999702297659433 0.758251774337393
0.959993565470952 0.906248724148215 0.932696942103303 0.999533247321106 0.871339410533371 0.854933281329855 0.613627076895739 0.995208425553375 0.866419326644083
0.937889001786 0.792380860498882 0.9869879890797 0.921929899948828 0.816976350392669 0.969955171279502 0.896945171298493 0.905574587802795 0.771360967913131
0.967858472214456 0.807339997525526 0.93277494622825 0.944679602120938 0.906603891698952 0.867093560198685 0.844445840258729 0.896699504761853 0.832504184992611
0.923611431148403 0.883839429320942 0.921992330894535 0.880989835661458 0.766330353513035 0.916140902081917 0.854621886235909 0.894535774113521 0.95793805703028
0.935347526857045 0.810392589407982 0.801213181249184 0.980303762103996 0.824820728712371 0.895013374670103 0.911046002317302 0.857724933472221 0.984137901209796
0.967426063687538 0.868875984916501 0.907505921813637 0.883105790410874 0.789284725689287 0.968880004124964 0.804681787476522 0.868332955597596 0.941906766283081
0.841136327079596 0.877732286366226 0.878867610160166 0.83385486277888 0.835303832790445 0.989277148482078 0.987199582286829 0.905564640905071 0.851063709150709
0.971558165283655 0.914294552792201 0.967506157072502 0.976995020345045 0.831775640761887 0.833979250092334 0.817357533793483 0.862436551835337 0.824097128023556
0.893805902141686 0.992815719637096 0.775906722191132 0.953961717228921 0.960817568393626 0.826522559870276 0.989077534914575 0.693923642726121 0.913168632896567
0.908966342081869 0.865648921664831 0.866063059816967 0.922687470666425 0.856039650110701 0.906305020467404 0.902133899120088 0.868995903836623 0.903159732235091
0.873830194274524 0.895941119682042 0.851839882473358 0.936081563957794 0.931335040170603 0.887396583400574 0.871737271571706 0.879201544717554 0.872636799751845
0.942546001114395 0.875012814243261 0.959685536742592 0.853737901759328 0.935089015777652 0.887905447358717 0.86859439463982 0.845855487264002 0.831573401100232
0.941418573427019 0.910064926807989 0.915500129161069 0.955489435199109 0.827070809206225 0.849760809635087 0.881961879066516 0.819722917334632 0.899010520162354
0.963805873096156 0.992299600238494 0.907196330439352 0.818696078406936 0.920397875559353 0.958575670562097 0.809129858058948 0.814798419511447 0.815100294127217
0.972836904168704 0.828247901105006 0.831286955705515 0.88357195036289 0.805326861226797 0.819206742911034 0.887476134924903 0.999469900264848 0.972576649330303
0.786395953480587 0.815432075854914 0.929731412173154 0.984049155751937 0.767440216129048 0.882903383696802 0.956658890344355 0.981598820020739 0.895790092548463
0.973732924131409 0.981918575824622 0.722128387251896 0.957026058289861 0.912699899994922 0.742333615294667 0.987894608275991 0.945156207291886 0.777109723644745
0.915859816194654 0.797540105225437 0.897427395455663 0.899785318383835 0.910172844580404 0.960374962658808 0.910984659850722 0.830615574494457 0.877239323156019
0.828995917201009 0.932544292944323 0.910722039389155 0.9226655784206 0.775435946252845 0.885826485400308 0.810480097611641 0.972128511786808 0.961201130993311
0.784824172421102 0.9289741220078 0.927289891266093 0.939281942378908 0.851189257636346 0.786282387541746 0.981418320213699 0.815027232169119 0.985712674365187
0.773300445840121 0.997723054548603 0.784807562221871 0.914799035442277 0.929477900161544 0.805889808252455 0.805545210743777 0.992386968769111 0.996070014020241
0.851397830971034 0.840664447364942 0.957562903531859 0.948692386812877 0.834601234849085 0.852375202614346 0.873480133402915 0.905205393401048 0.936020467051894
0.846745224138903 0.871457853077809 0.863961382403062 0.837364686445258 0.887637018329545 0.949342073039682 0.952385963761178 0.928438135364153 0.862667663440411
0.898631194459614 0.978801541382853 0.805195703750768 0.96765255114617 0.905412964333869 0.839056899567788 0.897109467755216 0.863691917607697 0.844447759996024
0.919165155285168 0.905723090390503 0.825934028049583 0.844984213164158 0.884103544251355 0.945050083919773 0.915458445302793 0.817415131052965 0.942166308583701
0.934402186596969 0.843275295534822 0.92730736180124 0.856964333825808 0.917287740694216 0.8672402411171 0.835054022237711 0.941573468966317 0.876895349225817
0.952560859235539 0.876600140772198 0.833031527642455 0.960361386770037 0.880535073567766 0.792972186688573 0.96949861456601 0.953451513052948 0.780988697704475
0.848802031116352 0.847531556575085 0.851807526213606 0.871017920293472 0.858621106926226 0.964873519510493 0.868769285755422 0.905758630318268 0.982818423291077
0.95395608770523 0.788144925153098 0.800041846107891 0.938418119380631 0.851087040912944 0.949085470694083 0.887202574042811 0.933669786117498 0.898394149885813
0.870233688776467 0.971516375318558 0.835531601532295 0.882944408753391 0.94645650038713 0.857193144857305 0.904098576399386 0.83794442630279 0.894081277672679
0.833303495523572 0.928263519169909 0.850236821389121 0.848741468768733 0.886021108576 0.909661755285446 0.921634564898715 0.903713262808195 0.918424003580307
0.871437812073261 0.997651068887051 0.926227143093798 0.810462828175614 0.830987472558699 0.904578116619292 0.879054456519835 0.843727753680253 0.935873348392197
0.766076840329437 0.935309049061988 0.978769033841883 0.834009839916018 0.794226230786736 0.969811839896906 0.872826661698892 0.986011827837861 0.862958676630279
0.872232133377701 0.896358127969887 0.884433726424744 0.894358018763985 0.897881472790944 0.906811164319763 0.900999077805707 0.858399866766371 0.888526411780899
0.865019680537912 0.886016651770962 0.823197736479902 0.974344712984315 0.967773301888486 0.782366228442766 0.977734705960771 0.822622548733077 0.900924433201808
0.984311102685813 0.821681269916704 0.831428083330361 0.916363262625051 0.934156850175772 0.845052157519397 0.859296837755702 0.881851240372808 0.92585919561839
0.824900306784062 0.841745007570492 0.874279032470231 0.889958800255938 0.993087234498395 0.988610325343253 0.881286175057104 0.872980182341308 0.833152935679217
0.789306505266933 0.974777518359156 0.741352434877817 0.911233286149155 0.973231279522185 0.922170614507366 0.879805227084482 0.946143169823403 0.861979964409503
0.921952864814704 0.839825009010568 0.954476232147077 0.894271618937727 0.837423355223048 0.917085963993391 0.840219069905659 0.843031925698898 0.951713960268928
0.881564919861032 0.874567943473886 0.921490598895557 0.955388254458617 0.822229286900561 0.870929150835943 0.946202344548776 0.844868475027529 0.882759025998098
0.785807839792864 0.787064221831314 0.944138754108981 0.792838471418134 0.941393709633766 0.921288896448942 0.998108244797098 0.952234347924889 0.877125514044012
0.934472359966131 0.859188891768312 0.835800640816621 0.893890989093014 0.977509541521993 0.853249832705269 0.834611038103085 0.923002400453869 0.888274305571706
0.832960903150364 0.909183572193665 0.923716481512203 0.951858870147742 0.867495510675535 0.767093291584444 0.956421683289763 0.986505316641273 0.804764370805012
0.821539300273502 0.992889090885041 0.953216893591284 0.833164174913277 0.866016880539001 0.875442918248675 0.841971970834723 0.981448951839449 0.834309818875048
0.907900025357947 0.831239603587383 0.819006833481069 0.963460426959522 0.947576959235431 0.860413174144984 0.897519491385051 0.87985265078007 0.893030835068543
0.851615442409399 0.832450449067953 0.775151409742286 0.989711245410048 0.948826481549607 0.990284241218029 0.831614667327258 0.851356123395901 0.928989939879518
0.901718815144377 0.906497087642513 0.870758060520281 0.872139462972198 0.855299587709857 0.90456791664073 0.893460937704818 0.870573642968744 0.92498448869648
0.782951037305164 0.983286142847128 0.780186343767554 0.837891739282597 0.970687008792369 0.835365871998014 0.97297151494197 0.88347076948512 0.953189571580084
0.87144445485142 0.843154017349908 0.827354026527934 0.918837137004399 0.907742373298816 0.922732654388968 0.87074941404561 0.994672652764512 0.843313269768434
0.838573811740509 0.819058475042862 0.906390290456469 0.91579239375347 0.885232089367503 0.890490068118051 0.938831675074664 0.936127707641284 0.869503488805186
0.869148753480462 0.870499878341862 0.905253824137317 0.872414735254832 0.911622178027489 0.873989311941792 0.891734687648633 0.919979115188813 0.8853575159788
0.972472090554552 0.808578834398815 0.948151590921613 0.852407985694277 0.821001279450822 0.989570471189168 0.846939787030262 0.822897106524323 0.937980854236167
0.972972077983234 0.881798343670762 0.807774996109367 0.991171060828155 0.87272763083202 0.75976320278036 0.849464601337634 0.990041551522348 0.87428653493612
0.869903073573339 0.891576745939142 0.971697629639407 0.930851687522763 0.858104573836872 0.85790723804131 0.879323047014522 0.864036350568498 0.876599653864147
0.910381357323613 0.897556371835546 0.860436305083084 0.979247542510411 0.821346109473847 0.861640015558535 0.83307103890226 0.967402631637854 0.86891862767485
0.954888297265122 0.904730105127429 0.938707649274284 0.809911937108132 0.98895147222427 0.849696578126932 0.97187237946111 0.79736219403866 0.78387938737406
0.911186123730273 0.947891384417757 0.896103021708356 0.939092137097617 0.836249547017519 0.824664064490247 0.900614513298413 0.868996494062638 0.875202714177181
0.872124491417792 0.893049495534019 0.949789599783058 0.802413616832598 0.9190195903124 0.911101522818049 0.920840767061822 0.930182191918264 0.801478724321997
0.910119404333571 0.934606955852984 0.739324692578636 0.812569047826036 0.880204823837009 0.915225334979471 0.960471495735106 0.960012730492168 0.887465514365019
0.71251448685119 0.904482005317007 0.898293207730484 0.848965425050881 0.945046967125202 0.986206056160335 0.88782863447498 0.979493368057813 0.837169849232107
0.822789518058378 0.9501844739708 0.787265210053424 0.962637352232365 0.937484479196311 0.848538771960498 0.790403841639004 0.952058416829665 0.948637936059554
0.856697282629331 0.988979375097543 0.730274440209354 0.820568981817966 0.974068279215523 0.990245782349691 0.922414463183544 0.973863345324803 0.742888050172246
0.904772390907743 0.99090757482209 0.90806419384663 0.794965945890577 0.899831108891092 0.883841765927838 0.766696510944981 0.948877519882515 0.902042988886534
0.972156978730882 0.882393363162224 0.86093875176384 0.960881531363878 0.796298294988266 0.948930464150804 0.918294977496744 0.877604364711952 0.78250127363141
0.847284148803293 0.978445601106246 0.936493012795439 0.852155245100655 0.859813572668578 0.841134343024116 0.889909515791788 0.958192040572128 0.836572520137758
0.916055947563817 0.820898720408183 0.863585615346622 0.834976961992003 0.877836479606239 0.915987528551704 0.864066843518368 0.988818910233041 0.917772992780021
0.869419719917208 0.939272985464651 0.877058350113828 0.949028034177305 0.959056808491986 0.765605692192553 0.836496172670344 0.960565352914621 0.843496884057504
0.978026244350999 0.863542317306204 0.938313353278521 0.901618478614744 0.82788553044574 0.88455675488409 0.907499028824884 0.74828587654169 0.950272415753127
0.953545509706658 0.998143282234769 0.957226265324337 0.834807199867376 0.956431437639576 0.761005013507385 0.837026233295172 0.71357268014181 0.988242378282917
0.794113591860961 0.986542420316402 0.88500349596415 0.983595653451382 0.870812348345041 0.889174287761564 0.825367278004803 0.880134659910013 0.885256264385683
0.995007779609499 0.801384005568429 0.981828290245373 0.853846298751579 0.894855529753296 0.866891714871963 0.808351881579247 0.931169239947767 0.866665259672846
0.911439824765086 0.882759712824081 0.839649354223192 0.870150351857544 0.867981278668131 0.856448660526061 0.96547377279099 0.925761950593583 0.880335093751332
0.970474909851211 0.876670455587898 0.885382879724987 0.954163909112723 0.8702831599385 0.940939399079732 0.782858855492653 0.850585396367076 0.86864103484522
0.97464395176482 0.961942407650677 0.967706606623425 0.999360675073439 0.708821177972243 0.731694187318918 0.749003604822707 0.939034862018854 0.967792526754917
0.971521058910839 0.985401616988266 0.956931954110038 0.80805193226961 0.826612892529866 0.789232864675661 0.902524932606164 0.793880891525947 0.965841856383609
0.99522575974576 0.928422015543571 0.90002724230086 0.734500298410167 0.905792109047391 0.890526258020104 0.905546511298251 0.754207632913046 0.98575217272085
0.899945023191407 0.807953073260021 0.861562820838057 0.908596468004829 0.940207392216915 0.881552611873189 0.876055648038801 0.944252068391556 0.879874894185225
0.914350019606247 0.827569837297775 0.873746839353709 0.951294616186778 0.875087761843328 0.81168908863355 0.953670264136491 0.995783240618723 0.796808332323399
0.786823548971408 0.959345404749859 0.877066184052395 0.881477553388915 0.835825095158877 0.934100540308728 0.820448970610476 0.942996897047078 0.961915805712263
0.898851116162773 0.952018889385462 0.851970874548551 0.919420312101192 0.918300635870283 0.832697432906456 0.838983507598474 0.93705098033885 0.85070625108796
0.952772415975916 0.84753297679586 0.856648182134384 0.879566042935938 0.870047289480433 0.94569845557656 0.9272314694752 0.863021592443298 0.857481575182411
0.835934127365077 0.870826309305123 0.837957331946565 0.882086055123072 0.97918496288247 0.964368970341986 0.842350230034083 0.961619908633484 0.825672104368139
0.830530724002974 0.954422854177635 0.888737367664557 0.968844821975226 0.804269729063377 0.913234463263308 0.817164970040932 0.870582342166916 0.952212727645074
0.89480214602497 0.964378542461721 0.879234089559215 0.836072596204668 0.801016281651452 0.923430702000285 0.845234624925111 0.876602479797919 0.979228537374658
0.894797508858625 0.979982735755998 0.843581769111997 0.982023256861669 0.908534930162411 0.900667257708318 0.799169467762757 0.914864079009228 0.776378994768996
0.995103308825523 0.832571614770072 0.929140263575313 0.89664709837027 0.82319385315104 0.911103008624451 0.829234409755651 0.877689881063639 0.905316561864042
0.748934559977263 0.959871135784572 0.975527844884899 0.870160312170039 0.806892395702566 0.922730934111896 0.997199513838401 0.862197199441526 0.856486104088838
0.935256590601991 0.945016082889946 0.852558910958317 0.850935603434094 0.883377269089669 0.936067972768262 0.838024610518775 0.905783800883494 0.852979158855452
0.787383534163013 0.863799757080203 0.937141928155708 0.819980774797177 0.897284049317962 0.797604753796946 0.977119582150639 0.935143514568719 0.984542105969632
0.997702936388608 0.985819103863332 0.877126685519574 0.991866437861188 0.804489537595292 0.79965000418234 0.898390051006875 0.848707806619311 0.79624743696348
0.872199832989935 0.909324463896076 0.86369319965128 0.919977479716773 0.833974583565773 0.89987427668312 0.930851128719585 0.841282349286212 0.928822685491246
0.972154095273158 0.996986831429621 0.925104668703598 0.914952702921911 0.810622868349896 0.983114775085314 0.80002980585869 0.7152107035006 0.881823548877213
0.980364604519414 0.865836272943336 0.909976522243933 0.870538095420571 0.819861942006748 0.881213170348219 0.885678395531039 0.945945335239388 0.840585661747353
0.986399249488862 0.967057468921996 0.870517931390476 0.929595679732496 0.91574723727199 0.875575366877244 0.74539205333487 0.85357415238673 0.856140860595336
0.900318463249988 0.899034104232466 0.762858664610003 0.789333506192579 0.984007870135562 0.911043925608848 0.93949353298898 0.855182250277829 0.958727682703745
0.977757085710449 0.78496634786862 0.862028137956447 0.879016149220872 0.947933593896821 0.959903411602389 0.940199383817762 0.903707017452723 0.744488872473917
0.863943702935545 0.751415523788916 0.84047295356037 0.868515239152102 0.848181612816519 0.96302628985741 0.96268048441721 0.964931784465864 0.936832409006064
0.830348268372635 0.889357250587031 0.839624157041008 0.854683059156737 0.963247111871916 0.937271205199172 0.864118621695593 0.911248375113267 0.91010195096264
0.883378339022079 0.96297249356508 0.818625717291209 0.913479070227412 0.972536446648871 0.930502899267102 0.827771313569858 0.792423168099521 0.898310552308867
0.895449323537282 0.99945712827401 0.840271582055318 0.81764345554957 0.95670249894994 0.851289765962778 0.757494821934304 0.887883141581942 0.993808282154856
0.904511597426744 0.939568770197225 0.939260013990385 0.888548688117579 0.780799895783501 0.806232795952022 0.963293294760107 0.949686244323775 0.828098699448662
0.980484610439833 0.865827854257066 0.83052348390607 0.935160343762674 0.850371780229401 0.891900513460364 0.946676312019446 0.828108212641385 0.87094688928376
0.951829141835015 0.923253583132425 0.941095844290163 0.987729951808339 0.86623709898133 0.823798232119638 0.831115287369739 0.806216081161132 0.868724779302219
0.818580925615396 0.952448841162622 0.926095820596298 0.782244729735119 0.959177565697397 0.919622313896745 0.844685470648687 0.827604138755193 0.969540193892543
0.913122549689969 0.917758934649062 0.808488485634994 0.864526942523181 0.92303746875234 0.870740389168283 0.945269499161829 0.838671015176266 0.918384715244076
0.919945178260526 0.971471628699829 0.971520368169885 0.908400071649046 0.828179980978179 0.849253135100785 0.869212074091001 0.80641925006567 0.875598312985078
0.991753715538461 0.951249961160977 0.835279920534212 0.871126149116267 0.827803922615447 0.871053878208062 0.845053516515395 0.880169219665385 0.926509716645794
0.926328337988966 0.87737370178675 0.897754245494285 0.866328206473291 0.987293494346033 0.884709437783154 0.823091680237064 0.781163833699804 0.955957062190652
0.879072616161082 0.845298138340751 0.915897880341832 0.867845840390974 0.908884574969304 0.886964109557987 0.920188112600296 0.957056296888725 0.81879243074905
0.773943594122288 0.822530813541607 0.757603694065772 0.979172586125726 0.908775869572964 0.996182785266805 0.844348379879688 0.990342079968505 0.927100197456647
0.848165780504662 0.924542365771086 0.896336869183769 0.815768180003552 0.90096233825694 0.966072994778291 0.846154950740752 0.830671637647712 0.971324883113235
0.846943149812901 0.888308110365308 0.883718761127709 0.94677585120851 0.905755993725512 0.882618825779135 0.844202023976122 0.857216897932447 0.944460386072357
0.925449532386736 0.858712084169537 0.868768963618085 0.917254666196479 0.879927153565845 0.872064870928384 0.981562044003206 0.79757570703084 0.898684978100889
0.947293958731642 0.915594537719835 0.811405685217096 0.918824214022603 0.933778880553814 0.857277469848054 0.825838585292593 0.979447694138995 0.810538974475368
0.930249874258757 0.80141645241961 0.907966096938223 0.804507069725322 0.923707430445482 0.836246724863311 0.871718511684337 0.979587514680456 0.944600324984502
0.877666696633871 0.919555954156058 0.834338173885255 0.86592579865489 0.835131828954091 0.992944550904493 0.9871159048126 0.843963529177495 0.843357562821247
0.9045593305763 0.970211093835342 0.823859828240757 0.871810482929129 0.816991513086203 0.820378629571189 0.976091350050268 0.98748888922094 0.828608882489872
0.855059847676743 0.882116839830722 0.916328387313886 0.850168239480625 0.919128234516751 0.846462997855809 0.963894444316301 0.872303026797189 0.894537982211975
0.898491905954481 0.800838989221198 0.984228288333942 0.968423218978565 0.955111539007018 0.795893053166836 0.866174516496317 0.757385560930902 0.973452927910742
0.90990905336402 0.875295707158786 0.77273073037745 0.907810822245841 0.803540838961464 0.997962917135427 0.853880347055596 0.982285581733117 0.896584001968298
0.866252851611938 0.95593771661891 0.935919957327051 0.836930870895697 0.796768514322235 0.817696900330955 0.945037211997354 0.930506515838009 0.914949461057851
0.995373727056608 0.96991611886584 0.868208370255922 0.821391831023039 0.891199555669418 0.767431523568071 0.93426091910924 0.898020073628295 0.854197880823568
0.789940819892806 0.899159801085981 0.993386081089076 0.777403255298053 0.812235298162017 0.949957741887718 0.88851040705527 0.978999357326123 0.910407238202956
0.823085977202744 0.824346500161515 0.831830198430554 0.865065076811527 0.992384436149848 0.94273162751946 0.8466199010549 0.900275366598196 0.973660916071256
0.990861193845819 0.870748478853787 0.981027950433178 0.838000994443804 0.85494985243293 0.835043175657757 0.822527694708298 0.930284297623868 0.876556362000559
0.986321862525524 0.87146448066471 0.92256555865747 0.969475375515228 0.776245553024007 0.902824330693916 0.893939326732422 0.875656128496897 0.801507383689825
0.860602506864413 0.907024044749508 0.859522156482077 0.817752704183452 0.857440637017987 0.949348289602073 0.963939162649856 0.872970977689133 0.911399520761502
0.712196923072197 0.875744736307182 0.978455968442071 0.816268048664707 0.922440435853275 0.919529352525061 0.975636768241318 0.86639429920926 0.93333346768493
0.902930232127081 0.886147889119457 0.879456987143865 0.787297882802879 0.91474110037888 0.931628076037118 0.843233316745169 0.941797576186003 0.912766939459548
0.954341112749397 0.821474941979179 0.980010487120849 0.993341278802907 0.830417683779888 0.829361060188045 0.872378377275096 0.804662463036031 0.914012595068608
0.878634813777769 0.865175168951304 0.951995613729829 0.926662545072564 0.899729570239579 0.843233724517384 0.868281280697666 0.931110635885318 0.835176647128587
0.952286916431982 0.772351240635591 0.873008019879323 0.978997132585091 0.889096079275487 0.967603473780756 0.845384153890933 0.754327348110523 0.966945635410315
0.921958122600231 0.985109428310933 0.925329372498313 0.923140441074232 0.767780655523045 0.827431594479513 0.873555140276759 0.81120866225858 0.964486582978394
0.973203635276705 0.86627881802947 0.982238734376155 0.808772825570346 0.912928131436132 0.87820000468684 0.821762810737485 0.916281196728928 0.840333843157939
