0.971014492753623 0.0144927536231884 0.985507246376812 0.985507246376812 0.985507246376812 0.985507246376812 0.985507246376812 0.985507246376812
0.956521739130435 0.0289855072463768 0.985507246376812 0.985507246376812 0.985507246376812 0.985507246376812 0.985507246376812 0.985507246376812
0.942028985507246 0.0434782608695652 0.985507246376812 0.985507246376812 0.985507246376812 0.985507246376812 0.985507246376812 0.985507246376812
0.927536231884058 0.0579710144927537 0.985507246376812 0.985507246376812 0.985507246376812 0.985507246376812 0.985507246376812 0.985507246376812
0.91304347826087 0.072463768115942 0.985507246376812 0.985507246376812 0.985507246376812 0.985507246376812 0.985507246376812 0.985507246376812
0.898550724637681 0.0869565217391305 0.985507246376812 0.985507246376812 0.985507246376812 0.985507246376812 0.985507246376812 0.985507246376812
0.884057971014493 0.101449275362319 0.985507246376812 0.985507246376812 0.985507246376812 0.985507246376812 0.985507246376812 0.985507246376812
0.869565217391304 0.115942028985507 0.985507246376812 0.985507246376812 0.985507246376812 0.985507246376812 0.985507246376812 0.985507246376812
0.855072463768116 0.130434782608696 0.985507246376812 0.985507246376812 0.985507246376812 0.985507246376812 0.985507246376812 0.985507246376812
0.840579710144927 0.144927536231884 0.985507246376812 0.985507246376812 0.985507246376812 0.985507246376812 0.985507246376812 0.985507246376812
0.826086956521739 0.159420289855073 0.985507246376812 0.985507246376812 0.985507246376812 0.985507246376812 0.985507246376812 0.985507246376812
0.811594202898551 0.173913043478261 0.985507246376812 0.985507246376812 0.985507246376812 0.985507246376812 0.985507246376812 0.985507246376812
0.797101449275362 0.188405797101449 0.985507246376812 0.985507246376812 0.985507246376812 0.985507246376812 0.985507246376812 0.985507246376812
0.782608695652174 0.202898550724638 0.985507246376812 0.985507246376812 0.985507246376812 0.985507246376812 0.985507246376812 0.985507246376812
0.768115942028985 0.217391304347826 0.985507246376812 0.985507246376812 0.985507246376812 0.985507246376812 0.985507246376812 0.985507246376812
0.753623188405797 0.231884057971015 0.985507246376812 0.985507246376812 0.985507246376812 0.985507246376812 0.985507246376812 0.985507246376812
0.739130434782609 0.246376811594203 0.985507246376812 0.985507246376812 0.985507246376812 0.985507246376812 0.985507246376812 0.985507246376812
0.72463768115942 0.260869565217391 0.985507246376812 0.985507246376812 0.985507246376812 0.985507246376812 0.985507246376812 0.985507246376812
0.710144927536232 0.27536231884058 0.985507246376812 0.985507246376812 0.985507246376812 0.985507246376812 0.985507246376812 0.985507246376812
0.695652173913043 0.289855072463768 0.985507246376812 0.985507246376812 0.985507246376812 0.985507246376812 0.985507246376812 0.985507246376812
0.681159420289855 0.304347826086957 0.985507246376812 0.985507246376812 0.985507246376812 0.985507246376812 0.985507246376812 0.985507246376812
0.666666666666667 0.318840579710145 0.985507246376812 0.985507246376812 0.985507246376812 0.985507246376812 0.985507246376812 0.985507246376812
0.652173913043478 0.333333333333333 0.985507246376812 0.985507246376812 0.985507246376812 0.985507246376812 0.985507246376812 0.985507246376812
0.63768115942029 0.347826086956522 0.985507246376812 0.985507246376812 0.985507246376812 0.985507246376812 0.985507246376812 0.985507246376812
0.623188405797101 0.36231884057971 0.985507246376812 0.985507246376812 0.985507246376812 0.985507246376812 0.985507246376812 0.985507246376812
0.608695652173913 0.376811594202899 0.985507246376812 0.985507246376812 0.985507246376812 0.985507246376812 0.985507246376812 0.985507246376812
0.594202898550725 0.391304347826087 0.985507246376812 0.985507246376812 0.985507246376812 0.985507246376812 0.985507246376812 0.985507246376812
0.579710144927536 0.405797101449275 0.985507246376812 0.985507246376812 0.985507246376812 0.985507246376812 0.985507246376812 0.985507246376812
0.565217391304348 0.420289855072464 0.985507246376812 0.985507246376812 0.985507246376812 0.985507246376812 0.985507246376812 0.985507246376812
0.550724637681159 0.434782608695652 0.985507246376812 0.985507246376812 0.985507246376812 0.985507246376812 0.985507246376812 0.985507246376812
0.536231884057971 0.449275362318841 0.985507246376812 0.985507246376812 0.985507246376812 0.985507246376812 0.985507246376812 0.985507246376812
0.521739130434783 0.463768115942029 0.985507246376812 0.985507246376812 0.985507246376812 0.985507246376812 0.985507246376812 0.985507246376812
0.507246376811594 0.478260869565217 0.985507246376812 0.985507246376812 0.985507246376812 0.985507246376812 0.985507246376812 0.985507246376812
0.492753623188406 0.492753623188406 0.985507246376812 0.985507246376812 0.985507246376812 0.985507246376812 0.985507246376812 0.985507246376812
0.478260869565217 0.507246376811594 0.985507246376812 0.985507246376812 0.985507246376812 0.985507246376812 0.985507246376812 0.985507246376812
0.463768115942029 0.521739130434783 0.985507246376812 0.985507246376812 0.985507246376812 0.985507246376812 0.985507246376812 0.985507246376812
0.449275362318841 0.536231884057971 0.985507246376812 0.985507246376812 0.985507246376812 0.985507246376812 0.985507246376812 0.985507246376812
0.434782608695652 0.550724637681159 0.985507246376812 0.985507246376812 0.985507246376812 0.985507246376812 0.985507246376812 0.985507246376812
0.420289855072464 0.565217391304348 0.985507246376812 0.985507246376812 0.985507246376812 0.985507246376812 0.985507246376812 0.985507246376812
0.405797101449275 0.579710144927536 0.985507246376812 0.985507246376812 0.985507246376812 0.985507246376812 0.985507246376812 0.985507246376812
0.391304347826087 0.594202898550725 0.985507246376812 0.985507246376812 0.985507246376812 0.985507246376812 0.985507246376812 0.985507246376812
0.376811594202899 0.608695652173913 0.985507246376812 0.985507246376812 0.985507246376812 0.985507246376812 0.985507246376812 0.985507246376812
0.36231884057971 0.623188405797101 0.985507246376812 0.985507246376812 0.985507246376812 0.985507246376812 0.985507246376812 0.985507246376812
0.347826086956522 0.63768115942029 0.985507246376812 0.985507246376812 0.985507246376812 0.985507246376812 0.985507246376812 0.985507246376812
0.333333333333333 0.652173913043478 0.985507246376812 0.985507246376812 0.985507246376812 0.985507246376812 0.985507246376812 0.985507246376812
0.318840579710145 0.666666666666667 0.985507246376812 0.985507246376812 0.985507246376812 0.985507246376812 0.985507246376812 0.985507246376812
0.304347826086957 0.681159420289855 0.985507246376812 0.985507246376812 0.985507246376812 0.985507246376812 0.985507246376812 0.985507246376812
0.289855072463768 0.695652173913043 0.985507246376812 0.985507246376812 0.985507246376812 0.985507246376812 0.985507246376812 0.985507246376812
0.27536231884058 0.710144927536232 0.985507246376812 0.985507246376812 0.985507246376812 0.985507246376812 0.985507246376812 0.985507246376812
0.260869565217391 0.72463768115942 0.985507246376812 0.985507246376812 0.985507246376812 0.985507246376812 0.985507246376812 0.985507246376812
0.246376811594203 0.739130434782609 0.985507246376812 0.985507246376812 0.985507246376812 0.985507246376812 0.985507246376812 0.985507246376812
0.231884057971015 0.753623188405797 0.985507246376812 0.985507246376812 0.985507246376812 0.985507246376812 0.985507246376812 0.985507246376812
0.217391304347826 0.768115942028985 0.985507246376812 0.985507246376812 0.985507246376812 0.985507246376812 0.985507246376812 0.985507246376812
0.202898550724638 0.782608695652174 0.985507246376812 0.985507246376812 0.985507246376812 0.985507246376812 0.985507246376812 0.985507246376812
0.188405797101449 0.797101449275362 0.985507246376812 0.985507246376812 0.985507246376812 0.985507246376812 0.985507246376812 0.985507246376812
0.173913043478261 0.811594202898551 0.985507246376812 0.985507246376812 0.985507246376812 0.985507246376812 0.985507246376812 0.985507246376812
0.159420289855073 0.826086956521739 0.985507246376812 0.985507246376812 0.985507246376812 0.985507246376812 0.985507246376812 0.985507246376812
0.144927536231884 0.840579710144927 0.985507246376812 0.985507246376812 0.985507246376812 0.985507246376812 0.985507246376812 0.985507246376812
0.130434782608696 0.855072463768116 0.985507246376812 0.985507246376812 0.985507246376812 0.985507246376812 0.985507246376812 0.985507246376812
0.115942028985507 0.869565217391304 0.985507246376812 0.985507246376812 0.985507246376812 0.985507246376812 0.985507246376812 0.985507246376812
0.101449275362319 0.884057971014493 0.985507246376812 0.985507246376812 0.985507246376812 0.985507246376812 0.985507246376812 0.985507246376812
0.0869565217391305 0.898550724637681 0.985507246376812 0.985507246376812 0.985507246376812 0.985507246376812 0.985507246376812 0.985507246376812
0.072463768115942 0.91304347826087 0.985507246376812 0.985507246376812 0.985507246376812 0.985507246376812 0.985507246376812 0.985507246376812
0.0579710144927537 0.927536231884058 0.985507246376812 0.985507246376812 0.985507246376812 0.985507246376812 0.985507246376812 0.985507246376812
0.0434782608695652 0.942028985507246 0.985507246376812 0.985507246376812 0.985507246376812 0.985507246376812 0.985507246376812 0.985507246376812
0.0289855072463768 0.956521739130435 0.985507246376812 0.985507246376812 0.985507246376812 0.985507246376812 0.985507246376812 0.985507246376812
0.0144927536231884 0.971014492753623 0.985507246376812 0.985507246376812 0.985507246376812 0.985507246376812 0.985507246376812 0.985507246376812
0.985507246376812 0.985507246376812 0.971014492753623 0.0144927536231884 0.985507246376812 0.985507246376812 0.985507246376812 0.985507246376812
0.985507246376812 0.985507246376812 0.956521739130435 0.0289855072463768 0.985507246376812 0.985507246376812 0.985507246376812 0.985507246376812
0.985507246376812 0.985507246376812 0.942028985507246 0.0434782608695652 0.985507246376812 0.985507246376812 0.985507246376812 0.985507246376812
0.985507246376812 0.985507246376812 0.927536231884058 0.0579710144927537 0.985507246376812 0.985507246376812 0.985507246376812 0.985507246376812
0.985507246376812 0.985507246376812 0.91304347826087 0.072463768115942 0.985507246376812 0.985507246376812 0.985507246376812 0.985507246376812
0.985507246376812 0.985507246376812 0.898550724637681 0.0869565217391305 0.985507246376812 0.985507246376812 0.985507246376812 0.985507246376812
0.985507246376812 0.985507246376812 0.884057971014493 0.101449275362319 0.985507246376812 0.985507246376812 0.985507246376812 0.985507246376812
0.985507246376812 0.985507246376812 0.869565217391304 0.115942028985507 0.985507246376812 0.985507246376812 0.985507246376812 0.985507246376812
0.985507246376812 0.985507246376812 0.855072463768116 0.130434782608696 0.985507246376812 0.985507246376812 0.985507246376812 0.985507246376812
0.985507246376812 0.985507246376812 0.840579710144927 0.144927536231884 0.985507246376812 0.985507246376812 0.985507246376812 0.985507246376812
0.985507246376812 0.985507246376812 0.826086956521739 0.159420289855073 0.985507246376812 0.985507246376812 0.985507246376812 0.985507246376812
0.985507246376812 0.985507246376812 0.811594202898551 0.173913043478261 0.985507246376812 0.985507246376812 0.985507246376812 0.985507246376812
0.985507246376812 0.985507246376812 0.797101449275362 0.188405797101449 0.985507246376812 0.985507246376812 0.985507246376812 0.985507246376812
0.985507246376812 0.985507246376812 0.782608695652174 0.202898550724638 0.985507246376812 0.985507246376812 0.985507246376812 0.985507246376812
0.985507246376812 0.985507246376812 0.768115942028985 0.217391304347826 0.985507246376812 0.985507246376812 0.985507246376812 0.985507246376812
0.985507246376812 0.985507246376812 0.753623188405797 0.231884057971015 0.985507246376812 0.985507246376812 0.985507246376812 0.985507246376812
0.985507246376812 0.985507246376812 0.739130434782609 0.246376811594203 0.985507246376812 0.985507246376812 0.985507246376812 0.985507246376812
0.985507246376812 0.985507246376812 0.72463768115942 0.260869565217391 0.985507246376812 0.985507246376812 0.985507246376812 0.985507246376812
0.985507246376812 0.985507246376812 0.710144927536232 0.27536231884058 0.985507246376812 0.985507246376812 0.985507246376812 0.985507246376812
0.985507246376812 0.985507246376812 0.695652173913043 0.289855072463768 0.985507246376812 0.985507246376812 0.985507246376812 0.985507246376812
0.985507246376812 0.985507246376812 0.681159420289855 0.304347826086957 0.985507246376812 0.985507246376812 0.985507246376812 0.985507246376812
0.985507246376812 0.985507246376812 0.666666666666667 0.318840579710145 0.985507246376812 0.985507246376812 0.985507246376812 0.985507246376812
0.985507246376812 0.985507246376812 0.652173913043478 0.333333333333333 0.985507246376812 0.985507246376812 0.985507246376812 0.985507246376812
0.985507246376812 0.985507246376812 0.63768115942029 0.347826086956522 0.985507246376812 0.985507246376812 0.985507246376812 0.985507246376812
0.985507246376812 0.985507246376812 0.623188405797101 0.36231884057971 0.985507246376812 0.985507246376812 0.985507246376812 0.985507246376812
0.985507246376812 0.985507246376812 0.608695652173913 0.376811594202899 0.985507246376812 0.985507246376812 0.985507246376812 0.985507246376812
0.985507246376812 0.985507246376812 0.594202898550725 0.391304347826087 0.985507246376812 0.985507246376812 0.985507246376812 0.985507246376812
0.985507246376812 0.985507246376812 0.579710144927536 0.405797101449275 0.985507246376812 0.985507246376812 0.985507246376812 0.985507246376812
0.985507246376812 0.985507246376812 0.565217391304348 0.420289855072464 0.985507246376812 0.985507246376812 0.985507246376812 0.985507246376812
0.985507246376812 0.985507246376812 0.550724637681159 0.434782608695652 0.985507246376812 0.985507246376812 0.985507246376812 0.985507246376812
0.985507246376812 0.985507246376812 0.536231884057971 0.449275362318841 0.985507246376812 0.985507246376812 0.985507246376812 0.985507246376812
0.985507246376812 0.985507246376812 0.521739130434783 0.463768115942029 0.985507246376812 0.985507246376812 0.985507246376812 0.985507246376812
0.985507246376812 0.985507246376812 0.507246376811594 0.478260869565217 0.985507246376812 0.985507246376812 0.985507246376812 0.985507246376812
0.985507246376812 0.985507246376812 0.492753623188406 0.492753623188406 0.985507246376812 0.985507246376812 0.985507246376812 0.985507246376812
0.985507246376812 0.985507246376812 0.478260869565217 0.507246376811594 0.985507246376812 0.985507246376812 0.985507246376812 0.985507246376812
0.985507246376812 0.985507246376812 0.463768115942029 0.521739130434783 0.985507246376812 0.985507246376812 0.985507246376812 0.985507246376812
0.985507246376812 0.985507246376812 0.449275362318841 0.536231884057971 0.985507246376812 0.985507246376812 0.985507246376812 0.985507246376812
0.985507246376812 0.985507246376812 0.434782608695652 0.550724637681159 0.985507246376812 0.985507246376812 0.985507246376812 0.985507246376812
0.985507246376812 0.985507246376812 0.420289855072464 0.565217391304348 0.985507246376812 0.985507246376812 0.985507246376812 0.985507246376812
0.985507246376812 0.985507246376812 0.405797101449275 0.579710144927536 0.985507246376812 0.985507246376812 0.985507246376812 0.985507246376812
0.985507246376812 0.985507246376812 0.391304347826087 0.594202898550725 0.985507246376812 0.985507246376812 0.985507246376812 0.985507246376812
0.985507246376812 0.985507246376812 0.376811594202899 0.608695652173913 0.985507246376812 0.985507246376812 0.985507246376812 0.985507246376812
0.985507246376812 0.985507246376812 0.36231884057971 0.623188405797101 0.985507246376812 0.985507246376812 0.985507246376812 0.985507246376812
0.985507246376812 0.985507246376812 0.347826086956522 0.63768115942029 0.985507246376812 0.985507246376812 0.985507246376812 0.985507246376812
0.985507246376812 0.985507246376812 0.333333333333333 0.652173913043478 0.985507246376812 0.985507246376812 0.985507246376812 0.985507246376812
0.985507246376812 0.985507246376812 0.318840579710145 0.666666666666667 0.985507246376812 0.985507246376812 0.985507246376812 0.985507246376812
0.985507246376812 0.985507246376812 0.304347826086957 0.681159420289855 0.985507246376812 0.985507246376812 0.985507246376812 0.985507246376812
0.985507246376812 0.985507246376812 0.289855072463768 0.695652173913043 0.985507246376812 0.985507246376812 0.985507246376812 0.985507246376812
0.985507246376812 0.985507246376812 0.27536231884058 0.710144927536232 0.985507246376812 0.985507246376812 0.985507246376812 0.985507246376812
0.985507246376812 0.985507246376812 0.260869565217391 0.72463768115942 0.985507246376812 0.985507246376812 0.985507246376812 0.985507246376812
0.985507246376812 0.985507246376812 0.246376811594203 0.739130434782609 0.985507246376812 0.985507246376812 0.985507246376812 0.985507246376812
0.985507246376812 0.985507246376812 0.231884057971015 0.753623188405797 0.985507246376812 0.985507246376812 0.985507246376812 0.985507246376812
0.985507246376812 0.985507246376812 0.217391304347826 0.768115942028985 0.985507246376812 0.985507246376812 0.985507246376812 0.985507246376812
0.985507246376812 0.985507246376812 0.202898550724638 0.782608695652174 0.985507246376812 0.985507246376812 0.985507246376812 0.985507246376812
0.985507246376812 0.985507246376812 0.188405797101449 0.797101449275362 0.985507246376812 0.985507246376812 0.985507246376812 0.985507246376812
0.985507246376812 0.985507246376812 0.173913043478261 0.811594202898551 0.985507246376812 0.985507246376812 0.985507246376812 0.985507246376812
0.985507246376812 0.985507246376812 0.159420289855073 0.826086956521739 0.985507246376812 0.985507246376812 0.985507246376812 0.985507246376812
0.985507246376812 0.985507246376812 0.144927536231884 0.840579710144927 0.985507246376812 0.985507246376812 0.985507246376812 0.985507246376812
0.985507246376812 0.985507246376812 0.130434782608696 0.855072463768116 0.985507246376812 0.985507246376812 0.985507246376812 0.985507246376812
0.985507246376812 0.985507246376812 0.115942028985507 0.869565217391304 0.985507246376812 0.985507246376812 0.985507246376812 0.985507246376812
0.985507246376812 0.985507246376812 0.101449275362319 0.884057971014493 0.985507246376812 0.985507246376812 0.985507246376812 0.985507246376812
0.985507246376812 0.985507246376812 0.0869565217391305 0.898550724637681 0.985507246376812 0.985507246376812 0.985507246376812 0.985507246376812
0.985507246376812 0.985507246376812 0.072463768115942 0.91304347826087 0.985507246376812 0.985507246376812 0.985507246376812 0.985507246376812
0.985507246376812 0.985507246376812 0.0579710144927537 0.927536231884058 0.985507246376812 0.985507246376812 0.985507246376812 0.985507246376812
0.985507246376812 0.985507246376812 0.0434782608695652 0.942028985507246 0.985507246376812 0.985507246376812 0.985507246376812 0.985507246376812
0.985507246376812 0.985507246376812 0.0289855072463768 0.956521739130435 0.985507246376812 0.985507246376812 0.985507246376812 0.985507246376812
0.985507246376812 0.985507246376812 0.0144927536231884 0.971014492753623 0.985507246376812 0.985507246376812 0.985507246376812 0.985507246376812
0.985507246376812 0.985507246376812 0.985507246376812 0.985507246376812 0.971014492753623 0.0144927536231884 0.985507246376812 0.985507246376812
0.985507246376812 0.985507246376812 0.985507246376812 0.985507246376812 0.956521739130435 0.0289855072463768 0.985507246376812 0.985507246376812
0.985507246376812 0.985507246376812 0.985507246376812 0.985507246376812 0.942028985507246 0.0434782608695652 0.985507246376812 0.985507246376812
0.985507246376812 0.985507246376812 0.985507246376812 0.985507246376812 0.927536231884058 0.0579710144927537 0.985507246376812 0.985507246376812
0.985507246376812 0.985507246376812 0.985507246376812 0.985507246376812 0.91304347826087 0.072463768115942 0.985507246376812 0.985507246376812
0.985507246376812 0.985507246376812 0.985507246376812 0.985507246376812 0.898550724637681 0.0869565217391305 0.985507246376812 0.985507246376812
0.985507246376812 0.985507246376812 0.985507246376812 0.985507246376812 0.884057971014493 0.101449275362319 0.985507246376812 0.985507246376812
0.985507246376812 0.985507246376812 0.985507246376812 0.985507246376812 0.869565217391304 0.115942028985507 0.985507246376812 0.985507246376812
0.985507246376812 0.985507246376812 0.985507246376812 0.985507246376812 0.855072463768116 0.130434782608696 0.985507246376812 0.985507246376812
0.985507246376812 0.985507246376812 0.985507246376812 0.985507246376812 0.840579710144927 0.144927536231884 0.985507246376812 0.985507246376812
0.985507246376812 0.985507246376812 0.985507246376812 0.985507246376812 0.826086956521739 0.159420289855073 0.985507246376812 0.985507246376812
0.985507246376812 0.985507246376812 0.985507246376812 0.985507246376812 0.811594202898551 0.173913043478261 0.985507246376812 0.985507246376812
0.985507246376812 0.985507246376812 0.985507246376812 0.985507246376812 0.797101449275362 0.188405797101449 0.985507246376812 0.985507246376812
0.985507246376812 0.985507246376812 0.985507246376812 0.985507246376812 0.782608695652174 0.202898550724638 0.985507246376812 0.985507246376812
0.985507246376812 0.985507246376812 0.985507246376812 0.985507246376812 0.768115942028985 0.217391304347826 0.985507246376812 0.985507246376812
0.985507246376812 0.985507246376812 0.985507246376812 0.985507246376812 0.753623188405797 0.231884057971015 0.985507246376812 0.985507246376812
0.985507246376812 0.985507246376812 0.985507246376812 0.985507246376812 0.739130434782609 0.246376811594203 0.985507246376812 0.985507246376812
0.985507246376812 0.985507246376812 0.985507246376812 0.985507246376812 0.72463768115942 0.260869565217391 0.985507246376812 0.985507246376812
0.985507246376812 0.985507246376812 0.985507246376812 0.985507246376812 0.710144927536232 0.27536231884058 0.985507246376812 0.985507246376812
0.985507246376812 0.985507246376812 0.985507246376812 0.985507246376812 0.695652173913043 0.289855072463768 0.985507246376812 0.985507246376812
0.985507246376812 0.985507246376812 0.985507246376812 0.985507246376812 0.681159420289855 0.304347826086957 0.985507246376812 0.985507246376812
0.985507246376812 0.985507246376812 0.985507246376812 0.985507246376812 0.666666666666667 0.318840579710145 0.985507246376812 0.985507246376812
0.985507246376812 0.985507246376812 0.985507246376812 0.985507246376812 0.652173913043478 0.333333333333333 0.985507246376812 0.985507246376812
0.985507246376812 0.985507246376812 0.985507246376812 0.985507246376812 0.63768115942029 0.347826086956522 0.985507246376812 0.985507246376812
0.985507246376812 0.985507246376812 0.985507246376812 0.985507246376812 0.623188405797101 0.36231884057971 0.985507246376812 0.985507246376812
0.985507246376812 0.985507246376812 0.985507246376812 0.985507246376812 0.608695652173913 0.376811594202899 0.985507246376812 0.985507246376812
0.985507246376812 0.985507246376812 0.985507246376812 0.985507246376812 0.594202898550725 0.391304347826087 0.985507246376812 0.985507246376812
0.985507246376812 0.985507246376812 0.985507246376812 0.985507246376812 0.579710144927536 0.405797101449275 0.985507246376812 0.985507246376812
0.985507246376812 0.985507246376812 0.985507246376812 0.985507246376812 0.565217391304348 0.420289855072464 0.985507246376812 0.985507246376812
0.985507246376812 0.985507246376812 0.985507246376812 0.985507246376812 0.550724637681159 0.434782608695652 0.985507246376812 0.985507246376812
0.985507246376812 0.985507246376812 0.985507246376812 0.985507246376812 0.536231884057971 0.449275362318841 0.985507246376812 0.985507246376812
0.985507246376812 0.985507246376812 0.985507246376812 0.985507246376812 0.521739130434783 0.463768115942029 0.985507246376812 0.985507246376812
0.985507246376812 0.985507246376812 0.985507246376812 0.985507246376812 0.507246376811594 0.478260869565217 0.985507246376812 0.985507246376812
0.985507246376812 0.985507246376812 0.985507246376812 0.985507246376812 0.492753623188406 0.492753623188406 0.985507246376812 0.985507246376812
0.985507246376812 0.985507246376812 0.985507246376812 0.985507246376812 0.478260869565217 0.507246376811594 0.985507246376812 0.985507246376812
0.985507246376812 0.985507246376812 0.985507246376812 0.985507246376812 0.463768115942029 0.521739130434783 0.985507246376812 0.985507246376812
0.985507246376812 0.985507246376812 0.985507246376812 0.985507246376812 0.449275362318841 0.536231884057971 0.985507246376812 0.985507246376812
0.985507246376812 0.985507246376812 0.985507246376812 0.985507246376812 0.434782608695652 0.550724637681159 0.985507246376812 0.985507246376812
0.985507246376812 0.985507246376812 0.985507246376812 0.985507246376812 0.420289855072464 0.565217391304348 0.985507246376812 0.985507246376812
0.985507246376812 0.985507246376812 0.985507246376812 0.985507246376812 0.405797101449275 0.579710144927536 0.985507246376812 0.985507246376812
0.985507246376812 0.985507246376812 0.985507246376812 0.985507246376812 0.391304347826087 0.594202898550725 0.985507246376812 0.985507246376812
0.985507246376812 0.985507246376812 0.985507246376812 0.985507246376812 0.376811594202899 0.608695652173913 0.985507246376812 0.985507246376812
0.985507246376812 0.985507246376812 0.985507246376812 0.985507246376812 0.36231884057971 0.623188405797101 0.985507246376812 0.985507246376812
0.985507246376812 0.985507246376812 0.985507246376812 0.985507246376812 0.347826086956522 0.63768115942029 0.985507246376812 0.985507246376812
0.985507246376812 0.985507246376812 0.985507246376812 0.985507246376812 0.333333333333333 0.652173913043478 0.985507246376812 0.985507246376812
0.985507246376812 0.985507246376812 0.985507246376812 0.985507246376812 0.318840579710145 0.666666666666667 0.985507246376812 0.985507246376812
0.985507246376812 0.985507246376812 0.985507246376812 0.985507246376812 0.304347826086957 0.681159420289855 0.985507246376812 0.985507246376812
0.985507246376812 0.985507246376812 0.985507246376812 0.985507246376812 0.289855072463768 0.695652173913043 0.985507246376812 0.985507246376812
0.985507246376812 0.985507246376812 0.985507246376812 0.985507246376812 0.27536231884058 0.710144927536232 0.985507246376812 0.985507246376812
0.985507246376812 0.985507246376812 0.985507246376812 0.985507246376812 0.260869565217391 0.72463768115942 0.985507246376812 0.985507246376812
0.985507246376812 0.985507246376812 0.985507246376812 0.985507246376812 0.246376811594203 0.739130434782609 0.985507246376812 0.985507246376812
0.985507246376812 0.985507246376812 0.985507246376812 0.985507246376812 0.231884057971015 0.753623188405797 0.985507246376812 0.985507246376812
0.985507246376812 0.985507246376812 0.985507246376812 0.985507246376812 0.217391304347826 0.768115942028985 0.985507246376812 0.985507246376812
0.985507246376812 0.985507246376812 0.985507246376812 0.985507246376812 0.202898550724638 0.782608695652174 0.985507246376812 0.985507246376812
0.985507246376812 0.985507246376812 0.985507246376812 0.985507246376812 0.188405797101449 0.797101449275362 0.985507246376812 0.985507246376812
0.985507246376812 0.985507246376812 0.985507246376812 0.985507246376812 0.173913043478261 0.811594202898551 0.985507246376812 0.985507246376812
0.985507246376812 0.985507246376812 0.985507246376812 0.985507246376812 0.159420289855073 0.826086956521739 0.985507246376812 0.985507246376812
0.985507246376812 0.985507246376812 0.985507246376812 0.985507246376812 0.144927536231884 0.840579710144927 0.985507246376812 0.985507246376812
0.985507246376812 0.985507246376812 0.985507246376812 0.985507246376812 0.130434782608696 0.855072463768116 0.985507246376812 0.985507246376812
0.985507246376812 0.985507246376812 0.985507246376812 0.985507246376812 0.115942028985507 0.869565217391304 0.985507246376812 0.985507246376812
0.985507246376812 0.985507246376812 0.985507246376812 0.985507246376812 0.101449275362319 0.884057971014493 0.985507246376812 0.985507246376812
0.985507246376812 0.985507246376812 0.985507246376812 0.985507246376812 0.0869565217391305 0.898550724637681 0.985507246376812 0.985507246376812
0.985507246376812 0.985507246376812 0.985507246376812 0.985507246376812 0.072463768115942 0.91304347826087 0.985507246376812 0.985507246376812
0.985507246376812 0.985507246376812 0.985507246376812 0.985507246376812 0.0579710144927537 0.927536231884058 0.985507246376812 0.985507246376812
0.985507246376812 0.985507246376812 0.985507246376812 0.985507246376812 0.0434782608695652 0.942028985507246 0.985507246376812 0.985507246376812
0.985507246376812 0.985507246376812 0.985507246376812 0.985507246376812 0.0289855072463768 0.956521739130435 0.985507246376812 0.985507246376812
0.985507246376812 0.985507246376812 0.985507246376812 0.985507246376812 0.0144927536231884 0.971014492753623 0.985507246376812 0.985507246376812
0.985507246376812 0.985507246376812 0.985507246376812 0.985507246376812 0.985507246376812 0.985507246376812 0.971014492753623 0.0144927536231884
0.985507246376812 0.985507246376812 0.985507246376812 0.985507246376812 0.985507246376812 0.985507246376812 0.956521739130435 0.0289855072463768
0.985507246376812 0.985507246376812 0.985507246376812 0.985507246376812 0.985507246376812 0.985507246376812 0.942028985507246 0.0434782608695652
0.985507246376812 0.985507246376812 0.985507246376812 0.985507246376812 0.985507246376812 0.985507246376812 0.927536231884058 0.0579710144927537
0.985507246376812 0.985507246376812 0.985507246376812 0.985507246376812 0.985507246376812 0.985507246376812 0.91304347826087 0.072463768115942
0.985507246376812 0.985507246376812 0.985507246376812 0.985507246376812 0.985507246376812 0.985507246376812 0.898550724637681 0.0869565217391305
0.985507246376812 0.985507246376812 0.985507246376812 0.985507246376812 0.985507246376812 0.985507246376812 0.884057971014493 0.101449275362319
0.985507246376812 0.985507246376812 0.985507246376812 0.985507246376812 0.985507246376812 0.985507246376812 0.869565217391304 0.115942028985507
0.985507246376812 0.985507246376812 0.985507246376812 0.985507246376812 0.985507246376812 0.985507246376812 0.855072463768116 0.130434782608696
0.985507246376812 0.985507246376812 0.985507246376812 0.985507246376812 0.985507246376812 0.985507246376812 0.840579710144927 0.144927536231884
0.985507246376812 0.985507246376812 0.985507246376812 0.985507246376812 0.985507246376812 0.985507246376812 0.826086956521739 0.159420289855073
0.985507246376812 0.985507246376812 0.985507246376812 0.985507246376812 0.985507246376812 0.985507246376812 0.811594202898551 0.173913043478261
0.985507246376812 0.985507246376812 0.985507246376812 0.985507246376812 0.985507246376812 0.985507246376812 0.797101449275362 0.188405797101449
0.985507246376812 0.985507246376812 0.985507246376812 0.985507246376812 0.985507246376812 0.985507246376812 0.782608695652174 0.202898550724638
0.985507246376812 0.985507246376812 0.985507246376812 0.985507246376812 0.985507246376812 0.985507246376812 0.768115942028985 0.217391304347826
0.985507246376812 0.985507246376812 0.985507246376812 0.985507246376812 0.985507246376812 0.985507246376812 0.753623188405797 0.231884057971015
0.985507246376812 0.985507246376812 0.985507246376812 0.985507246376812 0.985507246376812 0.985507246376812 0.739130434782609 0.246376811594203
0.985507246376812 0.985507246376812 0.985507246376812 0.985507246376812 0.985507246376812 0.985507246376812 0.72463768115942 0.260869565217391
0.985507246376812 0.985507246376812 0.985507246376812 0.985507246376812 0.985507246376812 0.985507246376812 0.710144927536232 0.27536231884058
0.985507246376812 0.985507246376812 0.985507246376812 0.985507246376812 0.985507246376812 0.985507246376812 0.695652173913043 0.289855072463768
0.985507246376812 0.985507246376812 0.985507246376812 0.985507246376812 0.985507246376812 0.985507246376812 0.681159420289855 0.304347826086957
0.985507246376812 0.985507246376812 0.985507246376812 0.985507246376812 0.985507246376812 0.985507246376812 0.666666666666667 0.318840579710145
0.985507246376812 0.985507246376812 0.985507246376812 0.985507246376812 0.985507246376812 0.985507246376812 0.652173913043478 0.333333333333333
0.985507246376812 0.985507246376812 0.985507246376812 0.985507246376812 0.985507246376812 0.985507246376812 0.63768115942029 0.347826086956522
0.985507246376812 0.985507246376812 0.985507246376812 0.985507246376812 0.985507246376812 0.985507246376812 0.623188405797101 0.36231884057971
0.985507246376812 0.985507246376812 0.985507246376812 0.985507246376812 0.985507246376812 0.985507246376812 0.608695652173913 0.376811594202899
0.985507246376812 0.985507246376812 0.985507246376812 0.985507246376812 0.985507246376812 0.985507246376812 0.594202898550725 0.391304347826087
0.985507246376812 0.985507246376812 0.985507246376812 0.985507246376812 0.985507246376812 0.985507246376812 0.579710144927536 0.405797101449275
0.985507246376812 0.985507246376812 0.985507246376812 0.985507246376812 0.985507246376812 0.985507246376812 0.565217391304348 0.420289855072464
0.985507246376812 0.985507246376812 0.985507246376812 0.985507246376812 0.985507246376812 0.985507246376812 0.550724637681159 0.434782608695652
0.985507246376812 0.985507246376812 0.985507246376812 0.985507246376812 0.985507246376812 0.985507246376812 0.536231884057971 0.449275362318841
0.985507246376812 0.985507246376812 0.985507246376812 0.985507246376812 0.985507246376812 0.985507246376812 0.521739130434783 0.463768115942029
0.985507246376812 0.985507246376812 0.985507246376812 0.985507246376812 0.985507246376812 0.985507246376812 0.507246376811594 0.478260869565217
0.985507246376812 0.985507246376812 0.985507246376812 0.985507246376812 0.985507246376812 0.985507246376812 0.492753623188406 0.492753623188406
0.985507246376812 0.985507246376812 0.985507246376812 0.985507246376812 0.985507246376812 0.985507246376812 0.478260869565217 0.507246376811594
0.985507246376812 0.985507246376812 0.985507246376812 0.985507246376812 0.985507246376812 0.985507246376812 0.463768115942029 0.521739130434783
0.985507246376812 0.985507246376812 0.985507246376812 0.985507246376812 0.985507246376812 0.985507246376812 0.449275362318841 0.536231884057971
0.985507246376812 0.985507246376812 0.985507246376812 0.985507246376812 0.985507246376812 0.985507246376812 0.434782608695652 0.550724637681159
0.985507246376812 0.985507246376812 0.985507246376812 0.985507246376812 0.985507246376812 0.985507246376812 0.420289855072464 0.565217391304348
0.985507246376812 0.985507246376812 0.985507246376812 0.985507246376812 0.985507246376812 0.985507246376812 0.405797101449275 0.579710144927536
0.985507246376812 0.985507246376812 0.985507246376812 0.985507246376812 0.985507246376812 0.985507246376812 0.391304347826087 0.594202898550725
0.985507246376812 0.985507246376812 0.985507246376812 0.985507246376812 0.985507246376812 0.985507246376812 0.376811594202899 0.608695652173913
0.985507246376812 0.985507246376812 0.985507246376812 0.985507246376812 0.985507246376812 0.985507246376812 0.36231884057971 0.623188405797101
0.985507246376812 0.985507246376812 0.985507246376812 0.985507246376812 0.985507246376812 0.985507246376812 0.347826086956522 0.63768115942029
0.985507246376812 0.985507246376812 0.985507246376812 0.985507246376812 0.985507246376812 0.985507246376812 0.333333333333333 0.652173913043478
0.985507246376812 0.985507246376812 0.985507246376812 0.985507246376812 0.985507246376812 0.985507246376812 0.318840579710145 0.666666666666667
0.985507246376812 0.985507246376812 0.985507246376812 0.985507246376812 0.985507246376812 0.985507246376812 0.304347826086957 0.681159420289855
0.985507246376812 0.985507246376812 0.985507246376812 0.985507246376812 0.985507246376812 0.985507246376812 0.289855072463768 0.695652173913043
0.985507246376812 0.985507246376812 0.985507246376812 0.985507246376812 0.985507246376812 0.985507246376812 0.27536231884058 0.710144927536232
0.985507246376812 0.985507246376812 0.985507246376812 0.985507246376812 0.985507246376812 0.985507246376812 0.260869565217391 0.72463768115942
0.985507246376812 0.985507246376812 0.985507246376812 0.985507246376812 0.985507246376812 0.985507246376812 0.246376811594203 0.739130434782609
0.985507246376812 0.985507246376812 0.985507246376812 0.985507246376812 0.985507246376812 0.985507246376812 0.231884057971015 0.753623188405797
0.985507246376812 0.985507246376812 0.985507246376812 0.985507246376812 0.985507246376812 0.985507246376812 0.217391304347826 0.768115942028985
0.985507246376812 0.985507246376812 0.985507246376812 0.985507246376812 0.985507246376812 0.985507246376812 0.202898550724638 0.782608695652174
0.985507246376812 0.985507246376812 0.985507246376812 0.985507246376812 0.985507246376812 0.985507246376812 0.188405797101449 0.797101449275362
0.985507246376812 0.985507246376812 0.985507246376812 0.985507246376812 0.985507246376812 0.985507246376812 0.173913043478261 0.811594202898551
0.985507246376812 0.985507246376812 0.985507246376812 0.985507246376812 0.985507246376812 0.985507246376812 0.159420289855073 0.826086956521739
0.985507246376812 0.985507246376812 0.985507246376812 0.985507246376812 0.985507246376812 0.985507246376812 0.144927536231884 0.840579710144927
0.985507246376812 0.985507246376812 0.985507246376812 0.985507246376812 0.985507246376812 0.985507246376812 0.130434782608696 0.855072463768116
0.985507246376812 0.985507246376812 0.985507246376812 0.985507246376812 0.985507246376812 0.985507246376812 0.115942028985507 0.869565217391304
0.985507246376812 0.985507246376812 0.985507246376812 0.985507246376812 0.985507246376812 0.985507246376812 0.101449275362319 0.884057971014493
0.985507246376812 0.985507246376812 0.985507246376812 0.985507246376812 0.985507246376812 0.985507246376812 0.0869565217391305 0.898550724637681
0.985507246376812 0.985507246376812 0.985507246376812 0.985507246376812 0.985507246376812 0.985507246376812 0.072463768115942 0.91304347826087
0.985507246376812 0.985507246376812 0.985507246376812 0.985507246376812 0.985507246376812 0.985507246376812 0.0579710144927537 0.927536231884058
0.985507246376812 0.985507246376812 0.985507246376812 0.985507246376812 0.985507246376812 0.985507246376812 0.0434782608695652 0.942028985507246
0.985507246376812 0.985507246376812 0.985507246376812 0.985507246376812 0.985507246376812 0.985507246376812 0.0289855072463768 0.956521739130435
0.985507246376812 0.985507246376812 0.985507246376812 0.985507246376812 0.985507246376812 0.985507246376812 0.0144927536231884 0.971014492753623
