0.586771206300778 0.112442218940098 0.658630730227255 0.102379330261812 0.445847880775059
0.65224799744607 0.228365916526469 0.68848247404145 0.217775525116809 0.0314207191909916
0.238374373874627 0.448283932165094 0.527249453714785 0.388509924056845 0.559720668288465
0.0543757314078046 0.688572170851451 0.512912875035618 0.451598060141217 0.236413240031459
0.693663431106161 0.221670661031007 0.320253355323227 0.16835548893705 0.582054447739287
0.592825753208911 0.145008764797227 0.0561385943249109 0.69646206838213 0.373254778933074
0.493205417858836 0.574918559184893 0.0991072949929752 0.341284745413898 0.547649096344003
0.37400503232764 0.377720924802782 0.710706001638821 0.450719389882714 0.0958965566537544
0.0845449221551835 0.664469160695398 0.221677164655562 0.396756583128823 0.587176582500307
0.0653255163683733 0.413182163129256 0.242480027979615 0.348470414138594 0.802984983349077
0.561096323160175 0.360156806765973 0.288702028577801 0.627603664360643 0.279683338532039
0.376137568797163 0.546507590823676 0.120066661555133 0.729996983733921 0.111974921450491
0.154789671595567 0.183366623519608 0.431033281203569 0.716693007930255 0.492928272495221
0.401982757905958 0.38126306861505 0.548657579754299 0.3921916779441 0.488066473737033
0.509574863944867 0.299453125669922 0.435823373324905 0.456667889845601 0.502169004628671
0.178893237322428 0.611499498478978 0.15556304049004 0.351775436747538 0.667921968148101
0.605874194875874 0.394493645078778 0.289028112970782 0.627469202605558 0.00603105878469011
8.74624685087559e-05 0.405878398408296 0.736436895618045 0.0598806532484438 0.537901221596335
0.637376826518522 0.547935054167879 0.50781536395545 0.174875113191649 0.0711351414437602
0.202069759567568 0.135345161982158 0.310310349503126 0.91812714622797 0.0399941214037837
0.541967421661818 0.367379212218198 0.505581581756324 0.561774587100485 0.0100202676626104
0.147051054381306 0.651014235718184 0.0464489444936671 0.644046930525859 0.370948108410406
0.165527211824759 0.668770439713839 0.418170265378018 0.21754959028045 0.550592994900014
0.596098069639986 0.212736493515539 0.119699765263756 0.208787231670637 0.735860131944453
0.842214841016723 0.224150814146321 0.177694079082681 0.388347903634478 0.240917608510424
0.675231284874701 0.335139411190538 0.0211223626886909 0.092414498221269 0.650198195403738
0.692164908530233 0.12256811268307 0.483678366889863 0.512674444397273 0.0954198544190167
0.0826242128900914 0.139313251503501 0.416647698794405 0.561349274857061 0.696460152561935
0.227532243669642 0.535019867259913 0.0436735625394091 0.631674449011057 0.510943079148292
0.621247545570749 0.491897975869847 0.00124066382912731 0.424204899138394 0.438333814298778
0.744394073450313 0.510609593559246 0.193031186318077 0.325507345113755 0.204790712101263
0.41922907601918 0.355009429320377 0.703995740007533 0.174497741356103 0.414916646118939
0.409181951631778 0.263447992388105 0.490090604697531 0.412590081177231 0.593924161713312
0.799299947827329 0.510204458350354 0.0855995237433555 0.302433279488629 0.044920341442535
0.59909156615207 0.366400265542746 0.609866914898092 0.360512461948669 0.0702371103339111
0.589382933370768 0.469760276374326 0.543470551508006 0.352800944651698 0.110110370485431
0.347839796173582 0.502324631633666 0.520502459675986 0.518066749028203 0.295569744179983
0.137406117518487 0.199706521424676 0.726380822797969 0.599257106920876 0.23344953254423
0.204416256636137 0.441567562101554 0.473520492461329 0.501802163151313 0.535915118650708
0.0378562342950077 0.494656168475415 0.545665156558725 0.512357557717834 0.440024374871872
0.086522854421116 0.616674503787797 0.0736805106222943 0.503252199681523 0.594587889139228
0.527036602070024 0.458505314958533 0.567855186978903 0.41147383009363 0.142250026370799
0.363136152826191 0.65209279031272 0.167927006593482 0.369503725120701 0.527422643532909
0.383260270249506 0.0660759455022073 0.57266296108412 0.523939619888217 0.496276074768896
0.210718072045649 0.187721206535644 0.505962451783647 0.502551827374776 0.641718241066529
0.278903066486157 0.149726902479689 0.624451878055301 0.121797436438958 0.703576698483229
0.726054673508057 0.0538676028782142 0.467680288967005 0.0999256576970893 0.491154662690692
0.636701905610258 0.00286860385198337 0.511954709899709 0.355937445664223 0.453666578325691
0.611649828063922 0.600800188223359 0.457532926360278 0.0761558384414924 0.223131197342783
0.633631926333703 0.0030865667013719 0.600629995580608 0.331816741611364 0.357270644514624
0.211865379763989 0.34556659307721 0.287412623397916 0.653484593816449 0.571006707633587
0.311074540545861 0.91850291663538 0.194952752809873 0.134959606281878 0.0580030275121399
0.0537188788783608 0.273337159261403 0.519757328869563 0.173150730996815 0.78884233079913
0.299291199379229 0.665189672864342 0.0188684237155214 0.683186060663821 0.0291250096980891
0.177238238051136 0.397596603207757 0.824721000548574 0.262342837583619 0.248022287129435
0.0919111747418389 0.519855537807932 0.598270331960422 0.557120779763545 0.230199049562822
0.495637644741701 0.508108424884428 0.37922668578156 0.474684305801222 0.356414203271293
0.441452219624916 0.691589161340687 0.105021059741693 0.0776476960771585 0.556566062573853
0.292173399983207 0.509093853867806 0.164367931562485 0.243281172290542 0.754490295881324
0.18877689321847 0.713346917455518 0.157535927643259 0.265830004980019 0.600013583094077
0.327953222094991 0.759797753790038 0.120755419100536 0.0766954519069868 0.542853565768673
0.276197659478222 0.553018562220353 0.729711903837643 0.0502852181241127 0.287884103372066
0.403356352986497 0.724243678365337 0.282411445698018 0.46445164445949 0.131541598556919
0.635034695628539 0.27540018320854 0.506190490398903 0.442929603473869 0.261668164347271
0.570827437908177 0.51418680084148 0.304402531550081 0.557160488246867 0.0817267342673483
0.501633916615189 0.0204148116527147 0.445708400644723 0.474160146791043 0.569616384908571
0.688787454356093 0.51446560535657 0.258933751575658 0.0639168949746925 0.435620163053206
0.691254982543926 0.436969572843037 0.416145257373688 0.0538982029471718 0.393881009953543
0.3204581580069 0.733697607774731 0.310300638686141 0.0543903362788934 0.509656349183353
0.551596648673586 0.79173141877486 0.0786092513854311 0.237356588142293 0.0799057780068987
0.510894495601126 0.34286106147 0.40430004128604 0.49532473623367 0.461116025728111
0.516814015691643 0.543827071220935 0.423088999459994 0.466790773860055 0.200642622009907
0.231640949156468 0.682025913328283 0.0504334911040922 0.098430164404983 0.684800036457996
0.432196689769231 0.450131756314537 0.550702024576048 0.448669232459375 0.325592726088693
0.462407189137156 0.72751733211649 0.0127517552812437 0.285976410566026 0.41827384360177
0.645107659230187 0.304475147804837 0.488961870821939 0.395644248685923 0.309051629563464
0.164609984821964 0.0389360893256991 0.443768143906617 0.496430716949519 0.726645657502745
0.440597880541438 0.676340227071061 0.0951205548164718 0.191577958550775 0.550170310682777
0.208597904250471 0.684539948023539 0.60674017917492 0.344357326883179 0.0342981092612737
0.0635860858756223 0.276590016673482 0.537414610812256 0.517816912591775 0.602084673014531
0.425328256512175 0.157906534306635 0.382858910489643 0.212672810751502 0.776112576152017
0.700202670674034 0.0993973381786066 0.00665337352612129 0.0623619576155499 0.704203882414061
0.106032800986144 0.0301509891545476 0.905879232869486 0.028293980716733 0.40795861196821
0.516239346705495 0.59751802041773 0.524953307615961 0.262136359491151 0.179381454016155
0.300945026302241 0.645688531133225 0.651626311679047 0.167375669790011 0.19971716750662
0.344722733789318 0.105804273466044 0.553646155079407 0.66656427844677 0.345166177644434
0.310036056565769 0.742879801006386 0.176852992709406 0.315673857279047 0.470191747786107
0.540432229482924 0.374233910012859 0.519358862869182 0.538298175281082 0.0915610833317882
0.223031045193279 0.391825517304542 0.0856081441136239 0.406413636774353 0.790081716263759
0.322865063787903 0.443567649559081 0.506763318024362 0.578216443625545 0.328424381975259
0.554096879353013 0.299856896584354 0.0903692996374785 0.250935973565442 0.729333268619942
0.0864189182235739 0.549306186569918 0.783018383517206 0.270997160897599 0.0650940383493299
0.513893446542758 0.673893617028222 0.31641403793069 0.40412606479657 0.135444449430236
0.225394053154742 0.576687970799133 0.562714274780892 0.547150523799862 0.0246465900563644
0.331348328123689 0.293313538531936 0.439658898223386 0.472524631207968 0.622572067859042
0.649615271214858 0.319130788605761 0.527901883685873 0.442318891344113 0.0427684314574778
0.459533020984018 0.259934989845859 0.827036853811822 0.128421189662052 0.1441570121845
0.563996569622324 0.0973679040033278 0.194676707682509 0.701090114319991 0.378154719411158
0.735430617350897 0.288465319714253 0.538967449849312 0.112313576037451 0.269869070153735
0.353187437994595 0.616581101992262 0.544632959871549 0.371206502841648 0.246306819999875
0.171781739017674 0.756317552397119 0.145984983890113 0.598865603619465 0.136099843336399
0.435529245041701 0.395070563757944 0.495873840636727 0.246468202756516 0.589572799209344
0.30209104515256 0.667181426613153 0.160078344896788 0.442589235074891 0.492036215041128
0.844482968597997 0.0517786679275495 0.152958784895052 0.4029274543001 0.313720515730534
0.506013045655831 0.215670843768506 0.356495238092355 0.620934712527213 0.429869878882567
0.580567907031906 0.0396880150057977 0.535458794390158 0.390862576143416 0.47103725210461
0.145056342691445 0.093832765569389 0.477481501361565 0.785835789799093 0.353026340205548
0.416183611618371 0.65939351390554 0.0735218317618552 0.400694958082902 0.475425584146368
0.499242366793077 0.555997497859996 0.0959466308452974 0.566400088926735 0.334079369110833
0.188701429672415 0.176601851496607 0.809559756168187 0.281131833235682 0.445849133701085
0.460147502346389 0.357386650786667 0.624313790307432 0.185815868108838 0.486049187135207
0.651801743744485 0.57352572500712 0.261153630878336 0.415346453303872 0.0742215225770959
0.532609349029541 0.515930912492901 0.451149493472396 0.451039374432502 0.207774377899946
0.169654903678159 0.311359173774016 0.623980420497616 0.675052278034289 0.170954775660264
0.695357528687602 0.212594204508814 0.0518980154455268 0.68097781405444 0.0696952241203634
0.230492311875517 0.339547944324557 0.517926353430351 0.426479530972193 0.617614758369102
0.282404398713838 0.186002233908017 0.120890483946828 0.629143038766347 0.689358725360933
0.0206205359525586 0.404286160168676 0.548900090812463 0.719162380752624 0.132821890550406
0.054196907191385 0.684695388564788 0.611763871154927 0.0480772870863759 0.389472027936479
0.267646700933526 0.54287052638126 0.363852869164258 0.439834850670226 0.554809182334584
0.595887691916538 0.274948081164665 0.304033037548538 0.402589361988752 0.561076758544452
0.237382194290539 0.235902854420808 0.515451571660027 0.548718806463599 0.566759989604326
0.0239976106036781 0.441875150564006 0.244711742184971 0.574464137394053 0.643643988618128
0.5675910420773 0.536917070691493 0.478958190898 0.28706039371546 0.278847359473443
0.523415800263188 0.395101899479424 0.749303236274739 0.00927818508040971 0.0915912902650385
0.135913588188211 0.0402169930596376 0.0316213070549426 0.664651247151043 0.732904429387452
0.103028688243919 0.447302003700671 0.609406782130134 0.00198612086949256 0.646471527680678
0.501494022015299 0.549395243346884 0.663909918127868 0.068700993083704 0.0342404239386232
0.523657070650658 0.0937652785169735 0.750520687975626 0.331860469264415 0.208755049669227
0.742972627349575 0.175692770351771 0.274112084817353 0.336001377655733 0.478632807719993
0.518552749889193 0.293825760987931 0.586648095751467 0.495603870003022 0.234500071538207
0.205417988944496 0.141197862298292 0.344334271938829 0.71668500459077 0.552868091739318
0.616006201614831 0.252203052636651 0.559290359025637 0.0560426797890533 0.490900694800749
0.496678817962452 0.474247027807203 0.412482750390982 0.418870931312472 0.427557051087652
0.481195918319436 0.108779514987648 0.833986687570681 0.0340898615497667 0.244788871491673
0.201234315888506 0.764179109307512 0.260676234497586 0.376378827028666 0.407335142529525
0.256896595621079 0.492487450063229 0.498293734239634 0.425382268442378 0.512067896670798
0.290749009752381 0.254913731565314 0.602882102151787 0.3573666516691 0.59942159618028
0.16254766772667 0.210751164020182 0.121673425291445 0.578381689625709 0.761467268675625
0.508178367748016 0.428386746658313 0.432787852883939 0.525925695520988 0.30714227815028
0.252829318692338 0.720025782046157 0.39621915048623 0.126211277348139 0.494693144339508
0.543687525635886 0.203414559451007 0.685868435654353 0.184561221651903 0.398180908516077
0.546945176827922 0.495298173315224 0.534772935942495 0.0945068194557908 0.400770584143934
0.423456692085293 0.552402030443856 0.426926635396225 0.462685542562481 0.345242180769684
0.0470265666862393 0.282678442245345 0.323854940446289 0.494221927282282 0.754151221213204
0.361819826901706 0.6258999110148 0.0513597370818132 0.421446465405333 0.545051161320406
0.0401958213895023 0.772160876045418 0.278768051659482 0.259898267956684 0.506846269725534
0.593857081250171 0.195866674067305 0.455204317193427 0.190337647233668 0.604591285657391
0.592134644693483 0.677603065254318 0.105301962077729 0.403052899680641 0.129191738719173
0.483815111821567 0.11336752558705 0.844238152870427 0.115137842446261 0.164547744409045
0.39315347373377 0.221558146634455 0.298299876445609 0.571764981930581 0.616801688471613
0.146507884708693 0.453426528359833 0.590095172301492 0.446423665170825 0.474798296015955
0.147555454268086 0.621128670307613 0.632770203069716 0.394143976415011 0.191517515649376
0.586944924996168 0.142659039879395 0.168396017570962 0.607962093104733 0.486999926053263
0.488809475425955 0.535341515309632 0.139273418746061 0.562046657564746 0.373070004517745
0.623017664299452 0.670401290587309 0.116020278250886 0.303715956898066 0.238132341587206
0.455526331116675 0.332580431136926 0.378414361977049 0.727964568170786 0.0935744442761034
0.35456283553801 0.406987905022423 0.607998236076721 0.569305658115094 0.121964147955213
0.200052922544331 0.492121601627384 0.544954232480445 0.646769681530511 0.0500901282464006
0.546554597037512 0.124589726348081 0.406571085537937 0.635278293513517 0.341872658662155
0.452684029316333 0.0860869583846383 0.722017156862099 0.338301863329986 0.389755410048714
0.297251168408571 0.580210618867556 0.35870568444978 0.490539152504256 0.45354046394659
0.669137079686099 0.267441954034822 0.407143877194214 0.300620395679764 0.473910973470546
0.588727396974651 0.303316947056279 0.347302871023883 0.367317566760893 0.553043761927873
0.0248669862265969 0.00722679572401216 0.66843386464902 0.141127681595052 0.729800351121833
0.215061423333829 0.141815062778564 0.583840063474898 0.702453565607791 0.315161610303775
0.462265449330052 0.00923193767436353 0.538282512318087 0.559048243667528 0.428885094013818
0.532136259723309 0.00281713101827621 0.78442001829098 0.31150711316197 0.0668701593716344
0.485240041500711 0.745181785760874 0.378171131666589 0.251491434162529 0.0546338906861683
0.622857656716291 0.584179705398741 0.492997018787547 0.1644454346205 0.0263448243341384
0.425235551100288 0.491990220434344 0.604563919531745 0.0774477436027099 0.453458557410336
0.274210137947487 0.766276709419941 0.556207587486677 0.168081349543978 0.00325336826884352
0.527502079899019 0.551633200363664 0.127483848293287 0.591315461118557 0.227015994646264
0.22646177515708 0.479137791089302 0.226014587218048 0.584039337990224 0.571801975851225
0.472452066502812 0.579463584549562 0.235735801597542 0.61843331760105 0.0545881174278596
0.480520265950584 0.416060076704971 0.501241063953148 0.379436531379919 0.448084368221572
0.419251033208114 0.405703130705861 0.5666155651838 0.415757217955978 0.40709492492334
0.5878416558238 0.629297391539653 0.506348951478535 0.0242242043577585 0.038090785493915
0.605332514260279 0.168787778950406 0.356241864845593 0.656545672920251 0.217077741736334
0.0614562596941138 0.567944648312871 0.391937893682941 0.482339387303215 0.536092722902034
0.515955330303556 0.490946630759194 0.587075577803897 0.361737606195263 0.131338010826591
0.354483520088347 0.489671712570543 0.543054841436299 0.0517866889591443 0.580493433152565
0.526414568787872 0.100602884901661 0.589862141674162 0.542718856186588 0.265114424874307
0.571966874819112 0.219774452890761 0.733351615480398 0.0673748287245435 0.286721335956804
0.666559145440714 0.703460150631132 0.224211923981816 0.102303062737219 0.010286816919127
0.589531687646913 0.458357816637358 0.100012059136903 0.45882610494162 0.470995429530813
0.537785448956638 0.641363963807365 0.400340374926675 0.365320734069052 0.0755474836287127
0.655270585850356 0.144562460889262 0.368557279785266 0.637910947988796 0.0834104800027781
0.539573512292887 0.220731946870069 0.500906795632161 0.356588163118898 0.53110742461001
0.214217909776558 0.290765080905872 0.420364922583929 0.419098678668316 0.719177296816469
0.251854557842051 0.631996565811808 0.624765714544734 0.374948944646563 0.0789348676701462
0.0557773879537024 0.56459718237766 0.47769801204465 0.0485709213959188 0.669002525800621
0.245023241179908 0.165656134246038 0.237433845702615 0.81871827271914 0.431100006145912
0.619334263887155 0.111306315702981 0.469843246061008 0.176078394831983 0.593531546477719
0.421567316854799 0.417736441728135 0.429101610005939 0.520549852055245 0.438949794882895
0.219303987042601 0.167116567570264 0.909052279960817 0.123360199797659 0.287026179145167
0.557429938712011 0.283152067048271 0.277672232954393 0.259694710193982 0.681581659742397
0.0740479956990321 0.457304208383354 0.210780333884556 0.314418174440114 0.801313058521506
0.326308071856802 0.390063961154091 0.174382674340138 0.258630305642799 0.802542333053509
0.628696704972263 0.0923551239105274 0.280401130127779 0.259744012583959 0.670909262415074
0.202077307311774 0.25651090010656 0.384109779584488 0.684574721758375 0.526482713441899
0.738605572973732 0.585922743786175 0.137738562755378 0.15318303324495 0.262143839412994
0.723668930641084 0.062426639822626 0.524391807741341 0.0603264624284463 0.440204660777101
0.393022142823918 0.304301975102934 0.331954200662986 0.724307187420555 0.343685044934563
0.424055781727791 0.048986298274908 0.594750209437964 0.550159861562086 0.401713021526609
0.551619899564802 0.392419451636057 0.326162956574884 0.443097250861107 0.488881388906793
0.322508897051175 0.144259790750857 0.626109784416575 0.503982954093933 0.478711650094226
0.500559109361422 0.139264341463957 0.184652871482608 0.617666946109798 0.560746718196847
0.32234000607178 0.00565733724180451 0.136314713803102 0.855130938403548 0.382405925695226
0.136513193078779 0.621510913482341 0.285098350630715 0.716488304441863 0.0212549430357269
0.160632143833834 0.637773389439354 0.0077410970333504 0.660096564995912 0.362842966567773
0.459749182900187 0.257328553895089 0.554070756106806 0.00980812524851454 0.644454887543896
0.562672317702261 0.566694751816629 0.437035606816168 0.154841162549122 0.383772085892545
0.340733090504174 0.501001902732059 0.00280585442677559 0.488496863008018 0.627902059645127
0.0762309522442318 0.486135659509731 0.705173421001195 0.401193285902307 0.315650686888779
0.472944893536569 0.551278692383562 0.0911355599096927 0.476357245983186 0.487024655352083
0.268550551828528 0.699875661181848 0.171533389732249 0.177830287227594 0.614009238651487
0.431248237337035 0.513013349463387 0.512733561011568 0.43581480432134 0.313068703023483
0.406954974985179 0.0144995626298138 0.648896959907435 0.497680116185374 0.4067242903921
0.181633635533627 0.586538174367635 0.740756809644807 0.253343640331149 0.100391938525601
0.487373767121751 0.197251030626598 0.581100279652565 0.510739412281778 0.353590949782475
0.136547788273049 0.55534063539227 0.536006039708607 0.357242820321045 0.507963160991828
0.568238835426597 0.00225951008096922 0.363327349305952 0.686008935159091 0.272918483535689
0.295186020793808 0.609579238816777 0.216865008461729 0.352059130523677 0.608524692556748
0.333361398848894 0.565343105397703 0.15282969439844 0.375539752394701 0.636294216395368
0.503941235971381 0.558991092415194 0.520813745821655 0.184546521337893 0.358144960753886
0.142375347375989 0.599187159053996 0.576417237026809 0.37912633674376 0.380408199872196
0.465821103286711 0.602161265679076 0.0669929904578673 0.302502131528469 0.569576078762767
0.555857725814895 0.158718326241204 0.659667107952875 0.480255437904496 0.00497017256579243
0.166467279715098 0.912001256552848 0.0708897766109531 0.357817695770994 0.0865071615270471
0.605126115920333 0.538483337266867 0.295954596763036 0.451224816704444 0.229488824917421
0.471324174046342 0.205668762227901 0.433376797310562 0.716511354019229 0.185337298775903
0.416466158210452 0.56685174325651 0.385393683788806 0.164575092767865 0.574126978610678
0.528090338363407 0.550295752044417 0.645756079993578 0.0340458462792386 0.0116252015702481
0.0970607367940526 0.606286127372277 0.455064869988674 0.619050468029952 0.180800517872632
0.58134034544686 0.485134601638587 0.0380181238310822 0.422349571198417 0.496853381811548
0.566215640755676 0.309467985526406 0.288908324077944 0.685671797644719 0.173250051344874
0.247726227555455 0.461146200572798 0.661812120567943 0.285921407866197 0.454125052679975
0.0867364815097161 0.690720202240402 0.696432641846043 0.149653146523055 0.0892630724285386
0.205986952690395 0.672739455748225 0.482329769750431 0.519887110541765 0.0454575131957109
0.344484727310446 0.586354358828662 0.245156763975052 0.168559754473957 0.670078061707318
0.375695066627087 0.493166335118786 0.449160983481281 0.605587438711234 0.217159959041415
0.467522509806988 0.540752546879887 0.169672358022466 0.570611681198796 0.366910051741937
0.549387232429419 0.180676406804776 0.331296161523529 0.553132666927395 0.499816777434714
0.646200871384179 0.35219538658113 0.480435821476476 0.442525709313766 0.178143934872529
0.703721287876617 0.44635252172872 0.0217388006295976 0.283035007386572 0.47430410548145
0.46446600161041 0.0646280138687736 0.346289298823947 0.558986894705022 0.589671032220061
0.21798929269501 0.435560278481451 0.291950723914018 0.822682999735057 0.026932672212377
0.749789745654975 0.420659157209067 0.389250587195534 0.112333874219129 0.311008507661218
0.0337964199446842 0.620144889002389 0.448384067985536 0.619470641551023 0.171714793993537
0.674567961150642 0.323296273639058 0.563626974310901 0.0773687378694328 0.34172547091166
0.636376926387658 0.560309840557841 0.472935527181764 0.111173838946014 0.212249039570873
0.0758335956636639 0.73220273968404 0.10054722250295 0.463600155732737 0.482797644380573
0.599734761270281 0.163263165869356 0.648883718402715 0.42861894635913 0.094334901326338
0.504867655644688 0.466933674122698 0.535428309509201 0.469440808639961 0.141504228960459
0.597005995993644 0.275175982460338 0.313287908887875 0.173150654978534 0.663122580108529
0.385455296961008 0.18627178733085 0.190927327104453 0.211884023027937 0.857542390695363
0.694008837202871 0.286425833359966 0.629539820888031 0.170284699400138 0.104855667156521
0.362798241115408 0.449333879947003 0.769311565014381 0.168593139843812 0.214971090400703
0.475892816711648 0.628420802306654 0.229847587782439 0.540778788806322 0.182597125383388
0.115455936038682 0.692716267758712 0.701308335926256 0.0579553831801933 0.107804873436473
0.16958538404396 0.215501026213669 0.491083524350427 0.751404147043834 0.34500563058653
0.0142897924812197 0.309734622099959 0.383812700438669 0.627794184322511 0.602015397491002
0.297202491167075 0.54039457540696 0.464158715391805 0.517074550338405 0.369912122581812
0.461696579198575 0.390888853382733 0.175238166876274 0.50693286342146 0.588517484796016
0.600409788673346 0.324663714278256 0.602748069220373 0.4120652843074 0.0315994432870112
0.0633084035532182 0.580604964379515 0.0235162792929879 0.677070153910612 0.447116218302444
0.548899753197379 0.433077775138676 0.19381277743027 0.604560064810659 0.32878022592864
0.0696069447666738 0.0444301136402129 0.595039321252906 0.477877731851455 0.640891502366475
0.188828613170225 0.6811934500748 0.284168419078433 0.389412456753076 0.517615191573236
0.53702044101933 0.21175532171641 0.446086173359727 0.632988083127156 0.25904042581896
0.456785139381736 0.328722855491809 0.19324240722439 0.668309759523028 0.446439310650076
0.102877897936718 0.575276475501841 0.519773836731235 0.318395502916729 0.535660878935914
0.281949869172608 0.390714640227406 0.615152797751814 0.268865091232231 0.563156229940074
0.163452006437733 0.474617476513651 0.514535122852384 0.452462460084769 0.527781225646208
0.0397302981509976 0.369330541039523 0.119922089791097 0.813386312061609 0.431321057444725
0.161188189951881 0.717030618051492 0.400838197657039 0.191098586206627 0.512538320367967
0.613571294230854 0.0320777941668139 0.303018349612709 0.576473279318992 0.445375931148579
0.351653942722583 0.56584599847722 0.559428709427353 0.390192158295135 0.301574881660279
0.629953496692972 0.322391727519813 0.371829382320448 0.526260892498605 0.289852634110601
0.0252301169389762 0.580084865444344 0.227929299441225 0.675031473787617 0.394012352514503
0.761231978580833 0.0577065512200132 0.202796717053562 0.32395241917381 0.52069583289665
0.547759006505823 0.201814725314752 0.224546366666708 0.532244682199515 0.570548345826191
0.040879882461235 0.239056662680518 0.620391619115361 0.683869658722299 0.29768653991821
0.708674743995524 0.302358971205364 0.630550618008114 0.0866646767462464 0.0354162630519798
0.461109604478958 0.533501774513028 0.596123504344833 0.0515580924629463 0.380437011761378
0.634841271520872 0.317709754420748 0.0499770375686819 0.679633518705838 0.177869749780705
0.690898816145027 0.234329353520378 0.434064286286954 0.527076586086724 0.0390774576640259
0.418892962825661 0.626880380065106 0.54947242608401 0.35892075606523 0.0283834216310152
0.365009477552597 0.147036543234328 0.587562297331745 0.380597452950534 0.595872857086382
0.540939087640821 0.625685035854631 0.0946961139878901 0.453860858176736 0.31772017055984
0.755559727138811 0.551629609604757 0.154681330222561 0.128475398668841 0.29052027562752
0.0899353141709758 0.197576500721067 0.839002308781909 0.358574580667934 0.346950373375254
0.548600848102749 0.0834464321699919 0.0895175016136256 0.679223451619112 0.471927878064559
0.351642811560562 0.333374975846453 0.617368081711262 0.10324831010745 0.611068651381554
0.778594232368302 0.337710470416774 0.423221119434183 0.291312587245706 0.1255528576767
0.20598889898563 0.447360222000207 0.544963409618713 0.568274023835557 0.370832740298245
0.154769923505372 0.219664951133532 0.616411477266666 0.456861471595853 0.582329860548849
0.713852435994163 0.149226285542307 0.614479911208171 0.171755277641429 0.247104792855902
0.0864167284327238 0.331191034650271 0.538379388699806 0.607880163559788 0.472730354629377
0.0949772512674412 0.496203285738151 0.49472588206255 0.363743406260728 0.606381610030861
0.443561155775544 0.514149292257417 0.0581700165766848 0.731033147573574 0.0333285565004289
0.746764109113287 0.155405546371801 0.12247195694812 0.474795905831795 0.421618250392204
0.440347840158744 0.581246070320963 0.142360226691271 0.0442166565165744 0.667851209886508
0.42249259651747 0.0380159683689455 0.196499992707365 0.871042965456448 0.150753763574049
0.724246172849307 0.277923265442476 0.307323555789012 0.0819104549928041 0.545040410482555
0.446749936545805 0.458903055295421 0.555533736141403 0.161151210321971 0.505207913098544
0.632342385964224 0.197856871578331 0.333169057371518 0.585441943194956 0.327493321520603
0.0837507573113331 0.157661013538953 0.80952214717643 0.540833658973486 0.142483900886596
0.150593549235712 0.601016445280956 0.329162146459699 0.369411449494582 0.609334290640852
0.466858764216451 0.492804526661866 0.331559564086144 0.653731050211085 0.0434805960030552
0.132806607171047 0.447262262646169 0.629162851643863 0.600936356173203 0.159212045539839
0.0826790153379674 0.307318004833931 0.706545368311001 0.609259762043174 0.16827361409622
0.636570024043312 0.507104884755529 0.406666738279196 0.0341474862915888 0.413617399904676
0.343252800902298 0.381155783556876 0.627036409802566 0.339625154602493 0.477888981330405
0.542006521770496 0.490066520632495 0.401859474125954 0.454162721096738 0.313542535447151
0.289021627797956 0.621475824107195 0.47561994627543 0.546377631196485 0.0741043153154917
0.436767906973015 0.260018524695146 0.449951370270522 0.46237781203312 0.570416238886058
0.39591390822371 0.0573802393827332 0.445993285365984 0.429646969179744 0.675613170894798
0.254447917920242 0.385428395516385 0.638542794836152 0.389414673633767 0.476781417546092
0.221308920109919 0.621770013519827 0.505189961534837 0.555289844870427 0.0293377421684518
0.64197006804072 0.370777467409713 0.467700656996426 0.0532057196443122 0.478355253178299
0.106969045829863 0.62708648207722 0.367740054891791 0.578884563791911 0.353525219838552
0.512356944848618 0.0512297059478169 0.510648039967313 0.258462082149774 0.638202013207602
0.537029792667223 0.170393980924034 0.557146791485751 0.59091245926386 0.151574441369674
0.00671842720737945 0.29670267456354 0.529776918182393 0.398646347910946 0.687269882870719
0.635093837838463 0.187744615175246 0.16609033689055 0.719140361314682 0.129069428340264
0.29721913528161 0.726346395310189 0.542208863866322 0.148596179134038 0.260788080889259
0.600865029611873 0.49360342161385 0.415405740215599 0.463373530899468 0.0896656022023675
0.510024755996606 0.257011078786428 0.0167876133413325 0.596903869779423 0.563244174343854
0.197358545300578 0.471730593633753 0.169452296390581 0.801270455675027 0.260329459986918
0.479894762334699 0.315550845257838 0.679299055927507 0.381693649232517 0.250980939300874
0.629083098322991 0.335404858866923 0.332638108867448 0.609965300901365 0.0951433459481005
0.622558368796081 0.510966323461283 0.0930246846511147 0.383218007775541 0.44252102807949
0.468623016546637 0.401232740723034 0.477947214504394 0.295026109625407 0.551299202721536
0.672381605252923 0.491092986374514 0.545564594650528 0.0887077902049841 0.0349407594653673
0.340446887271875 0.307540103821027 0.58082962490783 0.519463698490352 0.426977065272594
0.354455871100712 0.636139828482075 0.327137415253593 0.545139790706861 0.255911848475818
0.51669212069426 0.699277542814456 0.387256935049123 0.274431218500597 0.13696621151394
0.488932415462012 0.18235522563978 0.629936957313723 0.0706936929822102 0.570853305478047
0.633405988876318 0.317694393188603 0.125132946309872 0.173219849618272 0.672460969304668
0.350818425615489 0.509491664802054 0.300907880214218 0.551109711498736 0.472310500902389
0.116980267321494 0.0884531543274789 0.578698619496232 0.483582023249075 0.64011560762912
0.637255830977956 0.00222478878181067 0.432910940045688 0.041561749738907 0.636208138227475
0.324249645667118 0.243697377830302 0.633424180049639 0.658972400922333 0.00171413957471467
0.398209170371284 0.0878232493845673 0.456123490959397 0.59413786706105 0.522176301088922
0.279667976242293 0.0438098862654955 0.786546684636171 0.47825658913988 0.269223819083825
0.313208764559805 0.631034189935521 0.212629230824957 0.60991078161994 0.294098231204955
0.32959691268649 0.298358331624546 0.537812762917901 0.284394404154502 0.6574385416341
0.367862677401266 0.717774179097617 0.0500635245471902 0.56838288299039 0.154634472965635
0.578771231903216 0.352411400412888 0.486463247318418 0.551499783935299 0.00561812317402854
0.0848050200519515 0.460379196600482 0.689510195778313 0.150832210475868 0.531680767107669
0.258907891908934 0.273148199009258 0.339980076234959 0.819222725321877 0.267664788428996
0.405562150486535 0.39287995041512 0.701647575309266 0.104292212749302 0.421874982757964
0.178280934509399 0.894040565509782 0.347628994182021 0.205194220070919 0.0771802440193578
0.565605509157731 0.623817423261831 0.15204994785601 0.278749638758137 0.436029451636683
0.450245654831303 0.110166720752343 0.0960942357284739 0.149476196227792 0.868081164733596
0.324474159996185 0.434421083686427 0.122914766171267 0.597988277298963 0.577318648593272
0.279325306661238 0.305361700335896 0.619891210918377 0.549921195258414 0.376899417163628
0.339991186948306 0.580609386620309 0.411157422928898 0.237289816887142 0.567399197512655
0.377335384294238 0.342099806042172 0.734105248960728 0.266443897565273 0.361500848358564
0.761348493508702 0.179344317526658 0.0225509729284548 0.614514165808415 0.100239118330595
0.218042752033673 0.795274434051149 0.0115220876731893 0.278011179411995 0.492516962599066
0.554114521017609 0.126961921762382 0.541877281674382 0.525838948402331 0.326649934896889
0.183058370029873 0.528221456299472 0.121082927000553 0.69698263920043 0.432464856039255
0.210888915602658 0.687225437251025 0.387974406774823 0.512046944699865 0.265576448094198
0.506998858700218 0.757938266713321 0.38673773622764 0.121940041214203 0.0636104618320091
0.035305171458284 0.584527000859389 0.209282210649973 0.578769991365163 0.527549034247299
0.374956014019038 0.0759105913874496 0.565075901227401 0.297666824503807 0.667629580761685
0.445923408591194 0.0531435819273452 0.623168508844029 0.453514636195608 0.452010572566413
0.502948188022296 0.363930420423946 0.197941305904122 0.395975832408115 0.647008615723787
0.28487213876873 0.729243618131718 0.597351181840186 0.130572592750879 0.114777931432556
0.489921587103212 0.230309189638563 0.503664679159919 0.605248933173766 0.294839168898998
0.593417533451127 0.0644231727082868 0.0471619937450465 0.547986806620047 0.584115991843516
0.604402817222909 0.733179304994809 0.0753091396212211 0.0835814545859634 0.290668221859816
0.358529566026114 0.657398389477911 0.00808389416559177 0.271675265181857 0.604492438943997
0.119939576439928 0.625557754391308 0.347191379745527 0.688033372310685 0.0189794188925342
0.522995963599968 0.505614023753018 0.0462554199672587 0.681764507449507 0.0623480035623219
0.530644896075991 0.522382824502205 0.00382660867155242 0.418005333218774 0.520373978404316
0.0114533845396415 0.278999612172497 0.785896019732515 0.00618181446121742 0.551685841515569
0.522413724632958 0.514721002796835 0.484354893922135 0.00560927233140779 0.476985390124823
0.590047547734393 0.350067085310443 0.407904149303255 0.0844822006894521 0.596467844852291
0.516435475037008 0.338436268330136 0.554160155649381 0.472334255902424 0.297593959941779
0.513442113049264 0.436340345187033 0.261608755190458 0.641211913579612 0.257667306426018
0.209788971338952 0.386300688169941 0.361338335244679 0.585113807146583 0.577786124784084
0.285605633997092 0.218630543577902 0.477571819889311 0.0265661317280725 0.801155106540904
0.495012721842024 0.402432483562008 0.495524718915298 0.558530461264684 0.188439587592519
0.822310525725218 0.164360904176672 0.412546507870629 0.232313508393646 0.26949342315041
0.537922268018088 0.400627451008939 0.413053252864542 0.00118750209730297 0.616054282677384
0.67358149738914 0.271869123416762 0.326808577092884 0.596640096951818 0.097938219074348
0.566977453459107 0.521451533824156 0.241522467066168 0.527678737623656 0.264285665338925
0.804977535504771 0.392756716830617 0.344972157914065 0.173650543654146 0.220438262717324
0.547770907246733 0.549130252426365 0.290753435021423 0.234452442200967 0.508819704230775
0.149921684863236 0.567738193586464 0.249285043920477 0.3304421825369 0.695601727160567
0.251394368318175 0.225246593311131 0.618736817089428 0.339052206870346 0.623115716359351
0.25021717062171 0.576103895499484 0.180680105344566 0.751750827769474 0.0878695715078567
0.625095261899844 0.679875467266163 0.0790495887193557 0.374478314821698 0.023289843528535
0.000564733539244856 0.953909889167771 0.0422792222754146 0.117100696034748 0.273048528243468
0.579228409215231 0.566313802725834 0.501943492564875 0.00774729567074502 0.302945269779482
0.341947879549922 0.129722320800916 0.611449785958434 0.244959931111691 0.657546620825077
