0.5399656555338 0.183205648669095 0.433709350904308 0.42797069365887 0.55100822629703
0.412205120229504 0.401323012402802 0.773187817041808 0.258007854060263 0.0681125935041584
0.106635923754289 0.0645861004272748 0.727625288031087 0.264201298102917 0.620658142373947
0.53346881000547 0.455748245830446 0.56030001452437 0.180067107568588 0.401676854784654
0.479094612258656 0.211133922322039 0.140031064285188 0.606261925079693 0.582003950659669
0.418065209967539 0.105609803552547 0.705350097804921 0.390810260273288 0.404742670841738
0.68303221218964 0.128918989624867 0.197626628064397 0.683613632981747 0.102288845466273
0.45870456056883 0.0822664167506529 0.413279163750556 0.460909544284108 0.63212742986349
0.555663632437903 0.262521618122865 0.24784153468711 0.526137625856835 0.53298602227989
0.0754910111167495 0.034560166695358 0.530148599210461 0.743275356663663 0.39948830902825
0.337328378240283 0.639624039677719 0.0838002002254185 0.486019715450015 0.48358351474818
0.202300219132895 0.52021388974694 0.51067658335915 0.338225912609583 0.559700624889039
0.287637001178008 0.533756147268662 0.192733584424854 0.448647899397595 0.627644930360399
0.188825181606203 0.256872472361682 0.255221411700559 0.008707170830495 0.912769302682711
0.516936395239805 0.490031775720137 0.2534476290221 0.362386625342178 0.54505582757845
0.404982835212718 0.333660942333613 0.484087026438882 0.590948560568025 0.375631239835366
0.483075356096792 0.17408214816183 0.697662752488919 0.259871012490217 0.426693504380153
0.253631617896005 0.274350393139561 0.754315582722678 0.419745390882303 0.339447599317526
0.073666692824154 0.653556165300057 0.457220848566955 0.254207220103663 0.542001238051647
0.451434145991591 0.688941677907183 0.18065855413988 0.110034622176315 0.52613823755158
0.507358141458156 0.636514440675655 0.124417362711518 0.490087379364898 0.285957625445872
0.205435037839165 0.318133894669021 0.575896421732249 0.603450957206021 0.400970727078511
0.379308687332357 0.514384080157922 0.431716978665399 0.506303341579252 0.385760695810233
0.15257048268342 0.229985701973105 0.118016792750068 0.342683626058481 0.890207163396299
0.157144696524074 0.319882511870343 0.459245466105557 0.602085899561774 0.54732704516062
0.476682678524831 0.0627157921551759 0.653018693663312 0.424350334030573 0.402906605981019
0.534955016062742 0.258218057764336 0.588955084871565 0.525344634692775 0.155857268797989
0.299572210964797 0.44073031585708 0.625281592325818 0.286312027921928 0.493012811261436
0.493067394678277 0.556410830975714 0.440194604711555 0.457825584299316 0.209561389148667
0.133193160869271 0.431710230145063 0.539284913345578 0.257348677960966 0.662441921435641
0.580997576838805 0.290021908039963 0.460371734440595 0.580790995945764 0.170495729332972
0.357388515387281 0.28702899018913 0.873919208646305 0.161131119801958 0.0137763148435209
0.340437005296979 0.417137116645059 0.513580786134763 0.655018945300974 0.131469497418483
0.565424923465181 0.659403621923372 0.307277775725847 0.383594771721299 0.0625854533561332
0.105841587844193 0.292566028878381 0.767880426474654 0.368282143011111 0.421818196389393
0.465556409739125 0.507392948309407 0.123533351456377 0.537200524298142 0.471131333205997
0.0949961322735026 0.754191891232257 0.306395060642924 0.29074367084246 0.49372108596986
0.16438482509827 0.191721787289572 0.905713193578364 0.0387371593496055 0.338235759522122
0.271911516603374 0.0495786635012168 0.667125518406608 0.220940532801195 0.655541689688859
0.199453128859358 0.664051738346476 0.210157925356639 0.679928741018912 0.11306764229197
0.0128073741458645 0.39626697117367 0.250124387950914 0.882767053106409 0.0311220054999846
0.182594786474825 0.501337902611037 0.521568009524198 0.21556136328517 0.629936156651914
0.22995475780157 0.0571464438052077 0.0703489806326934 0.197541552544113 0.948621868431907
0.0975878477846835 0.0601582007141683 0.757687350445703 0.569426227308791 0.297525214862598
0.242374513281321 0.249583386359798 0.546928155850989 0.63984087531037 0.412838921595717
0.423001782953733 0.610886269805441 0.248729235908604 0.135956613468394 0.606248318298438
0.814237316750147 0.303622051562068 0.227277471483218 0.0715750218680961 0.433651022156685
0.590980785703471 0.332622408520379 0.0507296131648699 0.632730867656331 0.370381154680443
0.291660693493801 0.576733121232195 0.595965679346311 0.474446276090693 0.0451507130558216
0.532206080518436 0.565741204347814 0.55817418536478 0.238290909603453 0.16838229941123
0.25272938361012 0.25419307408051 0.686612306065447 0.499976864373364 0.387427949431138
0.0604749284384101 0.760349414101832 0.553623507242259 0.223164198736714 0.248817813141165
0.679041397011522 0.132577007203729 0.378586699294497 0.449382914658767 0.419586970049872
0.5683371372404 0.351018681565281 0.513211168069025 0.46350047175828 0.274882508127815
0.0359454431045122 0.190616489768888 0.311229858622356 0.0484642782556245 0.929064296904836
0.423581483717629 0.676993519653086 0.0127878215972658 0.0184381432585886 0.60146072813715
0.0508210304404116 0.405616097323726 0.536679654685864 0.519348439469665 0.524542611351575
0.397277537786986 0.458865896276936 0.533239971604948 0.559026342737258 0.186433173047163
0.242765553894001 0.542891420742404 0.636606692379087 0.0258700997542192 0.490302404933628
0.413880937377173 0.498796681383809 0.449900533712366 0.540673845670024 0.291831702681539
0.466585498074872 0.498903504602251 0.204376661713421 0.603902757431743 0.356265218334642
0.570320988426462 0.279208183117947 0.508183489848922 0.564650620285998 0.140342361017074
0.385978149291519 0.216320917922154 0.558532621850496 0.544604545628823 0.442349780092682
0.0690200279133001 0.158307954516065 0.631796306483908 0.415190214987943 0.63136783238881
0.519616884168349 0.176161974718144 0.00204129209497011 0.527038127806317 0.648992987108163
0.269943500778169 0.577983141779244 0.489474531617775 0.226031909594924 0.549900220902895
0.106867133185419 0.0466302558767737 0.18638682360443 0.906156588405885 0.361310426581983
0.0646476910831268 0.754573889689382 0.395531573069565 0.259911304295585 0.449933116853094
0.00849303051375818 0.481330969306877 0.43435328313116 0.494597472245093 0.578756366963459
0.697445266075285 0.00904275306744833 0.508119551459358 0.499824448895538 0.0740160195981165
0.136750763148901 0.0918474905685865 0.613652326520655 0.644812343400543 0.424866015596134
0.185236978498655 0.405151172853839 0.0185009053585662 0.649363621922876 0.616055510450126
0.706764801458081 0.167158478177002 0.505896978058429 0.0863508329849753 0.4573328545246
0.340551856949717 0.342228446086675 0.421338366433792 0.556407097153024 0.52895108150551
0.687999544146025 0.249152133260428 0.404956453316265 0.539825956648164 0.0958021356392708
0.466477470146525 0.320923338438764 0.253866677536158 0.675326094961329 0.398614295017189
0.179681551015898 0.575442003958145 0.594720973749657 0.120934625566356 0.517940942604985
0.215588495549143 0.34569089912141 0.464693030929493 0.506883118252604 0.600956982060752
0.619931482136772 0.593714958374285 0.157420267271211 0.294672706997817 0.389325520433949
0.0192655778434532 0.253025582175931 0.726836216350681 0.626079774771262 0.123855248166078
0.130914892097152 0.579204333841394 0.162572066129111 0.0394799831217872 0.787016699272483
0.467747726383139 0.0506368763512663 0.622155812911307 0.613812874323699 0.121671159244666
0.128710456833034 0.650235123254344 0.415342344654886 0.601864952246622 0.160863976023205
0.417395790296582 0.677840897161264 0.0357135413580888 0.598411496525836 0.0833108406372105
0.493790277327338 0.616986864436224 0.23139289212185 0.295629651956445 0.484312718695003
0.531407894790619 0.48857454825543 0.310000272519891 0.552196079832439 0.279069669807533
0.644947978325646 0.285529482225278 0.0761838952295402 0.660626790438309 0.245526531960724
0.113951494671088 0.680103181217641 0.118847200377461 0.374706075690345 0.608231386532339
0.367059634005449 0.518726149079163 0.41198656876961 0.205514056874419 0.619855988860113
0.287489049671083 0.379505281639807 0.731097438692079 0.247630921439166 0.421308971435192
0.590149664603249 0.5727562424972 0.252266967353863 0.307555317209442 0.406749018545154
0.461074250959337 0.448875763586905 0.543001313785004 0.421405670744088 0.33687967860802
0.653519395768444 0.380961403745577 0.484094257764712 0.0247375032204271 0.439114579289163
0.520863553801387 0.151472385791231 0.54376100000484 0.634472279987431 0.0867535328697922
0.479794635491445 0.488384631797382 0.00335318732990827 0.140671915481783 0.715176710685676
0.418810015185935 0.346344707446509 0.597270848478594 0.286194734322172 0.51575539009076
0.36723863420848 0.0648979363067597 0.130990264935692 0.455421039339465 0.79772004539616
0.636611140336233 0.601196603746907 0.112712089899137 0.464010730597891 0.0726562201299113
0.383207110864201 0.386587452735754 0.255234947011876 0.147926324094259 0.785286811320678
0.30102672175713 0.460381418651993 0.301485513027996 0.655618966874466 0.420359510249069
0.226818434639702 0.0593798252306527 0.715158088033798 0.634159033762802 0.17725310457096
0.280017999575298 0.696358304517834 0.612622905081691 0.0793219047492729 0.234683282828396
0.57498631532973 0.256112021784153 0.286576166553859 0.54074439641548 0.478818303732979
0.479193994165128 0.281687169524993 0.489921969563139 0.645413834931633 0.185587984253526
0.222574722881194 0.440874323726141 0.571732599955336 0.320693663496639 0.571286033222233
0.428623747229156 0.434197832077207 0.473111775801852 0.634839310647883 0.0299703717766215
0.619742571935794 0.0352260535064237 0.185310360546809 0.563884247937184 0.51222348138981
0.310730030837132 0.525320657371934 0.384362632551417 0.432442662361474 0.54105800552449
0.0811554022871257 0.602385150311266 0.382606780987853 0.657354615893785 0.228129111402589
0.689940689304661 0.189513430858926 0.297461929978954 0.631561530496217 0.0267009021637985
0.536712181645119 0.183994354928575 0.512813676720275 0.438633770129411 0.471920184034172
0.234489314395823 0.554996905277359 0.71285639218657 0.0154368236202852 0.358595405941005
0.145920111163361 0.33225243724895 0.646404140136056 0.288255963519994 0.606123606379368
0.594887766925141 0.158710939677705 0.21707797908444 0.305637606553619 0.693096087744137
0.274051532548069 0.463539565784916 0.816393024488639 0.13956835077048 0.155080409754056
0.42725753240049 0.779734339126616 0.368397463164422 0.249005937500487 0.108373029935247
0.566237930306085 0.357131929182026 0.40786447526341 0.580880417066533 0.219216564903568
0.63012944322413 0.0114302787857512 0.460501863401306 0.305467599888253 0.54537492858708
0.82402777808771 0.476515725912132 0.276764704921054 0.109116341386512 0.0735248668863127
0.422903634748453 0.147319407915969 0.425701997375182 0.571568823728967 0.539941105065822
0.258523865542749 0.428172175052264 0.422533243105886 0.677658402557252 0.334781641327333
0.606039718034627 0.477053681964156 0.0617263835850755 0.456559702725104 0.439179617134066
0.238448545489415 0.569270745920727 0.768792429397798 0.0822723228197518 0.145816920799048
0.696154796955166 0.084560100188075 0.252894674140994 0.516834791476475 0.420884984577834
0.636532019065134 0.199869977826519 0.513472683352111 0.24322832788945 0.481731008584434
0.355323359563189 0.342600623259674 0.508905205916348 0.643588526075047 0.288408431892342
0.199459923019889 0.33448339207914 0.540129867304471 0.497082617459676 0.556331912977517
0.698886590052966 0.476879864942881 0.0544216415882556 0.0168803960603911 0.529996665849778
0.0619151910161009 0.512878336218452 0.462280546277635 0.185792260449759 0.696347796614201
0.578517478364296 0.360626063542107 0.14051216418058 0.496348713824771 0.518806954004017
0.616471548964186 0.26868292896986 0.512535230453226 0.0555018836864559 0.531036243065752
0.643001163380911 0.519361644553324 0.0248626524297701 0.212543746162617 0.520595803420445
0.0284300430259366 0.342850954262336 0.872670465811635 0.345279821591901 0.0295475670151886
0.132552626823465 0.327080482560895 0.373837912842464 0.49262681454827 0.702148271777084
0.417135965358293 0.442028719694156 0.584610297753931 0.379749011217816 0.380302097823955
0.370714983219306 0.647298944704951 0.078514252849229 0.657902853880723 0.0676300551211791
0.183986160583253 0.666450696278277 0.36479350882945 0.596119868387647 0.183192141134453
0.0890527163827543 0.421161410277349 0.580158523282255 0.687643747974717 0.0724903023326866
0.430867705413734 0.498660624114219 0.520302280979881 0.475284918386801 0.262831476712182
0.679464435714762 0.11552631307185 0.243738824354028 0.137006913360392 0.668432676326359
0.403242464638611 0.412370430985184 0.136152010315818 0.395493214620177 0.701707837805473
0.0847384709753156 0.606249453311533 0.353050561336991 0.0715539408330016 0.703929205664274
0.0551306176209685 0.356233526464665 0.177648611163945 0.461140368454108 0.79110607452908
0.246965138724344 0.17648580120939 0.706957474095935 0.627123460370576 0.121607061879954
0.330710456506214 0.0169107457529564 0.311405146427759 0.636055468079478 0.623542217448051
0.371669217214212 0.179916873753413 0.562064517615526 0.634165199419566 0.333781199885406
0.364420121088408 0.622518956575435 0.0675233297376295 0.137712632210759 0.675384301654154
0.53282226724172 0.552853881444359 0.0690521451630638 0.0169074379104922 0.636709476209505
0.469902642916181 0.10367969419333 0.587944058565076 0.590709088553464 0.271710478065766
0.653760108840401 0.346539561281112 0.604406982106508 0.0393930975064015 0.2926575411737
0.611595184690341 0.186861873272028 0.306009358207042 0.30645117945447 0.63520069086985
0.281237260943607 0.511635289238497 0.717125609827857 0.321159244988679 0.204260943281145
0.622467053997384 0.46495952234218 0.293153460244089 0.347055724375783 0.435844906126099
0.432265134398918 0.577235173231282 0.646733975634181 0.107893554817143 0.223697460774734
0.671221980842779 0.461154016107521 0.280050365166082 0.50689604724891 0.0377652765801515
0.649988506142245 0.707362179546881 0.193140982191258 0.198132622840106 0.0243662388224994
0.462328351547699 0.227240488606712 0.0566001890771954 0.606322300383841 0.603145042545027
0.588261678768201 0.332151661963756 0.396377007730643 0.165773461482663 0.599189367360679
0.615581355998802 0.218630774338497 0.153916234660014 0.459233960982975 0.581957163755887
0.547838885304853 0.496611455973581 0.000923668344737586 0.666974963169046 0.0916142067922606
0.609124319669295 0.608083021810527 0.120002363035837 0.466102991418072 0.165982035263267
0.499447600632701 0.230314499112296 0.453229871643173 0.307658429086992 0.630425491380962
0.636011714914319 0.0153560330769297 0.513477928038805 0.560076787281286 0.133819656648555
0.708922531237654 0.495000175294037 0.209380847053787 0.176919994164093 0.421025709089702
0.118886124220244 0.55999008408521 0.620644569318725 0.508876391569497 0.167697143304562
0.609064036664275 0.690218148168128 0.044433901912042 0.332475013611864 0.200314504882297
0.474252090277157 0.197976938973845 0.122378590427882 0.351698918167921 0.77280103394515
0.0938842779854812 0.307920058971874 0.519997046180791 0.554848414132973 0.564018872846715
0.136270681716401 0.261684208946914 0.562365273176973 0.551252639626619 0.541126143262039
0.314998178250386 0.426018676838182 0.69664668142937 0.333281168937983 0.35055855198349
0.365150447999684 0.583760168321327 0.547706175204503 0.319111389564739 0.352242931653712
0.17693171616128 0.373395496616662 0.477009180042147 0.741442511401319 0.228026786507735
0.610220189711614 0.336142207861817 0.318048360684576 0.560652386595732 0.314887087433683
0.346046363888433 0.551627866514281 0.0840512578709801 0.680963708647546 0.324318399847716
0.405367778533461 0.111516880133406 0.77188732390014 0.37144000026321 0.299104053765414
0.14460692235035 0.312616646941041 0.607259995621189 0.350571759249293 0.624255083598612
0.0993751632299078 0.434208764983247 0.643700345200035 0.607988269080172 0.132617704681559
0.110542822818295 0.501820787416636 0.537993730669026 0.551642399029408 0.377106869459857
0.258979773360369 0.0591708491244987 0.752059033989894 0.356122641790769 0.486838947704731
0.0473774028016693 0.804248943478329 0.0540997843309736 0.568505882040704 0.157522360438839
0.411169368723579 0.561031262239912 0.42209799796193 0.446492098727414 0.372373144713021
0.601775840291986 0.506525693545989 0.215262123007316 0.481258956825431 0.321480317737043
0.207660171012238 0.337445530481839 0.518724124306237 0.746815118800682 0.12728011834709
0.0663128219426272 0.47943287844998 0.57948382424927 0.0852279849066882 0.650139533276788
0.512164122845884 0.388755864145823 0.377341779338353 0.578892206450355 0.330232924219476
0.0247308499267956 0.346442552314581 0.111544736047338 0.827153131753035 0.427482644675703
0.409458546097589 0.504539886115244 0.500416624618563 0.48807355185899 0.29858099759961
0.495498206270737 0.336999858915819 0.440986534415072 0.290688400051613 0.601617613782391
0.473890260896856 0.370394229775586 0.42348183863538 0.50276415485129 0.45401263431619
0.449950931085206 0.632267913571736 0.486550938346826 0.370913199256791 0.153209099253652
0.524583232096812 0.504545534421751 0.477719910881637 0.057216319262766 0.488626867717274
0.339667504267148 0.0499046615329086 0.672547541997913 0.581071786493281 0.303596597471522
0.30161752288467 0.263636046911605 0.716942060546605 0.547639116022712 0.160026201225887
0.0460649833230353 0.0458158286489062 0.431694243605335 0.339855928126367 0.833016779730184
0.245145912622018 0.766532947192614 0.266753932910696 0.513968851714895 0.130418868023274
0.564403483589075 0.221612254316355 0.107681375978293 0.733398686314989 0.28786768597432
0.22691856646392 0.901099974674538 0.363864508028177 0.0112188683662406 0.0632736645493193
0.105380034654862 0.53400346314948 0.600289131460017 0.329303387935543 0.48471392283042
0.102278159052556 0.726401980451023 0.404640332669142 0.0665407572342798 0.541957442777333
0.48749192881563 0.0958266577766201 0.508980965420332 0.650923687465187 0.265340537678452
0.20525993693706 0.518394701276249 0.573591805720775 0.387035250414985 0.458619065590925
0.534678330696188 0.474974208654681 0.381446187292901 0.575609925400568 0.108123095483149
0.785049766082726 0.371786729438565 0.15775630557983 0.388816368446597 0.263450701772907
0.100630962888579 0.548039246570789 0.282697452768058 0.438281998987697 0.646155889153723
0.291685806764119 0.399969247239962 0.723834938828281 0.382283915181469 0.291317663246927
0.527095469133756 0.0722030792385381 0.573081140975007 0.619692849563722 0.067200147511129
0.501110863615022 0.0914477073419454 0.577006377310915 0.339053443785478 0.54095436220503
0.387817610278631 0.374158519425935 0.423599726205253 0.477169005513628 0.549978104686663
0.463280625047516 0.550444060509395 0.452682562464221 0.0933497233100585 0.518407875619454
0.193097267899682 0.366166467446026 0.447254129565093 0.684182809849546 0.400616012587025
0.701249366021332 0.401650114351907 0.153696712443282 0.558323187833638 0.107605998007509
0.318261802372332 0.75444298234554 0.363614407487154 0.380572059040495 0.229073529866998
0.474561946587761 0.611714178139152 0.478822612864054 0.0106777473480214 0.413777251955673
0.601933288939556 0.180434789958045 0.131996925192416 0.726501856754776 0.244727330126442
0.225250035890895 0.487383969562711 0.187843165161527 0.711328244090442 0.412851501154776
0.500942689456392 0.339727459831622 0.419409900055808 0.340050896586981 0.584895202905716
0.275056106839961 0.0338016982776488 0.247079656169671 0.569347583145275 0.733482485378691
0.606390026072545 0.45573686916959 0.53010480417206 0.224904146302432 0.304962397565527
0.524666322630832 0.0163045071458905 0.540355071741286 0.348950035568504 0.557413385257279
0.603292693027542 0.361857750749227 0.363705137009218 0.201791664836705 0.576277356901885
0.498658283904258 0.497409135346629 0.498977179966179 0.225765391225883 0.451636834154393
0.727639071279197 0.0225420479646378 0.318635359913155 0.577465588007056 0.187185042410408
0.569185630509802 0.444805158727206 0.435850345201367 0.304456367626542 0.442172913677812
0.384226674062955 0.643402430304004 0.0753543084036063 0.576109442674323 0.317526083785121
0.240341941336884 0.214738102485436 0.8954899823408 0.0356391226198799 0.304878406978142
0.605520930124629 0.613455551498345 0.485119030171033 0.0619221531511765 0.133573436849936
0.503346736194151 0.172740104775978 0.565684136664937 0.359116068139831 0.517532633264911
0.486793805003414 0.3804445957655 0.0566933280883379 0.464132865797403 0.632186879332434
0.679474870118244 0.299990036363294 0.517364317430871 0.20276912083972 0.37354882631822
0.0670042326818488 0.359699485623951 0.654756140277441 0.321458296674791 0.57800144732735
0.576250116742481 0.492967991327189 0.0224437668149171 0.570102751883741 0.315273678106587
0.558151959689059 0.334722617947666 0.581669042641142 0.487727450012249 0.0144989057177095
0.393068218589248 0.29839472268396 0.831507042021239 0.0354963073319104 0.252574773570769
0.497363677349438 0.559668064802834 0.393940276801174 0.524309627018583 0.0964961295739072
0.0884213497381385 0.756169044233486 0.604995742670988 0.221587053059711 0.0725904313239399
0.546114673867432 0.317064129364733 0.5774087605575 0.402380811481584 0.325450313626713
0.183935128694792 0.0736269311506029 0.65630111025047 0.385812549186023 0.617385190149519
0.229172089591942 0.823349679787388 0.149983560156874 0.074463802987922 0.491462645450613
0.407779268834821 0.492795195964238 0.412076047698267 0.51006105446738 0.40112344031745
0.3304910844709 0.697181416246604 0.354802622788947 0.360294190931838 0.386027085537381
0.137069607455047 0.839926516640379 0.0545535884977454 0.461076906204173 0.24529036243539
0.68618510129309 0.247406954940375 0.271890129146457 0.587834756517569 0.220149635732554
0.612217763402321 0.136203548866921 0.349814094424469 0.360541446774198 0.59521254014904
0.227094868448982 0.670846680553503 0.385799043063082 0.539757410769515 0.241275128858085
0.104987555709697 0.590915804230243 0.204810053733941 0.247586399842721 0.732495694157617
0.264876239695326 0.543148033089794 0.676697234795444 0.00347839703053483 0.420594275959445
0.631374603490637 0.24345497232373 0.37788105256462 0.233755872487436 0.587077412875155
0.0688996885399458 0.596730675848423 0.154439831191518 0.753129958309145 0.219337497613573
0.367343114008744 0.135225115916668 0.345099896541042 0.728933798543689 0.443096810374114
0.33096596118681 0.469544741020514 0.258324088978477 0.655091528517708 0.417268526291455
0.961913679918556 0.125456872029253 0.158840861131243 0.0555993014381582 0.175102667486397
0.491407790938919 0.345362613135797 0.272581752982907 0.594280602072914 0.460187790356465
0.48726359141681 0.412403029402977 0.506855546270633 0.156176011913541 0.557857008861876
0.663837727248605 0.707264328579592 0.179339996853152 0.148432187562888 0.07001208912947
0.680355567404329 0.0317299571544184 0.625296250329284 0.293847928689128 0.242420101992717
0.168076649425391 0.382053832316194 0.350357729470042 0.562034902726658 0.622214865338394
0.527010974740908 0.17785352567096 0.0716384530051872 0.580347963082879 0.590501252924686
0.273891085045988 0.656874961564937 0.442946568427471 0.447839905144926 0.311025264696463
0.464493952595961 0.430297035610696 0.201702555083741 0.744645790888253 0.0625184335338491
0.566475375824393 0.445157672784474 0.399607229658852 0.122814189151263 0.553327237620938
0.244445574140708 0.233625381371277 0.415498156550641 0.719662091349129 0.441716310135999
0.533471412078705 0.687431517221393 0.032553742066259 0.177914875102007 0.458402348074666
0.0122115671081838 0.632456802843648 0.719944404014879 0.0533983418713026 0.280495886562726
0.687552759066868 0.480321392841713 0.0234413750751844 0.22212052138905 0.496664412848934
0.286084685717082 0.0267271694232901 0.409160075049955 0.167617565825966 0.849666755630977
0.505323621537469 0.456437052945681 0.592936842108769 0.0334780118364223 0.428507150708222
0.62303227947875 0.177956746327453 0.43583161068 0.154273419015106 0.605320323862933
0.444265701871587 0.44255174313791 0.339635070423619 0.295821880578398 0.635541796183026
0.247272893132454 0.209813522206299 0.437265420242888 0.806155797040223 0.231832235419378
0.140135510989303 0.102150247320176 0.786190729812517 0.57670239014599 0.138729431228411
0.16311355721605 0.558127866913606 0.498337815065183 0.642689362084259 0.0222947878792992
0.673016726322896 0.585103130296563 0.303586983449026 0.118533910865773 0.313827131494332
0.549965971200402 0.597645613699591 0.196101500319249 0.039479553501171 0.548035324933644
0.363750757909569 0.569436987671079 0.0617991812752359 0.529646440566994 0.509001387405501
0.149310253666503 0.558798720892665 0.214386171599566 0.56630622502139 0.546613452640593
0.308720784425053 0.114856294394506 0.492984228557506 0.163278952364353 0.788546791896526
0.65681911270536 0.145437964495319 0.0992707385015242 0.286456612663157 0.674925463445642
0.217530131905779 0.426388689473673 0.225255653825096 0.204556434690754 0.823583561424349
0.871009485627885 0.231466065491668 0.323996628630919 0.276131716185204 0.0808912629674371
0.516126179266389 0.492451488424329 0.272648210065611 0.257984648252821 0.591787270426146
0.528603835720866 0.333479188381263 0.406493135861461 0.612687712116345 0.262195945233553
0.360290149284478 0.500896051299904 0.761140501919566 0.182683885075478 0.0811534878615439
0.141475029356956 0.324674145278928 0.712556328078219 0.0337578108812896 0.604727546070158
0.678300711769628 0.717470012582321 0.0596624333682274 0.135941582811562 0.0557243713756269
0.157846432245575 0.300694912160831 0.686218629429083 0.531806595716259 0.361874026430589
0.594382866955309 0.274655480480068 0.218147238295251 0.572808576267654 0.442239179506552
0.0585784885826173 0.268563970122617 0.197155406654704 0.776753043593232 0.531249856021461
0.247463246934082 0.397108139051841 0.473246164688654 0.0521337780867737 0.744571826021844
0.645212834119192 0.190020615906383 0.38347054957295 0.557768999101217 0.299059601869401
0.40081819828586 0.51146631687214 0.732349676297706 0.18387372502428 0.0871859134290921
0.638804154004942 0.0735967711604011 0.155756626667574 0.565738336045148 0.492130853004359
0.557993061693345 0.345945646464529 0.653423758640213 0.0700470360634756 0.370264982380924
0.637342495954508 0.539377611958775 0.46023602743381 0.214662680526297 0.212059112535486
0.182399443952804 0.631496760911794 0.0492708649785174 0.470837628619226 0.586367285192578
0.123092605008745 0.299859527026662 0.660614412108242 0.584239167066576 0.342323923826166
0.540201620473152 0.686587205550862 0.466740905087392 0.12781398828288 0.0509581232922153
0.543391736390815 0.456260256660081 0.105932861348816 0.477197126855777 0.507556036336576
0.535515360217181 0.270852125757667 0.212912008975352 0.295186764262108 0.712317117288755
0.399664352934647 0.588507411576461 0.362334380748773 0.575111113066095 0.178573334146463
0.237613783114854 0.415632825177392 0.564627195927283 0.569445516661072 0.357375122081553
0.317292415230952 0.401980178094536 0.464993494852813 0.389182035044749 0.608322162179703
0.191452890840153 0.708157887628304 0.677330063002038 0.055350280509834 0.00430453016084264
0.117199951743233 0.0945326661399943 0.659368548842551 0.451418998762493 0.582049611886637
0.318752182515904 0.100782345111037 0.533055328505911 0.715337393353649 0.303948014431301
0.337177086179688 0.354642201651782 0.335636586200558 0.749387871735424 0.293779545003458
0.0870233419539811 0.642164693552785 0.173817240197731 0.620596654139386 0.405831004471641
0.83649197192693 0.245837345955085 0.324151978021635 0.234816937212336 0.282190859842121
0.434383517811464 0.404548855012283 0.802096113958757 0.0619319263369706 0.0213879366569177
0.552613106603411 0.330923000651683 0.562787520104196 0.182527553379906 0.484832570607553
0.385554179941942 0.771604250500803 0.0946456348866301 0.254071489777658 0.427158912838605
0.014933883672055 0.295062562321526 0.135192712707714 0.67767022412126 0.659697704410812
0.73708827068096 0.151019903387084 0.102796060652332 0.448378532765132 0.471469544377214
0.23155312416964 0.507417716754822 0.563702456584221 0.0727965886114233 0.604855857653752
0.705229690106381 0.104021906050664 0.128978921237334 0.655935502207372 0.211999014324267
0.480812045653713 0.0671008433552169 0.532582718228298 0.646388127841971 0.250709573021891
0.475128948049713 0.589826085399378 0.645491616706674 0.0160462136913006 0.0971635914074645
0.41480729269687 0.340601124294846 0.105581246501934 0.588945706291163 0.594912883944263
0.24302570000815 0.63939385470915 0.43735559835241 0.431099788783597 0.393683960044434
0.466273782675152 0.617744862557116 0.323113518061806 0.43639543829083 0.325786310729553
0.181131229194339 0.505759523093037 0.432476128147597 0.56349325647979 0.454795042953984
0.199441589865029 0.100697471018762 0.120766248482715 0.754506220519259 0.605160266365605
0.688914013616661 0.346331362101111 0.158104875893152 0.343345891830056 0.512414398948747
0.620774191903993 0.0880402734883516 0.548861957253957 0.200653713068636 0.515147505304224
0.648097846386552 0.439839785454949 0.382010240821952 0.354745286984131 0.338724226930638
0.262970588251879 0.58003309077562 0.504887249048131 0.581330760059103 0.0393890400677429
0.573558571763878 0.567366000339942 0.305327460119248 0.0995053395641746 0.495984088363512
0.522307503536164 0.420298561303508 0.360325840111532 0.366387817032563 0.535228220102464
0.492045462795532 0.531871024508503 0.600790139011911 0.159322567934623 0.297778447916186
0.280710137417609 0.625037316357348 0.542187772222782 0.331191909169267 0.356194484607363
0.665266498287884 0.51213134789415 0.468260482007467 0.138284436960494 0.238225742195406
0.354215929680118 0.833099267080861 0.147168700402616 0.336137573766649 0.214078470366025
0.505724269315069 0.787328670721915 0.260883590872363 0.064967223684273 0.228200656320925
0.235590065930898 0.087492506550171 0.672712852548366 0.271696643968664 0.640687703803225
0.569500203601771 0.437717541802988 0.358523787205622 0.50177994741989 0.322103166812313
0.127804269630521 0.530289643319147 0.553771922508016 0.463132569830339 0.425797890385547
0.168213125605775 0.774752804230086 0.0486849928063477 0.584632190850506 0.16521927735085
0.583146980814789 0.406510987329685 0.614578849206668 0.1321915818773 0.315446730424371
0.470692890819551 0.664801265020354 0.549587932881819 0.114855528198199 0.145769654703141
0.590890006644337 0.729519298005755 0.297697343854029 0.0711262335490958 0.158012481305819
0.783449240798461 0.24304681694871 0.276886264426388 0.467482354222041 0.178689050941668
0.493778492843304 0.552034839753057 0.446668183505732 0.413041255879594 0.285175017295185
0.635283760326431 0.503509473047719 0.00560994759777223 0.335218537568823 0.480093548149616
0.289016965223141 0.494383893715927 0.14069472776109 0.55370125714735 0.587940193268977
0.131888006099292 0.660551094609902 0.180683909538712 0.0664186435937783 0.713596310159871
0.883353484485707 0.141889379390888 0.413333656152165 0.16402467994835 0.0424878632406237
0.0726337542070952 0.636558524543853 0.403616482936322 0.348464927035573 0.552434169751059
0.346719017591848 0.5039640710362 0.445646823289026 0.60296479830059 0.252266721640987
0.492891648393523 0.540401071925427 0.466481501064799 0.381020996556973 0.319753833054161
0.0994991711702914 0.508536970888525 0.168679267394638 0.437007930084924 0.715584682598815
0.458847652414372 0.555035017398139 0.10868342366802 0.655093171636568 0.201086576455533
0.267787682852325 0.612412943602856 0.352946056354075 0.646594869263187 0.102880026083274
0.515670312917177 0.218830963739933 0.422521484740375 0.145702874876906 0.697454948272609
0.111075526335696 0.526399604350069 0.532578327140238 0.326149406556077 0.566173625359715
0.511466026386393 0.479976410037661 0.55195070723749 0.339341903218534 0.297022960661177
0.153407630040175 0.233807341911536 0.313486392368556 0.889214296609104 0.181175170537921
0.602194865903708 0.424222288739561 0.62570805266254 0.0758588224552725 0.245217587266361
0.0513826242282524 0.501769152230395 0.232379257281967 0.723993327777207 0.409171218338454
0.389795589995241 0.297666509567372 0.423348384988842 0.180720560945983 0.739979912484756
0.46297031471991 0.320182410853402 0.279084074463941 0.410173452861218 0.661068475588393
0.135212362646666 0.229319159663529 0.963446369744488 0.0198124980729156 0.0225587576120063
0.288848323566163 0.0988591996760325 0.720101295920998 0.509386155515218 0.358850070077681
0.193208507015784 0.537475791801147 0.237944339362428 0.570446265366687 0.540151641429551
0.862845616059539 0.276650907014699 0.304385733483446 0.0477694601403967 0.289877771525203
0.326099494569177 0.571772335314743 0.431468293335367 0.0193294649436241 0.616601167564343
0.501333340402471 0.387410030247861 0.616923454200564 0.238196525144009 0.401554750103662
0.621037837680824 0.216383626758463 0.0548237939846647 0.703309846181103 0.264272098635897
0.30144726967 0.111663889448037 0.117962486434204 0.766540903324343 0.543286862280692
0.488145334238963 0.0280777811505099 0.18103803863139 0.324052394406183 0.789392833204428
0.288536118968964 0.403128976869603 0.663940866213471 0.533279314294128 0.170380853314233
0.439866206219162 0.324226327585442 0.223792228332498 0.582148839590097 0.558940762718822
0.158068521184868 0.695951325390673 0.286277923577142 0.58232167088933 0.263841841606696
0.194437638182631 0.50671778880265 0.539710607304431 0.514668955878791 0.386341058634247
0.0650040267930689 0.417659990415316 0.57360025514399 0.560976990941104 0.421452455017619
0.653722431235962 0.533860851127201 0.470058663559103 0.258218249721622 0.0027861903051852
0.544956228301867 0.588968372802349 0.16949775291344 0.421795776997136 0.386649452784087
0.387881366771341 0.00889700981296579 0.661068573959488 0.624551043540179 0.149643653604242
0.564020117284314 0.195968460046074 0.477120121993131 0.318375623295494 0.560777158634536
0.468172534933766 0.305136501076137 0.562945996418829 0.246173018995507 0.556953178534204
0.636543997794522 0.275983047936439 0.465988657999674 0.242549711150014 0.492614762629165
0.23259503452792 0.683513942953527 0.299755792821698 0.577668326448005 0.234848906724462
0.591788152670712 0.363902838827854 0.0882750893326847 0.223165376366646 0.678060638620216
0.497835475640846 0.219185064161627 0.200325858220223 0.640157824677117 0.504167885604497
0.185744855913399 0.494515625877035 0.00318184586275208 0.743448601559106 0.410155088913778
0.11353910573654 0.609071849689893 0.0841479038445219 0.483568740641087 0.6125526562976
0.145102216343602 0.751799917746246 0.39650082634755 0.110593998001795 0.494265407246553
0.613407507390427 0.259442512052245 0.557930416387678 0.427538544549872 0.249690320618828
0.832536941068145 0.229237147498469 0.286511987739877 0.414276917222766 0.0248613897722433
0.178324407042607 0.514098551756422 0.210786349234493 0.774818417553918 0.243163771418541
0.566370741769771 0.275390309977345 0.653956854293956 0.372774211910307 0.191739875076481
0.213002371195278 0.15292489633469 0.703349976641832 0.645606800465951 0.140480018138755
0.536928099429129 0.474754177554811 0.0614688533142574 0.563011309846218 0.406886387085086
0.0655881018445606 0.238661520901859 0.00997643405600949 0.812215188537357 0.528153233077287
0.275443072258821 0.599778210796154 0.029325964292924 0.717914406959988 0.219399416353749
0.547968521785251 0.366344054332696 0.424372663582186 0.074187054604712 0.616381907846756
0.576517768640677 0.487946952794415 0.468988557236813 0.236175286868669 0.392181081585603
0.586023261686874 0.27113116164484 0.547562714567282 0.352356775123987 0.398853866205319
0.0234070973437145 0.0162632559070477 0.575425993071694 0.59612375034103 0.559203911894439
0.522624701991591 0.132175502320633 0.185218411174495 0.659062717772711 0.490635844245538
0.570475930912046 0.439698145647197 0.445382769262565 0.104294718337668 0.521516589894632
0.2183003930532 0.586081015032527 0.65331554777504 0.422594580045116 0.0587077351219762
0.581616728001912 0.603539531166275 0.157352994854496 0.40881570106739 0.32491810291063
0.662621916830055 0.648098920934041 0.0564934469811263 0.216353529069479 0.301495646615285
0.63536664469684 0.540313574199308 0.387987734492625 0.390122034413998 0.0405065981120692
0.562607184063861 0.349580625853542 0.485029840893523 0.0292084442004349 0.570227553436146
0.560940859476594 0.434597529003316 0.207388893960481 0.269232836026915 0.617230804983536
0.481893450814027 0.0622738422807394 0.779094817298361 0.395555664959293 0.0211577930698854
0.0303155693355584 0.0424157253661407 0.620344596030025 0.465498093293879 0.629099340178984
0.525128169856496 0.0975026984707533 0.553890395823983 0.470539938249143 0.431892608110549
0.210921617980113 0.00766167703363199 0.555393291903662 0.484894167053747 0.641770447932397
0.438225348721574 0.592685410837463 0.42730072275634 0.52222924661343 0.0370574396277037
0.263799720599074 0.535418669817729 0.0838704925450194 0.569162792502421 0.559245931173009
0.488180387776321 0.114238042092515 0.433579907730181 0.473542128544862 0.579996461054133
0.784374350751221 0.600041043125527 0.119981691101062 0.0923826451708111 0.0421599943098192
0.297792361396049 0.581261585874408 0.23401907782203 0.655053729796481 0.299323170797017
0.521543010339615 0.43965436508975 0.303397210862182 0.152728232914916 0.647550111524318
0.337837627384442 0.0948637821606603 0.422839063457883 0.646553437418077 0.529190305404733
0.316626524417008 0.362479677427336 0.541093161551599 0.479007117828458 0.496111377696127
0.520106054396801 0.049922536523633 0.100015084710516 0.808314796080387 0.252233236895357
0.35757466800809 0.113017361076181 0.346230785410351 0.729133645682582 0.455912056061297
0.31254794855381 0.493801222399093 0.720501726812964 0.289693941780194 0.235433248219865
0.260093058540987 0.626934731496064 0.254632703833592 0.648736860469106 0.231532104361003
0.477316994789357 0.391512748121577 0.427481778506586 0.643631356815439 0.147933296158476
0.61321160557636 0.569281360978916 0.119278005107356 0.151360794625858 0.512594309543419
0.183879129324041 0.166695530131986 0.450187350395176 0.124808322136529 0.848619642892317
0.529094734030202 0.776693977944693 0.1745458702851 0.0487705502113857 0.289759209766412
0.63454040111075 0.127095089504443 0.618416400847441 0.422331134171495 0.142838670724638
0.585223289240014 0.163507138108615 0.386461975750878 0.384215078947583 0.577758627738834
0.758052341578235 0.335562379862164 0.204600658393903 0.473742785026927 0.215547862129756
0.306711545439367 0.614784677277928 0.540351408095514 0.371124566422328 0.313456122041832
0.243990572907916 0.0706811249174048 0.915460805117562 0.23923924817958 0.200421743671817
0.0732661406664498 0.702086285516079 0.560883276000966 0.204421878359887 0.381219840344542
0.512926531809209 0.124461003881078 0.501542732252159 0.315717792325413 0.608434873107465
0.0188136811881672 0.732031561953723 0.665087395917453 0.0570203893382531 0.134845351032941
0.575038241184189 0.314025641137761 0.163558705934483 0.727597007811193 0.120706511096331
0.768720315800753 0.119162788906974 0.216196364042496 0.406161962634635 0.427973010946589
0.447306877436977 0.480754742765774 0.486313350055961 0.338215693292487 0.466798570128301
0.473733090221722 0.419949785890471 0.390782155815682 0.636624630137148 0.203020992900517
0.388887182439198 0.486128207947877 0.32563127406963 0.362954697832644 0.612106433098764
0.584225089046684 0.717361593562797 0.291616414226173 0.110162344101129 0.216558339265545
0.231929253733327 0.539135220972497 0.728400912475812 0.333723119382459 0.116632007029307
0.629958406130101 0.725039604034923 0.0140138575499919 0.0806230943783526 0.266032906942606
0.402166433648227 0.470714637631372 0.51680225906634 0.365349249832499 0.46489271906214
0.332957443722027 0.667701751037373 0.619520676861164 0.126776089775543 0.208412250922127
0.667762376425722 0.124862406144821 0.121037663727531 0.255370681976723 0.67722853373741
0.0898496851485863 0.73620835553183 0.490774289165655 0.129103292587629 0.438631084467117
0.176677622096525 0.180781973151084 0.644212259457542 0.339490399066664 0.637055515430236
0.68417507787981 0.46244542899182 0.255731345153867 0.314182359346414 0.392351388673523
0.67169560050673 0.27490428006714 0.216680566624151 0.651100810126584 0.048681866856289
0.123646711062943 0.373838182463217 0.901741510589463 0.178034968453563 0.0110590353777898
0.197332386458506 0.25019934483282 0.590545114309241 0.65045074296332 0.355851817536133
0.24883126498374 0.652032157745473 0.305604161659124 0.104337792290286 0.639262691159892
0.00341972121705871 0.702910203151046 0.453791496798774 0.527644224386926 0.146868654644891
0.0929054282700217 0.647856087822859 0.342131191925757 0.672170846988034 0.0527605045433926
0.286329701377425 0.780728821933256 0.42305255008019 0.227982490655434 0.278439100230227
0.619483720512966 0.0308786005017861 0.305206819715319 0.42440235475949 0.584822939464865
0.526481530808825 0.339380232521936 0.470333304659688 0.209225177990183 0.585362847226766
0.310514283981381 0.545919707446615 0.52505522994998 0.441693164044798 0.367119472111194
0.569173938173144 0.262267687881353 0.462992523766753 0.137065027911397 0.611643514686115
0.249943679280678 0.591936355552276 0.355118450344384 0.627315172177418 0.259819300946151
0.5349272948016 0.097522220777978 0.696831033605176 0.459612410067862 0.0867476158008193
0.208118378263516 0.477097488032468 0.63531036475735 0.0793085214782026 0.56493860409331
0.500288695693734 0.23719504061885 0.65203979990124 0.447630908005259 0.260615431642147
0.544654581853905 0.543633758314736 0.279063344781543 0.574397968952891 0.00208474177655966
0.537240299395837 0.276220030384844 0.596338654617082 0.463430107227069 0.254338554380305
0.479726478241426 0.585433521705215 0.322167852254473 0.33052353919943 0.46270094310119
0.553584294162226 0.315429827176769 0.292427148477341 0.626428823494988 0.340766408720461
0.451359536007121 0.538019801776693 0.287847331458169 0.643289043131308 0.100659738283096
0.698196580278434 0.259725572345076 0.554062134229471 0.232263266500687 0.290057044053472
0.455345679293234 0.227352802133366 0.720874108793864 0.0325996571345036 0.469306719892711
0.425060116602279 0.194334886463744 0.598321931125664 0.208031354820773 0.616677931600175
0.239356507386686 0.533459017351555 0.578639079632628 0.119302426769812 0.555943959106221
0.525888071103441 0.277987260126121 0.573678543215693 0.543549804405633 0.147008023805482
0.0611585404516273 0.279148889339803 0.316811872753276 0.452817347405741 0.782893490636607
0.763214764885323 0.0999136411340619 0.560125130634142 0.0812214728867298 0.295268348033733
0.0936656294455854 0.65881956394052 0.34830626962889 0.659803304180555 0.0229319506238403
0.543205190861931 0.363835175270168 0.393042359087993 0.0336920218885673 0.645704760304882
0.312840130525934 0.312764691410256 0.357369021061024 0.636259694961122 0.521315915634109
0.374745197448989 0.495863796554004 0.303545455088467 0.598034745630251 0.404845318572494
0.0807498435348127 0.00427874161891554 0.663917544102289 0.729575470518417 0.142808552230869
0.181714601794474 0.683364870655141 0.130777521013924 0.0157888712872345 0.694723116493245
0.776927193651783 0.140737347237215 0.356711383288118 0.0194266716697008 0.498955637624741
0.494598919829549 0.769593162218258 0.382399011733483 0.0640877498452042 0.112969152052138
0.559938747248735 0.542339771028742 0.0975055969172191 0.306483265622167 0.537491245094651
0.257246652854422 0.581952449041434 0.487749772304049 0.0101156584772068 0.597623074956778
0.13087713149981 0.160693702817937 0.513061930320275 0.356141579085789 0.752980306267937
0.109959531863829 0.0875675579735362 0.091839487370952 0.695096717442493 0.699032821906777
0.578450091716097 0.390047077150558 0.0668748265632143 0.595315992850163 0.392919069566382
0.733977337854708 0.583122358133756 0.0401021606039819 0.342852517392767 0.0457116067599802
0.044639878031562 0.0406271435056028 0.750145640641534 0.050185035423547 0.656597057978439
0.668318865975685 0.515360242809427 0.292785801632309 0.357900705709043 0.271914090712265
0.828010683167738 0.279884011007264 0.481623272925333 0.038399382061238 0.0512616755148285
0.54741136114145 0.116089204724386 0.46874590146986 0.490099745064904 0.47638599683686
0.574304585827875 0.501927768838677 0.426529490065082 0.021811773271897 0.485633193076067
0.60698233725786 0.115092706080605 0.408494139360256 0.590458381925203 0.320651755938783
0.358120336389233 0.170305169154851 0.496327912283064 0.729875863914209 0.252360458051221
0.0583455257364166 0.0954053723818068 0.593399957875515 0.676451209915086 0.421644240023487
0.462808648741364 0.611358315881108 0.525850386509164 0.368013356192256 0.009833866253051
0.560463719489182 0.270905203148584 0.173050207079348 0.529048395872372 0.5501383559597
0.195433829205613 0.453493943151404 0.172854087894262 0.738408433284281 0.425468344157257
0.361775499121919 0.486186873758074 0.196510606287581 0.555469370406338 0.534395146101938
0.573792619143588 0.0169026764652323 0.290335357281626 0.532996956943471 0.549632562668737
0.645793019212605 0.587644664676326 0.218256654010939 0.0077691259346013 0.435808212492466
0.68682161948602 0.150523000206529 0.580469869591192 0.364431623484544 0.189375847764786
0.412817567571792 0.163392719056728 0.327750950777253 0.592648056743093 0.586712936934751
0.371794594123409 0.569136927504636 0.471904360435045 0.351154466909052 0.438005425198596
0.638423055090244 0.0200265608646972 0.168629530704627 0.224083137057706 0.716495477061709
0.449618737618106 0.445362105912924 0.764091233961188 0.0864827874067368 0.0904483226242323
0.169982152030506 0.471480826392179 0.569406341489781 0.187803556132515 0.623953636827954
0.290456301812688 0.425315902454422 0.538570763222291 0.435959824131017 0.504600916172858
0.233042870406328 0.31375684062819 0.572048290941648 0.488582117833676 0.530373389675326
0.199597254492033 0.261710291113817 0.559190427802253 0.505324150901496 0.568878042724782
0.581040363264098 0.00302670126744108 0.647404371299609 0.492283370154409 0.0301263809465737
0.300177451519272 0.462494963411871 0.153165217559153 0.315840906086459 0.756820219464695
0.46792799709037 0.22109518557291 0.0684348295429555 0.558780773767341 0.644391984299055
0.634364205166898 0.161682240788899 0.420173624392513 0.318163981803618 0.541910245579632
0.371751269525615 0.564679454529242 0.553116625652004 0.0337491892791968 0.4856553282823
0.607918453090075 0.641340868412561 0.255561687377882 0.372133578366669 0.123781536155355
0.0990782302836854 0.472333582694208 0.642512318045854 0.069770588022173 0.591095996560195
0.368671946492062 0.46490864097683 0.217925176745278 0.538811675675803 0.556894556366646
0.579073763146396 0.17298109647784 0.615056614787149 0.0182631229613755 0.50608589788994
0.175352156335911 0.57647357531719 0.100316308068085 0.540450314600712 0.578601705850358
0.206627395091521 0.585177033648532 0.125513003738237 0.432065947401337 0.642213719782432
0.208288036724415 0.082742313113894 0.395428908587691 0.674968731324339 0.581225423880967
0.0172318591293166 0.645342764210744 0.736678574789589 0.177890672076661 0.0943152476849715
0.795677875819156 0.43700390246591 0.162887041206934 0.0943577054522157 0.374818279156879
0.53997064419869 0.689890128861181 0.0227045536202756 0.150549488059335 0.457496085659245
0.480383670883571 0.587992928350093 0.363760538519418 0.516380568505755 0.156605312950881
0.00116702438138118 0.696746067035175 0.158737304497891 0.204144927264749 0.669082112268683
0.630031250530768 0.324640631227333 0.288439962145211 0.609752489494657 0.206575346311443
0.51701563537206 0.423932440310823 0.412857119651623 0.419709652352184 0.454278466701107
0.154622484558801 0.382684223932353 0.848188702809593 0.254233225843566 0.213508930317939
0.213153500270039 0.634075267803601 0.108568071758082 0.330943141548049 0.656661062451142
0.21276530119424 0.246623493478327 0.243090641337669 0.791637572575314 0.456206831221734
0.654018964446562 0.11854821697805 0.177108116275203 0.671089819957116 0.276544179282347
0.551198369131493 0.292179228152524 0.413994195083134 0.28306114968 0.599413753998256
0.187477003720614 0.463840456797706 0.167288044837319 0.62665087990252 0.573609438978772
0.67011729553147 0.322721466143538 0.327092274450605 0.44581051192744 0.375575953662476
0.232075564736637 0.779215331912551 0.387045639502677 0.427496167197545 0.0800443548162871
0.401038684966686 0.0849394170418684 0.459018657607124 0.749548025812068 0.243788632964221
0.189012792627317 0.0976025016692935 0.45574160089495 0.864298992937137 0.00589575378363529
0.500728901391433 0.546446989850146 0.276570167366999 0.395566116086883 0.466586160233639
0.588623105071901 0.371927556636348 0.182930137726248 0.506803591197959 0.474214526823396
0.298432177037836 0.0683734453450633 0.870176691423583 0.0461898821558571 0.38330448493285
0.452926204185721 0.53458319531211 0.516887950303132 0.49180613366348 0.0056775500187496
0.612480749229942 0.415665375104975 0.285636017425777 0.515720702458535 0.32331695032334
0.579535309759552 0.222981324340952 0.303691379416044 0.500433259568281 0.521302457814368
0.594796945644392 0.203195370754206 0.581563941591497 0.00544190432634927 0.516412627918825
0.642993976392177 0.312385818218486 0.525567925691361 0.0963399760975061 0.451077389578946
0.656587383801499 0.459730038689078 0.466336256522635 0.158548230875544 0.339019547074105
0.0351925473107216 0.356740721470648 0.602664048206513 0.392500483027066 0.5951780893827
0.562627993808977 0.433826073545638 0.364844894282929 0.036557053063827 0.600663352870331
0.0402160512233651 0.15869896374685 0.547178420772026 0.0772412256516669 0.817206752927884
0.638633262818482 0.105152864466291 0.296195664393535 0.516992030694042 0.475476391958294
0.171343935837336 0.280836459389829 0.329668872808664 0.630393149196087 0.621043517377696
0.229532829395092 0.0420753584323901 0.733383188809116 0.436859822373236 0.465668270779605
0.332983395395888 0.567495551988993 0.0202565334761488 0.506966904624131 0.556457624020635
0.0748740537616425 0.2638099172936 0.513979327411594 0.246768585653468 0.774421538788117
0.32526111081197 0.26021467946711 0.481706552450705 0.525581973846378 0.564106298916255
0.581287170522856 0.247369326806315 0.697551303717666 0.307836936768569 0.139900824099253
0.0438382642377798 0.361080736086089 0.561080770224251 0.534605289322555 0.516802150275185
0.464692870304431 0.429604855239754 0.376487269048263 0.507493256837893 0.447446237162979
0.554689579477581 0.554846268779717 0.356565225468475 0.156358963535264 0.482574556881115
0.21627676317851 0.468423267652996 0.665851574107833 0.376297533983109 0.385805457720168
0.352973227743088 0.244379605076139 0.101446602599856 0.330956483283914 0.834185172556278
0.149165014679387 0.0429349943711763 0.657782230176439 0.559877175795707 0.479339618998032
0.023271830406748 0.0586879908320262 0.20208791077407 0.683796041828775 0.698281885158058
0.319390435759737 0.44845739464576 0.70159903065515 0.119104934166933 0.436404089776421
0.375426301671761 0.526517561837688 0.00588258334076747 0.54608723867491 0.532530254595184
0.501981576499447 0.14048164905108 0.55297975153198 0.460002309302195 0.459228345126143
0.556621739641391 0.129157298681623 0.695693042795174 0.0865365313220747 0.426630109238663
0.570458220511735 0.124461382059661 0.0478202203939507 0.700904325695053 0.406857635752141
0.20114485223918 0.416387893248965 0.456422711274822 0.534481043697451 0.540527698951673
0.545569657291645 0.0362009893242273 0.438630643043322 0.712955616264078 0.0184576714548766
0.665606027324557 0.258668280757852 0.643336553978737 0.272573664121453 0.0433706451550612
0.1102618905883 0.439960033845556 0.542899620181844 0.691472245630643 0.14629976087279
0.385493002745588 0.774879630071308 0.474211167369229 0.130063638395141 0.0957283784698909
0.344952348515604 0.280347854049885 0.508715709907658 0.535764089876446 0.506535412854032
0.0240008229948093 0.608291625286265 0.407619271489199 0.509409303724213 0.451391127396179
0.694789144781163 0.381951198454502 0.325222554285332 0.515289025933964 0.0094252973205567
0.670032680636817 0.238151505016725 0.62369002308757 0.324406263682182 0.0105545592851467
0.00681929592974919 0.660441282410545 0.688405791355946 0.200497949845297 0.222865089743469
0.584239982580324 0.440019557304057 0.404497167603329 0.521301231091598 0.172259977382311
0.0118752788432796 0.266102847408309 0.607276847859694 0.335607776536731 0.66905194322657
0.346860136574266 0.0341271707937796 0.441306026522766 0.562393843101352 0.606205854529362
0.501499759647785 0.405652155288662 0.105707486996483 0.538856259788924 0.531417141671264
0.614562837862859 0.400631455838536 0.424203351090825 0.338599969414011 0.408911399384744
0.658256627462343 0.471810380564986 0.0539435105109038 0.583138547121646 0.0336557532621209
0.514402638115864 0.207551717878098 0.319052515925366 0.453216219364218 0.620574540963605
0.690794777684527 0.134820400330004 0.443565634282587 0.386171882215809 0.398430471033566
0.450000468927404 0.620930195929599 0.289186713238859 0.534845525219457 0.205564050326842
0.151984802741038 0.135800235986283 0.652893741581542 0.532533000561171 0.498595307999191
0.670150663239658 0.0573912836487667 0.151969303563872 0.17709893709878 0.702243281472587
0.522886659613441 0.271101806233803 0.384572969414373 0.564057483405325 0.432476749045923
0.494606389094835 0.135928896951943 0.279364240996546 0.680581931802319 0.442325343832618
0.643716023013737 0.440479248803344 0.518730150623592 0.339986340446388 0.0832828447696125
0.207481077678394 0.520768603245641 0.491649059625829 0.297225837695322 0.596397239978815
0.588548426922993 0.514320523100563 0.359551002923544 0.42614245140496 0.279662003302698
0.582882236540424 0.438065752173793 0.338435214089045 0.589829734095196 0.0768712282959995
0.569906950027994 0.556671998708386 0.0383353635123145 0.240485875926223 0.553190109770751
0.928910359874577 0.349907890009233 0.0432222945039661 0.0448965488299381 0.103952609336871
0.136862861460834 0.550455136810382 0.603958009118989 0.443929874842053 0.341216484003282
0.638323044570522 0.309320390665706 0.360004049397753 0.439825271529818 0.416911743213809
0.053239255616888 0.307529956429409 0.121898126211591 0.895597232143955 0.29263860333537
0.41060225921348 0.293405111262729 0.748369562279444 0.216812122798762 0.371826205470861
0.0219590348353167 0.335779062703248 0.627243299591025 0.32922234147907 0.620442354154221
0.495153808102077 0.333044503121143 0.678203915388415 0.100739019489514 0.416887472067604
0.454929363149905 0.355761424918732 0.283680601154935 0.494714555245181 0.584171129413935
0.603333525940457 0.298801971731514 0.348539160953064 0.639919240825992 0.125418725350067
0.0137506496430103 0.495032192126357 0.807764952786455 0.128810518320972 0.292707498729957
0.162458288457423 0.767218070716529 0.446355960114319 0.299809574745178 0.309619625087028
0.179994493861424 0.481328315057923 0.350316980722233 0.469065178043209 0.627041391829935
0.610531258059412 0.430085694430987 0.317438001369918 0.307627951848634 0.49686621630565
0.0255788612390988 0.145163044046763 0.231079614993806 0.273962223315726 0.92185699771223
0.596205187491835 0.6587409655196 0.15510906488744 0.410869389103005 0.133143673683728
0.00932862004485926 0.455450114398816 0.587552233185156 0.615572678293168 0.261401647202684
0.748687072354945 0.521670568399491 0.200528517976464 0.356386121792759 0.0102338373063625
0.0254114820513725 0.500109483187617 0.282482058839011 0.601203840758976 0.554979810170151
0.756975487268162 0.423305681597001 0.0638900581663536 0.413529017263538 0.269652042364561
0.430490511476903 0.36925985125234 0.52768782925091 0.468987270498703 0.424171635958951
0.82761082663318 0.06431602547198 0.0545610515797179 0.524554335160227 0.181079014858598
0.352215362825811 0.173257951627368 0.504530587386504 0.661625793598519 0.391951803190048
0.196316928663866 0.300303616895997 0.728109412271548 0.0504036263993492 0.581887926843773
0.105490234177837 0.366044695544575 0.469358433505811 0.750333632512534 0.267554092052994
0.778773308993556 0.433534718406848 0.29131331435619 0.17155318626926 0.302102363934477
0.340965272381581 0.498425060374372 0.318460480693098 0.525536763673887 0.507650642159012
0.343891835813473 0.175330349451252 0.835689480395912 0.345135382557795 0.183036427752607
0.689705294304311 0.328665153691258 0.239366814463382 0.311232347005331 0.511980251639564
0.402043964089132 0.296676982879731 0.455421439020209 0.717355298003398 0.168333324318431
0.303175646614277 0.912965837744742 0.0793884087317869 0.251744363639837 0.0700011596022937
0.545193366807478 0.484085966489438 0.407017233513203 0.529011460305339 0.151356586662045
0.0885754481090744 0.36069436393953 0.652665328641744 0.153938257312458 0.642172054467572
0.651976793593031 0.501999412344411 0.258478987509028 0.464403210495447 0.201099780506706
0.215022945509897 0.544185646625051 0.745498653946858 0.268492456713564 0.172541799465697
0.153514971315784 0.629857208378158 0.274229420553987 0.673214014846924 0.226482153275479
0.351546561034893 0.331161318449677 0.364069269597161 0.60269202083078 0.520541152599016
0.517104727434734 0.43309399598744 0.500414448045812 0.431876173288829 0.328786621742252
0.0990525175581004 0.546448763550316 0.382368933457597 0.518127932031171 0.526231690755446
0.219833797877394 0.0907413894803829 0.116298545715632 0.648500990977445 0.713694762844503
0.381371309479896 0.505940301941017 0.465737320255548 0.381931754535389 0.485589557729697
0.235227450838294 0.610733896086091 0.522867853892884 0.0405874482679748 0.544641185508556
0.578818053011103 0.756575021309964 0.210132062098719 0.17376883506578 0.134954833467661
0.647202944977747 0.573488530625104 0.0711114626875599 0.497140341606587 0.00582184466576842
0.722091826882047 0.00105680274361524 0.284079553950703 0.622548300097495 0.101561300656293
0.510968361288282 0.020703241768272 0.671109795612614 0.284639600784719 0.455054556554006
0.232893541285026 0.272058840184685 0.88405523594427 0.275734364011465 0.119002042872373
0.0295788695543707 0.704227707701558 0.607513327030575 0.163863141524208 0.327513136395099
0.754619864074939 0.164799349350547 0.355155605045165 0.159791283069435 0.501718324617692
0.231485848230817 0.466419415160398 0.395117309389774 0.151739602657216 0.741434175120291
0.436216265638801 0.227512975644736 0.600023185385812 0.602507289838102 0.186843137944174
0.060818011660193 0.433369035863782 0.167627597734029 0.60370372957767 0.644930417629783
0.518890912172378 0.455023797214446 0.371719039236122 0.608468322733294 0.123680319101187
0.55028327916334 0.633115243818518 0.178654767752341 0.288109253088113 0.425944753415542
0.687003383991731 0.696251349656281 0.155582662326704 0.017666949096768 0.136902602526995
0.337457570835171 0.472579174631952 0.568843195637991 0.176498303364801 0.555028899496156
0.567321688194974 0.602807222559765 0.545445553345956 0.108260859586342 0.0744196825452596
0.902710979061568 0.249351243634549 0.2327935916559 0.260592427312596 0.0289063330584049
0.571680513915552 0.561092702463479 0.0478433261376433 0.306576850383786 0.511935562550918
0.403186584203354 0.270958176310085 0.556356992105054 0.270975965080847 0.617301521700267
0.194573276511427 0.512901808032966 0.669799384806844 0.476671597093022 0.152400616866478
0.379344059450171 0.39665556529891 0.25109015327368 0.522987852746371 0.601830447789083
0.0622351840059078 0.569658029585633 0.612911144742735 0.528824830291844 0.127674346355554
0.48563527002435 0.532667948746765 0.5295446667777 0.0441983915966973 0.445030548337808
0.0211270470334186 0.554265273204016 0.317923784119187 0.0561303903355604 0.766888193660483
0.780953123508418 0.137073127825079 0.522419443608515 0.106553539626227 0.295038039316267
0.322610571093799 0.559154728715918 0.26382378438147 0.675327263829548 0.239996888097111
0.473503253012391 0.3221552288915 0.497692073528777 0.559965735822157 0.332793708679003
0.547445078669585 0.289850099458131 0.627817250212992 0.462042934106704 0.0930195305386397
0.624135221854248 0.0611711553783443 0.417978049422152 0.127407706182186 0.64480612682982
0.295480279719927 0.554872804998924 0.0939313837163657 0.542545341473088 0.549207631199931
0.58873105781495 0.250844579991828 0.387855480970702 0.547466444533285 0.374594922875207
0.0294173942706951 0.689950278605029 0.417526940597928 0.576762358311399 0.126963246166647
0.0443587919866767 0.125552063580058 0.735089457788816 0.612402816448255 0.25860250648101
0.491745603169554 0.0873295369497241 0.771863570097837 0.292059083782345 0.263605641964651
0.442764655524427 0.427969091882277 0.191741023585393 0.745569700230477 0.16781870630075
0.241681724008524 0.163962355199121 0.503987060828161 0.793929952765175 0.174294472023364
0.0805158839750797 0.233903482697509 0.54649244003937 0.422497454956839 0.679447030124128
0.729781423184161 0.229390340667115 0.0250900253496668 0.438370858473134 0.471169424998488
0.0745044889144243 0.666053418401091 0.40672350256237 0.618721811443385 0.0508058803234032
0.683394810937808 0.280806436545079 0.521093646827378 0.389175169584258 0.176418185551662
0.432364780816638 0.555304915131286 0.410174577328058 0.169461772172491 0.554740183713351
0.77477634712128 0.497948193768282 0.261871294940224 0.146307154750171 0.24856960719193
0.506902435168849 0.518978130021642 0.295966001339439 0.550405569110469 0.288391153335976
0.647341199617608 0.443805903852293 0.0194005205511528 0.423981958184613 0.451495968885404
0.520097899567859 0.338086186402309 0.48105310699665 0.0826406869143115 0.613966066280739
0.449264316677524 0.122932880852985 0.494687918724006 0.556072698236384 0.478660733620466
0.562627894892792 0.513222574783289 0.267561445258173 0.567871374470348 0.161199924596237
0.101991848958688 0.539095523129024 0.642704776395218 0.373068763636037 0.383045620894019
0.205665585279414 0.523256719089059 0.503032968417471 0.533631286660391 0.382229715671234
0.101953616512261 0.807671266881835 0.17249935550574 0.156759406371747 0.531923909593885
0.0657474985964051 0.389147864963786 0.313436278603803 0.560060206344037 0.657519178539544
0.292641126506116 0.857499617644707 0.334066607733048 0.169190955284186 0.197052021213108
0.422787437239739 0.799821565180159 0.133983737715101 0.0203668504616032 0.403942813050535
0.83090074441644 0.265354136690992 0.199116213249067 0.362634392731662 0.260845099433888
0.176876123321319 0.666233992088336 0.35493052978836 0.594418785624044 0.213395714826355
0.500060313028532 0.407630328113274 0.548302618217016 0.0217768284895158 0.531664562984382
0.286357088377027 0.619180065069432 0.568641454403784 0.185518111579346 0.420530131579687
0.286167531725684 0.67659007120565 0.184036261378634 0.436193701320509 0.486003836155696
0.0700720168401255 0.501098710595072 0.538820908447858 0.150124131505451 0.656600920236236
0.0978763529412554 0.562066511771273 0.625311089758655 0.482182841205381 0.225803464437863
0.493609231174003 0.551644394849825 0.317403073393891 0.547822889638379 0.2262382795173
0.0935847006478531 0.781586043236094 0.595187236761382 0.161607344070195 0.000616735054362268
0.327863622278152 0.605753055596169 0.110544048163578 0.418415789575057 0.581615784923728
0.667233348409444 0.288286794858194 0.287235350409708 0.224923655909866 0.581889667521141
0.364739082945354 0.605547514425057 0.0331262545734302 0.503497037409868 0.495652089396624
0.367488096092607 0.139855427526414 0.267003837891888 0.747688700291543 0.463749411459444
0.619800621469524 0.105447011095997 0.736887050379865 0.248411359945087 0.00416997717107346
0.587022592480354 0.0235794122986407 0.559119451853757 0.282903425216358 0.512054272311931
0.238789865649735 0.59630592600887 0.67071094683115 0.33827099676596 0.152046707355049
0.315624271289072 0.42878548064606 0.134684335178511 0.523254447937075 0.651605128534114
0.00164935857928146 0.358953594950235 0.068081001932024 0.526012366796715 0.768001017864839
0.537868309994819 0.726369549677609 0.00363623548884952 0.127233548506052 0.408513598709384
0.671045678866277 0.512546688880515 0.38437290450341 0.268438206884435 0.259214173919558
0.770031398748337 0.385370924177801 0.448561855253765 0.227229127556217 0.0754988830471604
0.255094438812544 0.555169214582987 0.00374425686129194 0.483560282667798 0.626792951486389
0.465922964490247 0.358909113667945 0.463917854834824 0.624717636378829 0.220472533548773
0.417758745874051 0.608712185354627 0.136853235010215 0.628337614166612 0.203494816487257
0.485448555153334 0.340255351509933 0.293345472626091 0.535167028042162 0.525462350558712
0.222124352909855 0.527289811400262 0.120141190199145 0.746162799886232 0.318486101928054
0.498408656908672 0.308685111031523 0.484977386599459 0.477609617797881 0.439304336901051
0.00493044197638912 0.842795493095626 0.199688410980351 0.469197249259821 0.172191542669142
0.528006215593322 0.206534100489325 0.583009606009291 0.0695836901611798 0.577763802080338
0.450105975963658 0.601096700170964 0.622085470263578 0.0459751718473085 0.216756357936588
0.0583347324315 0.553525482578678 0.18914503358156 0.413160367374344 0.695506481803524
0.556041972273918 0.521074969056687 0.0563411351195467 0.510347992909902 0.394548861763129
0.123724760259039 0.147949161869232 0.03974339425456 0.782599880345605 0.590560004654232
0.27213472838278 0.548440950317785 0.00549827854138045 0.403901774998862 0.679697240474321
0.0284525295682704 0.0316671654068674 0.0503534334430073 0.774453085343126 0.629185659832831
0.491692660002975 0.396974619200782 0.679707191048842 0.260283188254817 0.266271057679939
0.28406104944522 0.67411172597481 0.29773301467236 0.322357507023025 0.521846137028293
0.626825215413645 0.354519211424604 0.519803025814901 0.129300791139705 0.441012922505491
0.574844020469207 0.0432018947045307 0.620658286650995 0.381321558960124 0.370223052102929
0.313877712508806 0.466226787330826 0.540691694540734 0.337736074910978 0.526972674361595
0.427647107030939 0.183800824993091 0.573755865058456 0.0519540620619702 0.671892990978631
0.241258158157318 0.483351423079885 0.374971332229216 0.620418478238225 0.427367891629684
0.222903496225133 0.328030521211414 0.415336336565386 0.723755982372869 0.382600331981441
0.786202194178002 0.00728285599787099 0.195416191028282 0.243739273519022 0.533138583021927
0.220597042565441 0.645060374377944 0.151729865310303 0.31140658165816 0.644389670224209
0.37714758469245 0.545074359514828 0.507086918820834 0.366198939273893 0.411600334785602
0.603692331907057 0.513730152388013 0.515019029397731 0.00178723073791997 0.326173426398469
0.295826392251914 0.538327515569788 0.452755834829856 0.512238480173584 0.394099131037678
0.475725797517199 0.41306328289738 0.727789468920778 0.181951348303818 0.200698494456483
0.186107489068678 0.80608138951789 0.10500417403068 0.278934768388469 0.476199868128569
0.180621425180245 0.398659990683859 0.661172893533845 0.0731257149199071 0.604937308543074
0.309798975905648 0.500718952386474 0.451710765302825 0.333849742824122 0.581211544082365
0.606899547612186 0.420469219602376 0.0713600486702531 0.578257562067935 0.339712392826817
0.551439215216714 0.745195495446218 0.257058511753616 0.0291389234882689 0.271422751737584
0.899418274900149 0.0563066632262996 0.371261913961069 0.19208186868188 0.114653710875845
0.533806916928776 0.545129530958754 0.423552091753001 0.385794023528873 0.29941704510055
0.423808585695925 0.335783638890174 0.62057837816904 0.54440152006879 0.161694440349592
0.570750436058914 0.678998768749487 0.292814154880662 0.0456501245320499 0.354091158611695
0.110523296748744 0.316753260016632 0.601640114695269 0.701115819234567 0.184167732117029
0.418049016871159 0.441108277893103 0.463657901318522 0.538647024714964 0.354315170403215
0.387495802576978 0.427847999280697 0.697740377946812 0.390746706980451 0.165131670079674
0.349826238377144 0.231360070747144 0.706508497312059 0.569708969629331 0.0192757297271838
0.364804740273656 0.191055536028715 0.599497155692037 0.209371155526778 0.653591740444439
0.211090602175032 0.379158476176051 0.229657670116538 0.861920738862025 0.126608064883018
0.524283197085031 0.224342615409459 0.586414438481443 0.421040451021 0.391970107419008
0.579776771395758 0.261717886846163 0.20740826648946 0.421009118696154 0.612450631497114
0.619919538335227 0.593074208716169 0.448037151877886 0.080116488023671 0.238341787838043
0.14544322866865 0.389384729632835 0.425955178342327 0.0139666033150879 0.803487971035284
0.845363235010183 0.109907196735898 0.325409861251859 0.243681293774679 0.328647620199993
0.224837401058247 0.300710990794873 0.607240805241082 0.391809639381331 0.580314444106445
0.485395078109317 0.121616776145686 0.839016104486392 0.142101184365033 0.159562551125614
0.335776265727085 0.304205916503829 0.709451455024987 0.539147213547006 0.0266828564038214
0.114721427424241 0.429967483842461 0.425748139055292 0.58455697942059 0.52820319653478
0.426914429069946 0.173501518556106 0.144529835218855 0.136330067754189 0.864966203194296
0.554406722039644 0.624794971821244 0.199729649443133 0.399413155935676 0.320689300948713
0.506319463461747 0.842891547995023 0.0601167005917672 0.0685958938860402 0.157654764882946
0.285492514980872 0.53129481342227 0.583673724613603 0.520505650697812 0.156903460471155
0.425909487361192 0.123091794225878 0.877175033209056 0.0121421827688442 0.1840273003722
0.122942988872046 0.578036205874021 0.374519789518585 0.355706123359721 0.619650907567582
0.0444548398743802 0.271551978537169 0.490029248442704 0.370763058967106 0.739384460169623
0.632720639537072 0.639201424392971 0.250118110924382 0.0525537156555397 0.354633851903918
0.00584432755795595 0.637360653092309 0.315438470347334 0.318842914767478 0.626558065028816
0.727888257253828 0.396798082621014 0.0503629665331875 0.214063694948444 0.514169498013319
0.212222963735184 0.753244539283567 0.539877090701878 0.201236269206718 0.235840557567986
0.510063028329267 0.511917926486392 0.354967387474731 0.484353552734617 0.342309119738531
0.596167890943313 0.494286829149396 0.189080060861124 0.587759065430004 0.138030387695026
0.390824790376375 0.548258405854333 0.0558039975991095 0.651291269853884 0.34550586001022
0.591738816205083 0.147636919686647 0.668341826591842 0.239354211860867 0.352246046725849
0.106358321980842 0.660306450964631 0.294108947805322 0.0024003501326292 0.68277189697585
0.384714823415944 0.146231656835385 0.443360899269458 0.356039569481083 0.71223433302946
0.294576245968949 0.698904750475254 0.157508380590361 0.631478096040525 0.0344021705536104
0.449666592103266 0.639401631547388 0.131105642673412 0.415563511832157 0.446188063056029
0.44437511641664 0.339428212985745 0.0134081410348794 0.159434894347129 0.813461726424489
0.224406473203178 0.0270166042021484 0.199477216410987 0.0546002471937792 0.95191359430423
0.293726394922156 0.509167673928387 0.288201932998552 0.73552301690353 0.174409352310642
0.0587174490116847 0.584132840950022 0.373584642794668 0.710245687043508 0.106426801179464
0.580661303126768 0.564576755914539 0.337026738328169 0.431957394196437 0.209550292252334
0.636623403538327 0.245671303763582 0.208440746045531 0.642868742357023 0.278618893944147
0.311870789753723 0.503497800945133 0.341320479321402 0.524125520376809 0.507956045566298
0.385142938834557 0.517961251834416 0.455001413135808 0.578721712961062 0.20355822571401
0.0248977223457583 0.0950222448487598 0.467101360531772 0.792295354965431 0.380046399661231
0.660506428102632 0.0501522557474609 0.0892872509750185 0.496548862587236 0.553789692532453
0.366656137032758 0.375392123234255 0.436456642480307 0.685047250404395 0.254676058823927
0.606501218208363 0.546610054948637 0.421061972790215 0.15551891389702 0.363172689820039
0.429632442429193 0.487911204236792 0.456557683458015 0.130032711722471 0.593300258511727
0.197537925980757 0.059849101149925 0.71318150104905 0.154982038631351 0.651728138991912
0.36709946089586 0.434504754988495 0.57707666783802 0.0652791417125078 0.582378533942145
0.494037790244645 0.194687042772971 0.717458880908953 0.233982336348855 0.38539413289269
