0.276288585941862 0.319593846052478 0.432110333268282 0.745476800305836 0.068352918872121 0.272758628486506
0.251524542061006 0.624930466775975 0.088830383082633 0.0283744262832563 0.628907534382437 0.376797936044846
0.536924638182612 0.0913712383302262 0.260502224982198 0.625501381276709 0.201067581846953 0.451466133889292
0.46766904618427 0.0981321467506061 0.513912032887022 0.473896326400855 0.455078640179083 0.275455750612818
0.594816734876338 0.343020287928302 0.467415295017427 0.54695738620213 0.102427245511443 0.0199838189613776
0.234433867136393 0.449336449765025 0.0670989413332293 0.605116147602737 0.575858263408785 0.20213103991777
0.621662087480135 0.221998382113063 0.229268128293147 0.172698651628096 0.571029897450157 0.394701310641202
0.221154037901795 0.677658744298891 0.383777307603875 0.557371650300058 0.181229553892663 0.0328205454092282
0.153136280165214 0.414426250501417 0.623048856081808 0.39652050569103 0.352731617039888 0.367371991902763
0.238698330400536 0.448051694925245 0.315765579072919 0.659700998742386 0.347100832518282 0.294754964563398
0.2810914876185 0.386460800983414 0.390394268277952 0.434113283083695 0.317917895571268 0.574196664317402
0.0651688047151845 0.409272568504363 0.487238225343072 0.38053095117945 0.601607962628006 0.290020616204111
0.109937526890796 0.103030403879351 0.186751242216797 0.594306264740163 0.165052593304353 0.749653356373584
0.695342452911397 0.106165159910091 0.387423702945752 0.397089626692848 0.43688385028569 0.0811359114616534
0.729984396589797 0.46098990552161 0.24567633692081 0.227414149723805 0.345031728199191 0.153264921821854
0.387697041429226 0.00384387086934908 0.463946884948343 0.256853563503017 0.441618870758632 0.611087994135187
0.205196175945213 0.55673583630147 0.456733438472875 0.32550368892458 0.212776108933177 0.536756909689718
0.398674938600355 0.291863720592256 0.479908319167801 0.551747705070896 0.396462117848311 0.252891530478615
0.629438966772734 0.598616663841398 0.0337477775397929 0.347501800295499 0.339740167799917 0.090248997585923
0.0731021331328708 0.558836492281968 0.449235054132756 0.0902015616363566 0.297404555419937 0.619645001478735
0.51715071066429 0.719928938505189 0.16762760604277 0.193423318911383 0.172992699189712 0.344701896401723
0.441056248974803 0.248996001202627 0.23140469880818 0.637476277197989 0.441981754219345 0.296982098689222
0.458564746479197 0.453551937070342 0.50449655830447 0.113432887699521 0.256702099671338 0.500728717308712
0.0403523302375409 0.418319682139557 0.00130979251114582 0.323213689565507 0.84150930736281 0.103796020741907
0.633896827416425 0.287265295344899 0.528915382567647 0.0407607080905764 0.12140717744246 0.468509169927899
0.478202389502878 0.22381255190497 0.540351976627503 0.296633238390727 0.439446600574326 0.384896823530376
0.101183265458363 0.557294519653641 0.14625717848845 0.685838963295329 0.43287943408373 0.00582364740816142
0.466214442410584 0.380624171645016 0.449863432241365 0.61983827302096 0.224793243761235 0.0257048407318111
0.134536110396574 0.0432641418691781 0.205742241527755 0.158500647178283 0.552876818700647 0.779039888109933
0.157364346306118 0.517375625606192 0.187512799475181 0.282654345750296 0.46699252539281 0.611900626432878
0.465610475700258 0.470737119274916 0.527971732125952 0.514159850030703 0.0415871407832824 0.129496941541999
0.615254007634444 0.37665591718239 0.218522462847342 0.0754887390459084 0.571459032225827 0.315557893479406
0.669528291056935 0.0724593254318025 0.177889852096776 0.487303123655629 0.414488458113322 0.324917986451417
0.0883740969454076 0.455811779116678 0.15336275864354 0.451629590932565 0.316895101437554 0.675657984891603
0.139338710688442 0.480036458992958 0.266006628607011 0.28668571236779 0.397502343693718 0.662716669746952
0.680774439639797 0.286109986080118 0.651224470895659 0.132162395671025 0.0453268770109844 0.105225957329693
0.587659214768929 0.36323008122326 0.258621820262729 0.207076408130077 0.504128728399772 0.39850833852465
0.477760306569909 0.130403472457268 0.674420279041658 0.352604780253085 0.159679079046128 0.38738839904202
0.0478205288382783 0.177120002280493 0.576244402021335 0.60800969670457 0.471298252898919 0.206121945654757
0.299837732097946 0.69841738529278 0.371209028374038 0.185058220374959 0.0655852210644083 0.495949978762319
0.589324516507668 0.165524418832847 0.42827331820764 0.33796924465425 0.125881792123837 0.558400223857401
0.193424902808671 0.422099593097997 0.552398880334876 0.592103479250812 0.275688249535904 0.229529249577583
0.159405876977387 0.469285468440307 0.175102372819119 0.829137118296082 0.071515912126832 0.176400645988845
0.58743004195994 0.134388850693782 0.426610935584995 0.42423781007314 0.336321594098574 0.402217302087793
0.506366838603218 0.438252314322228 0.51260862415878 0.50360746517672 0.167249105253758 0.0846592582198307
0.268287282545424 0.621457902080782 0.144443720761578 0.623054291665931 0.362388307462101 0.0377635505443529
0.569681593188059 0.0733008869379376 0.045898527034311 0.104124930423242 0.509612002045722 0.630425882882527
0.00618622331865442 0.279197011508273 0.639474774980807 0.598877845138376 0.388143753737165 0.0614208808662427
0.0876182408940411 0.140461657488651 0.123648602918635 0.600850925951305 0.376892304179991 0.673969543427447
0.195375986385888 0.522167484661135 0.5114529096472 0.293136415617209 0.269629957734566 0.518609670996375
0.730074069943334 0.100637645271663 0.372438239498966 0.000602422859611022 0.180934194429219 0.534243510847263
0.0574269786448088 0.0289823020689154 0.889768373898149 0.106067171528727 0.342717045502686 0.27471656474804
0.506128393007642 0.039996082369482 0.649465936178565 0.247706698948428 0.333961260924185 0.384108875747876
0.536629148818072 0.352311338098632 0.515804474161225 0.195482283961235 0.426158730809201 0.319416710479579
0.374041951987822 0.446552757838557 0.165834089556487 0.610754581125394 0.425000305451651 0.28202107963987
0.014943583637027 0.642121411950841 0.103265143771516 0.0848578873954564 0.727903690568592 0.199370127921897
0.393401118831771 0.164376237006243 0.0362712132253787 0.535565052491596 0.503591239419738 0.525800674809479
0.429853915505009 0.708382181410901 0.110720321986033 0.411486070996761 0.125962208589466 0.340549617628279
0.54482628314003 0.294750001800702 0.335855571556998 0.569825183151127 0.422806117934468 0.00469467532398421
0.499738034207873 0.185795719276314 0.445611957868903 0.684596246294299 0.138207851091467 0.171459617185289
0.385474666241026 0.691583494758439 0.260519515964758 0.408948078624991 0.366287851321009 0.0620146130289355
0.363616437327218 0.499722601224645 0.453220829276372 0.396536450496543 0.0893999495287545 0.497411078176423
0.124296986278136 0.271700084624642 0.560964635271811 0.354625839828333 0.614281737250943 0.304871222317739
0.325809196133158 0.0874521023594747 0.101228688637171 0.487293103985492 0.581354990135294 0.548201656653597
0.214023678791739 0.219570403438169 0.326668160116601 0.0853381300142816 0.655401121339119 0.602027731694792
0.397611817988995 0.551909879707458 0.183028835532048 0.283173306752849 0.641466613218344 0.110155502401888
0.657513522844927 0.347702088024927 0.335446638727997 0.269841819063467 0.319894963304715 0.398882668164515
0.00743844762878503 0.495682177026422 0.403509219904981 0.496412151998831 0.475421729176821 0.344925083317095
0.454026348240906 0.0734808230412657 0.462856366934499 0.499485764438873 0.307446258059611 0.479807666533643
0.347252499474991 0.474229870225575 0.581183954299675 0.0244306366655725 0.447391986882623 0.340573776330669
0.544944994165765 0.242816147967541 0.0907356759732625 0.020626349735061 0.781325345484785 0.15794798803797
0.400602324360962 0.302569560921977 0.385892579081448 0.0688337785833352 0.326383075627896 0.698421330429964
0.319995982693056 0.301519546244962 0.20141881493844 0.289698631018063 0.609164075788154 0.557774889392447
0.468287939676558 0.43159417879458 0.290760574950119 0.524463565941872 0.275851652180627 0.398415602640694
0.601143242449823 0.2101120976085 0.130324396336897 0.468716631739526 0.445216064773002 0.399477953100905
0.0294214027488005 0.556698450203981 0.472191756915647 0.238749070148466 0.53046070772345 0.357584228352528
0.371795995660507 0.432513144021175 0.502762766020332 0.199876465948354 0.617757587636099 0.0188329562559885
0.544621132756475 0.534716784577682 0.174604960194695 0.376235261698443 0.386577556763374 0.309812379324863
0.46532168999343 0.129028314031207 0.411389520253201 0.74880976120605 0.12270331130396 0.147695363987316
0.520971724999406 0.446804518514889 0.419887879468683 0.17562680654301 0.197501999076049 0.531786176809423
0.441201775486963 0.492120386287514 0.29865495094269 0.270037961965113 0.632728607693566 0.0264149027764302
0.483494062240473 0.451911411571037 0.215639490920464 0.543791661154456 0.464314646757898 0.0648977340945526
0.510941778369281 0.273899530276422 0.439170304057124 0.520825199468143 0.44691835524696 0.00721704980490265
0.0192885490550927 0.416130252831307 0.499918504814345 0.556342369691942 0.198562657049081 0.477075562158926
0.0423310620107994 0.409414603254335 0.388424941253431 0.601522891798468 0.272193008932266 0.49375601806379
0.066353704797654 0.861868590948932 0.109885528940252 0.31518789769696 0.290428906381983 0.238772962891498
0.352792737048564 0.549251095985162 0.221176636302372 0.454421690050524 0.508885086265582 0.243881754928379
0.0341098713611816 0.324760431416066 0.492928223261425 0.514349193150528 0.447734323144572 0.430543643499916
0.125288238283597 0.515862127298038 0.382676290797881 0.31985966886897 0.508044897880882 0.459704419596709
0.0966216496961444 0.473708346460612 0.44795582923234 0.691823741500932 0.161378819136796 0.246854252120517
0.569395092333053 0.0561397301402042 0.281456734447241 0.372764148411542 0.528111205395311 0.419004905169432
0.33836693656466 0.00641099775793756 0.526225485932756 0.602291054845674 0.481640041886294 0.117566188196622
0.0850254632041407 0.520064767238233 0.358549554735647 0.533263546410311 0.384225840922743 0.402176601159667
0.1897881235302 0.106851105582169 0.446001569985029 0.730467821368272 0.423530365476775 0.201704487898119
0.485967036605301 0.448620137398609 0.274138763518782 0.45448144277275 0.229649684254841 0.477631228759971
0.603280512875711 0.105304071525656 0.349469852142084 0.637572861317161 0.125019218068746 0.284087203818926
0.0487440400495166 0.0502840902978127 0.609083197193258 0.200066895816657 0.463600953298661 0.607585863082965
0.2893634807005 0.0799411353380033 0.336007705786838 0.310991042200837 0.554213938100265 0.626983648156681
0.236583685228023 0.513816273714219 0.286444746612324 0.414766297602285 0.496585195826323 0.42348844795105
0.244137785991538 0.268717187817592 0.541279246991773 0.738529407443003 0.165412078916095 0.0491706181486071
0.104101139173948 0.172612511824374 0.62378455618331 0.480211569449188 0.16997207873066 0.557464834828785
0.152237332427332 0.391426303830437 0.629219621847786 0.320795721905589 0.522205018657632 0.228219048421985
0.590887156646597 0.411322266973595 0.0268597463670772 0.31146831335324 0.00648212583387271 0.619588885187961
0.56855420325798 0.164178314599277 0.110198538654232 0.485554514628382 0.437586303543174 0.458696982033797
0.464465242031754 0.446738613403349 0.500767583455152 0.440891962237583 0.326215574963271 0.182005917170297
0.475899874853942 0.213211493169877 0.219041040114931 0.590798799658471 0.0527269940135644 0.572937896690423
0.10270027745133 0.620643778168605 0.427057939982906 0.438306088020669 0.441753061136624 0.186057721446908
0.084528917596579 0.534044515966583 0.328315842576786 0.00932401023764923 0.760016739902246 0.148820840175404
0.676520219349181 0.0953283245568895 0.170095944448943 0.390385351208292 0.474892000131933 0.355495624169418
0.0458272637896339 0.429377952592183 0.690821197101498 0.232991520068798 0.525924748559084 0.0736112748541146
0.561822858400099 0.305663182111636 0.147276288329643 0.143761307865772 0.395351993395615 0.626310048981501
0.240426447734197 0.0724098628031391 0.592588239504172 0.608510588960086 0.244873220002838 0.394389506261237
0.243160822648792 0.610599221681932 0.230404182131564 0.245892145428501 0.553313748234207 0.385144474837751
0.438369162061057 0.399996260498643 0.144543744280068 0.191162511087833 0.428954311503538 0.637493269241023
0.269522601674329 0.413684510052473 0.523947512253911 0.203182038799451 0.502660186647234 0.433303004376094
0.273580587870439 0.438006669673651 0.181546398741042 0.18074522570493 0.225531893045082 0.785373320765607
0.0496824846762989 0.0603000333013581 0.592582837504291 0.686312929113019 0.0515235353411713 0.411170312685465
0.0547456511718888 0.369762296711787 0.0737229268720529 0.495134246958657 0.46693401826436 0.625826164152466
0.273085165659207 0.653910179782687 0.444230833641598 0.419264333900917 0.0755939367442232 0.344946243002703
0.536094539994933 0.0644202233453495 0.0767723490198568 0.688427321500106 0.0283411723144841 0.477308376630623
0.445867949162191 0.135324027627114 0.487647296669919 0.417891919915933 0.29118706547652 0.534477061879502
0.162317730925612 0.218122396550974 0.0486825551028177 0.518854121146548 0.489081506117634 0.644434065301976
0.506684839058039 0.315666636292066 0.251117235938133 0.457128868679638 0.470529096210269 0.387557414397912
0.113402050605065 0.272596579482716 0.685813080287564 0.455037221687208 0.375974292165209 0.306718041838802
0.347151135760295 0.0958230249805608 0.599167062095672 0.0171497459579403 0.581586461402063 0.415651227173646
0.477575562987369 0.0178528221938556 0.0309200135592185 0.270132179656925 0.75833155132838 0.350155215457661
0.0262321982405828 0.2697989106744 0.0768166687579908 0.0850314332983547 0.858146166549934 0.420683290804591
0.470363288295338 0.383132356056428 0.391354499764728 0.243653471745187 0.440202397916109 0.475041540137252
0.459422663804522 0.32180114696661 0.484869455465499 0.471694756937647 0.463575902345398 0.113480782481027
0.529462941883204 0.08540660562976 0.479324460116256 0.625985088876904 0.25546199726919 0.159701606993966
0.82836700611112 0.469846406469823 0.0657261600585703 0.114721969103949 0.167372534884093 0.218077586581554
0.00786240567957464 0.224014704431845 0.670720579055939 0.281600946601008 0.404115853976723 0.507228531378301
0.36876690465793 0.168054285737703 0.144375546624424 0.697686776456113 0.400851631823848 0.4092377790888
0.34701610465843 0.504857943351039 0.120150414889091 0.733040344610618 0.0438958223891974 0.26643417178536
0.536519037862374 0.476484171434398 0.403482306772099 0.187450197883554 0.0651031459968957 0.531917463710581
0.533717557495212 0.356933820645535 0.490893740383192 0.0777387897931021 0.371776115624381 0.450007058351396
0.175201530041276 0.0494195601046368 0.249739542092543 0.0870216292185765 0.592089055523773 0.739154975930473
0.746159271386769 0.0282341471822751 0.374644307244488 0.0028871076025906 0.015317980993974 0.549406808998316
0.424311041919621 0.564124370955052 0.458351511975746 0.530639472889229 0.0986108947650493 0.0183130148986241
0.179688316388453 0.2777228338125 0.71616982006944 0.195385015999117 0.213731221499002 0.542057732934337
0.441844805528937 0.429974446105582 0.249631786142711 0.159940924742972 0.640316753883523 0.349274204828991
0.348280403581083 0.441933263178819 0.360022446378462 0.177260601029006 0.680631064969718 0.243104138595395
0.12574829200616 0.0856378545933961 0.0534509105337101 0.707987237153159 0.682845381779158 0.0804535996236531
0.247202190357967 0.248454933512369 0.321925154135791 0.876648645075889 0.000693957431096602 0.0707961138758862
0.2079347429468 0.902984545188101 0.0789223252673672 0.0938967342874544 0.346819326468053 0.0778015326319167
0.0367957214881593 0.00450611061435853 0.532485058794954 0.370920175092729 0.228535981281494 0.724758553572371
0.491790466062132 0.270532302176769 0.500290007405217 0.32293500509565 0.446946392641482 0.361408666260862
0.491635340837739 0.332076752632861 0.283377175465011 0.395911563747365 0.520589900576362 0.374108657390679
0.660981714689569 0.309127547899207 0.184287581718988 0.303762632850772 0.575548160098186 0.100269623970511
0.525502913330769 0.470384752239497 0.393751532922519 0.37075475647583 0.445910780049748 0.106061727539205
0.302862991249464 0.421131421404598 0.463421806247665 0.293518979939041 0.421048589422469 0.502719860053504
0.382589448504239 0.221375417034418 0.0927382422522982 0.28159448802081 0.817759883802309 0.219068879145229
0.70481916970166 0.520768618749384 0.314102533920719 0.195403274569541 0.158280479431379 0.264829061943697
0.0830242598533622 0.0755437130861578 0.621039200689534 0.450603000708639 0.495041562505952 0.391919912788184
0.422717893546891 0.102122960603809 0.726672132393517 0.443271180754928 0.182037716900783 0.230653474574163
0.789752322281557 0.308943887706215 0.079437049118928 0.182727117940289 0.0184407045426402 0.4907193084772
0.256369965332319 0.221786956513356 0.40500606554343 0.351608725143003 0.69407207154647 0.340132823425766
0.661202462767192 0.056683698461304 0.438020877902313 0.080999895748317 0.569314910213965 0.19249810902412
0.371124508603398 0.395113135150408 0.0311553265001477 0.0127727245453925 0.345563877370263 0.765247684962645
0.350931016087306 0.602485178473809 0.102516065230371 0.156089413282476 0.333443295539424 0.606466117567945
0.512283901198958 0.248915575858988 0.467392909346572 0.314376322376983 0.254238039720194 0.541923108981033
0.353221929356111 0.353032028317061 0.660470712736096 0.0496372232649952 0.495216675271019 0.258220223495801
0.327662325754059 0.536440844500098 0.0243973110621563 0.698184095593327 0.306282488978502 0.151668709535161
0.230414249836202 0.872894895898478 0.0693575822422579 0.047514853890303 0.232909242173618 0.351637488817968
0.565300012155424 0.191162640676756 0.44673328749472 0.60632436221684 0.00156479052880525 0.276930370533228
0.746152596447424 0.329100894472636 0.150624976866935 0.549411090528702 5.99805167024112e-05 0.102021911481374
0.0622513678353492 0.465700579724471 0.0134164834510011 0.403713972909889 0.695309713700559 0.364180127587556
0.347283106448113 0.408553347587297 0.393699219649636 0.64013337685191 0.213912314103285 0.31929658988686
0.636788731122414 0.00369677032027951 0.253212082552488 0.0162343540512957 0.221669666545784 0.693519352099245
0.606207424486207 0.157136448748342 0.655938715393055 0.132293623230437 0.172397687010842 0.361029820633894
0.45943917433072 0.404450521929128 0.380880671396056 0.455211837766006 0.447782724400016 0.269329072038365
0.07258985883696 0.192219089590135 0.428558796507369 0.74105214587533 0.0033664593861411 0.474289232401596
0.329780299502054 0.615051926892101 0.175980335455042 0.491640061026237 0.279193508761148 0.402899538197225
0.412395412657218 0.509860408213515 0.35015173291099 0.256835878757 0.415974935240061 0.45647161612767
0.100369942851512 0.153472401540804 0.612832844309132 0.763110638249807 0.0920161197740106 0.00178576733358748
0.435527443880877 0.33719592797413 0.085201526750532 0.392291919275598 0.604431218953549 0.412462608304109
0.209562233024647 0.277803120258206 0.616202858016032 0.197203112434188 0.675031610016586 0.0681644523346809
0.505090566485125 0.274054592334863 0.510935479308546 0.399746383050971 0.430290558881594 0.252537918393826
0.323540524825967 0.511376321889092 0.49958138206414 0.0860622158075124 0.477391742480409 0.385907564221311
0.167702585564135 0.262873474431367 0.207050683550482 0.430462685764193 0.813031608930854 0.116554162176852
0.35494053630693 0.849494989444356 0.136738744247672 0.237533039734436 0.000835232475497185 0.277948469752727
0.280335306185601 0.47245733925448 0.543346024775036 0.0592882681262298 0.499885894070355 0.386743157953237
0.43591843481948 0.0235098972089031 0.412216126983952 0.429569969982754 0.443660541343813 0.508070105906304
0.0241004514194779 0.412976568451719 0.366500416613127 0.555226988279891 0.451027554041197 0.427602740583922
0.441592655878785 0.234830258352225 0.635980753126166 0.154017958517694 0.565195042459671 0.0470339252271837
0.119145895792411 0.672361773349543 0.446072831225332 0.404198322964513 0.368877718337335 0.187898576693958
0.51193876035022 0.499596714162534 0.342749051290596 0.438378321265592 0.406027969738889 0.117518730092497
0.225654844903875 0.120202156917266 0.163196683471088 0.0549147976973092 0.668298842047898 0.677022302187443
0.570760194560898 0.590256769896986 0.0129271177861502 0.194851197983891 0.535020716148809 0.0380588945870067
0.459330139861364 0.534936428085532 0.332205186778822 0.299490855087215 0.267906436695592 0.480655722212355
0.369709382475757 0.251250330179764 0.233684773466874 0.612217982718457 0.176956480402376 0.582627854143137
0.566524867424865 0.261302732750738 0.356956736514407 0.221312316558284 0.620786620281169 0.221353055824195
0.184288311991072 0.367280522252701 0.673701676955019 0.526354569497773 0.299356705110851 0.102982118735479
0.219566511865986 0.106020608441222 0.367385623586116 0.672168444003013 0.0436743328434457 0.593177980518703
0.562443078339597 0.0139960879486976 0.345710322207062 0.14700446752013 0.709413383107493 0.197657796877847
0.595662851212384 0.038204434826901 0.611500250833404 0.0967952235420918 0.242505953717123 0.449015789462865
0.182169946459684 0.427640054438929 0.109211270312371 0.095612352471672 0.658452305957523 0.573855235854093
0.217025496218528 0.0628616485067916 0.194952228962517 0.269139766649772 0.74189124163532 0.536752407682691
0.394889943397552 0.371546306975559 0.3265455330169 0.51688776157271 0.283570513033563 0.501794873745484
0.234739323468053 0.693156994520932 0.328085530155466 0.0242650152801967 0.302773294378188 0.51432505005289
0.0968993630904675 0.50500498228981 0.371547441074805 0.349155476320717 0.561957963335457 0.399783292703701
0.489658934438147 0.196181120555044 0.180277928659862 0.576412214955809 0.461395900206802 0.379617894761125
0.656623155212534 0.137586805524437 0.531035702596457 0.254206634415532 0.205996841133657 0.401075147589934
0.0847581387449702 0.606778291791645 0.0918954108492959 0.743039456807318 0.222035780600872 0.12158895407145
0.236785461193752 0.0937906786341892 0.669951545116027 0.0728893079711765 0.605257539770159 0.338602038535073
0.717716493100495 0.227839819135685 0.345658430924664 0.537343925383357 0.0790974129146057 0.136005171233547
0.577934757003379 0.247369582658422 0.223464367883167 0.569446329475812 0.46003164177116 0.137714011361499
0.542827000633075 0.228308259214701 0.203011635884419 0.519883169061007 0.384193433175856 0.440587514899386
0.412918499621427 0.530329291275099 0.248944382314216 0.183223902655776 0.281514402782781 0.611109231252216
0.658035757525187 0.314708824614484 0.237899957355838 0.399286056596925 0.258201027488314 0.430411178095283
0.0824153360590838 0.0115298378753263 0.285992521202462 0.658871419211491 0.317918109161544 0.613269583340378
0.463628231932688 0.462252674658359 0.459634364468159 0.22856901045189 0.165667551838397 0.5295451331615
0.502113520896666 0.0441175492832771 0.418056066707537 0.507816803291412 0.471177610877159 0.302123372763509
0.519091750132504 0.0401462998508344 0.27282547530938 0.329414176068017 0.731130606098596 0.106923463309983
0.56881292227429 0.245305420212518 0.513908601484825 0.397738480378978 0.0858552248191653 0.431981528754559
0.214843451017196 0.521800971022044 0.486338181236129 0.312961607597086 0.509818276556111 0.295265251472318
0.157262621524917 0.345482100510357 0.493704951308014 0.702661235859716 0.34256702582921 0.0328789839660497
0.197884887567015 0.400469875376762 0.51754469692215 0.578897645292539 0.145597916214205 0.419871051568104
0.569337479540412 0.349239420328068 0.440207142154051 0.361577059385824 0.276940900157683 0.390730215905811
0.597126287559701 0.225070953384994 0.680229159802355 0.17731511215138 0.259853107293584 0.1763725217678
0.161725401470375 0.745739855379233 0.0410358213286629 0.446688511411112 0.366400469625189 0.286798001418864
0.369221346400339 0.613840993588919 0.143662016512832 0.475834353893457 0.449211590430798 0.195004286211831
0.0737529805363591 0.296414721457092 0.590664978407399 0.313184489363605 0.576935915541444 0.356193934576262
0.664302085287436 0.113903820287071 0.637581569894748 0.169662297104308 0.328029764278897 0.0531937931129597
0.441935458198302 0.523422617315894 0.32324362644857 0.29259592912782 0.250649243508667 0.527065414740878
0.0904706160153366 0.808407359843406 0.0205108502710179 0.028318780069874 0.554052271197738 0.173482104800356
0.662566423140953 0.01385635715133 0.580630367366292 0.135150930135335 0.325881460619928 0.314988273579444
0.399789525161348 0.42439990563827 0.518110308019314 0.538582753545791 0.297334681526842 0.114610074312807
0.397156590996989 0.593268620004062 0.0598952107250205 0.244043453423398 0.544394697779106 0.361647281684115
0.614619554854127 0.304800462299994 0.703615121768732 0.00613226423418149 0.159380622834662 0.0939438863960554
0.479334756189189 0.382716243309598 0.509420779133533 0.242624901051169 0.548976762599509 0.0633609494775494
0.284152238188635 0.211068723483089 0.415787388882118 0.0542284965353346 0.0332841264673384 0.83533213983123
0.260457051481569 0.456724821475375 0.255207585836285 0.334296745846833 0.703551030087976 0.227365968631618
0.281568493127665 0.0536077699118704 0.759739984048876 0.289775166168945 0.496164537852303 0.102428764367616
0.274205533752925 0.0332862232137071 0.746101607849291 0.0411378312803106 0.424282395388497 0.430497237121325
0.700269264482132 0.437823805826404 0.139858999882139 0.0527112922964243 0.095569414378562 0.535220271593934
0.15501080869997 0.230721166536088 0.603288806924956 0.539243617346251 0.139200204668184 0.498619726955459
0.541649797762298 0.483485728108621 0.437858382435912 0.0942741239033947 0.00244373077986324 0.521769587051668
0.461752553317874 0.497017761164417 0.356969235186759 0.468180048676008 0.149103955093223 0.413408203013685
0.568082494542484 0.15671231586612 0.187187749766807 0.51077032809381 0.596841937548186 0.0240343360668676
0.205907516162262 0.547930351467907 0.5655393778939 0.575492064545332 0.0796480169913311 0.00217113201429962
0.56472809702636 0.0810175653283087 0.279926179777301 0.0707103824047351 0.00656615725942881 0.768841070580627
0.537248892045148 0.221756305737943 0.539773206668028 0.364901035518743 0.295747078524049 0.387573933652503
0.219972368186692 0.512885723488941 0.554469948483612 0.121251151946551 0.292462624446698 0.529987961710007
0.618883706324455 0.469235344828968 0.218360281535346 0.572406590145422 0.0922857083664247 0.113815553623166
0.633070427578448 0.0525976948917397 0.238627976137108 0.31310650584486 0.657314610319077 0.0970248642417372
0.210424082560517 0.281107158473656 0.484810167897021 0.623587913930248 0.297998108177188 0.404962730581509
0.0274388193711763 0.413449082496901 0.75808311379436 0.101005812640351 0.481795853790246 0.106242839933914
0.365476276098217 0.486762549264254 0.449526303641178 0.319378660313907 0.455821882557885 0.342985564266667
0.348539308119959 0.353164772263518 0.59699212700721 0.550335948050969 0.241796545659769 0.189895153725863
0.564765728363258 0.563537797054436 0.351883889104829 0.384905970864758 0.0511568469461578 0.298115619431452
0.513387809877361 0.550433657822054 0.0992758859178987 0.590871625379058 0.0308094759327073 0.271148560748234
0.293975678455442 0.270638392118642 0.604256586834276 0.0598562745049212 0.284541132605597 0.625028566317897
0.24640119897507 0.0540206030071673 0.370019399789375 0.734737166672908 0.327398058728729 0.390417308048744
0.414678824520813 0.41183034972216 0.352723465109929 0.490587185745846 0.342293744490648 0.419741108741027
0.127641445665481 0.153749599583575 0.126555137629033 0.155937642363379 0.62372882603335 0.728490440833113
0.542838422293009 0.159882555253372 0.40909352253931 0.522213588398312 0.150800080857309 0.465788373974767
0.556176601124888 0.225593104342903 0.682819995494804 0.305249213780894 0.277169028074184 0.0594343398140601
0.594631270213517 0.541903383672221 0.469750125957193 0.262366815580127 0.213364029493554 0.133148936956611
0.461308528495217 0.100781355068437 0.39124723082595 0.500210383761291 0.427844550660777 0.43669414562876
0.330038412825245 0.555095978697797 0.561393225603882 0.187619805166872 0.348599684619061 0.333253380075931
0.254584274078677 0.615309970805443 0.290719576284536 0.24982268691826 0.353514555251616 0.533552902260283
0.34866893624944 0.57994272197146 0.244326062436294 0.43943928901326 0.423441770371466 0.331649462109608
0.107801195109283 0.511837402803253 0.110199785668019 0.460911438918525 0.695846836139281 0.132722299454016
0.474853880185001 0.0544104489904158 0.0547611204482846 0.542748754855952 0.382335717410394 0.572536202781755
0.368013685583228 0.354264294582817 0.477680906003939 0.0829776913605915 0.385798656998032 0.595951162295558
0.384261413898345 0.712484362484799 0.106171429270761 0.138320214740186 0.518252082398618 0.213820307486926
0.344785737269956 0.529789667291423 0.0693844165849499 0.142453190228629 0.612308671020692 0.447679222801531
0.493862198637166 0.474562046584035 0.183890977164038 0.468120570621284 0.164219894776454 0.500969119545014
0.508290666689609 0.100488952436916 0.487187652426494 0.631628319808687 0.307341352079002 0.0278876107874529
0.543670043818539 0.210674518354096 0.432127936205044 0.0778663108815115 0.203420472337341 0.652580666726761
0.459633698265475 0.667989670219634 0.0338469272163349 0.350785773397886 0.228929993831504 0.407334565833338
0.543928466340799 0.044877602817556 0.383517705271267 0.159747629912046 0.710433633438348 0.157501559452688
0.39515245441953 0.575342225465364 0.478959110713408 0.221937128842844 0.435980180637873 0.209998153704664
0.46570719214622 0.325866640074456 0.201881294686947 0.266347360679007 0.587899521040002 0.468620233820153
0.0495442594508817 0.361060304137984 0.64470817063893 0.584724776276429 0.170705344343078 0.283705515039531
0.466382629554486 0.342618974188785 0.371491451827208 0.0154083816599926 0.317172934252761 0.652883982149275
0.343095189599449 0.661704285728188 0.120559276140296 0.162229292694802 0.635278723474236 0.00109094082485701
0.153185866623003 0.295718365229441 0.675324717940516 0.167925644364605 0.392826261326706 0.50050951084706
0.409955254430675 0.376779959497227 0.329736032541447 0.286838610341749 0.605952594993215 0.363032732088964
0.435494958152811 0.459198272088022 0.323122434884072 0.47278312862795 0.428916850686966 0.295938218030365
0.0685063063002175 0.32849407257056 0.496905499741227 0.342109400270294 0.707721903368221 0.150247530261207
0.340846253052517 0.505114963907054 0.378652564529289 0.304320554587302 0.398815629626149 0.483363252651878
0.0198418998905761 0.777963489666852 0.016987640932797 0.578718127590145 0.242786036192479 0.015192012313918
0.505819637810704 0.103782504573905 0.401969478966446 0.566104111796 0.471556123568084 0.170168095311556
0.696623802836012 0.273728023681317 0.238586747162717 0.0139407500256479 0.534619627059339 0.311210732950813
0.523607668883531 0.497893641420688 0.131462471792483 0.412961876689128 0.307592538641619 0.442158193413636
0.124448146619631 0.328004201434295 0.558077483553527 0.365462155113442 0.416025608291081 0.508758814587843
0.107148561038877 0.441302382907691 0.558702127816875 0.44229592146624 0.248961417802998 0.473303132653945
0.322907035757237 0.130996314208687 0.41757436181414 0.531250332658868 0.340868825588696 0.552977569228041
0.822127506362133 0.474433087009591 0.165348900196113 0.191553066625512 0.173010882334737 0.0710915444858526
0.0966209732098956 0.520113187512399 0.623383137620169 0.38205460538458 0.344833240816347 0.258194573868286
0.218907297809734 0.532974047847041 0.495396447744626 0.446685136667514 0.441579307254556 0.167573037610763
0.415401820037708 0.659168389214386 0.0632098575863163 0.0500815046039061 0.492923638613453 0.378762466285231
0.0890570321578009 0.628359983981642 0.46057217412339 0.464245067547594 0.254506899048371 0.323741569112773
0.153036741495717 0.627105896812929 0.531998521053388 0.316888983876252 0.444703627106419 0.045995428774003
0.56303846448699 0.414003891559775 0.223790601071473 0.489284466056988 0.0246899527640715 0.470635049333769
0.280527868220584 0.139680977295603 0.305636059855166 0.551398725255505 0.699069389961649 0.125065472672601
0.457336355025479 0.205999714550897 0.576029248727525 0.0745528128283468 0.55706988380717 0.317352963184225
0.212978935594997 0.533290634019118 0.484580320363611 0.624730793560357 0.203541570586395 0.0608707680030377
0.46599145731485 0.292464005377988 0.44513807067521 0.188567953499559 0.50439717939412 0.457377828097999
0.424513936686528 0.146483641055159 0.349626474837264 0.273598858660866 0.330772151882299 0.701302528609175
0.699678900047536 0.102814448164159 0.448827559836439 0.219845326347894 0.497910229977684 0.0467534274122783
0.263280711995429 0.636728713815953 0.229674688402719 0.659663732244574 0.125590686607389 0.14690163034909
0.188676362182506 0.32477740841645 0.140425318826769 0.24188542143124 0.780805568033575 0.41356462976791
0.272354900419439 0.363957166179309 0.626979635166649 0.464893316076754 0.0927917996368335 0.418949177201552
0.32672314104654 0.468597383410477 0.137265523638139 0.267254052391776 0.721547639096266 0.250541280791536
0.108922933198266 0.255832068345702 0.196260653953641 0.493335022852943 0.493711465603797 0.630108758149871
0.432872914024835 0.307711619359503 0.284026166686353 0.711721950696162 0.158531599415073 0.324935890809872
0.523558023351237 0.127650618850047 0.307064456693813 0.350689019846465 0.0531318693549141 0.699641301628954
0.731038429283959 0.350095778994674 0.124850212983083 0.0264695114391058 0.032863003272446 0.57065538877533
0.202466911488285 0.193347126692419 0.0899188595083939 0.478925295732778 0.816646057687533 0.13137128539971
0.460041310814784 0.5219298575019 0.266851648480442 0.23747008376356 0.473416363102026 0.405248467436596
0.420856966246082 0.422804066220365 0.10872399897438 0.401311338526939 0.347973874457186 0.591742021375583
0.518803524579921 0.0601512408137981 0.00799434922915297 0.374880792539509 0.728164344005391 0.2374908440268
0.00895677234926487 0.307162957234136 0.00386496894087206 0.574943497535629 0.508129748335376 0.562849792969203
0.42206473542794 0.18566450717462 0.570416242870907 0.642259089509241 0.195808566948496 0.105724296191196
0.15173613491343 0.354045362759847 0.431231998101068 0.716287394036671 0.314615324652377 0.231552492799313
0.250079525080884 0.0297763085045742 0.617914678528364 0.249440429807415 0.535386402143951 0.453757561946019
0.466222514621968 0.251750773596399 0.624906423306934 0.53560631850002 0.173105857893586 0.109134369053471
0.331629645936299 0.233220877285899 0.580417932669589 0.0850977415297188 0.4382759719269 0.547190433567505
0.0286219908379538 0.557793562670144 0.120607264398127 0.530013492890261 0.307310220674458 0.546028512517343
0.516269873852746 0.378935054600732 0.219388238689842 0.382754404668766 0.607445951676703 0.162021368867264
0.215363944512563 0.69038544328685 0.0913971075988627 0.0975737035825449 0.673730481719542 0.0721074905631248
0.251859836284337 0.432325518975309 0.385126981963661 0.0596183468383228 0.555116507608412 0.538172641420971
0.650314418702709 0.598761584109566 0.26837643181382 0.0471480037728707 0.048290750808132 0.376822082945604
0.30721933800807 0.656802286938556 0.255181438186731 0.076611708145417 0.196894712793656 0.603715650020822
0.308349719709738 0.127952750002598 0.6488179003812 0.322930779393408 0.208457764120302 0.565548360942689
0.725572754644844 0.11347798382611 0.361330801242753 0.401099286422911 0.182081617194508 0.368880230004249
0.392340298168703 0.628086607766477 0.201318192474599 0.245395933390737 0.190066650039671 0.560983772825952
0.479283210738266 0.205477914915369 0.579667184763819 0.393979532623166 0.466406184503689 0.138916464917523
0.475857624469096 0.289499426346098 0.653320482995345 0.449694025154958 0.0279088396255739 0.244782209911839
0.502759571715029 0.338427928477731 0.558001281835772 0.203108367654542 0.162465202818536 0.503672481486399
0.590936399584973 0.239480318010409 0.410139573226806 0.24692720739028 0.235652525964159 0.555629121502522
0.519036080030901 0.541524801934251 0.174835905740314 0.26793431074889 0.175409300331234 0.551568332177452
0.345900859572282 0.350763161771231 0.299433516446689 0.641777508783986 0.493521901901945 0.110522081422148
0.368181745758906 0.516075509530732 0.418149064009404 0.526378186020778 0.0535323113698163 0.378576184857763
0.206586689212916 0.00938388310913151 0.658573513579788 0.348925539955535 0.606059266521699 0.185628507559943
0.0886010425550953 0.530334323675585 0.435421733437418 0.209284296472233 0.0797551213171747 0.686398192242571
0.171769226395128 0.302229865992605 0.131825817143385 0.16599799418744 0.812547833573002 0.41711518670717
0.4728561386416 0.519808656540355 0.3620859854839 0.115383781908085 0.530066854180926 0.284280644473282
0.483705477610791 0.0372814131397943 0.426991526502752 0.588656056400709 0.409627672622992 0.260780675171114
0.25786654231759 0.426397510663406 0.105661568051907 0.390456151071634 0.388404281024571 0.661219895996894
0.39045954678473 0.15349897460736 0.0252833742080345 0.575555109041628 0.406857972287621 0.571439467441561
0.3869284898414 0.569662733154661 0.164760001813015 0.484176931858433 0.510175963874536 0.0625942533083797
0.49616440657754 0.0421777228345365 0.223009458304056 0.538498351348676 0.461664312663491 0.44631187622187
0.298958552786463 0.399649907588563 0.435828449970252 0.574426414584919 0.220923633275296 0.426830575011166
0.426769117346214 0.619337286400133 0.384053375935891 0.438310090397326 0.307300828828646 0.015585757710596
0.529591731174589 0.388327937027658 0.133261197680073 0.536036428078392 0.249233344292987 0.448913301934472
0.265210889515944 0.351539140513058 0.353449242136369 0.773614836670722 0.130750299372626 0.256088839467147
0.640760652112196 0.371505945543351 0.592654458897327 0.266133918581505 0.170480026158925 0.0167065717942206
0.142880648022764 0.0948091473105842 0.65536340960181 0.0858267364405357 0.487142734429823 0.54444547474116
0.42242344073669 0.397328240131698 0.47766208049025 0.580647214497536 0.185249506424041 0.253098944758076
0.541268170306783 0.129869378791294 0.771767557378562 0.0918054743296299 0.280071130674343 0.0875754890876728
0.170306185980405 0.0410983605364685 0.361925462224471 0.302420831021659 0.82602049287755 0.254063916922738
0.177683702319301 0.050938063415497 0.145137231567308 0.515159291381789 0.645359903951201 0.512728484203551
0.537883293444469 0.451075590121156 0.0904922911676349 0.582193588066465 0.268861456197927 0.296289829820127
0.187044378349637 0.197643857366967 0.193026467660913 0.526772037258427 0.222872379250646 0.749353863194831
0.108540017508462 0.286746163583167 0.428756389104972 0.499600775754742 0.489438372102344 0.482714000056278
0.323606666424882 0.583464149238472 0.423866012593888 0.567469717691433 0.108859799344775 0.203257420421446
0.263695560641018 0.262639932236553 0.525436410949542 0.221049446019462 0.417016082863044 0.602192846511409
0.104265761249618 0.163453105623964 0.150641154614714 0.914145701835982 0.00953217616174382 0.322437202043571
0.101935915062602 0.182748214425181 0.622912010465235 0.399726900860411 0.57251313769047 0.283971650809126
0.652757260290393 0.243930524031527 0.487994865184353 0.348358153955287 0.152859461367278 0.362694708785446
0.370210724314398 0.165905846029328 0.268798928751372 0.538526492222288 0.586594825304574 0.359252186992189
0.080905810010264 0.355510920667231 0.554784004729426 0.0113545201312179 0.239182685029956 0.708479824231962
0.31913662777627 0.454262697538699 0.118550271852031 0.45144446412474 0.514298399416896 0.457644075290623
0.610595790939777 0.335031484294964 0.581034874741681 0.158209070828656 0.209899864595462 0.328994066362905
0.625363055830824 0.17521603702285 0.55232537487007 0.52261391036903 0.00545209894769828 0.00142980853011441
0.191618944087183 0.256267813057513 0.461599081247201 0.350694460892718 0.742812877363994 0.0988822571079492
0.874826004464273 0.284424579634973 0.103675945421769 0.0528854480853817 0.235344994932611 0.291288999954383
0.110623823198448 0.217875569688355 0.515557277655217 0.579692185605552 0.142168092991923 0.56412631795864
0.602007657298336 0.605739922113839 0.116925593662364 0.479502883852993 0.158636810393682 0.0436540905663558
0.16169803504881 0.189379436642058 0.585868495056703 0.510815581597926 0.474314489742809 0.329909817003489
0.483158305374871 0.169853854731286 0.444751579033264 0.0386071084388369 0.506208914074075 0.53119278931247
0.749057552786751 0.365759299385681 0.10763278781807 0.272778279331752 0.216379146860035 0.415114653609653
0.362046274570242 0.526490296916127 0.343636692577353 0.358539637162598 0.586546438698699 0.0325098395975912
0.277931978203448 0.109117606276154 0.850994573113705 0.102012520237737 0.419178766281183 0.0231949916411801
0.0335115659841515 0.262872257837321 0.164610277638998 0.770513977471532 0.418748518656927 0.365563258744694
0.00421195417581379 0.74088196580496 0.236667389048338 0.230636208620064 0.574121855442094 0.110705706831808
0.029317817943468 0.232597692667486 0.259779653540921 0.370358421070494 0.55327630574063 0.658994142592425
0.411364414113857 0.640001349306172 0.529377626406866 0.215204871365646 0.23303108325797 0.200799148212805
0.0609454270364817 0.223244117062407 0.581482394663084 0.12893122639512 0.425772059077553 0.640640957468661
0.0344438903363047 0.281859930697422 0.496307364195154 0.390669298282073 0.175605154957585 0.699705600280231
0.0685537974071612 0.55114183706001 0.321182384779813 0.598197539062261 0.463084069963716 0.126877012953573
0.517052360547914 0.15907606161469 0.503832258301503 0.18354933079232 0.46819451325404 0.447893134008885
0.653481049473183 0.259828284758364 0.346930813533455 0.31419346186944 0.392160193928355 0.364120367264097
0.516253961664151 0.367193271163303 0.554293130388938 0.365010066755923 0.0518879010388888 0.394316333892865
0.119142570467686 0.391115747469319 0.207937585633025 0.567091634805632 0.208313394141921 0.651619588425276
0.521186942439005 0.32853392537148 0.108942890418894 0.524465893610316 0.27884916099967 0.50570717751242
0.491999763922914 0.187925444521104 0.794984855561038 0.0349217215183854 0.210312592464063 0.212528647121221
0.6088977218163 0.00712914804033674 0.22053491987967 0.30948014651323 0.59269374981284 0.365367276279295
0.178948206669379 0.158121814962675 0.35381010479571 0.0694549964232309 0.827059974385245 0.359083894026032
0.572213235285173 0.44965456069813 0.293897144213689 0.227273887341505 0.0966510869133644 0.568341803461642
0.529780523058641 0.389152627948662 0.58844681990558 0.0548500945797368 0.2094269036438 0.418037090275656
0.363992620589501 0.306096147523599 0.52522386012814 0.528923352519033 0.0808028880176249 0.460071079103798
0.350051858865738 0.524527162501806 0.013229933422553 0.49418624029275 0.443802123968408 0.401222575923297
0.353417692483276 0.261409356583303 0.769245641826554 0.135893381447321 0.217167755996729 0.386514398302974
0.350027899913192 0.332727591720976 0.0849938433556636 0.522860719430988 0.62214251681622 0.314808231193599
0.544028742786811 0.335667844806515 0.104133454148392 0.351162653783676 0.476821538355287 0.479418460074265
0.489736162255397 0.38502382843211 0.307363167820806 0.553514237041054 0.336217144357892 0.31308632550573
0.543366044627749 0.609284443399289 0.329005696042067 0.379701698657823 0.0617522201077222 0.278018603509226
0.661426403448831 0.400777144598351 0.577154124314562 0.171758890109408 0.194314003960449 0.0390750752817093
0.617522931861698 0.12431632115144 0.282201084125374 0.264218766309909 0.178354173123407 0.649578064206223
0.385328327534853 0.772121731048999 0.188116766175404 0.168709635807062 0.26074817774704 0.351439384975908
0.264429309107024 0.623383293118301 0.386880739990629 0.0387137806742437 0.400922312082997 0.479120283676655
0.0801349988983101 0.112748581953162 0.378998635650348 0.846627998470902 0.0608231017850843 0.341683707379632
0.485829506443829 0.351483360571908 0.532610669464265 0.0570368552448279 0.514666494599195 0.297691466392988
0.492208820968296 0.519632836897895 0.515869009648892 0.354313281722872 0.168341604997592 0.260220211905073
0.231063218708343 0.634469995264146 0.664880331994368 0.155048948972788 0.104327499716315 0.258973655845706
0.272525664714925 0.355271369092598 0.663285756904142 0.543772414770775 0.25038128356721 0.0344208488630877
0.393417417040046 0.0956839934854908 0.668763950541297 0.280775801352859 0.20087790345914 0.519264003271097
0.28224153038023 0.445550478130933 0.553809518566239 0.0160788783075924 0.641197041844306 0.0610518657686618
0.315389821346752 0.322362402465237 0.62136426227887 0.186730549562945 0.612210534659628 0.0291231650414893
0.0343060949305291 0.541238413661767 0.241907383781688 0.0443293064185004 0.764811636490497 0.24589217633059
0.565880893288645 0.24605667916222 0.131169614581713 0.553544408908669 0.465243358566063 0.281365708886339
0.520733440247208 0.448042423209983 0.305638999550664 0.603224859148784 0.241143826488487 0.112467317108232
0.558196294770547 0.00284811716596457 0.475201317224628 0.267256068189151 0.32931624141817 0.531711858054065
0.0753386889470675 0.122614563203444 0.483557117214073 0.00479272707253504 0.85197817953359 0.139901667594131
0.177484116089677 0.0163557576898489 0.502840943932723 0.444731332529007 0.487697057231824 0.528912549544343
0.373197769227821 0.433213633155722 0.343475794501997 0.46102928029135 0.569936127299525 0.133035954521624
0.0265837761575946 0.527706460190271 0.297846157683825 0.442684725324728 0.521849221684431 0.404735079852441
0.59212368709287 0.43419488562332 0.195814812920076 0.564630837758448 0.312502756970518 0.077813517213855
0.181281969104924 0.188137144833759 0.652145763670141 0.560704878299087 0.134111269044755 0.41721861452378
0.566630932372997 0.50923319546153 0.414718317362282 0.359906978410405 0.313562175123139 0.140589422026988
0.228331933965909 0.441597661422741 0.102217577175836 0.408234821832841 0.50028145790224 0.570500125675687
0.682868058611986 0.162409905563963 0.187239051381419 0.314734344993638 0.0145145353479881 0.610726939871696
0.521109495674946 0.354364244418884 0.503754434163019 0.368334501599325 0.123271760574764 0.445237143365543
0.308978999937241 0.386554635653651 0.129690718566081 0.492412961786292 0.262765411010136 0.653277599961758
0.507100116423264 0.127684493906501 0.615721192339726 0.186613584627758 0.526244945074439 0.188878752270015
0.540876301547663 0.278790466754663 0.160142259765953 0.430430549982273 0.389446827637123 0.516859621941231
0.786141199011817 0.0729704010210272 0.353441194786956 0.160435936585383 0.465959462297832 0.0942271052603703
0.433427127427444 0.302406832775005 0.493302425573989 0.475294695634609 0.176826125665813 0.469224065034421
0.228006499583055 0.774254857132975 0.0343597163043388 0.27160297693054 0.344510535887904 0.393581218853316
0.0170407166466594 0.0328137630472413 0.461074046560496 0.439134052150972 0.528886102700896 0.559896748633623
0.637552325634777 0.290702410161443 0.342116169001938 0.0550236401216706 0.528785459084335 0.330656929460404
0.278028690492194 0.27518374130573 0.611267140413831 0.428988682607991 0.314959084305843 0.435999913121504
0.534223319370349 0.489827093955743 0.326298192313909 0.32656532293341 0.228512218693508 0.457538641565541
0.599704637116259 0.658717782430632 0.417292266708565 0.0911508426981132 0.0973906136102777 0.120494762260402
0.0927923430583791 0.111399680420993 0.450164469688474 0.330100201149146 0.6832210996194 0.447855365869476
0.217343735601511 0.495326819805841 0.595260758928544 0.268137607369968 0.249013993229121 0.46815801365097
0.419528534750293 0.492364095917827 0.519718000275046 0.528724277285526 0.126802893905192 0.125850190613944
0.00694321683773274 0.111048403124532 0.142220089901148 0.522467758779233 0.55280113990194 0.623563814449865
0.177412621908561 0.551643361411068 0.250774312260524 0.568573536847131 0.0267486881029931 0.526626289308465
0.41605741894394 0.319647286656777 0.329690054062725 0.184858266311391 0.519541204144192 0.55850753181988
0.136058173900621 0.576258947337789 0.154639839367114 0.623953866794059 0.318942178312947 0.366684848356485
0.491138226628596 0.392126237460919 0.453228051205678 0.292474502603971 0.341338863981587 0.444467136132114
0.0286480232578365 0.306857323096534 0.521570890633031 0.711328824952238 0.298459643985849 0.194717291922477
0.518020073494158 0.053705892005241 0.0807067056500285 0.431711596286425 0.49635351457734 0.538066533509284
0.189984090282321 0.565543441156309 0.0108443884587575 0.377224988084645 0.464600798675118 0.534599351924988
0.542186286593304 0.336150596633887 0.318340148445036 0.449371412063764 0.0922894472216586 0.530324757909884
0.444495671554591 0.217385788285691 0.417044506206828 0.0192975054913034 0.58506686994611 0.488431429001676
0.159025761488336 0.10119678866832 0.713378402167178 0.40922927819953 0.447579184646003 0.296252500079896
0.384833868438756 0.455379548697734 0.317755401227568 0.541233136790492 0.168166268900873 0.471540733091958
0.676123195824399 0.233672700451788 0.298411904643636 0.454810512652595 0.321663139726435 0.298135959623698
0.0125102554993158 0.395887736218615 0.632386640222065 0.169301046888178 0.596092177775795 0.243340917654157
0.46774111799806 0.591005923076678 0.594186990583937 0.194757650506892 0.0999136888535754 0.17595106703774
0.079927208062631 0.538264591539142 0.208197576754206 0.593340308419951 0.0477204924151177 0.553359442810878
0.217607938432412 0.229685225416616 0.850572422186438 0.0450734688289968 0.417402606402675 0.0127076177305516
0.343924994044555 0.536197565198938 0.424127712943319 0.205960540079519 0.36845137802965 0.485949884883058
0.10138309596024 0.0443338298241624 0.156041557751554 0.533278643655388 0.329057129924442 0.755474887145871
0.132819649903237 0.299415748660227 0.602932392986084 0.163541621325639 0.695559489486863 0.136502066727383
0.0974467505529583 0.727042474857626 0.0435261657456494 0.12484273227376 0.637042435487358 0.196494455498896
0.323536423664437 0.396824989760489 0.621591000949627 0.254985544608096 0.502540066247541 0.184159147096431
0.369428172813602 0.552892668201135 0.163814932444213 0.258158069516396 0.502761172650477 0.459981309302907
0.623122453160682 0.0359171160266447 0.234566636704158 0.463212081895716 0.270132697767213 0.517561353726768
0.482849543077726 0.697095324844918 0.195791481505697 0.474217394791881 0.0943318539534366 0.09380557768759
0.441057571175819 0.460789446627469 0.0606137483229097 0.641118152817701 0.389815954026093 0.162721585580497
0.448673502985993 0.281865537728463 0.160764180661781 0.291475509077399 0.239686732482634 0.742287735622338
0.520540410304321 0.434399769705598 0.204177371938695 0.557747544427985 0.125472771379196 0.414512222298833
0.461488746188473 0.426176932513467 0.29831281925041 0.432275726372212 0.132103524582012 0.558656581799643
0.455971764599583 0.528255113123261 0.246275197730055 0.0483465165978891 0.442405475881403 0.504306277546785
0.0258064458115379 0.0587220634335646 0.403126664505824 0.569040492397248 0.71362046972386 0.0177026040029407
0.384981141295458 0.283456667432861 0.106665759836648 0.401688299788521 0.503114657400186 0.587865975827207
0.0511404886338987 0.342465022981024 0.670677701927894 0.0834756098129073 0.649769542833963 0.0335431418522165
0.170080627848364 0.160436150131472 0.571488839335986 0.253521510055775 0.507582163238219 0.544812371167868
0.135916263715625 0.472401462285433 0.640454482850863 0.559758694541444 0.166198435873809 0.085029211937788
0.604475253626296 0.313379563222421 0.100042138596236 0.501735560818672 0.279497544830975 0.443324979057656
0.344389476602349 0.0700625351049193 0.59241888032165 0.475479849443816 0.400773168531712 0.372594659082243
0.329213267772231 0.198829420431132 0.679585921593068 0.189044170189932 0.469586561751824 0.366059044152102
0.231482344569636 0.708385111323003 0.409311774816932 0.513400951654917 0.116129464759335 0.00193376813235509
0.110891768865709 0.503700792020256 0.0781909787590889 0.682810927929332 0.333681660547288 0.387686064582397
0.0268404859063994 0.54082145800317 0.106117032678264 0.474191970577417 0.482252667282151 0.487960299813776
0.204658470221988 0.51517924080741 0.572165340873839 0.334912582795286 0.481657656874201 0.145504455499016
0.129459207103354 0.019563068950613 0.0658101104098042 0.662496808549148 0.222076382996432 0.700219028715065
0.227390582864934 0.439599856906738 0.43535179245123 0.19446125616131 0.694029035514493 0.21452930605493
0.523215848768056 0.160736700456742 0.551273555957638 0.26069200080611 0.401938255104565 0.408646148917653
0.462585623531709 0.319947606709253 0.166250643665403 0.441223338125151 0.373368728813838 0.567385716758254
0.487173147755961 0.493647907708763 0.0967463900054633 0.353909208429783 0.353434102873624 0.509359215540212
0.658201150087384 0.241232884382839 0.458208753169255 0.134914877015035 0.373211088721315 0.375678238989866
0.266478144180424 0.0944614662719701 0.0317116310200716 0.745250733586506 0.3243267625265 0.50840367595033
0.13764699477196 0.662581561724099 0.369913464691599 0.240712744204771 0.564659949755968 0.168580910699744
0.752719434337156 0.481504561561367 0.25735943554594 0.304481966777592 0.0109078580559368 0.206166636103186
0.561869510726086 0.511622461845958 0.0219146976486354 0.459244681785802 0.459373903494373 0.0116101041286354
0.431778326273541 0.321362225079732 0.623409205094684 0.555648321149559 0.113379661608756 0.00739971571067429
0.346565571374128 0.639013999919545 0.479039302255868 0.274544815697696 0.0303791806488526 0.407157228961715
0.461888299426814 0.250664615835593 0.412176569826511 0.588704377496157 0.451650205137863 0.0581048416437085
0.0748020732430744 0.183324208907621 0.32725888506512 0.519701512773168 0.525204069304124 0.5547697987639
0.304833188064214 0.233970282353209 0.203839236823128 0.441543292557431 0.436200733812188 0.652343958798411
0.0163923674521268 0.533109871756834 0.324003797242336 0.480685907478355 0.498347177132739 0.362129595162856
0.566417031218566 0.095288161106856 0.499529822083544 0.520393967018095 0.342226634950136 0.180645839612982
0.318019465236102 0.44491712005113 0.572819753544235 0.118985356341013 0.479468997867568 0.358806174732466
0.254811335526863 0.117521654124624 0.258954095132898 0.057475498099094 0.744491256420012 0.544639290673326
0.562766766456691 0.20351872238139 0.426786283336979 0.216684029364198 0.362092602062019 0.530720400510464
0.178104782833877 0.00227133052195077 0.663632185131036 0.266660502681694 0.501747569728627 0.452777431889585
0.0898844304562171 0.293426944158919 0.369860249759401 0.645187474776419 0.587385693739247 0.0879544338457365
0.282831156101757 0.231775534937839 0.0877658121608097 0.855950009596224 0.321174638276424 0.150931221284424
0.226104000353747 0.445085916595656 0.459441726564042 0.497002144818618 0.286592469752422 0.458849029737441
0.435017502570394 0.685055174082634 0.43282527864817 0.228966560459274 0.085442007445139 0.307238403586463
0.0941009760645546 0.646487442188113 0.567974238839824 0.0555985145293775 0.109542118752333 0.485297420982709
0.653671540683245 0.302247088959484 0.202281783603111 0.280975532803087 0.111359470935596 0.590841867454922
0.568319375089885 0.669702951962477 0.11859969786638 0.407083149908506 0.0370215680710071 0.21761863030155
0.476740465464277 0.769134378790148 0.224115222266492 0.347632341790401 0.085976169733107 0.0517982266084931
0.423827825346302 0.450763416951783 0.255557717556906 0.356458129777863 0.46318033609163 0.458556591241033
0.427158715553942 0.427486936118448 0.332833834477586 0.532444341495176 0.201887326099087 0.446941294323588
0.375573020705906 0.201702564842927 0.404951847990042 0.593069451704628 0.51191554207012 0.201211544164104
0.580499739599948 0.579960062789827 0.121085502003904 0.169458775624459 0.473910015264035 0.242276081968437
0.588490221948842 0.215771443972615 0.238288010034523 0.595565629692678 0.233159924888881 0.375870718552187
0.379781301525874 0.565135735282479 0.719078437366639 0.136710843244481 0.0186408202126361 0.0166321914846424
0.0965493041644975 0.142747700631236 0.0487712499232778 0.614374006023943 0.594484119001692 0.486883871151676
0.327825170429443 0.20558666145376 0.545155904436944 0.510138092016084 0.356973158043617 0.406692898429881
0.425858986116065 0.116031879698659 0.519881607738197 0.00372720226478396 0.632718215369165 0.366820949070083
0.257560419268757 0.364125438314697 0.515740852586956 0.175476390477435 0.709988048458263 0.0145490894062184
0.0744113034126613 0.26974897562084 0.0505051328323871 0.5729954782651 0.678890046391426 0.360461047038257
0.454604207018043 0.0112036920013049 3.78817542245466e-07 0.381736375457019 0.756874966116916 0.273179643394868
0.633972919506661 0.601279817167953 0.373426034088397 0.237627031309068 0.197111274950063 0.0421242821005224
0.737589690910905 0.0829466594775352 0.577007523359791 0.0355442100842648 0.338892181880107 0.00568469169781197
0.492690138419055 0.522460775199027 0.270042167798013 0.474959021855196 0.264962125143978 0.339966753214982
0.506220623744954 0.428465821324326 0.0752207464964666 0.340796128546303 0.351881461494277 0.560835978850463
0.492725641307989 0.614530259200165 0.0305669695168103 0.539949125666886 0.215398738141484 0.201737424882418
0.236250829111948 0.527070120511299 0.406265811234956 0.239838538073371 0.626465396378708 0.226603855273079
0.491349058721666 0.314306579752794 0.199336232484745 0.494856789228521 0.408877211115874 0.456057811270419
0.675478123917956 0.308080633689982 0.231934210987317 0.316679800426006 0.0207768028794494 0.542498274182879
0.0187143297168144 0.247878045734992 0.0613873475811997 0.602552719702781 0.452948186616227 0.605149570009473
0.763069908610782 0.45838434688391 0.0974480039103155 0.391101612661009 0.0609951274702369 0.203546345182827
0.301342790817322 0.545941613045426 0.380605563981696 0.0315847734721993 0.503933945739153 0.45970932408473
0.289290021880495 0.0802724587589827 0.422803106499872 0.608217552708395 0.522307944372318 0.297272549291393
0.382677574878496 0.408908930000268 0.586908543387195 0.00317752669651236 0.479517243167586 0.334578599404267
0.124687222259687 0.581984409609673 0.0801401079620264 0.612211557900897 0.207587229131248 0.470562809140762
0.54027830699763 0.00956452625737758 0.526168010876459 0.62376942516359 0.131398769609203 0.157483849114218
0.28781952244261 0.48580964091512 0.396131921041607 0.353499039853497 0.467703658511027 0.424876609222928
0.31046890356164 0.285796918518528 0.546505861565768 0.119961508143082 0.211669345860596 0.681223787861074
0.837050810646289 0.0347043009108814 0.0844692315954157 0.296642382176993 0.0749171448199696 0.444294068514018
0.584126556551122 0.00967585481036228 0.409125855427405 0.571023156232313 0.39890471083726 0.0782698211607848
0.0802035025337849 0.46834117751316 0.0990643110741044 0.545216284103612 0.00947475651246435 0.683417613495286
0.182129637285438 0.571521308472506 0.399037342139263 0.170796124701615 0.301160387902654 0.600909721428948
0.0501568494264818 0.543803159434006 0.286369779472369 0.310652719379514 0.721802748279571 0.0474388466166653
0.0730591535695757 0.696869317281279 0.446920746316063 0.205106734807669 0.114979796217709 0.503992296590122
0.472707159811313 0.706869573243943 0.431028000108406 0.0831209392992703 0.21192586504392 0.19818311679603
0.0938400201905275 0.0268105685055384 0.555873021110756 0.0356725220803109 0.53689285649401 0.626062265467569
0.231893221538762 0.410608785198519 0.647530986953666 0.556355666049086 0.0110679308767265 0.22062514366719
0.281179037659828 0.582024804637555 0.575024974608401 0.408204414303265 0.141422590198637 0.254755885641045
0.119706740895329 0.0975913137676095 0.0183634711498702 0.704182249636658 0.15794042579835 0.674530352010901
0.225973189107422 0.245279106839328 0.551582073323399 0.223903910076409 0.389835022707865 0.618406976079536
0.314356147513908 0.528543842648536 0.112626919477913 0.57278661995778 0.528497305270419 0.0417478412219997
0.473850583409503 0.469548910871988 0.42744189890265 0.219205390504159 0.10646192400377 0.559372615950437
0.465106186108358 0.462025703103839 0.18548691734709 0.00959269293319964 0.624895898379489 0.381072414691742
0.240350813365611 0.608699378634704 0.549331717772031 0.391876250136318 0.0940018146510111 0.327944934760791
0.408818512430891 0.44151098908991 0.0125666601557806 0.627637385416814 0.40863284404531 0.277250898382237
0.557048306104299 0.421023076167005 0.0347469986869827 0.42337996343849 0.149109566479692 0.556547521624624
0.556475730939043 0.398339072133234 0.41250475086299 0.260857946770434 0.0679503993429111 0.537435065695574
0.110355032417517 0.465902384731576 0.218456557270413 0.659580981733298 0.528633792943413 0.0923726626287052
0.222292592618962 0.464760505620952 0.489480049564959 0.337043867719877 0.609149552176835 0.10164256527051
0.358084264605199 0.264913364992065 0.346091592124085 0.577657772387661 0.250832642084396 0.534052115450203
0.0342083005758985 0.77338562378759 0.00812239910845776 0.436480207011239 0.127591507669916 0.44027710794573
0.487487066206446 0.390206662759761 0.0402007817237517 0.232139316029831 0.545425129656957 0.507052052219509
0.385062905607525 0.0826184903097187 0.192420810578719 0.766885198594699 0.322507070328637 0.340222364351126
0.782132246176343 0.440733131489028 0.0861179314702031 0.301944775946919 0.27825624041528 0.134201248603115
0.49576780492168 0.0305485000936043 0.0068862345472146 0.565700382446145 0.605970088563456 0.256937699813812
0.0882125623035741 0.452676337790068 0.0688895600986861 0.163161720351056 0.638348989924746 0.59029291511957
0.425050400067348 0.541560048479116 0.101465333158599 0.36847459287471 0.577787346827157 0.214797378273459
0.516269626761358 0.284790990898739 0.595369774464092 0.0279738774571265 0.393203359421929 0.377495928402547
0.0269005878910948 0.572118419803577 0.39228540805461 0.463424252108456 0.539706864256772 0.109651693793762
0.350140739201517 0.529990278450784 0.410136729714834 0.538856636208296 0.371303647317144 0.00817052881789168
0.0560419874870986 0.775926826227727 0.41307245486781 0.154564831712349 0.352241895944389 0.276049565381616
0.10577756008565 0.220534105784725 0.749310558166815 0.565479210928215 0.213384006591318 0.115801688790943
0.622522022372361 0.309978267443482 0.58875663148445 0.123975364794413 0.392806939768583 0.00884597371566155
0.507241390943937 0.365671099896986 0.152818150860987 0.481285481576815 0.592665829270722 0.0524302471769709
0.401369697284088 0.630041120882655 0.562473290253114 0.0311307322173494 0.325663275061665 0.136193460337001
0.13536175055552 0.424854911595994 0.0785658156816212 0.339610209226059 0.262046455081058 0.781664553599861
0.154900631421207 0.271232120347084 0.464284209140891 0.629513568267533 0.491915021565026 0.220479893290775
0.401142306704996 0.523370888522185 0.320618913461453 0.0500542680446825 0.544354262169947 0.404406086326125
0.337635749619146 0.0420082004166979 0.270019172195393 0.467519574477821 0.602283373391875 0.479590704600874
0.00413637378878452 0.259915196969913 0.0652231404572856 0.5468107266359 0.643995712062024 0.463077180204884
0.205801710155094 0.501986347685088 0.655694270619256 0.354887423932121 0.374493945289841 0.0976196065766405
0.196736823657214 0.10229479003545 0.587651165698159 0.533425749900853 0.533591725714689 0.190350584958389
0.543920242526388 0.159431118705188 0.316443752515095 0.54738145109525 0.271995858861937 0.452755606714515
0.400085727189458 0.17878169309567 0.575735592523678 0.603336968394883 0.148560109907861 0.300684952943731
0.373701374653089 0.00538062797695084 0.543619773312732 0.54113088639847 0.334748350525621 0.399895960337637
0.490424862814582 0.476913312815922 0.425282307878957 0.384328671227276 0.44758113752165 0.0559884131306716
0.529549995265233 0.0995521783876565 0.400311125309138 0.478723198248975 0.324088641527153 0.463904969943147
0.302630294753772 0.242674764052145 0.589602486184916 0.058645932372932 0.181933268618741 0.682168389959442
0.283055601498274 0.420919787974614 0.497773522298361 0.0241118864437942 0.192701279112264 0.676174839084654
0.49030139007054 0.0498819651216412 0.222810959561005 0.415529593545551 0.449898254813505 0.576539963882501
0.105677950952548 0.249141461449501 0.571421915278211 0.15173686457256 0.106397646323778 0.752258707091854
0.675407652375435 0.0381034643598521 0.54870419093709 0.412834820453868 0.226251006678626 0.140264867170242
0.58964870682011 0.0495215183987272 0.224068509823294 0.0746422839680005 0.744733143368436 0.198636349339778
0.102502565302888 0.472323189436113 0.345378841330936 0.542206617136625 0.547305955228728 0.231485767364974
0.0374469012286248 0.575162556301631 0.1208290797919 0.363702956943174 0.370195449150829 0.61956564255323
0.596865685366838 0.257870369889733 0.62145301635649 0.350568252754933 0.0610930255337731 0.253810789403071
