0.245666359221124 0.494072292808404 0.454706768277888 0.00674798707092135 0.057945329848825 0.316258085574979 0.0392900889475073 0.0258889472412915 0.618652146472023 0.0203853874823723
0.255617052416309 0.0356614563599471 0.139658771985907 0.247966590466458 0.387763476770769 0.402552834917356 0.474038507260194 0.505400854124988 0.0804251394961166 0.231032787430807
0.0175557030383113 0.44803938427835 0.0936170865527579 0.252794325098002 0.349542152772056 0.39785851101559 0.362306247342163 0.120495574598283 0.42528906532582 0.345190493686052
0.49168157911416 0.205990739914133 0.324805802488101 0.452932781362628 0.426471510096333 0.218722427134012 0.0206820697972356 0.346166452144908 0.234120854585449 0.0195228547568492
0.301105793158136 0.419383105609635 0.0612858870339056 0.40412176919279 0.271675697754214 0.446488846783039 0.214269690862613 0.258071297832709 0.132465548336957 0.40393484132378
0.437580781154088 0.269383943772873 0.332799255158548 0.104768614942045 0.247324745757168 0.47646867705617 0.104360461627291 0.366204700274681 0.39003076548326 0.170031253990848
0.297108923615475 0.113616865787331 0.34204722540915 0.177044888495484 0.400648782939818 0.187975926917424 0.397209838979688 0.492963918455675 0.152913354924201 0.361179078570452
0.53128715026187 0.191559918635813 0.37189220396087 0.484768932817739 0.0611709523307078 0.00169821803329706 0.221865559848155 0.00271213348196686 0.0854283344346599 0.497453093220019
0.193341945465681 0.290414065991772 0.431045639745784 0.0160381065937365 0.204904280951964 0.438426901224926 0.24089768971747 0.227308264559771 0.406106766680072 0.428244831759642
0.000116035435738504 0.146418836937718 0.11409902451105 0.492240640223957 0.00419369507538928 0.0305213823028871 0.0809230011870591 0.363973089840916 0.405652476199791 0.64708118493012
0.334458108926139 0.290644672718452 0.147228594092749 0.442680002318203 0.43579533337464 0.290248546188784 0.027155678194799 0.44852273547006 0.0413862615956392 0.328993792230975
0.440240922659675 0.0165826797805127 0.092987488247156 0.206703628033069 0.300363095892053 0.0886797808698982 0.482318398505295 0.176572735754934 0.401825484147716 0.480817117796646
0.452961477678414 0.269439016188194 0.315920487078233 0.166894412734092 0.196299904015505 0.406294727090623 0.310531347658483 0.226651878283623 0.41712004562178 0.26300196822757
0.0126342475828779 0.394790473883145 0.375737926611253 0.0810449224651972 0.188143217861514 0.352298549481613 0.486619506223021 0.0152230317158386 0.46457811600823 0.289583044683861
0.499230416134078 0.070535030179501 0.50146807499083 0.366919177326555 0.0607214758925581 0.334966624647706 0.0860904031427784 0.281862111940767 0.0681833631846542 0.39025295932325
0.141704572775804 0.378581772085577 0.352596117250337 0.108687268154702 0.489595096764431 0.26231696302762 0.337135067170017 0.159038816354993 0.383268050763527 0.325725907033531
0.347514246584587 0.240039295008752 0.315078772221069 0.175128022838776 0.21967535192092 0.349487506430507 0.184159213548322 0.428026954553499 0.426813032440407 0.349257349775269
0.394291949805471 0.158566290851304 0.373674096427712 0.173989002530024 0.0941281998834303 0.660457510366345 0.288587315645767 0.0101630979972174 0.329258085605187 0.112361163754525
0.147410519277627 0.494873585335275 0.351988298527913 0.0737281765109166 0.381000167972366 0.244450304359401 0.140876492634765 0.465966671402751 0.0572523910572253 0.398588291872872
0.215236379899095 0.0929755358963895 0.452023231610712 0.22149359963117 0.536801570105511 0.526419665786686 0.315569962159978 0.0815247767447916 0.141915991230026 6.99778547254741e-05
0.397712941952514 0.389190715360409 0.214319856095881 0.321896532368345 0.122885389136158 0.414318760770055 0.132323176882589 0.43115115884057 0.232957942001441 0.310441013032125
0.112250895422754 0.35917738252743 0.385077104049702 0.211364846018883 0.475388940910632 0.015592536310621 0.426338769973948 0.356589282174904 0.249316027027015 0.260988416515876
0.559586355606677 0.0282311427543893 0.0189511140137703 0.0717323431902762 0.205232439702152 0.452421586609586 0.403681056336677 0.476766359139204 0.186698761481103 0.0929236734569334
0.526391308988641 0.366476549586938 0.00864732304772923 0.452415497505019 0.125266967703116 0.340197971916775 0.18525415421449 0.0518907131056928 0.434781881365303 0.162416330545163
0.409882967407679 0.22633061681193 0.0908407669288002 0.0343824344017732 0.126212230015596 0.209795510077573 0.247747917209733 0.47435151166566 0.439369581256785 0.48162071083142
0.234845726393552 0.456038954964798 0.399079521410108 0.499438349278885 0.319290615370359 0.222975335057858 0.376384309661802 0.0638858847616985 0.15328070388324 0.085245534122885
0.207806343513701 0.328573978885521 0.476095644279837 0.244366115234901 0.419728700422483 0.143541441086469 0.127317334390184 0.275763160636841 0.200759688290873 0.482843659072743
0.505658969084405 0.0543345236357487 0.1074137697089 0.0462560294710307 0.1957507850127 0.275451770559395 0.440359430956411 0.152567002793073 0.105959054617974 0.620537622206605
0.00365212394121825 0.407408068108552 0.460078450818743 0.461864938465711 0.319708426473734 0.274561047148159 0.10638032729058 0.239552191019854 0.336855747930219 0.221907318489433
0.377717458242548 0.103547633042562 0.393507240034679 0.207506367917401 0.405038227018172 0.059949363735076 0.334919889851831 0.370476313264473 0.408924485558778 0.253786152080673
0.342860187535331 0.345862141938606 0.358912566165725 0.336189112979524 0.336539322078946 0.131839272081445 0.375118820092878 0.37096991137779 0.255999748069655 0.215582783226504
0.00346143948627192 0.413684102925212 0.210834553197691 0.407993409029772 0.23130629544488 0.485316860142285 0.496693970469812 0.0424538164870725 0.254698507936098 0.124619568923908
0.2213277203075 0.498855017587167 0.23427798752562 0.211499267358745 0.347539884396774 0.188232667378127 0.426550538137748 0.233766433672735 0.409327932066974 0.20538409075814
0.0960298539283543 0.0430581318324978 0.0237665755721269 0.345305421485874 0.503969947159411 0.00438728439600965 0.26440942005475 0.467208923245145 0.513630715191387 0.251208266881898
0.350224177520094 0.171859621996741 0.1606412338591 0.527744745854081 0.202180264655398 0.419964566517561 0.338843743086441 0.0691411362588774 0.257252573957793 0.374787420691825
0.26323432609494 0.232823744811497 0.318635280901448 0.121534530227148 0.485451879479827 0.562648254613406 0.212780959355402 0.380909570641175 0.100095194234237 0.0870530749345883
0.308002431844287 0.220095741041069 0.226261210363322 0.402581368254912 0.45394066563132 0.435828042413008 0.106102337635882 0.118232334879947 0.272438136002665 0.384654564373783
0.167922402705777 0.439099334382243 0.153998295745627 0.207089206429964 0.491059426146501 0.341277439873501 0.102521114203782 0.381562593028955 0.354117735643656 0.270707986166539
0.0216085756069026 0.448322417648227 0.33145693984464 0.225511476752877 0.310817038092581 0.29052914416857 0.534147032996496 0.0778863784212726 0.19713845826754 0.355757814903962
0.447565571375482 0.127022264039052 0.3094072472913 0.16467449235362 0.0360360794222427 0.440035480831791 0.127524326811356 0.435495172120037 0.397665487420209 0.318925866753915
0.0384712289053548 0.281862536217153 0.222542155310821 0.511427978416369 0.205321801844983 0.265439544237425 0.0162801179972843 0.429543264291818 0.409978337901887 0.377518208275036
0.428760290478009 0.0689521013989255 0.461363798984067 0.392979816823959 0.324847457699428 0.403453628298302 0.208235574117049 0.328785867137809 0.0984544302905415 0.121096461615455
0.420188087443441 0.227997035072796 0.437920670364957 0.0678553075189991 0.384871227256508 0.139314962114976 0.129333709589502 0.306978289002435 0.384548869551284 0.385623177739622
0.430822140432222 0.0497439857251461 0.137284502876739 0.152539978537436 0.402426724235867 0.140219434762596 0.369965150280942 0.0106708961833933 0.266365204424407 0.616648261633077
0.250755575756344 0.441157394095582 0.480640303491614 0.0958596311414474 0.344298087768168 0.486109295565514 0.0370435961534729 0.296787998377385 0.197676685674717 0.13756012542383
0.633681545023786 0.238720766792359 0.350703650633258 0.145968224358061 0.192242711973669 0.421324155701812 0.0839307071700246 0.0696869433974309 0.0927946283243328 0.402712727253277
0.121501704435851 0.173707967889513 0.0512779037875592 0.1946634797028 0.533016187912118 0.611451896965869 0.323104847719484 0.364737255093429 0.0381414197941893 0.132947844313731
0.0361546066510745 0.122645814498021 0.0397157390428166 0.0895653884767064 0.403628182368044 0.134249779320149 0.586104195495132 0.224647540178439 0.588402465194057 0.230023326387607
0.464712043325525 0.237569071329908 0.0463849040070766 0.108721489533206 0.0888158089047987 0.438025712855346 0.330727925841359 0.375481351288189 0.138860440379312 0.494193818756245
0.0534991852412109 0.171206636952125 0.29270219626897 0.185830296883003 0.532708507038534 0.168442557737541 0.573591365135298 0.318845445512203 0.321434171065432 0.0384447963085605
0.182182641271109 0.397771026111545 0.323060979854571 0.473563853738575 0.0310441021748895 0.327802408661651 0.212270949560399 0.348150929652857 0.439891051081154 0.108472382026
0.216821584425697 0.141145472375296 0.0660414699189136 0.573388616002033 0.202563192433788 0.45143659216849 0.192716877195059 0.188903698624832 0.526702196628336 0.069741850596113
0.146712695631047 0.0180049203981594 0.233716843102295 0.389694029079025 0.355396149398283 0.396069787955067 0.430714178156538 0.427886689211518 0.291018006401367 0.187604122223904
0.528584725454224 0.374800186527911 0.0300318092676271 0.225111894338541 0.474545364879445 0.364114725348649 0.022030872409096 0.367661952431062 0.0195088087886121 0.186364247873318
0.169960511657344 0.290403328666582 0.292483247395739 0.193544121978606 0.338511256997902 0.143572288836006 0.487257791800912 0.364686731495053 0.347142481440335 0.371007022253229
0.453754406259376 0.445291393586449 0.402958684430319 0.176759453250061 0.289856820633041 0.052967749773824 0.0620638676791767 0.157584410830156 0.347883438270523 0.407029104748618
0.351556392270363 0.0240353303755919 0.00879592053374587 0.197152850908882 0.225807153469617 0.0162978031360598 0.680303151182508 0.0347110233894162 0.49490904073263 0.276906321542955
0.411570749887672 0.406178623863614 0.249710287118822 0.427778730149463 0.445479500104676 0.173946080653656 0.190331745020985 0.0375808221574521 0.175054353390243 0.351122246384346
0.317977813233185 0.372308227534663 0.188638691841152 0.470741824551681 0.18993621573748 0.0958732171327204 0.460633166501686 0.258188152139656 0.365540592653413 0.212985614264278
0.413746447114516 0.4493240711974 0.0887139271618009 0.404789678532479 0.276250547165171 0.409502704493654 0.0364771895072897 0.251330977157381 0.356357715836003 0.140361728965018
0.315469006450272 0.0938425919975424 0.0258525831605522 0.14406068617808 0.348973085145785 0.538352622307945 0.205438921836249 0.00307788292181827 0.525814371324937 0.374098782911574
0.108291275153856 0.0668260995332935 0.356348053289826 0.341224998084538 0.507964582577572 0.187924877040059 0.329309848818052 0.515828883658537 0.0512268932068949 0.264379372964566
0.0173372010238865 0.121016340670511 0.354695154726196 0.344740715398332 0.321143698818893 0.193038043295331 0.528100862000668 0.188275481326564 0.184542828773404 0.501605879845048
0.417968283793793 0.0743829118968502 0.38072666473376 0.438768638270925 0.332088298294158 0.231407234498195 0.442746713662513 0.317902473350702 0.133991830359946 0.0585371106575335
0.492037557269687 0.333557985295108 0.278834523610357 0.189534054027901 0.187567200197253 0.335868829440881 0.147445537924412 0.33913058139809 0.483934347618781 0.118468340118434
0.0760021402563079 0.329082908581421 0.187433300225482 0.0733976488693995 0.503273787579718 0.239795330554026 0.404120502749359 0.202510248887704 0.53928380139895 0.198677002052265
0.296949860812344 0.556016110439085 0.261387391011757 0.157739027714975 0.244833242012152 0.00362645795156818 0.215317878719522 0.0117489418851785 0.60849088749638 0.180954253230029
0.186808696591654 0.113916043058313 0.700076807378873 0.0963480859491337 0.334194934466315 0.049022579142146 0.133874981843196 0.386756261731739 0.412432973005777 0.0322771537237189
0.0579801228661609 0.363162969819642 0.242106358559126 0.240321899873446 0.557942137206105 0.31679042213826 0.341873396996487 0.16405668097299 0.0705672911369017 0.433536044104542
0.0515641056671843 0.406570809743105 0.331339434318936 0.183690622246381 0.436267054213949 0.391928085398577 0.102193056935038 0.422212491249645 0.1872828685605 0.347555759569027
0.517235447355764 0.233675614787238 0.339919792548557 0.388134177674357 0.056714403441812 0.451360201035646 0.190761830866527 0.304968461651846 0.0955082354734634 0.257311829128566
0.115385675147903 0.0353836393456841 0.515597316347005 0.396566989031698 0.324751206854951 0.1389408770374 0.437909775333101 0.0103826258298094 0.0704092777125736 0.490642460778042
0.552078832876243 0.392877355557749 0.159821544127684 0.00407144764516592 0.0641766901077287 0.306290033249072 0.267330689103275 0.0237861196287223 0.446484313207861 0.382079693704927
0.302933126772994 0.271122553698095 0.348252065464795 0.428803967074351 0.353601611328048 0.381182460349138 0.0524339535288171 0.344439187654419 0.193551562828298 0.316840164343119
0.357050417135 0.0957450032809376 0.0588471419578004 0.0638976001929781 0.518175601260538 0.209472090572683 0.407305742315431 0.0404234981689719 0.582360484295365 0.191681333146318
0.477843799288036 0.289168347890825 0.436793286420979 0.45480842419644 0.0308328951423173 0.232837175509621 0.1490942158072 0.0904117441784752 0.126408990298893 0.434581952057929
0.35866152152172 0.30698488864188 0.228381547791155 0.138325647687961 0.342577947127619 0.106301731197892 0.348483584320497 0.386711815555837 0.279645755137536 0.477474378196193
0.208595252472278 0.402567320798524 0.363149248166921 0.388683338762911 0.428082137973186 0.139859073766138 0.225819924166935 0.431237698062641 0.233006476997828 0.131939275898271
0.421759725999869 0.11672507394836 0.570759167192661 0.518461443138088 0.251760456014387 0.128720100633739 0.276497804918569 0.0840620246189112 0.208791260502094 0.0828387203629667
0.353324359588801 0.420030714543575 0.429890894707959 0.203653177831287 0.240111556173615 0.42168126816799 0.0769415771161731 0.174356162124639 0.244204204804156 0.375540776789578
0.0673831289460551 0.266471640440741 0.262122045565434 0.471534433381083 0.151152539172176 0.0765154671174289 0.452088037608128 0.405931394584108 0.251512275028581 0.415061041275883
0.148421878287684 0.0956252760289063 0.317222745141782 0.155483654033568 0.229253733054059 0.399174494264783 0.324108617493884 0.486842412347681 0.0906331743941304 0.530893079854319
0.144851076921978 0.472524561129151 0.261218716486334 0.0356562525801509 0.203495311170086 0.209498060911565 0.339145352690464 0.329779322544585 0.605861733362398 0.100448631036512
0.444701293560888 0.012001226276837 0.17439342947019 0.108491032520046 0.335929817580446 0.364333852274551 0.182498068579745 0.450913158243072 0.25735444815456 0.459854135725257
0.496917437299725 0.099572229494318 0.521441508850144 0.350144175731525 0.360693505104229 0.248557133285463 0.233887433984812 0.104174857697131 0.198286702754948 0.227821066403598
0.524957783773406 0.283952573790739 0.0199460489809515 0.55114408601126 0.465765189765212 0.111053890682276 0.0946010423043115 0.189782569639419 0.153199085084637 0.204757645597726
0.495133002523634 0.473531788891604 0.224881469225233 0.323271848203093 0.302510347898635 0.357758682949843 0.0419766788654004 0.200355108560551 0.301376005819697 0.152640420233415
0.0209568469114445 0.0652378141160583 0.463916959504615 0.183470710829489 0.437961661185999 0.0194594856492638 0.252699777361443 0.43973612617862 0.0887331508155611 0.537714322553632
0.374284648748894 0.141084305992335 0.204181625851676 0.0594502281107014 0.199994812913578 0.399738992905102 0.288142757866441 0.458645047625275 0.466674267422456 0.289527487845718
0.41928837478676 0.188425278181763 0.361700655665218 0.180885996283661 0.216317624911565 0.223966002981589 0.210086222967644 0.327287543279379 0.415741570615903 0.451771589862457
0.549230698545598 0.169767226739739 0.0688997190507691 0.02146218649191 0.575913143715798 0.0409156018332734 0.107767682341473 0.278561870659496 0.0687926807094001 0.486850977328972
0.341364485190161 0.0180134398755387 0.506459801198055 0.518587623633877 0.42720665214714 0.0384657673115957 0.143437495798955 0.139751804652877 0.026592532281262 0.364573678215151
0.0212216744073587 0.0123442646460045 0.502815467741265 0.461961677168743 0.465849611997201 0.2447908476851 0.387840239800045 0.245707782528547 0.175843832067538 0.120471716620508
0.481795746009178 0.0224443143800503 0.679382587281279 0.067092973150037 0.0183784416153086 0.349961619249497 0.399759701316063 0.0971316454905597 0.0950243641779354 0.0149678899309118
0.1542802599609 0.49339326377866 0.140104805834608 0.133406411845621 0.0955070891068783 0.472304005702364 0.517149230366786 0.0698302878053396 0.402878989446839 0.168849956265768
0.133994382339748 0.0550274849008379 0.330070520681764 0.295135826956736 0.324629490441712 0.306304473379617 0.204827231807039 0.152542429707525 0.489526662441475 0.528109173335968
0.0766881769039622 0.434456071337435 0.491449205423318 0.255350045132184 0.348649739935948 0.225531572481451 0.149537321696836 0.389052495653861 0.353602789722997 0.165715296044034
0.411804406332455 0.241789145712695 0.422249441936863 0.0828884101550108 0.381142188833491 0.1465494480639 0.367954009020367 0.336078416653851 0.0703959040182925 0.408349743666861
0.637020020950883 0.0828959382135872 0.402057874784202 0.126387819484886 0.105220630981629 0.161797656323441 0.398880227712425 0.289607941185839 0.322171502422659 0.160271037116105
0.0845555324437471 0.333870074542272 0.395929639531296 0.020029712623955 0.534885423333629 0.178289443030246 0.261516621253646 0.553326593850136 0.162841471585544 0.0724673533283707
