0.00560734707035857 0.112571740034352 0.483543558163068 0.584257333350363 0.622444325871941 0.157124848383754
0.0794991127951381 0.0618423292109606 0.673016027737926 0.374782303226615 0.615246518467179 0.13384614485513
0.63911082749214 0.233589118187318 0.123589155206605 0.652305651648891 0.0231399548384499 0.30929124475014
0.784007100184693 0.0902363153620057 0.540714763181151 0.2427906291253 0.15899825465683 0.0242916560335265
0.138566647510778 0.197093093040845 0.857848819726618 0.222729620353613 0.372343860958161 0.133418757267373
0.505700084126131 0.426406175589249 0.583917544141882 0.437419090083663 0.14979231663474 0.0878197101171826
0.130194732214425 0.285380491945901 0.785609340157397 0.049835803762998 0.0631911811864441 0.527208249614273
0.438620526018971 0.458921191322835 0.0249195316192349 0.321085653024467 0.612213946506511 0.344209933584612
0.513579524055234 0.408782886498905 0.583164749297382 0.177136093690532 0.00739286787996113 0.444544316317634
0.539797213638245 0.358378897909232 0.33963225586644 0.263321811789346 0.628380221870091 0.0251671344275918
0.567736901872139 0.768833663940435 0.163287817148763 0.0184658436156573 0.236358240238915 0.0608316620360507
0.474884111503262 0.317835308900496 0.394352027108707 0.478431951497542 0.537387106663346 0.0164390130904583
0.439146397404388 0.466453066503028 0.437976106575558 0.621912523010658 0.0916611855810861 0.0507143889440827
0.392632583441333 0.545692814827587 0.0517582431060709 0.719873879423808 0.149161197744496 0.0700901230349018
0.0180330794659279 0.357345163144189 0.158361445859931 0.0183408543428893 0.328001350264017 0.859639239550252
0.499225852801936 0.316696493796028 0.4413641603808 0.527802937431628 0.41273445880568 0.0821515818214146
0.358153833408667 0.452619960419771 0.363223163640672 0.399652756470217 0.487378527935429 0.371038786641497
0.394578185129033 0.465615257392132 0.156458897017636 0.3107156512843 0.449140247990837 0.552050652684756
0.362034321611173 0.521099911037749 0.564694734084243 0.332126551181231 0.221860248852027 0.344928795506104
0.378950963619489 0.108854053320839 0.344591077698282 0.387744149707617 0.420406708713643 0.631440119927693
0.554305688450263 0.0343040244881363 0.759251226802263 0.106778109982009 0.280155077542497 0.158800440839074
0.0442147458871053 0.226851415596119 0.10701490508742 0.605382210187144 0.754058703250603 0.00625725325157668
0.42810536851404 0.0243264851081685 0.351425790548856 0.766432309262637 0.259570506542606 0.194521455784208
0.191965598631907 0.357055216145213 0.254752869709563 0.549685425731146 0.323666289021685 0.603197996539968
0.412631073603721 0.622621334803252 0.0430619765290054 0.511720511327629 0.121588379899029 0.404453113329583
0.475177540586652 0.58445834620477 0.183669296741866 0.327125421894697 0.532360712108508 0.0919856861772132
0.0744585615348855 0.565630745904656 0.44050721394685 0.397278440585373 0.236986320540544 0.516215556608855
0.102097683814171 0.254355897247591 0.658378520518744 0.687161286063756 0.0877446741083566 0.107364348438058
0.381018067927484 0.330070091812932 0.536546265248278 0.403867613270527 0.475356556274831 0.262534125418461
0.302494798204313 0.684285778043987 0.61085297972332 0.0975464213935903 0.171535891060615 0.16783516300392
0.188174900663222 0.381834044845879 0.388804475900563 0.601169678445824 0.286003090490661 0.473731251263673
0.383421912919806 0.0696078597022315 0.578902779593345 0.612324718410008 0.360738735826598 0.0891064421802547
0.276673104018881 0.476055529827292 0.483706539414608 0.42698579979836 0.22769174595738 0.478216170109703
0.0983532192884361 0.353247347080798 0.607163047068484 0.624348697275324 0.310097082954099 0.104520302642387
0.545717771438834 0.246810295617558 0.0487420514798614 0.257362618878113 0.756656399894019 0.0116867118627743
0.230228418305043 0.283215584827319 0.504726613756704 0.300231292528014 0.517025876380599 0.504559478576312
0.22542381718752 0.423363041252563 0.00979108903853401 0.518373111817334 0.335106450818447 0.623574338861138
0.490588314909008 0.156416332797192 0.352733201617176 0.515192828589882 0.434111940321524 0.395676000315602
0.235121339765696 0.306431086680667 0.381151086909793 0.471059794989758 0.667477122987929 0.195240245548754
0.224807293644522 0.357360736942898 0.0167442981391172 0.722796095767447 0.139619527591128 0.528721859160608
0.541025326501737 0.535330632833522 0.126014465902204 0.509277082248117 0.220533055070049 0.311183368989166
0.524419547994478 0.153986601331646 0.522639969342754 0.470680399314878 0.31944361769006 0.323319445061497
0.328707475313624 0.238369027739849 0.663913175434202 0.131255332491689 0.0537919535893237 0.611742888143146
0.184950154894935 0.229765082065167 0.61362393830729 0.115022922893814 0.707282399019396 0.151619407895264
0.454988602382845 0.41705487444329 0.357868345896012 0.504678785129378 0.40654861555778 0.266455244720078
0.120060535747455 0.076295367846991 0.508982027202043 0.386523331544099 0.575914084664119 0.489514516479302
0.559527703573602 0.300673668596028 0.121461910583237 0.271968856454006 0.546924287599382 0.456812721995717
0.334950209791922 0.438628118656478 0.485708773443672 0.260170203234866 0.591709331897597 0.20418680118484
0.039722002992143 0.161139873852839 0.808816609064571 0.311885471615993 0.34421560353066 0.320179429875132
0.152521678722401 0.418213621710641 0.384069505169622 0.387174698895469 0.012316295434349 0.710119131368891
0.0489211464135594 0.0073194564485914 0.534657704634883 0.710858357928745 0.0327223977387779 0.453104762184764
0.530248139506256 0.508669356414732 0.458145445735719 0.43381342365521 0.238213537222409 0.0724939382771355
0.223951202851375 0.51559982137316 0.370084801916377 0.480827451725733 0.403874960224798 0.390806730369706
0.479575272965791 0.223353064662786 0.420334919284133 0.143580312332761 0.317440996702763 0.64965793246809
0.289797566626216 0.820325837781742 0.0187714898071614 0.00606458408028083 0.257873465526739 0.419755902892133
0.175811940819387 0.0450965401665167 0.247743088346027 0.596932932280711 0.456902160757204 0.58360201812644
0.157093932080088 0.226794526450498 0.611240592584623 0.632592921823507 0.0546182896666276 0.383554057396348
0.545069949193552 0.620851240925616 0.418034157015908 0.0137522087862783 0.193370317400977 0.324204762144241
0.499067101819486 0.162005911891372 0.334534269822552 0.0884423760732199 0.703275576088001 0.332196244561329
0.381773484390362 0.482236918920731 0.182847953740319 0.49770061495234 0.506648907576612 0.289593109011161
0.308783459767462 0.528316664815727 0.419243206916961 0.205690529152709 0.386529032134177 0.507992247618308
0.067416760024974 0.517569519619364 0.117261556478287 0.715659735949469 0.315916922997146 0.319145954550198
0.655786939210592 0.481102706054176 0.379184189431204 0.128989256689326 0.369422817024644 0.203940140712574
0.211575142688797 0.278113792242583 0.444075292238433 0.288365364814478 0.769349005628792 0.0750555547405761
0.263879790672963 0.296755302424123 0.592876575412423 0.580953930728725 0.340153137014267 0.193880083131286
0.56784534248803 0.648391699891431 0.0730726962229996 0.386569942783921 0.021766988713836 0.319202332591134
0.354753667226293 0.525092405151447 0.119791702552579 0.0332439312536968 0.759768051564592 0.0756643806415099
0.461244170220535 0.32411102237775 0.345853680408723 0.349253697382018 0.654936314040327 0.108034123196424
0.588898806671934 0.21081677177442 0.239275074861128 0.622315057888381 0.14261755483997 0.379323245486003
0.219322346225005 0.625621713410253 0.425316722531999 0.189359134101319 0.475594072279435 0.342861870781337
0.291433626808382 0.575645326900407 0.277663190905695 0.0486140984487168 0.700058020003167 0.118985248078778
0.615185661487539 0.133210591084654 0.0423797249255274 0.526676624656077 0.558108797408974 0.114594077219735
0.60503680688861 0.00919024835606884 0.49758549267325 0.114818800242933 0.549582704717511 0.266514864336807
0.588488151874648 0.421920836013662 0.321442290683375 0.0869671048827001 0.475389455004193 0.372533147169559
0.46858526371065 0.183529343189897 0.510748723260911 0.234923176891426 0.371136590952409 0.541247913921448
0.294574094739311 0.234974230946965 0.486620099120476 0.654326138877205 0.304342516657708 0.316933793035513
0.516326421109659 0.098316305874562 0.587389636988089 0.327082091973812 0.509839499869828 0.108606329027319
0.707866983811207 0.573262945317524 0.270411780284727 0.175085154855152 0.244142497457799 0.08313258881788
0.537881518139178 0.256902852408371 0.475610501554412 0.41375708971802 0.480620691814288 0.12762393579547
0.484279228516056 0.0634594349749204 0.239274773141982 0.00445724708903648 0.504736809259398 0.670384216852873
0.315378021855008 0.38632328103333 0.344358470680686 0.553464407614712 0.516902964439088 0.243303810884052
0.528044413695392 0.37990960105475 0.444446302176349 0.345701110213066 0.346111708279691 0.374169352649903
0.338600205376771 0.132084165069431 0.49971874493417 0.538190936340844 0.207559483459192 0.534279353040014
0.536304130914671 0.352161758542676 0.208785945561507 0.555611537399507 0.239245499049293 0.422878013868288
0.397750776434849 0.297115977079194 0.353684735044081 0.668553725403814 0.400191979776178 0.145965132062609
0.343642845274441 0.140106101068128 0.565208164110866 0.137912647378914 0.699146111755066 0.187067962698882
0.216236971156185 0.494687679836673 0.659959928949422 0.0340615410747095 0.520871483995888 0.0226113352905162
0.319486476196278 0.249260040458407 0.616785748949507 0.124178123640082 0.553667285936679 0.365247168016256
0.329209339692505 0.490833101570783 0.213242898181905 0.459554127895198 0.191177644002898 0.597906895264302
0.201140903428722 0.509151017558829 0.538813588509992 0.279493721930139 0.260123745585043 0.514010108371535
0.571726889906533 0.522331065767316 0.00620910657363218 0.469507019331183 0.387494523856209 0.17225336242854
0.481846119987667 0.315111475452076 0.293774412615333 0.135945595048424 0.546432994332036 0.51493246846166
0.315540468558488 0.480259041311309 0.74087938737883 0.123622568384728 0.3231935328349 0.0338614857539011
0.0720565311664669 0.107088902681416 0.585392172023974 0.550834097591189 0.559199889286368 0.156630485298404
0.244472068633727 0.153105877723676 0.607243019600564 0.563184133420869 0.479858772972793 0.0246394576812881
0.479866028080393 0.408099344434051 0.45544861176534 0.390425815698725 0.316499816670695 0.378345914067103
0.481522566123068 0.608364682200624 0.486366720612368 0.11285314655967 0.237085878774639 0.304187932441768
0.423951977400033 0.053135931104436 0.588301409362542 0.547714668772914 0.389649628183524 0.139730291253296
0.0627247328794864 0.389628754043231 0.0278862613879597 0.500506229223424 0.600580312568931 0.481948338514486
0.416868616307466 0.0126200224831764 0.29243585716151 0.433548023343238 0.392523740412073 0.631271562708731
0.473258875049795 0.745797732229008 0.261988466946351 0.0944989037255328 0.0829368953375639 0.367920170094289
0.653712008351757 0.295290811690809 0.00264061468286861 0.525727757151262 0.233149705429855 0.393330031958491
0.594901177290971 0.102262809516122 0.678629125604876 0.0861172018849969 0.207243181374299 0.353173481793021
0.261834748118075 0.00691381090139079 0.182894085728978 0.871515379976179 0.327640002728742 0.176231349024545
0.319198069960156 0.246640346639486 0.434083072395319 0.533511861386475 0.319218998771417 0.512169251699492
0.0637303654669708 0.174930075529045 0.634979919814037 0.51347035519577 0.158054458670874 0.522977430732144
0.00579982742416786 0.485517266802122 0.497350244034449 0.344556927057091 0.408301364318721 0.481095209194777
0.626153626830121 0.215084863872446 0.6309474935988 0.181661300745083 0.341340520965973 0.118580005988072
0.57538988937244 0.532320210287269 0.41714685242604 0.0414859691082126 0.319898450992593 0.327862879659209
0.325795486011305 0.674986420921639 0.413939187027177 0.154584846401769 0.0986389775725987 0.482989502655811
0.183024488789443 0.658663742318588 0.626234669049637 0.0352847357080546 0.163591652995137 0.335390829980277
0.196695846025408 0.600734855110818 0.0166507965326226 0.381357070802071 0.171034919154829 0.652276758719125
0.0710829948310625 0.144695048323974 0.443745225043758 0.313129685760718 0.688671092417634 0.452529173038525
0.223300745777434 0.101061177202871 0.662396987139205 0.410014599444863 0.00291566252410972 0.577090265019806
0.556349423310527 0.372769114008044 0.128950544182697 0.175169795566931 0.588645017494017 0.397118181501674
0.0782819102905053 0.563884941174233 0.506214407836802 0.520731324377091 0.120772570607371 0.36593109042278
0.151284769786193 0.473472422902951 0.4012080323498 0.316633974441841 0.540246344764754 0.447041062047588
0.410577717495234 0.248983202066799 0.420798757554818 0.227353683904201 0.405593482292151 0.613323681397192
0.0229523767161755 0.278038833748585 0.443197886834137 0.446900314185345 0.531615597469898 0.493364159768751
0.470216258315463 0.0942646406104854 0.510979558348727 0.659496696525044 0.25769764623585 0.0869871789011388
0.406865308613854 0.0988739456913571 0.218739346230345 0.460257276547833 0.252365660607132 0.708034232683558
0.490878043527522 0.516520678099528 0.341582180767569 0.424643921538644 0.336359548132538 0.286542393967497
0.227805979801174 0.619321024375109 0.427340007677719 0.286125045221323 0.519436092892899 0.173910971675323
0.181446348035745 0.25745226904268 0.387584880864322 0.761027791149432 0.162954291933461 0.380599674084645
0.657294843169108 0.506823112374573 0.149916641725712 0.226003205036914 0.205503394500733 0.441938602751164
0.0232803184006362 0.598622801193225 0.573721033951372 0.126025638977025 0.253975391577761 0.481214071554298
0.306158408081041 0.272061278806022 0.131110831650745 0.550911483353936 0.653360762347202 0.290991222021239
0.283921250656339 0.191115662298787 0.520626682814882 0.483160982892789 0.275045893776095 0.550196878506222
0.138293348596312 0.554433504240151 0.0899725309638258 0.0929369866133956 0.376897610602992 0.717421975146389
0.60208596716401 0.143882112967843 0.239490225974174 0.244672893392046 0.462461656518154 0.534508417954831
0.29533945964323 0.74991178814496 0.0126795788530298 0.277819971683387 0.522187908740402 0.0195446452551741
0.214726963064285 0.401441033808295 0.471805099345364 0.136537156197294 0.599821468872431 0.437846076146747
0.475038463300493 0.383833413223754 0.425678894654596 0.00587754785573319 0.220615378502983 0.630160421736354
0.429592076947547 0.229944172655168 0.109524443956684 0.652065424609421 0.498953284049051 0.276472464139567
0.377350195906491 0.680987302144576 0.513730325375812 0.24349268007694 0.0446077569888316 0.262041484352806
0.384153902497122 0.13047721222967 0.52826770738638 0.230649420385299 0.56733203214556 0.425758048421
0.627952428620232 0.437855504855155 0.196370335492446 0.0939286159439905 0.46173385134986 0.391632814280221
0.429763556538419 0.217525685490474 0.478949380253811 0.514795143121019 0.0544712091244766 0.520203999190094
0.00230965950166341 0.536776486491928 0.486253874641047 0.398282426525003 0.374590820231999 0.420090067173947
0.305415119345466 0.387877214573078 0.685732046721229 0.287175335661458 0.434997340056298 0.119800134062584
0.0460677179733029 0.371961583447202 0.556411969053952 0.131189601999442 0.42169017595131 0.59573043427969
0.382461381516537 0.26608325578369 0.480016844562676 0.381148907755393 0.445496008289354 0.45690878552642
0.104272442965581 0.641471066968222 0.0884834009050314 0.027280410786387 0.571211623351047 0.492733067878448
0.23705493936123 0.595951887777898 0.459416661691304 0.137745197887606 0.319755037539321 0.506325597383692
0.0366901878853239 0.604933409620489 0.522559737502584 0.00229559865281289 0.245906712243331 0.546960089841664
0.415872954146584 0.485292963795272 0.436878539706467 0.0106203411242076 0.608369702838518 0.1745023778254
0.116509932896788 0.509289796147744 0.499237732188981 0.352356951584006 0.465933689797422 0.36954215079902
0.672192707539858 0.268127015769348 0.0513768532646086 0.253013777947758 0.147211538531983 0.622846752729059
0.419551867440006 0.48075763032913 0.629698728437324 0.360008558542378 0.230522588761218 0.116537619073869
0.265935640195238 0.514040971997228 0.17491885130586 0.483766101683673 0.461340889276005 0.433103281658936
0.533018457487563 0.52905251022112 0.552487675452718 0.208475277602015 0.132653397813607 0.263994826760734
0.288470912058182 0.582918487403458 0.263273926160789 0.327194833294384 0.49200454970372 0.398186481287058
0.427500582566885 0.14309008509497 0.308923773511171 0.567446400167016 0.538111108661174 0.299625765389168
0.364035629321764 0.384061029361573 0.00816196276518093 0.551960760227008 0.56357251920402 0.312464243460774
0.382786225787066 0.257336208304369 0.426779472652709 0.53578410244534 0.319522662747636 0.464707140598249
0.449008038370941 0.549027098796639 0.0226777594755633 0.425123308636405 0.531645511481162 0.181851500038805
0.299645637971126 0.031165211866587 0.316687422592343 0.58199040281103 0.563954174014333 0.390119415350828
0.499732407706351 0.24458789630447 0.376153709551384 0.561004433006877 0.450003725300701 0.178110476452749
0.584333991992395 0.00327485484165519 0.543025288805487 0.247611952285024 0.0668557268195231 0.545788630994405
0.638632414502142 0.399999383505956 0.0239918977594322 0.101154266055034 0.324510865544271 0.562169043781757
0.444673353539443 0.539874096502865 0.0716688122141579 0.610082380517605 0.178193450845518 0.318922769633576
0.331707564098879 0.345679777416081 0.50878329618302 0.35714356867114 0.068768811851404 0.615901341777794
0.611481390854891 0.104963627763927 0.561278500898667 0.0132768846020787 0.0659490574402249 0.543612027158852
0.537101321966585 0.153808570590979 0.347670336584565 0.566587661813419 0.495881175988532 0.00840900676150978
0.0502862799050914 0.259793666881832 0.500908836864406 0.0542117129702295 0.687464067710193 0.451135371741938
0.291600016169281 0.559855685938674 0.344966966509617 0.620405170834506 0.264176923874363 0.16684367055256
0.47932628042618 0.305211809170599 0.521454406961423 0.142725955580421 0.538591684110061 0.307775355263004
0.431308724829029 0.519837552066719 0.0432141351477862 0.344189714894974 0.5213421448712 0.389371352326644
0.428905485661233 0.200635884750761 0.427186981391849 0.484889754792126 0.326643107384183 0.501480622901162
0.301915562646111 0.0446010041211064 0.532427370032261 0.150825476460226 0.212436677361483 0.745319510590029
0.412179599705325 0.430927646555769 0.116466705044287 0.606329341172982 0.26161610869147 0.441323678656225
0.274023386494533 0.844487430985494 0.0341669082328303 0.142563033513476 0.111330395962318 0.421741756711032
0.0598841122317337 0.402692057409581 0.141368054657105 0.504388415462536 0.628650776452266 0.405781469188868
0.492009427628282 0.234878267279777 0.186616599308407 0.32273636951069 0.713813476368554 0.232904968381537
0.502371228410019 0.57913242652599 0.0650475694664127 0.204536381551668 0.0349870776391782 0.604101289634825
0.0440676018966793 0.436452388519098 0.550701742477198 0.452826335954338 0.542117538777971 0.0731562264411692
0.6681676018166 0.451191213055861 0.179567873587178 0.01500298532674 0.361351538156003 0.432358532034224
0.344966968240247 0.149650547712322 0.343641409307595 0.142884902171918 0.527212172264959 0.664939332833161
0.0231838293878055 0.482113255597151 0.0579143214892168 0.469920038244887 0.241120507495064 0.696212114746737
0.493290601686244 0.169571788503245 0.574957865677332 0.508848892274516 0.24939679655863 0.276056672125296
0.506291779641243 0.448613493383689 0.485897464600144 0.269727320137035 0.0266473131462281 0.482550841664086
0.634409987744075 0.0880035657889629 0.256024750477909 0.315985517243943 0.459127940063822 0.462152955791201
0.514580272009917 0.367220095207824 0.478252844138145 0.0541878230432814 0.205589197178744 0.571338362307977
0.27969548915664 0.490631770366505 0.0151502154558701 0.535692945652686 0.508314981050101 0.368062927013957
0.54416025861381 0.169924481775809 0.493428616021964 0.418458859881872 0.378251519952855 0.336691928280055
0.374512144122878 0.483519960154151 0.498705065610284 0.275554321950002 0.526637279355444 0.154807464999027
0.331356449772176 0.477829628614042 0.494839827067897 0.335022231003588 0.323297304472127 0.447497768055658
0.371698704532277 0.172257818301864 0.607571005299809 0.479259277082788 0.0737088912417894 0.477391176378321
0.534816431718859 0.374266902341924 0.299173430801117 0.252791345850474 0.22061376489197 0.609768013822366
0.245961187245697 0.10508236501339 0.471131980930233 0.672143736751388 0.109553014696718 0.492662543322887
0.404669522565953 0.642433809510662 0.379977967356003 0.378034426625577 0.21244976271337 0.301816488676093
0.176831607328221 0.193557160591788 0.424026885421589 0.609611560481722 0.492676307969362 0.37028530833095
0.382852348132145 0.0976630527097353 0.253096210401663 0.766188593398299 0.0595814741002102 0.435009658784512
0.498583071862233 0.415125075447297 0.452117755668895 0.42860424286716 0.0452969602843733 0.434651832598784
0.0952013936440915 0.0684908812341981 0.589077601890969 0.586087279132628 0.535412779681993 0.0952267261775031
0.17333682254185 0.0674976021833159 0.343972260490471 0.481442985356919 0.622262001145838 0.477581571508226
0.413801183745464 0.338855485363907 0.555445877000862 0.169814613371722 0.301006812744 0.534774077400447
0.621437212659848 0.0688866499836921 0.483714842262541 0.0617567835954064 0.278936202788016 0.541729698285649
0.408937701781689 0.308643581000623 0.240949200271636 0.747299777111626 0.228606059930241 0.262173399392781
0.397894662567191 0.447481970563891 0.357495000833906 0.432610503636486 0.506116249864224 0.265200945824717
0.371298256646052 0.138231944311109 0.298666531438342 0.0670896434618179 0.542229723045899 0.674769400882922
0.447685540249414 0.365551275916392 0.539629602517976 0.587767094573501 0.0421164435877205 0.165848911753821
0.470765934018332 0.429027689308079 0.177681264110245 0.342073173398297 0.349571734171174 0.568796617666437
0.61309844307201 0.50699432015663 0.271597508068892 0.0698069301862533 0.394529790775274 0.364383161975348
0.244821626489949 0.146688883233381 0.0609501000324341 0.827814884825193 0.0684319897066771 0.474203972243204
0.528528408388139 0.196207399402717 0.468850534185268 0.542260631857719 0.378592518857678 0.157989450099614
0.155494962555325 0.543137191874959 0.440309342385179 0.66063939727566 0.084436204462172 0.208271708529289
0.473943587153251 0.357484631869624 0.444195625605911 0.463653016813852 0.447577354739163 0.187010298887598
0.129381130995046 0.624402761942198 0.613518887905356 0.0902649071067179 0.300167269395126 0.344569506679946
0.238631405044087 0.0882300268369837 0.22391830123614 0.27079585673524 0.458342097258848 0.775708215193018
0.624313002332398 0.0606255408968885 0.239291972301947 0.342873239551318 0.224593082352809 0.617489319632623
0.119647975724378 0.286309511943618 0.0724041515273511 0.277279918108267 0.877076446863455 0.228739190976361
0.0482499704444346 0.743054483141145 0.252304815345267 0.0640527749686919 0.604663111705226 0.110290611347077
0.456497333489748 0.444473328697123 0.333665705332616 0.129258560879153 0.514082013629953 0.449146690269627
0.462858165771737 0.506578059014192 0.0290041712565295 0.510440580727479 0.257404430169501 0.448879849658312
0.0650430850564713 0.671209147936899 0.525704095075393 0.498853391180839 0.0647499984019175 0.125839632260467
0.134002523354658 0.538707597787455 0.634651709271914 0.0271579498630317 0.194657210809012 0.500425490735818
0.205813857785837 0.582319996323945 0.377768203347353 0.000666794237404009 0.335267807178798 0.602851818624835
0.338822747234688 0.654403788618004 0.108549841174992 0.438624785374925 0.472226424183593 0.172575378710882
0.0244493953211476 0.665088467918725 0.318356740812152 0.515554730035878 0.405148967321457 0.160518463440834
0.428901869445909 0.386535458145071 0.365006890404593 0.111449042256287 0.533441799946711 0.486232920511685
0.0617779707188195 0.490080604081524 0.452201517653484 0.598610406459036 0.421589709092312 0.124281815786728
0.497268978658824 0.0044313516636756 0.259889630660742 0.480019947478303 0.654008424832302 0.164362818582439
0.309297312897166 0.534190818752116 0.149882813757569 0.578460586202517 0.457104979074322 0.230106218628169
0.458418730218512 0.217731285119901 0.229161566429028 0.570512062396355 0.31682816949247 0.513873748515125
0.0351426164914481 0.102609167730211 0.401262109779174 0.546218023954032 0.546332694569869 0.479991178680602
0.517398479702988 0.684559910663829 0.0501269124514239 0.0450732249838925 0.429136134194206 0.273814567325148
0.118435094461388 0.152442212553362 0.415261804358577 0.32873959958267 0.682557822006948 0.465120661071914
0.222889572648138 0.727453051459341 0.579664309769187 0.184275145437489 0.0929351936133401 0.206221494682487
0.6005449420825 0.00686561630540917 0.488206642274141 0.530669777093337 0.291538707553007 0.185331270888948
0.463137188470197 0.0495780139057842 0.460063338015187 0.3715924422223 0.298306040700256 0.586788081995883
0.315726945252732 0.074247439974414 0.444956801966144 0.0317869166114226 0.811177954816769 0.194414957331757
0.69693830549111 0.201489692279231 0.0378622027002005 0.0266842131895272 0.467474580324959 0.502991874057175
0.040308520120462 0.5648597109858 0.426854037467814 0.235010351605153 0.512179554416931 0.423729394170217
0.0669532098758068 0.185459459071123 0.242508718156849 0.522824092105845 0.694960965044681 0.382093972896929
0.17550830018657 0.355760110987781 0.374467520447985 0.0505636030878878 0.329817635510088 0.768810318267403
0.227051274330155 0.382080819977381 0.45686679448255 0.32429726072529 0.491458252483354 0.497025925563029
0.163765993490951 0.401523688317755 0.52666631934457 0.713134923642892 0.114117917387123 0.114007441755979
0.370556510224814 0.493852002513779 0.414407741855904 0.537305213279723 0.350315534927314 0.188802620755245
0.279762909344314 0.153677770122897 0.583900055606665 0.569840088386373 0.283377037056374 0.390072187068948
0.522729171568484 0.273147097701017 0.0271581576867864 0.168265019743485 0.460411802740484 0.641182630541315
0.294644776585202 0.469697257065985 0.603306468517146 0.423145664406475 0.279138867631144 0.267618173248233
0.126424321629487 0.0986505616154768 0.499868646701562 0.608747293666219 0.581643802031053 0.124633517366476
0.465348887355258 0.500442119887147 0.371521855435073 0.518959325301215 0.216134422776368 0.280974622676492
0.0251496066796217 0.569605683321245 0.176959980125428 0.39403326417019 0.69726354988334 0.0465119014605272
0.208917005545995 0.00425105727971013 0.515848741983526 0.360470930236183 0.303624590246169 0.684184555037761
0.0743493055759034 0.56700987240087 0.504214886510899 0.406660486415255 0.225331817104032 0.450102382320106
0.623654676455997 0.264433114085525 0.0356347261289321 0.259322535529841 0.685739763655023 0.0487128126065571
0.129935888152451 0.549368800578808 0.354769555095217 0.483199929608502 0.552039347588693 0.131223227510858
0.291067111122754 0.00931736827739436 0.499521180163924 0.420402227738961 0.289432040148394 0.636523978406419
0.224886109755137 0.282124171412011 0.417091205954525 0.830306068352893 0.0776836483439965 0.0205960941932035
0.589153139586298 0.273779750455658 0.239788135129508 0.572866257099835 0.255895998078011 0.35607073209019
0.494284149915551 0.130952010158434 0.555395601264985 0.377269525749027 0.0580416870393144 0.533262921812464
0.0572022914256248 0.50900004087886 0.34803801777328 0.0225580386457755 0.640158058269805 0.454098215973275
0.173957805433242 0.0511403046658234 0.0284065017174735 0.450563192134471 0.873588880243967 0.0123166568272257
0.490300745047868 0.670155471898411 0.293544089144604 0.382274181542989 0.0276322470954749 0.278265340393807
0.123091860977466 0.601467368318324 0.505752667787918 0.0667905271315958 0.585381500090081 0.14201113502999
0.608739183504349 0.495266543503025 0.104182038975028 0.526595835487577 0.0758051567342421 0.300406664985431
0.293999912456168 0.531086724321244 0.178353277332511 0.118951546596836 0.619420955224206 0.449298632294381
0.264938903422189 0.381633247309843 0.356695705002833 0.00285852576640248 0.609951332665734 0.533744149048457
0.627253605180251 0.102172894850973 0.115966842739229 0.337495186158849 0.517913625643317 0.447803284293273
0.359261953447697 0.628078559468396 9.8152984215293e-06 0.314268946707694 0.325558849887793 0.52124335606287
0.178094114295667 0.611951365455208 0.365286838638535 0.189157414969713 0.238907137229995 0.606223053364648
0.152598605707319 0.118312540809892 0.0775781415906572 0.707898686297925 0.445318452171144 0.507216291402591
0.23774577760786 0.375082448732909 0.267860374530706 0.311754777878953 0.584346701510252 0.540729888707996
0.680062746802826 0.191797516080329 0.120146107954803 0.641994525192319 0.252963076811366 0.1007273417347
0.317561356720185 0.433082943984536 0.613320150968616 0.448283582919131 0.181426766621105 0.318682441314477
0.49611020587057 0.338250352199581 0.319676702388502 0.431805012554198 0.590037760313925 0.0516530865944072
0.533982540276645 0.534795300828652 0.262829780859302 0.401640477196902 0.351366948521864 0.273867365248623
0.167236685519728 0.275329258806702 0.0879700973304839 0.149093437057534 0.704211318916032 0.60855937883982
0.151830624134186 0.559519638526691 0.490338629188004 0.537790264765362 0.311495971708313 0.1928863788273
0.389547186613941 0.146321039777887 0.524144722592238 0.263269365235927 0.309946497397812 0.621882515092109
0.161968313457833 0.626143212442918 0.005230833872013 0.210140507956784 0.143467830917164 0.71898646004767
0.228645676425857 0.353878102927339 0.523014210469834 0.514953509191493 0.339736590374729 0.410304169000081
0.559772173308136 0.116041034016829 0.504146797766307 0.326330267722838 0.539657842637073 0.145957418326065
0.0379557512699711 0.54812819207919 0.632305442197191 0.1468829837975 0.293748799123505 0.436396271576176
0.418076891815512 0.429940309006629 0.499342055752886 0.528747479515422 0.0368216799002406 0.331799369157112
0.370610805853199 0.574273006511064 0.083577753445243 0.567277024513201 0.063901693353182 0.447198227582218
0.42557685360809 0.317976193745838 0.0263679014390013 0.307833392473785 0.693185323754426 0.376580569157787
0.382420023326515 0.0646907071774744 0.502924834469361 0.464638610964423 0.103323706861137 0.608335287353378
0.435613843961912 0.516883378442801 0.187962036348231 0.177329425898127 0.423029663154714 0.545291301720429
0.419714804848616 0.00728847073403092 0.468121481666805 0.486454108040404 0.210368941628367 0.568995560928289
0.524559919222803 0.296765667603071 0.277627356001264 0.132887853337813 0.510225578070858 0.530754895214679
0.391499225937911 0.451927448864967 0.410261600487033 0.310956972263803 0.486212619644654 0.375604054979508
0.558812930289231 0.147313478904033 0.272682232207817 0.544889142869419 0.542192361704792 0.0281871070691168
0.190075373791037 0.305908627091536 0.627374236326343 0.0672157896876349 0.681749088341998 0.0859828465720274
0.0611867101668312 0.410608988716709 0.390360906492941 0.548241825234428 0.581721827344767 0.190539823187436
0.144753042258637 0.583642671881948 0.236003433552274 0.608165258911546 0.311229041218941 0.340560816040101
0.524369743480602 0.392807601208961 0.432830687132272 0.126839395293146 0.601338102388634 0.0755010678630498
0.520390414456779 0.0822324029784747 0.317406580293919 0.289834514503008 0.533127001707197 0.503444401579268
0.166489532136165 0.63798398256688 0.0347106982627547 0.311135016007905 0.534120801054013 0.426570993855039
0.345496184751772 0.109087912839834 0.445497884899355 0.556621875831131 0.592660391384587 0.0958623803925183
0.543065134935706 0.276977340990952 0.445484152904315 0.397732826668392 0.518594892171746 0.0526841314791782
0.527846809651523 0.419731413624439 0.537861587351242 0.435299100176992 0.129130522561414 0.223043045929836
0.332067847440669 0.572883415059504 0.416636802665572 0.293400046997374 0.00476696166602763 0.549402403169937
0.228781415678738 0.497738719152078 0.632775810605531 0.203366630135397 0.0580519468427777 0.504759338719483
0.478786358785872 0.149453427172387 0.410666411546872 0.471124616528163 0.470721861345745 0.369110984835996
0.407672685756879 0.0260221023452569 0.0887451842257256 0.426742714626086 0.120551291599093 0.792848135118824
0.113954604610219 0.392042999935865 0.617962647688283 0.186200481966612 0.496864837942698 0.412181408706265
0.0771750582673547 0.627223179589443 0.430527431689627 0.201163933894151 0.544473484489955 0.279933778450313
0.431672648033632 0.465112452730315 0.358972247171682 0.28311851001101 0.612888460376308 0.112604180393268
0.179582855315264 0.400290962155275 0.440553461424639 0.533738632355666 0.502277420352963 0.276170702021533
0.506591133427031 0.0855591123945016 0.360904779641194 0.313020959361717 0.501136380303727 0.506629064689217
0.666880756936945 0.373821838554326 0.324494280648806 0.0211428202351777 0.454641751609146 0.32106792072637
0.599391370220904 0.392434373132285 0.0927328179925506 0.420364199792506 0.432587917912106 0.338064350923628
0.204913104023462 0.511140265238408 0.369444239760349 0.446336204515934 0.503423062338028 0.328034168348193
0.382036248338017 0.0164883506898661 0.529800098540832 0.481157314169116 0.448143242245485 0.375158057736646
0.162887862517179 0.189151484517531 0.483560157403747 0.539951082194842 0.489299152971014 0.415810055265056
0.223394476237964 0.548008753555697 0.501241718994825 0.0369160942330499 0.518179386693493 0.358699565575904
0.622085031815282 0.124177566627772 0.395542266798764 0.257097357529383 0.480348660283586 0.379871785776006
0.111080644341458 0.246647624537364 0.229831745205328 0.710503585036101 0.60746619292528 0.0131487171370137
0.31288843923082 0.450040072914785 0.327681216491875 0.422270241564868 0.62473692790042 0.153562338257969
0.487306710669875 0.468593505000322 0.230296861882993 0.530588420026384 0.42552094313626 0.165298238650019
0.618401828323065 0.501943323458196 0.304988003178866 0.517481708018313 0.0100083382806774 0.0687525396673317
0.593588921203901 0.572237459110377 0.105266370677843 0.449038100204639 0.318597799967333 0.0773026560978798
0.136627296473233 0.0690167514280548 0.756488726276426 0.569516946788322 0.0718847830520296 0.273454753449038
0.14694887044231 0.0628296269466613 0.513093576444053 0.69169346484564 0.0141166143844428 0.482238863172057
0.525137907674419 0.65263648657187 0.0284210625817942 0.248813984431896 0.382496206898053 0.298791382706909
0.402620307159491 0.497407254857285 0.102243935949384 0.490561533083678 0.500343638076521 0.298386854158588
0.390688331657125 0.504898581281463 0.339031701208086 0.367326295784656 0.406243103076477 0.421349604640621
0.462880413909456 0.204532690363569 0.50787662442147 0.30592463492807 0.419497714140116 0.465189446283176
0.0687021577858794 0.464805303540672 0.674927297041207 0.364411905691939 0.416380935218179 0.132438917246712
0.28351177123058 0.898156278668949 0.227485915077198 0.102658257803009 0.206447491594352 0.0895949129247074
0.483734805821752 0.218849734225502 0.0845290290815798 0.64638349933209 0.238311456783083 0.48616488567735
0.165486806524569 0.171376373121987 0.685741625316565 0.582030582892627 0.282907671964554 0.232822526039287
0.497479874011517 0.190572220324854 0.156183002106539 0.00450975872597786 0.750917938605426 0.357637784921756
0.212606445839772 0.151902974541203 0.611859838245276 0.198910889408724 0.466749033442656 0.547659859502553
0.421349780999387 0.246665191166052 0.640818135912547 0.496120988537946 0.262125640460013 0.190070711972969
0.33096714299585 0.419342674552614 0.486502570775391 0.401362108169467 0.249574210767976 0.504528385356527
0.121945379140569 0.626627989648892 0.19059188814468 0.426939654231459 0.491060775662749 0.364312044157915
0.43763903533861 0.566202218253748 0.279034874387407 0.367621133890574 0.404884411072878 0.333091544856975
0.289487962474748 0.157630140679931 0.407187548322472 0.140244787572358 0.66672267791169 0.511233830198694
0.559782510639499 0.182948618615145 0.358554273210144 0.323918286550174 0.454157474090321 0.461984966484834
0.298097608266665 0.29588783224876 0.57830160303147 0.219823722523751 0.612132936193806 0.257150271332944
0.0903170345279925 0.64671367629589 0.0757507633968167 0.611470955626555 0.378699978820823 0.22484588605749
0.176409970389762 0.53785028032261 0.279703965746931 0.260296972868172 0.460259207243426 0.567247069549709
0.118265008220337 0.525865594672809 0.378961838312879 0.489888899704912 0.562539845355052 0.0970797486935616
0.335777879778697 0.232776205787669 0.372210010164992 0.727096791723816 0.137595497696959 0.383309139314282
0.209098740587424 0.39669759096762 0.321973464198429 0.442154731428555 0.366553318505018 0.604466446153634
0.116928190024247 0.389393196611226 0.226154461694693 0.332084862444693 0.583721662095546 0.576665901195511
0.176451340478027 0.683670782013648 0.615907729514984 0.00391265986688852 0.339213636651201 0.0838788101410824
0.00635138838034095 0.663565621304622 0.328867823540524 0.374670679067132 0.509273327283992 0.227483716103895
0.44280523903638 0.414894572942112 0.15462077919733 0.542257259864247 0.441721914691186 0.344553685906272
0.399833512063002 0.48572359786675 0.36276433977142 0.532114257216989 0.336957465162602 0.275539229211661
0.416896236690671 0.343270214880898 0.463161097388061 0.515505911586373 0.47542785813471 0.0454630850692034
0.193918702786286 0.383698419225067 0.498346390405352 0.45197326911626 0.550222891795636 0.244533981917105
0.676968798461935 0.50840826309759 0.27479425281321 0.21583566452549 0.400416639525482 0.0283528350237761
0.564594580944058 0.629463969488554 0.0741004515337302 0.231256706772127 0.473232371655286 0.0457017653623782
0.00101907632273663 0.104910307127557 0.375864405154286 0.615063961890377 0.236426749330707 0.643053227085046
0.216928791191312 0.0452207108943437 0.0697340403859738 0.0794531102603719 0.715943834365192 0.653563906419528
0.39204441446544 0.277558000679017 0.485093033687024 0.360720845425196 0.500468771766872 0.391610727860879
0.395708939597884 0.450552776402962 0.383856678147856 0.083147437638708 0.451484929934169 0.53133656292001
0.177615877484339 0.624426689497776 0.306819688159425 0.664993438029428 0.0175060982434147 0.204653004786552
0.24397605238296 0.143021690613327 0.52586903494871 0.355646075053598 0.268928545830982 0.66683997067966
0.619171218030481 0.637073442465759 0.399267225465305 0.00303514964143944 0.161318651757866 0.159113779410815
0.668021085701672 0.220544546376415 0.28803286430631 0.552523446784133 0.337285298580596 0.055690836914736
0.0581115237620365 0.657304460554098 0.0251309854649978 0.0714943150077933 0.539858388975842 0.517091687503554
0.40960334592771 0.398214134546487 0.724722555222995 0.206447166406771 0.318917619079344 0.0640229624950827
0.0950436413363162 0.216468166050241 0.388104748828094 0.497788914842907 0.534251822678047 0.510160885888135
0.786203385508843 0.240428620735871 0.0159243302412921 0.113675069523801 0.548903637774701 0.0980178843798685
0.384037844680794 0.51355597659432 0.738657242798371 0.0525979108467606 0.173898838112787 0.100763705252798
0.282975950709296 0.239704436900736 0.525411604757987 0.38988738137165 0.295379749628528 0.589192390643713
0.0682454319112576 0.546764693840985 0.0839536276571768 0.677044105933997 0.29139613158462 0.382154801242865
0.50079414257658 0.516426009663128 0.425467371712616 0.474012791656722 0.245338606365831 0.128871100269373
0.415491622938363 0.685440949752882 0.503488321708643 0.321406443265177 0.027073543457936 0.00135906040538479
0.227764192197266 0.338469095600515 0.109742473312733 0.451451478630203 0.44417068324859 0.648400108121818
0.516425391802462 0.344110391483361 0.0968867978011142 0.271946436012362 0.728854322680617 0.0179531010313249
0.521013125880387 0.250044352597356 0.143403435887592 0.542943601234916 0.301559157780246 0.509639989803665
0.144514816448641 0.376154522022645 0.624207164365987 0.601313647360041 0.257612524920787 0.14158511166576
0.579649980346967 0.660432975148194 0.0523989255601254 0.239029421594887 0.180758150972273 0.367804247786658
0.310239947864761 0.521210442543192 0.295848563008273 0.36731299903264 0.529568370393358 0.359448158875952
0.514453716454878 0.30771560098447 0.0795667533980716 0.214680693348974 0.434211641741715 0.632210458921227
0.38190541305233 0.128686792733073 0.559225764329871 0.259690009420831 0.572279154722011 0.360433318999152
0.669620620091354 0.130378933551112 0.373223386875859 0.315613857443496 0.110680962836432 0.532401615116535
0.230927303149607 0.593468317049794 0.42790187076898 0.513151935806587 0.0330104442239245 0.383344919961949
0.0805140745056715 0.480437487072306 0.0292820403667354 0.581717310923634 0.638937707479051 0.123302242750466
0.348175074699251 0.452645185448031 0.547295032590113 0.140263756551552 0.101460999864881 0.58684439577757
0.382877876810556 0.364555041463342 0.455221155772881 0.546840490576333 0.349427507919281 0.303551885359093
0.0227942799355226 0.543631440426828 0.2623614562453 0.723345979223213 0.191829515748965 0.274014188113768
0.283467807831106 0.357209582779811 0.559923873264059 0.224279365864128 0.529204033788439 0.38493431740013
0.480266125704238 0.255353265782093 0.246897139139748 0.320949270578987 0.00653509848959325 0.734935248197157
0.334695237937334 0.276599415198873 0.55889721755069 0.48612360988331 0.323403494159426 0.397743356081913
0.133136019116821 0.0610074262890143 0.196263154842077 0.144787265404003 0.663692695414444 0.691796445663818
0.279229860579372 0.593479374603642 0.39912361822751 0.586836680801204 0.240474273089349 0.0911487153077315
0.73665112837635 0.103222269685691 0.304657697416249 0.500836491757898 0.0351623278991231 0.319061725576994
0.067508256459209 0.249121150346459 0.630639641112598 0.532254554249561 0.150624129958194 0.479262341283151
0.254533765696537 0.661647899353729 0.391173174011921 0.433014066492565 0.285584120877031 0.274515382915133
0.504888363833555 0.0902688482390086 0.116052752751757 0.234122789146031 0.570489045135586 0.585832572212052
0.533374564939302 0.052439803332877 0.373807191290989 0.44826050682626 0.609860998231495 0.01272419338541
0.16219927758307 0.44775084401348 0.27547888428706 0.121705014883821 0.661333063118793 0.495124660390438
0.24152886779715 0.380143877153397 0.0689433379366332 0.68796468810415 0.193112505335229 0.5308610016214
0.0918525168432727 0.00290899528395828 0.0539003227035522 0.620710307224292 0.232729431821618 0.74108375652011
0.656450097803368 0.0368556566409978 0.0367145681847023 0.338594040604325 0.335073480708955 0.582620638446101
0.55860919808062 0.249715114123961 0.392145967550852 0.672368948745484 0.062266256338358 0.12594671816244
0.0135233740217641 0.577725845530982 0.244421508417583 0.12197773921397 0.363418496269589 0.677758452318267
0.346837813348462 0.468203672175659 0.233375295588356 0.349455606877016 0.102705359348529 0.688009601666458
0.434135058897858 0.214348073684763 0.418496219316297 0.466648892866712 0.570854887766591 0.216347119834342
0.0569451749869223 0.328998007163203 0.120069109086073 0.306569671173935 0.591115413172732 0.656276292728574
0.399445361300762 0.605154948544758 0.361322133212322 0.20285563617884 0.113265664041011 0.538235717746247
0.270466499462219 0.660655400051662 0.300643910490313 0.432602768480012 0.369120891225777 0.276767350857073
