0.286201147078351 0.0963688767501513 0.326073111065281 0.895811514351741
0.480336975123598 0.522026714485327 0.667655480511222 0.225833254938454
0.125596412849523 0.935980930360741 0.319135538991509 0.0794842552520455
0.519746815890954 0.629567974376263 0.441066162231605 0.372784191651506
0.677991120391972 0.339776024257103 0.422898199732057 0.49602157883812
0.849574822653868 0.400025247847927 0.0368265038351788 0.341827778877217
0.226779730346423 0.844037414170992 0.286560063417255 0.392498569981915
0.0182342200841323 0.558387461166453 0.331577372959999 0.760215365650387
0.590700021115895 0.701489886303545 0.231104855268765 0.324924560996431
0.667642886907489 0.414399129834 0.528629386526007 0.321056550245894
0.517937955496674 0.775945057241757 0.34279291557138 0.110193282154972
0.721498987859703 0.195706235595017 0.546291875428917 0.377761123869315
0.66843566730563 0.190936456691331 0.56856130297241 0.439858014525315
0.188778855071023 0.714702861127306 0.458522262248953 0.493274466394338
0.584950901656236 0.60571276235042 0.539221606571856 0.0135849616653145
0.945847733120101 0.208188430195384 0.00854023904467837 0.248911043550518
0.910822969492832 0.406820536167417 0.0411357049336573 0.0566252891941895
0.269596457928598 0.280383571405839 0.624663932711639 0.677124636922399
0.363757103068829 0.75718691811779 0.0285406164751696 0.541787942104172
0.737439170113049 0.538921766762399 0.407119984676337 0.000343176065466482
0.643526713350538 0.0146306595932359 0.73808834846649 0.202200155445366
0.711060605508642 0.0164512408150656 0.685635974387324 0.155001556751129
0.455961343695818 0.0591708149120933 0.653125273224431 0.601685503559172
0.178464356214459 0.510584078140152 0.716311872287661 0.440853347872595
0.434666247671103 0.158876122594699 0.621324829640099 0.632280860755329
0.383153024887905 0.578799245538019 0.574906038731911 0.433206924590837
0.0759563583206038 0.782156667744246 0.617963082713069 0.0241496819368112
0.571012592703066 0.654581203591818 0.435168966484066 0.236846020629434
0.702588148189618 0.435752954418572 0.391687076405524 0.403819874344816
0.815082546152667 0.247107099107236 0.509043553985085 0.124310838925359
0.164427813203909 0.34617218569077 0.876254064444919 0.292073837655506
0.384566737088992 0.389227908063682 0.351764437785369 0.759520796699234
0.619950276102787 0.364493045959467 0.128751213757472 0.682810075762833
0.650779971893249 0.152924270485379 0.673147772322005 0.316182972813303
0.129067785261168 0.652963285385726 0.202884786127069 0.718204858173648
0.540695440670765 0.0773539398406262 0.827761647321371 0.128356782652067
0.447643778071931 0.589526035579348 0.0596088190172595 0.66971702234821
0.754391586647235 0.120707159452006 0.642966363252962 0.0540126964532989
0.45902307421681 0.265626312666086 0.741828922856755 0.410402642010445
0.586847116536574 0.110142933735773 0.433887845243333 0.674700180606826
0.881300594253948 0.338682497721297 0.158185822601022 0.28910322349109
0.213078274721524 0.573920762832231 0.402099075140272 0.680829597331892
0.0891800906593715 0.840295931732837 0.500406386415506 0.188528796150098
0.712530463364409 0.141848485177874 0.344702533444353 0.594440501200488
0.268469364497986 0.731822999482604 0.0299499684933486 0.625669479151396
0.0530816993301549 0.270079661664744 0.724318444431078 0.632140886676557
0.0588489194567069 0.436640524879465 0.465162168653242 0.767792949671704
0.376480620068979 0.57266283785497 0.347427834159408 0.640010559993874
0.282918161061077 0.342266769653821 0.396018047908403 0.803729107512833
0.699556436440931 0.419622822913261 0.363608629869008 0.44980689524412
0.190671960524057 0.370262655380224 0.731398515148538 0.540005538433832
0.400411910922119 0.385728515245644 0.82177279800906 0.12479295881759
0.642067873996142 0.305124153176014 0.501253422395268 0.49334886527459
0.660591517249704 0.351770276050605 0.254176194926155 0.612593651744676
0.590861927465341 0.693426341325954 0.403539470303959 0.0848409555229344
0.369422892589077 0.502265758444832 0.619243981483192 0.477276361997744
0.670617814184579 0.642578504229138 0.328800299580531 0.171040861190226
0.201068082423937 0.662035610457072 0.534011800790951 0.485913442223098
0.451011053978499 0.67738323414726 0.523620438920099 0.252116281169078
0.341691413288142 0.681550654111421 0.00610577784868481 0.647069087070546
0.664442294761252 0.0290871685255455 0.305536182026585 0.681408845724933
0.409777048113127 0.872967281676505 0.220730361421998 0.14590751697065
0.34345378604054 0.750844464367356 0.53407605466574 0.181754931201318
0.76822204494026 0.223233654672724 0.31853231855237 0.50846709542203
0.910156301682487 0.119966755027128 0.395763312328731 0.0243902605666666
0.548391544427843 0.404944667956021 0.731600415067407 0.00688204673271695
0.0943441151647204 0.343527411575623 0.584758430452201 0.728797422776053
0.493328185411364 0.538205446380489 0.358904255930317 0.581506607047775
0.14035881845828 0.578049247606462 0.688447176791139 0.414968618320602
0.584686609468728 0.336689252224766 0.639332987952044 0.368829563159738
0.148260515878365 0.197898659963014 0.0468216421345313 0.967813346489988
0.257129839667758 0.561470599451443 0.556254977114353 0.556071409029074
0.262686638368721 0.634685155700142 0.418103890015185 0.594440594433622
0.584743173811495 0.0705906421150136 0.419202777041253 0.690913463211965
0.726735658382646 0.40388118933217 0.292514009442921 0.472409591370032
0.0904003798879623 0.394917641563793 0.779980946277945 0.47696703359998
0.542928849454042 0.558869629596416 0.52681010254789 0.339652936685018
0.0210959857858934 0.659646286465232 0.13890480014164 0.738327293707852
0.827485864579084 0.455634925599039 0.25683441293726 0.204205883429779
0.43412635504855 0.740580453022123 0.324281375541415 0.397387078213139
0.602656107612706 0.629594504570915 0.147534170104906 0.467600304130208
0.456835344924452 0.601636202075588 0.652522374054457 0.0595810316976357
0.2080275884265 0.657643102174045 0.546491305495316 0.474949813806026
0.759405873595728 0.436601811964335 0.367334749526382 0.312644780426859
0.689774847499259 0.41277109238232 0.299034286673001 0.514207332157808
0.461245544657572 0.491268326473923 0.340194349048628 0.655877872635166
0.700249881052811 0.0586254616250688 0.244340668431277 0.668214633995192
0.403673139454568 0.483731975006961 0.669141243035607 0.394082947750243
0.74301000991271 0.655539299536835 0.0672407602186827 0.116974493362801
0.260359569547125 0.458903508447834 0.595364215678724 0.60593887081847
0.438949127030505 0.556315057724828 0.545774125587062 0.4471776204904
0.656707039228054 0.357004561046966 0.664116087454194 0.0152784293865187
0.0427900153980809 0.369132050220678 0.653380646173523 0.659548538993136
0.745248291866546 0.183619089963593 0.155581531795138 0.621838725261797
0.442050130656326 0.796251507358968 0.00376059003526645 0.412990407852147
0.434263339253801 0.29105623273743 0.73968550561026 0.423753435803094
0.455128330760105 0.431583573316548 0.58856039577424 0.510088700432494
0.450388608125666 0.800723405811374 0.24621486060335 0.308820937558535
0.615694730575844 0.42599325696277 0.661361473545189 0.0452851529038578
0.462505805350464 0.183947655142001 0.649022583267018 0.575344528603761
0.645781205527921 0.00334533224683555 0.0603252238079254 0.761128314222765
0.6752468285887 0.166058569858523 0.197528682619607 0.690976621456911
0.751294543894531 0.631664511614376 0.144344931425357 0.125383387468557
0.383425866021385 0.556846723033635 0.718603880195209 0.162833644191988
0.374952421150011 0.19927452605594 0.674400796040522 0.604056215462465
0.500695910842398 0.677680858948447 0.456308470245332 0.2860678910031
0.374467289310157 0.570809418965974 0.538625451233684 0.493794977434706
0.104850878085802 0.715488041348537 0.681859032602742 0.110233460028808
0.257146198985135 0.748200992877309 0.457184130852453 0.406268109875233
0.670195080964167 0.485107849171125 0.32146138131877 0.460620785945041
0.548325103658012 0.450700436101829 0.663002080434711 0.237985165368132
0.301848301102345 0.29915776726082 0.633202435943655 0.646874723979977
0.0785829821424084 0.695952442605773 0.0758331726221367 0.709735332697144
0.30055561928837 0.466129984876648 0.0352424089890584 0.831352590374101
0.606905140226668 0.615583548850262 0.262502860649494 0.428736857876947
0.640793631897694 0.0517674199243726 0.606753460967615 0.4674974793061
0.392590442722811 0.731803806571321 0.27175698079607 0.486296284541674
0.521055691241237 0.409008448328807 0.60629055429423 0.440028203180631
0.627524921340806 0.372479476080862 0.187339668085851 0.65755255436826
0.499143824452932 0.236440258778688 0.619446124186093 0.557887036746683
0.345642719096483 0.492381402318127 0.585055940125808 0.543876100146285
0.401605579045163 0.527685375441031 0.144307132062636 0.734463447055954
0.0561728561412276 0.675662922657361 0.427691755649287 0.597832741934297
0.692161889002155 0.010725091184926 0.657477050581655 0.297524486035167
0.682181788209674 0.319739518920285 0.523090687961891 0.398460512526941
0.773923517614318 0.469756919530314 0.254095115997407 0.340303537247463
0.610106213550808 0.594642349815873 0.517465199049423 0.0800040734268718
0.0613159979131201 0.377468347735645 0.291096331591803 0.876938379016129
0.0220595784304312 0.750208161646894 0.280249882780517 0.598465615051831
0.692904874295759 0.00649153156086795 0.0490676421119736 0.719328201652586
0.291591418327664 0.671849175750945 0.392715519798434 0.556208279612848
0.0525751916577904 0.510879557906029 0.165531197488461 0.841924788323709
0.723052995449292 0.369488220745473 0.354112285724831 0.463979859046582
0.414581171663688 0.678036915088972 0.363897007962465 0.485764718227415
0.448959315005899 0.487269458859296 0.665595848632173 0.343491155950223
0.663740865575792 0.388834796837369 0.442244290365251 0.461167596186544
0.274428074578505 0.42220423653179 0.646726012028391 0.572868466494357
0.524531406468913 0.392991693385289 0.43222040168483 0.619362460054943
0.622820315426387 0.405034177808178 0.236589206771348 0.626153109661474
0.652555821355185 0.616560356491121 0.347719706816929 0.270398284591731
0.902356341398595 0.238155388004533 0.0273994205503081 0.358167999764999
0.567600977569582 0.553960322141776 0.569511622931265 0.215901836724082
0.853932122146252 0.0978675962151065 0.148979113716085 0.488903966085617
0.109716770034201 0.223684902866731 0.747468422829477 0.615806992064541
0.122868939838882 0.49641875786012 0.772449683899789 0.376554280696157
0.570766168908847 0.693277305317965 0.176646494210456 0.402974657321443
0.117126719205228 0.668720993649192 0.642153015352677 0.355995883648283
0.311936205764632 0.215753756866651 0.741657243360814 0.553254600795628
0.743170463306016 0.562007973412196 0.0603781980160068 0.358049121622967
0.353063448249732 0.526953889216453 0.771800064686619 0.0446145749659667
0.248954238836616 0.609100141016907 0.745529820799753 0.10584938108819
0.533846530563973 0.445927547236892 0.441741863375755 0.566586825262832
0.633204448941684 0.626105930256567 0.326076666666412 0.317360201338698
0.638689350697688 0.509644188136815 0.537443512263955 0.20855020002176
0.0245609068313698 0.981898330465022 0.0739642585839997 0.172631743714017
0.304995972941938 0.187242573540069 0.376450476018098 0.854518995838618
0.75060841187133 0.0458377536798986 0.603212505341004 0.265745340064147
0.382861597289818 0.0907785366923967 0.248462336989349 0.885122998059856
0.322369578982967 0.588433569729314 0.731065206999554 0.123965526162158
0.610611829045518 0.322161396964625 0.479084899159495 0.542072769960662
0.288746382809814 0.754506899757752 0.26955895345895 0.524101932110834
0.849553105401589 0.0205838465553591 0.138960184262409 0.508454416396652
0.420104368589424 0.568190460403906 0.515060817036605 0.485164173194665
0.709496701192209 0.23584594451725 0.578762005506201 0.325615820307583
0.586635843633577 0.576367262145921 0.524019173013758 0.22150185643627
0.540227262399333 0.550715455960955 0.628769672363322 0.0975484015366725
0.190870220064374 0.478236447523563 0.604212061406908 0.608100521462558
0.724604341375609 0.0503878849173789 0.298928774697797 0.618911299921763
0.101338236967901 0.164978448488149 0.245581949210035 0.949843239426844
0.320333285013342 0.574787839817677 0.00920301382721121 0.752941452070999
0.26283450737126 0.301273434483322 0.795222233967771 0.455822265815129
0.825908149664672 0.0315677018537345 0.559744047439413 0.0597144025616615
0.580763562562732 0.0716992306201393 0.738572424028013 0.33478900697799
0.281499564763586 0.556203216884664 0.778423203425241 0.0738464144982564
0.189085249816628 0.476156060664922 0.536121711987606 0.670891708198369
0.363145830738203 0.447394139853749 0.539882781272988 0.613587949463585
0.480110672337926 0.434822327719495 0.630463596008913 0.427713618828457
0.310264379901628 0.364281165303437 0.28528354921892 0.830450807522326
0.408478779437776 0.135227220851098 0.391801190372448 0.813234598816753
0.0567751149791265 0.180359965733786 0.0701218560695357 0.979453824527209
0.458058742998071 0.53687796906159 0.476264005529399 0.524515806564895
0.583678021146093 0.668687630210745 0.208018998556768 0.410980433930325
0.319153959658303 0.389339959941658 0.525067196973619 0.68619208993497
0.487489626366707 0.486790711753562 0.531146358440485 0.49322633045157
0.318163489534408 0.5606236872917 0.322544570851096 0.693136404316805
0.302692887226423 0.227624810577799 0.924941803791264 0.0323515259503574
0.634919282141603 0.0753277425792452 0.746241473568986 0.185275199334113
0.651927023577045 0.314323866394992 0.636527488883228 0.266504069088052
0.365458809431267 0.139289189285823 0.81977590541747 0.418336999623685
0.612420933039826 0.26254889567909 0.341808751317906 0.662703142949249
0.457634872669545 0.806782031985439 0.252128008002784 0.275870519923249
0.399045926727979 0.635062699512676 0.263002625454702 0.606866818217486
0.778770549461656 0.247614452522939 0.551660982190799 0.166954110225651
0.296622784658462 0.640368138269709 0.694712127814153 0.138991476639319
0.182691079108109 0.476778299342058 0.573726022745631 0.640425541117225
0.454071972522608 0.654679945834977 0.450224388358707 0.403126298345777
0.401893032582122 0.588335759601481 0.597544287503093 0.367809527892516
0.104996202442671 0.714976962370891 0.344810369862837 0.599073909953158
0.153379372023119 0.706393112595068 0.302600621607007 0.621221701584143
0.164489774183335 0.812074804462082 0.557038891343937 0.0564384592038485
0.404384106074094 0.673107926016653 0.369167012721092 0.497106559408344
0.646170888319353 0.04841157595971 0.477818598774473 0.593134798394829
0.377431531710921 0.882345929711105 0.281072859738317 0.00302435300830177
0.0391493693533315 0.152299597993609 0.705529913929617 0.691013530895517
0.664422739266932 0.0666283360688545 0.498849299413172 0.55249657451672
0.755480578927935 0.451743182873785 0.472631609077572 0.0423857722652125
0.701717717762679 0.170905755291411 0.682318811563705 0.113245338855524
0.0781150520954037 0.586531497454618 0.628233561304655 0.505174656510247
0.574452397251851 0.545016141361021 0.241457188155886 0.560945875495487
0.661070358295446 0.435064960504727 0.432917723916318 0.431609436693948
0.914195277279484 0.28853507530644 0.253492435964441 0.129368041751464
0.504763434532275 0.419663689476533 0.0660319355386727 0.75148921907313
0.427476148677917 0.186152054592885 0.419330028470438 0.778956919287148
0.47280857865854 0.691562138698807 0.382670056730811 0.389560629359361
0.228320148921319 0.63037512289178 0.492499659973925 0.554924498433155
0.553622921306324 0.226308563889787 0.728814917446603 0.333339033150476
0.411794636461949 0.386432601591737 0.610821697401647 0.554970157568481
0.474656956535884 0.775704277135659 0.28605413829328 0.301921642170326
0.527596397320939 0.0969372100674542 0.605079448404239 0.588323108467724
0.143129227608704 0.509314719274178 0.490721123877698 0.692318799047816
0.392936571645598 0.723663286708315 0.439700250960848 0.358574939780919
0.336023667943068 0.525809124360824 0.597779297520205 0.503262129289738
0.807612487974027 0.0405171045151591 0.58661142077116 0.0448048494133237
0.347345867830897 0.543119003923667 0.541150665677815 0.539933841052978
0.632872123782009 0.771633021521676 0.00639147723874559 0.0633601140756927
0.230196052826355 0.823077461566011 0.413250597120328 0.314288424070804
0.552901075680489 0.513552681332789 0.50965469081415 0.413299092835194
0.232100663548482 0.585755856783931 0.758526152604412 0.166305243569842
0.0743903006315236 0.311113291414884 0.848611283340069 0.421347235501634
0.246867040213185 0.271403621563652 0.533130992426048 0.762343809296916
0.786843517015741 0.435729214348946 0.107628560469815 0.423595826778717
0.727913982201281 0.124632439809768 0.346011611787779 0.578691587955935
0.54182685432187 0.210716720446974 0.481213613030096 0.656091138710362
0.81891069307647 0.43415560725218 0.217957218872006 0.305595870715046
0.384311366496538 0.464663009901973 0.792614058259152 0.0903106608344803
0.686479275246811 0.703550512304081 0.157336849948085 0.0949104680300951
0.269323882889735 0.646521936926214 0.324708856003162 0.635639984591507
0.574086444574171 0.565835751984757 0.0214136748537201 0.5914356350959
0.418095114802022 0.55382070182582 0.301940915428399 0.653690132094788
0.289931404150733 0.654411821517907 0.123529053862124 0.687332177041587
0.561942108733622 0.811718914332751 0.144529148319608 0.0666693020248296
0.223470226905647 0.720892970296256 0.422682810286455 0.501710698463292
0.152397238454659 0.00964958037920515 0.622967076614687 0.767198793510554
0.1698974784101 0.868939502954452 0.123463183520271 0.448147106818954
0.503293696917915 0.427631758162653 0.505982722320206 0.55480448697433
0.428978992727112 0.687487805430343 0.172897415018543 0.559860719343043
0.586377903510733 0.807815273998836 0.0477648393979597 0.0362485514997376
0.649616309553716 0.602799780425019 0.110861711760408 0.449823027363998
0.372296242995468 0.699336459355456 0.370795010838657 0.484597858027452
0.38111125160934 0.333191658318357 0.375492586363158 0.776365152689205
0.375350999059215 0.524208001895273 0.614259222120481 0.45497605024238
0.110038042137883 0.827893137252429 0.370429353207132 0.406530044222242
0.0393415192366205 0.838987305351986 0.333974352408899 0.427800979727051
0.275775700664934 0.495144154984389 0.612019803502727 0.551553976350496
0.381047489288104 0.145527774746315 0.271813187736235 0.871631842383746
0.564546924612961 0.780189609115759 0.243408455294335 0.115513062590658
0.481232827140081 0.224302001100752 0.812439610251466 0.240926250291265
0.815284088156284 0.448861485797745 0.227892458272226 0.286182196562363
0.109834670650363 0.348760638407539 0.633003891996192 0.682355065151835
0.75719425853823 0.185484936108471 0.566211601245519 0.26768753412993
0.459764945602426 0.55109387477209 0.0844228395356894 0.691219588950294
0.509653639833042 0.29241443566655 0.808483258380286 0.0331931640182178
0.269886346113215 0.117275202677747 0.186054897315481 0.93743877784284
0.435194865291701 0.118572170137578 0.562498819004333 0.692922180559502
0.414022459664077 0.286917138825996 0.355018262764953 0.787544279037672
0.0874673548153787 0.458255516216223 0.188325630324603 0.864224971093664
0.7063789125423 0.371778836773965 0.301119326912205 0.521667019661485
0.24150667684788 0.398713603666348 0.617908929902047 0.633159175592201
0.89136614152121 0.335518613820151 0.290338242387995 0.0927219851860644
0.540916327912856 0.45172054858155 0.559490944181784 0.43626592299311
0.452709862548996 0.481822621323652 0.703528543816733 0.260669004614627
0.152220590180178 0.656047954670319 0.574234170945266 0.465494457557652
0.765247307560789 0.0488043938218337 0.637241118807948 0.0770613126999613
0.634048787108511 0.59080074711261 0.493363898211819 0.0743550719093616
0.500079059394167 0.118995141072479 0.774094205007066 0.369512181843934
0.849070951110072 0.464211806977111 0.0302168616556402 0.250345480318234
0.0167913596960763 0.298919294225099 0.243469784264404 0.9225441831857
0.500080932837393 0.86164271280905 0.0380500766435421 0.0777372995605319
0.64080627367272 0.76459843078727 0.0409031293715717 0.0555292109338945
0.200063961799792 0.741392156599331 0.574856960250512 0.282580177247989
0.663539396001322 0.0642410048686029 0.373511967123005 0.645040598461505
0.400440698058848 0.542150873252887 0.690050311174433 0.263723806315131
0.412082274174528 0.601846684349675 0.639604317266119 0.242641886703417
0.295149401336573 0.946801268438573 0.0237813114549137 0.12605014160744
0.68391653606786 0.520621763313459 0.187059829127721 0.475625663294184
0.663287371130296 0.0396307752751837 0.0318402409292218 0.746636098784219
0.918859544860547 0.293408324675501 0.25027409818479 0.0834959137178239
0.0831474863287644 0.320027650381099 0.34394379366607 0.878846667688598
0.398238209059092 0.567462300040418 0.344542525555867 0.632995509432594
0.282086842043378 0.733367896668109 0.618415357709417 0.012688066508384
0.741215072576094 0.272707080539485 0.561526852717444 0.246817053881796
0.623915286980721 0.0329523816254252 0.168451645175607 0.762409272277435
0.858407783180071 0.450917787236754 0.0785223875120405 0.231610581772063
0.714734423226786 0.650479240026297 0.127226862381934 0.223259463490205
0.75483512203193 0.444854121899984 0.425020004319006 0.227347189787573
0.458590695810475 0.670510395942425 0.476631360745388 0.336054948785457
0.285556734165714 0.398612622878772 0.44432038949488 0.749763109210794
0.62130219289367 0.617888180117115 0.141191441925304 0.460719826688769
0.206286068341273 0.170490940876999 0.85487602934548 0.444483825957347
0.484048178037458 0.561101727096274 0.617096272997779 0.264677923220742
0.495417381895984 0.552894513771327 0.119639988250811 0.659208273285646
0.624197718623529 0.15105273216405 0.306337765060612 0.702650306958324
0.575767221959197 0.702032840491514 0.229573697909409 0.350625033642786
0.775304956060779 0.561308884752653 0.180044099188907 0.226756881599173
0.784230999875172 0.385880356479277 0.415699559966439 0.25153919209921
0.930039369338634 0.0857838582953798 0.355760679246134 0.0332000035916249
0.172749464675133 0.103778144621045 0.827904650605662 0.523413420403971
0.0881682370279428 0.891425125480362 0.443390556826696 0.0315027262092886
0.296893019429174 0.303096687642367 0.902968642392451 0.0680776307636115
0.651171005502929 0.630099893906288 0.374455816403353 0.196807740836805
0.156481293476758 0.905841782965512 0.3841639983018 0.0859202620717436
0.483405168932508 0.141971468477108 0.653591658656816 0.564784462004772
0.193233451138328 0.81964807656118 0.143730528876846 0.519787840392128
0.680053838756363 0.630168273132805 0.342145460969116 0.152811018803566
0.373086291662851 0.773378005563331 0.471245858209202 0.201545083305992
0.577291251434702 0.212942249022763 0.592528679752622 0.519904003897544
0.775306374190715 0.0787045020646483 0.233959229472824 0.581350760245899
0.0563207278325094 0.490855187683233 0.625014163966093 0.604356232021016
0.574650863650718 0.296214709468982 0.548698902934135 0.530059189825596
0.516612057946912 0.481999401039449 0.688044133686499 0.165480600316361
0.548314569070639 0.512047035831078 0.235204953298605 0.617930090208664
0.349464564323316 0.530599206847801 0.388821147153263 0.667200955860541
0.37879172175079 0.61628584800808 0.602831591402875 0.336604601104488
0.812629899066691 0.348252894307247 0.311885821025741 0.34796523302276
0.502473652266011 0.683893763608841 0.438755767102784 0.2954706850255
0.293031922286136 0.457743102283993 0.576488335560264 0.610135020954931
0.497314743428469 0.455717923666033 0.150933220563977 0.722646789896961
0.532585351554904 0.47163946673681 0.480319481671123 0.513032408579167
0.526319727025361 0.533728341740535 0.48360412382482 0.451938771944249
0.553971780362252 0.701267063555482 0.0493816650709301 0.445983433873244
0.60826060290907 0.363484437503083 0.6248135123206 0.327881346623069
0.604626887190155 0.371680527593143 0.281146843100248 0.645938360301965
0.502122519395106 0.412789340131184 0.567483050056343 0.505411638260461
0.487776012706886 0.734042217892454 0.134884877676502 0.452838440896413
0.592702362139547 0.599553092136557 0.14188127090245 0.518757847739
0.673454859568472 0.711912917341983 0.182859994262862 0.0787449855128724
0.387176007330754 0.635508268153484 0.565469637090003 0.355623494703706
0.573782299203983 0.0154499199009202 0.667167262333051 0.474787338885809
0.0168653074334459 0.364790124362619 0.404842972065945 0.838299406263354
0.686335613735542 0.563721725678227 0.459252736509912 0.0157532639404047
0.359025035794156 0.42906755573683 0.821765893702654 0.108179814356037
0.196385780807317 0.198297695477228 0.853502321209935 0.440050493414533
0.455050130902054 0.679674834281028 0.574849230391036 0.0228004458271017
0.608526202808886 0.511164824286833 0.527920923838347 0.299509400654598
0.674566886011011 0.447437209106202 0.473182574442083 0.34764595704398
0.226581029071012 0.611910921435983 0.370527201312939 0.661011085065665
0.338844973413491 0.426078265077826 0.60860411463275 0.577271537209974
0.358922804511129 0.617048718540109 0.607046698610514 0.349169879938048
0.563882649781247 0.555047037079953 0.477492039757884 0.382047766479926
0.0478663131546202 0.564956410860315 0.496655685074721 0.657165276301003
0.275497694941474 0.0880269279809051 0.674288502785614 0.679475750151037
0.373312449978085 0.5996555053215 0.653540880402099 0.271910660460792
0.730955723457593 0.0628034695113786 0.113935493986288 0.669909066793412
0.516342669742013 0.570041631291739 0.212611731343205 0.602693153846291
0.594694023079002 0.456217592876902 0.604382402560978 0.270048955447596
0.681850641099816 0.300664017411775 0.437213777945716 0.503512625700703
0.538212474795723 0.727539242682593 0.371122627978097 0.208043210256267
0.968929242768479 0.0965495787791265 0.225868265584769 0.0289452577705501
0.427639574233614 0.21039066689319 0.000710748401542929 0.879124369284711
0.338692523869382 0.624972509361962 0.585616169317829 0.38955158714901
0.54010416123456 0.559483947598093 0.556601129639478 0.29233609062383
0.801567205347475 0.139995549922842 0.0458325831283191 0.579474447786117
0.390312502866991 0.734654569134751 0.165604422538255 0.529635713855202
0.575005175559163 0.698293427862701 0.357581674083123 0.232143668972136
0.563167707290427 0.389463966713665 0.411013674869502 0.601853562893141
0.744490483631261 0.181616812922412 0.608461541337441 0.206213010645941
0.510808761314156 0.101833999755466 0.536100289259666 0.664304693430812
0.384558680439641 0.0903752876219496 0.740267038393285 0.544014375319446
0.408229329665471 0.697650339489247 0.556647190180066 0.191772583744538
0.717895556112791 0.315536626993562 0.0692383823954599 0.616659268917847
0.411573133810463 0.341059801976006 0.571363991576115 0.622759147770413
0.288646680251601 0.372151296322745 0.710437526471913 0.522938837346684
0.0451627866348302 0.536324340469406 0.654481630234533 0.531008776018797
0.0388654199194843 0.436195713897445 0.861930927693025 0.255534448163497
0.130587112721937 0.207972412788701 0.758678392447405 0.603408301519971
0.134998384237879 0.224357057281652 0.611792120272765 0.746424643666883
0.0631087325819518 0.249932344349782 0.83180341249026 0.49158335416212
0.523625257917327 0.20400661824809 0.297279086250821 0.771895740278354
0.71242652085211 0.553605968110803 0.411340535938363 0.12949072535359
0.723808720688937 0.647437875489199 0.047666384353399 0.233779915816889
0.38009915194221 0.566237231974539 0.632210329256898 0.367709302846026
0.569710530600551 0.549697005500201 0.564334886100819 0.234071035791545
0.677118035850515 0.333555599955181 0.585636419502338 0.295434952937127
0.529320738693953 0.0386039148289433 0.77539749085331 0.342181274366027
0.778325873987534 0.59378578604208 0.19917283790834 0.0442431329752864
0.0589050755303704 0.419746618665286 0.612466092477289 0.667254264700812
0.218829502541376 0.376954523869858 0.788048440049258 0.434739682899403
0.444357031580029 0.566035160285038 0.691352802968022 0.0646709179982415
0.000682849549565129 0.697674020862025 0.33152072443196 0.63509409035419
0.218125717284736 0.268708330400933 0.630125719166678 0.695096096001724
0.131728627573051 0.667767694370552 0.15633798481009 0.715745981154122
0.668822244851774 0.732962625141513 0.0910450482612434 0.0845777401223531
0.618722804947136 0.530705804181049 0.229785817313373 0.531725416176921
0.473950489231241 0.295177641355421 0.288824443884139 0.777702728821454
0.0539608321832588 0.585259328431004 0.437721024236509 0.680411678335933
0.563035092507459 0.352425062219402 0.639471932509524 0.387122341976413
0.572686553107915 0.579231345536777 0.532779021280649 0.229494389300186
0.54007904480792 0.329870858872143 0.114414926787004 0.76577350852236
0.512269129644945 0.628543925834049 0.080086787627984 0.579740440677862
0.162413248630756 0.832796738973428 0.249032883911538 0.46696268689814
