0.470095754885479 0.380396662244643 0.660228570207175 0.158434537912753 0.416299282812675
0.459469211917097 0.409387859786634 0.618847835299508 0.357906527983737 0.331993821525853
0.388154899649827 0.529815575573954 0.504700186208165 0.196734178720192 0.52459948029121
0.743817971407345 0.621166920761921 0.0927722266298088 0.224738934001825 0.0420975946163931
0.732735862114747 0.177143448469771 0.0338547309159924 0.655705283304704 0.024955834510164
0.424393707606324 0.316948542931279 0.501654651218408 0.511432772793859 0.4541065204346
0.286420976945166 0.355719129750815 0.0963628360020795 0.390645820447597 0.793433659167267
0.0521283191822866 0.561544148371895 0.212758204396981 0.242501570254792 0.760182703469531
0.17584158166079 0.405891426536161 0.307536734931556 0.436241107010272 0.720726537076
0.446112479856272 0.689936043992014 0.475687119406097 0.304481546030788 0.0773606041533242
0.465577382574111 0.116049676873651 0.584026143729939 0.403369954986663 0.515728917346075
0.327695156738462 0.665838606234541 0.560771769685515 0.0665001208615758 0.361092219449507
0.470557131064973 0.186412604534355 0.828976500733223 0.215676979013085 0.100537203216072
0.286644329938409 0.656011857818837 0.620022857122451 0.104086431778552 0.303679340556053
0.496171698095675 0.243183251301284 0.670196806806211 0.45087629640915 0.205480796617389
0.00971785801178263 0.640585294030949 0.289773594133286 0.248851557757546 0.666078231630238
0.592064243688057 0.526696373570334 0.188513218718538 0.58001356152271 0.00989425247639757
0.342843743643732 0.0735542345255593 0.752730832681911 0.224380439881303 0.50999769975597
0.400243659943707 0.623644164095612 0.176538565417004 0.509755906014824 0.399819985078114
0.00885097811843003 0.67316147268451 0.0810853973737166 0.638989672333344 0.363170275302978
0.246546305952253 0.193726434043843 0.21864131228459 0.583428879993718 0.716583356160121
0.660468278484318 0.483088949742623 0.337436681014227 0.406031400926716 0.227336111342046
0.654320690651814 0.358710767206477 0.650285975252825 0.0371364288489464 0.137622873523636
0.701315076890491 0.247464252488355 0.232381582712751 0.166568023711815 0.604295043963726
0.599251811710975 0.4182770464604 0.29315277325863 0.566785664565674 0.242398515958948
0.554111394655613 0.445735217680134 0.68238477764553 0.00920212230291127 0.168958616871818
0.189398576729351 0.629418518849457 0.0902941814088976 0.710496215729748 0.23452632154975
0.0964648568212873 0.153914692939246 0.688372846832078 0.571212015823511 0.408490459397777
0.374425193509214 0.418975806404446 0.483558155936314 0.450902678766079 0.497115009049593
0.658598832795189 0.237827375720146 0.282816647692664 0.356603560098787 0.550031236850815
0.610075955259809 0.480781846885285 0.0800383384918216 0.0153638322111703 0.624510977926459
0.15403498968051 0.461954283424452 0.504417355187747 0.255141309141163 0.665835945361211
0.550628744043617 0.668849792180362 0.0631950802157819 0.226101793671104 0.440831376456425
0.863934114018598 0.0144673732559709 0.208241376297709 0.353769167976055 0.291361367949045
0.451398761191254 0.414457565460716 0.414782868427519 0.257194978223709 0.621506234934874
0.868759755575478 0.378219211824749 0.195275848827708 0.151710710713273 0.202627535193497
0.816960763061933 0.139216512405783 0.00216373674986266 0.558304165248774 0.0385441513070593
0.752749488657262 0.423741774792227 0.45288947031359 0.00498856549733347 0.220629457497222
0.600046489854647 0.564846464898295 0.0461845415290461 0.329873313531022 0.458195663716749
0.178958755845137 0.535591323735976 0.0239240686856414 0.00804486342402421 0.82491127811124
0.395969473462339 0.127383728692681 0.728056842705926 0.154138415076855 0.522643420064752
0.231391323354151 0.228376274819878 0.520696436113744 0.723999632760702 0.314645968918441
0.491384268720234 0.0731200551758512 0.417248607351833 0.721257475695106 0.242664812863836
0.631759450961202 0.122890526088094 0.115141516137329 0.409453360595468 0.636292614665349
0.36834168121495 0.426423731905913 0.652371064671704 0.330208488621646 0.384527703512365
0.35898848711797 0.68088635524144 0.423201421876588 0.405435255759272 0.253068858755531
0.647067543426369 0.00158760138534484 0.451124221505714 0.0617100775530791 0.611538941413597
0.229713846383794 0.657105919602816 0.607462273330261 0.372305093340166 0.0884412977963491
0.426132715230878 0.548776155287152 0.429387742067901 0.555551717665347 0.155705158421689
0.685968585702261 0.712614039204528 0.101002578232289 0.0151736359350888 0.105813848437651
0.657259484230368 0.240796211836149 0.255085387808745 0.639471115436829 0.189829639948641
0.563093673616307 0.084442329342503 0.569898438693174 0.580418655219006 0.118848483361578
0.231287926786216 0.287832302589267 0.00476773029835854 0.921771703078718 0.118205992488778
0.361302478243382 0.525912252400931 0.370751442922208 0.639371612451691 0.215926215990082
0.0196010330759024 0.565425462675589 0.080409915448738 0.408067521902689 0.711986649261191
0.223851108920703 0.713691282984486 0.459526215506591 0.1319249008193 0.460398644038987
0.608598917480551 0.459558372161947 0.150315912364851 0.60726776385434 0.164451967731113
0.328141998461105 0.405133831258168 0.593502315447841 0.224366903854684 0.570617123497661
0.401355571193671 0.551397733122573 0.206397191639113 0.421904310928672 0.560598962791031
0.63909740926663 0.431125676970069 0.344113507905026 0.535907895923065 0.00858911464545994
0.0596403991306619 0.406563817010937 0.702606159761772 0.428540038342065 0.392233228183985
0.176369834487803 0.250673587716279 0.294499444027924 0.722052856124868 0.545862788925348
0.560164937074386 0.0979427999354806 0.479466107674087 0.56273617826348 0.360642061438375
0.0255838068479332 0.288550685171864 0.665567590738583 0.590651168070417 0.352469786974012
0.528836578002924 0.0803812122049525 0.52045417016085 0.665330920760732 0.0182471129902213
0.344441393795956 0.625785975837852 0.487147781791029 0.276678460629885 0.419390160595266
0.654269448110296 0.547936210409121 0.181023896369849 0.436552484043483 0.219885598006061
0.268429377781522 0.168360814462096 0.686388984263129 0.601117051364343 0.259092180775013
0.569499207215394 0.073420673532263 0.493436930163406 0.517449235394266 0.398806146416916
0.0179256149965151 0.756445881481161 0.5019566525443 0.354892141834012 0.222619377746355
0.25340434833138 0.415402557739678 0.616632189366135 0.401712732518587 0.470763820657513
0.710132040104505 0.168784809931754 0.420375332353809 0.474661615982286 0.255352900541243
0.201521042761833 0.607636565219183 0.47835750955181 0.553967098901633 0.233370135884427
0.430508852828672 0.584539732713349 0.480092848983295 0.321334898338152 0.373135589271059
0.0897622846577491 0.635816136511573 0.658190980346689 0.225839321794954 0.321654794657219
0.462554942080801 0.463014169811744 0.430551226119416 0.606026545375395 0.13790675145764
0.326316613141594 0.421800853705529 0.498086944057124 0.62406246017609 0.279386738697254
0.51099066644714 0.202995817352688 0.48836482244918 0.338510990739292 0.587019034004951
0.482676222910687 0.228296654931333 0.430177185391687 0.487290274459462 0.540740306218748
0.402297283304649 0.0142125835818967 0.803942233707374 0.403560341351442 0.169619674753642
0.146469475051441 0.531929614410825 0.0954000071045834 0.827412038770303 0.0434250496064512
0.500732147369704 0.291362451905367 0.148077221594805 0.769874552808764 0.223028131841
0.616119369695403 0.600152824400564 0.323368993389261 0.219820797844184 0.327604671211703
0.541382756014163 0.656824097335864 0.227611216706519 0.0996349212866988 0.462334114184762
0.332885200569577 0.0861191582714538 0.639878170085767 0.196485295540947 0.658574513555031
0.43056664654197 0.129138002759374 0.622693158046568 0.632916982184682 0.0980054269576327
0.439264190462637 0.383038671262666 0.621872465316428 0.522262485420818 0.0290668281357517
0.414479598096555 0.503672582129209 0.368194141353428 0.520531329469896 0.409879009082348
0.00556075005057256 0.0957502769587434 0.405941332724332 0.714187128653355 0.562093712981268
0.662249887999305 0.684227783811265 0.175419562937896 0.0382781194884131 0.247022647165683
0.321870440743548 0.420758157862862 0.373936855068891 0.761112803202104 0.0155087456110434
0.35623712225998 0.154781412501431 0.273542527415417 0.575881642857791 0.665336490944686
0.218646261516453 0.212937092555969 0.302494650863348 0.684748225909964 0.588615715259886
0.0386374384115731 0.200134928596506 0.134782445691887 0.694938573944669 0.676274522280506
0.532941256780601 0.308523848869784 0.260621112245595 0.189491773545503 0.718996630805831
0.271535905592037 0.586489262867565 0.33206089315016 0.431320130482174 0.534786971416217
0.463199543759753 0.472260732465194 0.600851338526491 0.322476776319917 0.31209354520309
0.341710978634333 0.0842396772717361 0.935678654940881 0.0203488606796729 0.0151215875814377
0.252438849750743 0.585591381612651 0.45269752998098 0.568827664992986 0.254671150319889
0.275008081794813 0.65721001737014 0.636981417261652 0.256040907273069 0.14540727589085
0.574915844510487 0.416564993513863 0.354541944379497 0.58545354081487 0.16579969581554
0.599440667213595 0.291494196174285 0.149126737642173 0.623031270077103 0.38117617018059
0.658160323497037 0.491677979984814 0.128141062506026 0.0987121867013603 0.546729846330699
0.109293192923442 0.552807136627623 0.412317645254484 0.581601195051621 0.417364920663551
0.251503651274284 0.42607003871767 0.547343305449459 0.553472153936629 0.386385968041329
0.193551288581051 0.681579521070505 0.588960494512647 0.346920525509382 0.175382268287384
0.295623432624138 0.419436116866311 0.731969520948513 0.0780680656378121 0.441368471327084
0.530366569667345 0.0474945271959833 0.127133148804505 0.646395313782682 0.531475147547431
0.90029766701821 0.0390972650039105 0.205517923634212 0.170648790243953 0.341433577851007
0.689744502063626 0.0254000931850459 0.000574184735135877 0.607583154207895 0.393000939151381
0.486655470604827 0.421580355652859 0.197809385543329 0.182797232830133 0.716165536254448
0.276447059347834 0.282316640908238 0.520611886253365 0.551642893214386 0.518196603522253
0.565535351237067 0.146856131936104 0.397599677753003 0.130710560505125 0.695292951666473
0.35173532303064 0.575537483355022 0.122997359911476 0.10815246351779 0.719870517437504
0.58605611178878 0.253998196761384 0.25251493970585 0.570751206881112 0.45000268326543
0.221423061748023 0.425791915090343 0.607816039317331 0.496201167254658 0.392450171019885
0.250091369805197 0.668557725710469 0.545979014606126 0.421805788792465 0.120298238942614
0.245991523457202 0.476059102420441 0.0585488758430131 0.0642503444480162 0.839821304662891
0.351781799501482 0.681985254684588 0.448392835233502 0.379461554588366 0.25709623068598
0.098565765202989 0.490679728449087 0.631490292797525 0.471967885093838 0.357749241175469
0.136675658731515 0.578661276553669 0.501693860153941 0.350832424331573 0.521239649344765
0.181366213092305 0.364493218874659 0.0172119936163076 0.446337607367991 0.796704134335774
0.733259526684738 0.357416636380183 0.128538456708549 0.306338792308073 0.473516867744926
0.562678552471475 0.103234235980155 0.482867881176233 0.500974919299248 0.434279033193737
0.247783463584612 0.634910445203583 0.369563345755185 0.627707078683466 0.0699917037248285
0.367202978874989 0.439747540508074 0.276005149309578 0.645144821282975 0.423548568701147
0.27151997964747 0.26483092618645 0.0552598322015737 0.658200339077812 0.647966160976306
0.375108313152879 0.476478048443669 0.0428735774377316 0.791876212269679 0.0579339585565534
0.672164302201412 0.019579589423083 0.317177544559117 0.525193643007722 0.413982889858795
0.632199988405231 0.258546570130261 0.608662697349884 0.402547248605239 0.0310206258708525
0.206248642839286 0.568411033276499 0.591635824104405 0.464851367816966 0.261248257509006
0.561579311101691 0.0345635015208042 0.487697763935879 0.023204637264389 0.667118038705703
0.290001358523348 0.605513739536802 0.320331237497739 0.609335698032516 0.274499961153302
0.562792256548311 0.216852662617601 0.141390227033836 0.641965031994891 0.451806927879637
0.464791297496007 0.65742184248197 0.110497604125906 0.326596935300602 0.482587082436196
0.695644862041888 0.050872598072422 0.516471432283429 0.482610237428365 0.117621524580006
0.168684633119941 0.158377593832572 0.511168539121202 0.786026218595281 0.259483218367769
0.44248778267802 0.586222396878447 0.590426527568396 0.00487000230429156 0.33454545610404
0.103339768384012 0.508381634188926 0.727062761740543 0.0787655688602347 0.442769389120423
0.438991546742393 0.0922565812201984 0.548186254034451 0.331581274963139 0.623153940926139
0.303739067262187 0.621518133961222 0.562440927164764 0.329499818093362 0.310721517604652
0.447976831753747 0.530160708508101 0.553183602891715 0.171366460092636 0.427630470398362
0.551398993394148 0.36504447135888 0.347418781602245 0.410697905075526 0.52280886083809
0.346061573271534 0.189298576827977 0.0576245578979521 0.596448949250218 0.696660245443294
0.136280503532859 0.807055712398609 0.0133515837869525 0.383145230710261 0.427913739947627
0.567357916466714 0.363037056070378 0.12094465182954 0.377109226638686 0.62407540643748
0.55492355647353 0.547974920852755 0.193598140735571 0.486308622952296 0.343230266341938
0.162838421731156 0.139808125349324 0.570046907349633 0.774599844765107 0.17023201933069
0.248930627591077 0.720884984465985 0.010036499217378 0.100567673719038 0.638861325723188
0.572199412967482 0.616101399172714 0.415933036537277 0.215780837014518 0.271007817657142
0.207370637488059 0.149759801445093 0.748983547525035 0.323021073574698 0.518893488244346
0.199171780360075 0.108527929243636 0.844174625701635 0.0866251280968727 0.477930516901767
0.657408105672873 0.109401006046055 0.426309324433542 0.58740871403797 0.170462210020258
0.614902006320295 0.558216451201815 0.501948217506072 0.176722704007507 0.164642002726156
0.822312098076539 0.000497310660769692 0.00134111904013642 0.515466682779546 0.241028766712687
0.354218854435677 0.28634296582503 0.570146649415834 0.433366492446429 0.528831722260853
0.394406708878043 0.659193337977433 0.34565214024321 0.185397794999773 0.506023464587039
0.490343602402703 0.37575641041738 0.464047646260976 0.491177548877569 0.402212218973089
0.188755416700133 0.496650539041218 0.191764676770661 0.221694576786773 0.794850588540265
0.640628232695607 0.406141962947217 0.604191643113124 0.0815310678388562 0.23010718540716
0.0136641112892279 0.31444054768217 0.482972127005822 0.79439209505593 0.191362373219333
0.519647858774005 0.21220663160252 0.414851530856717 0.517220614171487 0.495293339342871
0.256471918495375 0.101823169828982 0.616296556306029 0.333057638882939 0.658107408388882
0.473726879557344 0.43742865069881 0.293595192451769 0.705160683610996 0.0280943480287859
0.668077701288743 0.392315344160085 0.159819474920831 0.503942870253109 0.346785488067755
0.317853695491361 0.100164993499168 0.562328015027383 0.711771633461335 0.25710765771354
0.233686949890584 0.6219747062346 0.492084158215748 0.406221687720212 0.389069397298296
0.621369920445314 0.394511680546529 0.0652503950756842 0.670070593419758 0.0707653987107979
0.423125669534787 0.523381715916866 0.430462515269336 0.583572950368221 0.145536530710271
0.475203346908528 0.00460079311664173 0.616382965002284 0.189797289298553 0.598506174754734
0.505418141755297 0.488937151271648 0.3641029606164 0.513502363006642 0.330510697781411
0.212664890033708 0.10578132842753 0.628073981721556 0.264456437634296 0.69222093379301
0.682056028063685 0.575255789393956 0.323237629274627 0.299721521764282 0.0977997738389374
0.639768686768631 0.508745473631 0.149976933306879 0.515651500843812 0.20852942153015
0.347920579836639 0.549065005611197 0.485785926627452 0.560641959424322 0.16483784930312
0.299993384768892 0.671071451333043 0.640273662804447 0.175116164395168 0.138025512088049
0.563318216814578 0.72319845320869 0.0849578950304274 0.301936891225201 0.247533540496359
0.613092232063107 0.410858237453216 0.0529652912632628 0.278165208549712 0.612480382032443
0.458452759383369 0.446822881578181 0.58773940088433 0.479637010825215 0.121165648625044
0.762145827430056 0.226700308475775 0.264960204549504 0.22129917087841 0.498561405286808
0.577926029827272 0.519096251980848 0.341352937477192 0.173274805417887 0.499994599081439
0.493203201816627 0.635051176140938 0.385322262242921 0.243983764921868 0.381391245408684
0.123635645809512 0.0706923718160199 0.426880477345378 0.34688109750839 0.822899372891393
0.322914766646255 0.0792635649357725 0.420584187318151 0.843916869944772 0.0188838226007509
0.145806449116163 0.384559317759745 0.588190257070439 0.512685929306428 0.471211173359578
0.287429585087902 0.280644118998393 0.148965939555741 0.353565542787094 0.831518892084693
0.104002906011916 0.119309797432884 0.533540865752374 0.572590523816676 0.602015618057499
0.606638740328534 0.356084214414786 0.275671797906566 0.64388642600086 0.120866873989588
0.0562711019414775 0.544919276234083 0.157203188914247 0.386144029258135 0.725311306638948
0.275105724681655 0.350365112735092 0.272678912086536 0.486502553395892 0.700373189426957
0.138337812633085 0.870994954329201 0.384286510524871 0.163418702083235 0.218743330794368
0.60065911008619 0.262499770265602 0.0999643786524096 0.601379676646499 0.445704062801947
0.0738737335018578 0.103917960362385 0.34934281733857 0.709775946486286 0.598265351475468
0.100433338584332 0.469260743489364 0.36456226659555 0.7116160588286 0.361115546207278
0.267278654410085 0.626608871144307 0.227632088904342 0.275672828641933 0.638836103511373
0.514969293974019 0.0971865924255774 0.483343868813923 0.113725999589679 0.691958448184515
0.129053738617799 0.620564842249291 0.275057198680195 0.645218271274824 0.326008173180078
0.33578310727969 0.568033390920417 0.498004967389494 0.201989244933332 0.52514680714225
0.651518276375539 0.477359537389687 0.378674723996019 0.144041217779386 0.428379958213409
0.37952716652823 0.0383795205192844 0.641115675928941 0.0270841354879187 0.665374542611011
