0.233684619161604 0.545971297242875 0.536767539059423 0.48113328215789 0.357348870386203
0.155166696141813 0.63323065111433 0.161739604957111 0.496752201547451 0.549563271465474
0.571126749078244 0.472645973807966 0.013505124014869 0.451681796954015 0.496206797470744
0.387465273993612 0.61071873600906 0.52947650741529 0.411777062616384 0.164278926630533
0.447821981463419 0.129416781851305 0.292898010373184 0.712789656262726 0.434566946439469
0.0928569059017545 0.0270855649982947 0.491019271722436 0.620524471635848 0.603732906253499
0.501072516441329 0.589663799147803 0.118781856555496 0.586883101898286 0.206596303212833
0.493498502446159 0.220272609842152 0.389520869281419 0.627683887976531 0.402772435260457
0.215710763398448 0.348307941076558 0.491422461328774 0.691534965865631 0.335311497303416
0.429957362816035 0.186965870897388 0.402762171827782 0.550486628384626 0.561184046631901
0.556058768934984 0.544077830725507 0.586408691634206 0.224271691338641 0.0245970413566302
0.303422680858355 0.537914435857952 0.0904041827861938 0.444815546509586 0.642299735134998
0.29990555226273 0.487417742010278 0.481328973545894 0.24434133183681 0.617333246534689
0.289531835429561 0.65751489066445 0.219580460323612 0.195117238739542 0.630522933300632
0.545441979223431 0.446205451428892 0.591056599813979 0.0696701295786375 0.386253687719352
0.0125621172559065 0.38691313359407 0.528310447100584 0.246020414658295 0.714494539739954
0.530067106264203 0.413029521239788 0.536084207453141 0.337020510041995 0.384013509881484
0.0827969886593954 0.484354875257945 0.679911345866044 0.543448209498987 0.0304896513224891
0.605928394971905 0.327705651380562 0.514503542514925 0.459247198501651 0.223244040520661
0.615919858250271 0.621193671124216 0.240576534300746 0.164269826325531 0.387168576295916
0.383950280765068 0.0174083845555441 0.0442955923259522 0.848053331720294 0.362108515649926
0.378687660844104 0.461340418557344 0.368875982912558 0.277845193399535 0.656119830110953
0.147093753101957 0.630125865355824 0.00143432783234587 0.73510994620701 0.202277362300261
0.295944786884113 0.241085559341146 0.657285355982119 0.608419540262601 0.228245613389148
0.587517389393528 0.385815237080293 0.445787220028917 0.119998436933881 0.541150671799644
0.685902248546675 0.189895647420089 0.356633168477687 0.492944454235531 0.351135724057695
0.51780670217211 0.354612327241835 0.368955183699274 0.576170966546348 0.371517706555496
0.671424535588973 0.230047315677153 0.166278316851993 0.530588576728308 0.432544343563947
0.392959347902665 0.000775657131055578 0.461714862913111 0.55782960974941 0.566769672004312
0.618884910761419 0.0368259111102536 0.463314735231148 0.285717732838107 0.565093047879969
0.49492230507985 0.205814819060136 0.671673384781323 0.511332480629156 0.00928065836707887
0.197325765456619 0.291901744219431 0.468457014907687 0.583748187224349 0.561820249817216
0.388948987732155 0.168032306455581 0.794152122966247 0.431404449199442 0.0607983201123112
0.449857171701384 0.273781484422332 0.741118971319888 0.0807959455372659 0.408517942556782
0.185261780694236 0.844676170181185 0.034442152669457 0.209187636590022 0.455252139983352
0.198592372346891 0.589959221291275 0.382206809682948 0.672893142956382 0.116798799879498
0.596168185288613 0.0223234637270095 0.0369409813283523 0.622776426473558 0.504846555246478
0.491089428588051 0.235294482710083 0.469007382175036 0.565528235485021 0.404570846539606
0.72375566187307 0.242614384523576 0.447893863185274 0.263246529363344 0.383937956482614
0.39179321737001 0.112925958386389 0.663809452993912 0.140383689458516 0.611060743785191
0.124029612303562 0.679345571709478 0.342910774592763 0.158902996717461 0.616658972020154
0.589029308919385 0.260163130987999 0.354105435742895 0.513479253044374 0.44306660399854
0.176886141706718 0.372026892877192 0.65591509467058 0.463785600937826 0.430099510339499
0.468121834482567 0.293101686794617 0.241025349117283 0.795938896195196 0.0578048776946324
0.265607753903584 0.272992629240749 0.586528058063831 0.400082031925425 0.592323180603977
0.203281170864531 0.105760930865483 0.340485617501787 0.579680079905492 0.703940295983687
0.354728350666778 0.363614649116462 0.46004817227964 0.60007182031664 0.412579293985018
0.26892987194492 0.459920750641697 0.661578636513403 0.206718220830543 0.485521278617724
0.732804558050492 0.0596852794348308 0.0397766776609491 0.47448532918194 0.482407126216615
0.111142237137687 0.837063925356174 0.202355949839435 0.0436129706255432 0.494086395632524
0.0558824825847806 0.639488259599251 0.467307266140997 0.34488872855881 0.500607229172529
0.14020423226911 0.613786555806271 0.312680917605732 0.509275351796136 0.496465605035701
0.538118245315596 0.129403878583394 0.386554575073575 0.729966678780845 0.106806360416358
0.66506451794723 0.42840962427318 0.0780679191574024 0.577585300097382 0.185620585893867
0.133390450106308 0.447439135567657 0.148974171535992 0.736397931710729 0.466401104383586
0.580848061155592 0.215210999690988 0.433749463379572 0.212153357070085 0.618992820286004
0.589127491569301 0.0649146635455909 0.745538029728775 0.00690532723454621 0.304696977041036
0.181505314040215 0.47460723803224 0.668871726733903 0.470875568674128 0.269611948148434
0.730024996353805 0.430810399492854 0.21549020958172 0.482335093056895 0.0488132355786516
0.511323177321319 0.0108869882269295 0.367540081044066 0.770797243328625 0.095999897523336
0.131848030761431 0.118200231521053 0.427996128745912 0.765545880633436 0.446546325118001
0.412729193674969 0.231641597584865 0.642767374501592 0.0802478982472973 0.596998459009706
0.595588824025506 0.0703320341469592 0.250650844535002 0.488417635728207 0.582193889449404
0.63129553476877 0.41308344591185 0.260515923139689 0.572338270777416 0.188117973858954
0.573241454176877 0.421955359062223 0.52175307878831 0.460371497779876 0.0958108500050177
0.3889561552775 0.508588451050291 0.158962726164518 0.552187325031314 0.509775349046144
0.529907519996668 0.562453926147277 0.273402880209039 0.551819252828601 0.153590294333919
0.648739546900544 0.495695431882435 0.464400234542264 0.171110094526348 0.297450494715401
0.0788927742418214 0.437266724473218 0.391089489207357 0.241126647379973 0.769077819986843
0.532009154326929 0.714198801249614 0.00136467127524297 0.417779966178999 0.179845404549978
0.118511567884384 0.610729448199116 0.472425675343849 0.595343721711422 0.188001020408639
0.152947161905613 0.534842886362181 0.261031802839887 0.43586887755606 0.657594838830847
0.403720208943238 0.275405530616856 0.428047647748806 0.454901772004457 0.609098822589894
0.187327585091682 0.297540337923616 0.688921195844351 0.519662382040669 0.362927978778472
0.159199351337662 0.657616282996354 0.121703455582333 0.178933484529864 0.703823463579502
0.601416616408585 0.420920318083223 0.60825716446249 0.294554619543008 0.0662188592343037
0.456581138138634 0.466352400319537 0.382658134616145 0.456259398951977 0.468454070205723
0.333726202851063 0.540801586983125 0.312908421557577 0.394376783592831 0.585419283358913
0.640576445000236 0.445207996089689 0.328237280083376 0.505180934521278 0.168831779260713
0.587637547122785 0.000359406886385886 0.240740737947425 0.756300202654941 0.157276459124787
0.704674940837026 0.410551847284302 0.053666881569953 0.33090204988224 0.47170341068734
0.262231157481133 0.838364083150456 0.178627871984533 0.367123312332151 0.248380838677117
0.638549534281909 0.382590062552443 0.17724657190744 0.627936876023997 0.14197981821639
0.0905449393018708 0.52472866830398 0.16806116515518 0.683579934313911 0.470037612108675
0.304076498216325 0.613869591865998 0.570670805668489 0.118639675697951 0.436990922471774
0.245829312713134 0.600809671628639 0.495580638113246 0.576273848805097 0.0300660905191091
0.0467592094553129 0.685306574880891 0.148223624290751 0.350426566719412 0.619192581751022
0.316216854296803 0.502762572830767 0.469950808488952 0.576397634314562 0.306836603384243
0.0227836806847687 0.0804469704760204 0.694879130698899 0.309639790287598 0.643642278618705
0.693808425076218 0.166902339194534 0.126121309653866 0.598194909652586 0.342096103137084
0.523099447554239 0.38731228929021 0.682670272654415 0.255541665369322 0.212169542176645
0.620380105417329 0.624822906647068 0.204864617401792 0.120610523632389 0.410132235086968
0.348810287702203 0.225212749414694 0.348490250183734 0.810346262225289 0.222495126954641
0.505485892970432 0.398979634856566 0.389337534310344 0.0854070316175535 0.653009330947902
0.685064605174619 0.555680791920203 0.276339232609908 0.000815172017231966 0.381498765716259
0.178949825062701 0.776890281257318 0.222005486621936 0.486973089879128 0.279265509222469
0.0554544896300413 0.485695779886982 0.569637754071848 0.598133430833948 0.280666415936498
0.0134314183743386 0.759105706178736 0.29415814151696 0.083623852008962 0.574505146192623
0.19227601608806 0.666892302049187 0.225108051048209 0.676588600690977 0.099190835630829
0.511096671102973 0.592934473778721 0.205813267718965 0.559472031646947 0.178440038186192
0.0805694400580206 0.386634335261911 0.485537829037388 0.587001893678597 0.513521420698999
0.148235196292967 0.583182768440767 0.71291647156711 0.119622289688737 0.339653937930468
0.258096436166518 0.391051975543244 0.835499169714735 0.280652499938588 0.0603315319387609
0.501599766848048 0.269449450032756 0.398797638752302 0.287092927502684 0.659039272030549
0.340857796554044 0.541800262720699 0.679567544681243 0.294213530949282 0.204682164016227
0.110880647517722 0.186900446925482 0.425473888194615 0.681490982090313 0.554360637797492
0.498340510814407 0.335274096486775 0.248791210475173 0.746699048339315 0.140682196121868
0.170501925186098 0.0809878701953816 0.313892105307753 0.309989672342141 0.877352955004842
0.212976675850104 0.16036626018719 0.468990707398193 0.333544481182282 0.773123142574583
0.327592520332637 0.78236240820758 0.483894052503864 0.208581357846369 0.0541531712469286
0.938138223535271 0.287288710104424 0.0286381058908651 0.12886815691498 0.141190394903269
0.388998598344937 0.233697163751599 0.585140008741965 0.270775773668732 0.615107613921081
0.732931274679338 0.476882946407765 0.238864453362469 0.365348850889525 0.211797998328413
0.277715432023507 0.386619436258446 0.639531724641568 0.314895762615445 0.515013963099076
0.185434369613417 0.481545329346079 0.258444178758397 0.218268157163274 0.786952227511618
0.0992477486696456 0.632511663147288 0.461131522574715 0.575438845076452 0.215189997052984
0.424922881756199 0.403214054103416 0.455334391488298 0.318939531360753 0.589751759977754
0.100756393169201 0.731698828598693 0.367472573555974 0.47950137181004 0.299177732425515
0.505597336806341 0.591170844548126 0.261096030604205 0.310694364011847 0.479777282230613
0.170046997913122 0.705212802639028 0.360271854475105 0.298178061748477 0.505027678310538
0.490628453847294 0.217813723068647 0.800751776011236 0.0966157992604569 0.247594189888417
0.480071740874853 0.35665372563471 0.166815049757061 0.642400625515135 0.449247614480681
0.555744351411966 0.397623601781118 0.474921439012405 0.126664221207777 0.539860619986786
0.504700815074232 0.3350058371464 0.219039878248557 0.528624775442633 0.552834111525627
0.763773783355783 0.147274322850569 0.38113247755053 0.473717518068106 0.159027133907673
0.226060841045333 0.227159895347459 0.561654624833229 0.156882723283372 0.746476236480603
0.581948267559416 0.111286317901251 0.557375478306877 0.305312571823259 0.49504381523399
0.691600055555342 0.381939302028606 0.110617096015983 0.413902903431285 0.438474602824261
0.352861546379099 0.542644262721629 0.569302360830128 0.232668354285002 0.450317878936426
0.151780523261103 0.40598141484461 0.561965987320692 0.485125586778243 0.510870979511559
0.472752815878605 0.0934038947728429 0.103530549117135 0.702752505302539 0.513031021684481
0.342459608881907 0.523722907174375 0.31403835717409 0.538266580926093 0.469131890694723
0.319270678512092 0.218546360435327 0.717790779252486 0.361863038288476 0.451813303172497
0.647724462798708 0.00153868672351568 0.508457184717023 0.524248377079479 0.216992126987281
0.270539836857476 0.0485633385330429 0.8147700458479 0.00990456191449862 0.510393447122853
0.147963148413048 0.564876466439879 0.627115042274441 0.514691655744466 0.0289949587728737
0.402478620119016 0.00503201864913866 0.684987338611169 0.0886910472152291 0.600759422083133
0.17660390691444 0.188368773343987 0.115136311838296 0.488951052517501 0.825226492079441
0.722623302534459 0.136799550480211 0.370019575917027 0.211459565158819 0.526755931493544
0.597535456467459 0.653157587458454 0.311338750848163 0.00967499956709701 0.345414418942462
0.210247369284822 0.789504705303303 0.0798402345871559 0.417979905167771 0.389097288386549
0.708531991763017 0.133480295287137 0.245425231632673 0.600291206788035 0.244094961335551
0.29614260744229 0.74903108373462 0.0885188701073704 0.238558277044575 0.535262879102465
0.639289256294915 0.627110995613379 0.370531094858308 0.189453102733616 0.157655559922261
0.487204717348169 0.695476964046563 0.349244406511268 0.234924632984404 0.31903309736139
0.556849554373346 0.680619777581615 0.289135151121209 0.363139756975249 0.105856853576101
0.436418051473769 0.513344856596938 0.331852136451177 0.48289295183081 0.450227608169717
0.365629232954126 0.276497798346362 0.67420639661916 0.572794330015844 0.0849507020483065
0.478751721863884 0.522858533020878 0.0692971478183698 0.455786428801738 0.533734372027902
0.117549465168475 0.500781559373923 0.163079589785524 0.840282769951295 0.0522481286554102
0.321445821008507 0.492801422262648 0.267746358760449 0.512527576073758 0.565196172586614
0.457577975279855 0.546871984846124 0.511843502272066 0.435421398178892 0.199944652139167
0.589885843180322 0.220016847288822 0.547214118373805 0.452777177529619 0.314923506720631
0.175902724514689 0.260939285517144 0.511120214000059 0.607825285303657 0.519878322464184
0.66870264649128 0.294775234453429 0.419084843359507 0.514161793479485 0.161089651811593
0.526090905692572 0.321862303023245 0.50920072405387 0.456086304363771 0.39029850426943
0.314712641061045 0.573257453124118 0.444679502494081 0.167752665542474 0.588600908306335
0.0112637188371845 0.320480446066457 0.42052719701729 0.662345866268177 0.5306790389051
0.41874666522718 0.585131030243252 0.333437487703089 0.228340270456058 0.564759303145946
0.537131292124082 0.0237703829416737 0.543352713591469 0.372612606739238 0.526167860903435
0.691351893619121 0.564298009246678 0.0141873802506367 0.257474851878466 0.370277915681286
0.397666467420315 0.13985610804562 0.144260570719335 0.636011370834031 0.630063547300847
0.380300147257262 0.492337267990842 0.493191347450339 0.04155643710779 0.606639241953934
0.190034904010459 0.556150373366612 0.0787964650878132 0.671917596958825 0.44373568421827
0.186727470575242 0.563433140338394 0.385838057205693 0.698206002408979 0.106364091275193
0.495006054950142 0.200146221209788 0.48691851183696 0.4539650967639 0.521283559541984
0.226942164781361 0.546131418616188 0.0944700166615256 0.55540952276205 0.576917156463406
0.678399057511399 0.488351685333882 0.337741783755372 0.283164049938717 0.327163504271557
0.413680330914997 0.658771353742226 0.277171022511154 0.431935663076318 0.362624729638831
0.728986190429072 0.237071961248244 0.297683688520193 0.17561324287495 0.541221239300137
0.156754149998201 0.564544073979848 0.746502389978704 0.162302027309553 0.270389272494064
0.225339458871643 0.721654453211114 0.185777749170935 0.335134462483277 0.530667973788724
0.406843533490964 0.347083704571773 0.700150207603816 0.472849415796281 0.0146409716470621
0.344937597874186 0.353118679684957 0.796097277234921 0.340131843787741 0.0828535192435247
0.479607299938274 0.292183233710233 0.517201893252306 0.592480218528158 0.257050944471337
0.467389175049936 0.159923917937482 0.816230207307399 0.246198096043838 0.170664717211778
0.292951151602868 0.56987851861926 0.0261586088978452 0.523060395561129 0.561374782624617
0.448031899231033 0.551810912874956 0.519800933467232 0.473791867659459 0.0100194515766468
0.138955156402093 0.2668067322762 0.591052893708885 0.633656832106871 0.398297788198735
0.0248960506166103 0.271876424656691 0.497038294465777 0.403407279761963 0.718107858785291
0.150831054332851 0.56078602600027 0.662259188504593 0.10998030625956 0.460528094222226
0.529248686245239 0.448112445193144 0.103275397920717 0.334694993835186 0.629606637398854
0.638600117036753 0.0780291350866152 0.095695881986171 0.481863250039833 0.587155389169016
0.474891292509768 0.60105875140832 0.330981162707557 0.54871908002539 0.0506505557987022
0.55651192252004 0.638754302492407 0.290298651016817 0.411273765320664 0.16990586899006
0.544723303232003 0.448415989593195 0.345009228320841 0.589662089391734 0.188326514067464
0.040977046960901 0.0665095878722093 0.993226464986167 0.047523368766877 0.0716943164802
0.782834348725921 0.515611000905133 0.0816765222354987 0.309473029952022 0.137372004601735
0.645613034965416 0.376188347765497 0.277643603763098 0.291933046344144 0.528540690798616
0.481399581156191 0.625790948197598 0.557567435994005 0.0844966750969829 0.242113606873347
0.692235977558827 0.187082269983218 0.55294671158635 0.348271291671391 0.242418269060902
0.476791161701173 0.461979532270303 0.484359859184111 0.204807563217867 0.531690218780509
0.186747105431894 0.532175016123169 0.285201900029725 0.434896908511438 0.641435753613519
0.547443346772321 0.483413728723452 0.462853951477702 0.25375438957036 0.433580302056793
0.600564032978526 0.178681712823197 0.726349593744102 0.0383696992691157 0.279892339375184
0.0390425678699194 0.440134544684752 0.606030035870617 0.557897163748972 0.35529651106193
0.63109499600484 0.365370035417048 0.41551345834065 0.535542810267831 0.0936285615889896
0.448736298046917 0.337175536516081 0.733743351555268 0.315215692181704 0.217274374561507
0.57115521356015 0.0304372184345603 0.677080088455841 0.340974920090017 0.313295316663467
0.223496692088994 0.149044524215405 0.719994157438682 0.392231288509046 0.505566996544846
0.66348583658593 0.58287040885344 0.371941764651072 0.277603467652368 0.0681488781163652
0.398000778925232 0.413588694231537 0.328921449922299 0.518024664620475 0.542218497106672
0.409614409397885 0.635338792792025 0.434768643970158 0.0710471865059932 0.484240825929752
0.594977904962413 0.0860347788063076 0.206288858365775 0.402016200659784 0.659110909303969
0.14063148860141 0.166453331321186 0.923687840485417 0.170036213949133 0.26533852375986
0.593088234669633 0.744909864994044 0.253159489930379 0.170753672243965 0.0104448554036675
0.0574644314264089 0.819572748593377 0.277613026965271 0.331758795625158 0.371302380370046
0.252463867064537 0.532133530312924 0.036192269463461 0.387905452421853 0.708036285338545
0.292561328661463 0.608632966560229 0.630835834208381 0.379177243020984 0.047376678245275
0.294007879994986 0.326350132134237 0.0274162078927562 0.26509484645683 0.857920760725389
0.660001050216925 0.00115311477318264 0.637712200837511 0.379622647905286 0.116649381220963
0.584349297286983 0.27636963520701 0.0258507150302812 0.705632346844986 0.289085549819103
0.576455474931446 0.11393164716061 0.228085460802301 0.508840568355402 0.586324964301525
0.404871161628375 0.513389323229795 0.584664959760238 0.466334460528323 0.11493389851415
0.168330125348638 0.663397229927171 0.61202658368963 0.0137605156083817 0.395983829584567
0.183023852769078 0.134548574521163 0.311607599374598 0.579708890217862 0.717800290489117
0.662964372855542 0.00239586207818503 0.320573904389453 0.0197958317271283 0.676249212228668
0.0382260844221795 0.229120728030598 0.466592485700797 0.0434987916743119 0.852315531870037
0.575519711484537 0.539647482380152 0.183690399019392 0.0935857091918735 0.578841263902868
0.603170770431779 0.552139655884039 0.27817399410024 0.499372062973646 0.0676283507469604
0.0844314051240914 0.573977784453944 0.383692580336175 0.564972104236373 0.443855118266994
0.421150238164025 0.270570591923552 0.649980052897287 0.571781979250365 0.00391544642384805
0.281677405167387 0.383930621606544 0.608847724189341 0.634471926436445 0.00222272905826722
0.117137820831941 0.586580118574941 0.145925062166994 0.726298228889565 0.305612915903094
0.105158245667708 0.484114275748836 0.494904515729 0.475656170091893 0.532349358550216
0.482981073586843 0.460444151759248 0.544081037715387 0.500709865269771 0.0893639798111248
0.573524130521417 0.578762101138353 0.302530251431686 0.4158781648375 0.267629036122103
0.468332579666184 0.0538229957622738 0.404651893966898 0.577263356812767 0.529897670820179
0.0965526586559895 0.804859790356544 0.363656418165526 0.434205459555465 0.148653726468349
0.713191062114346 0.253129389714747 0.185710103477145 0.603667867861188 0.16846626891246
0.564329543230478 0.567158937344425 0.418317313554859 0.362925385383407 0.230561697279
0.257795740782863 0.0397795947702359 0.110524463428361 0.587127052214253 0.758304099564419
0.325974735625419 0.490767875642496 0.497570113583452 0.00277069400005837 0.636634643492324
0.265271679751631 0.746306481628151 0.0281839543355912 0.605903894036945 0.0688745766624601
0.537978239772898 0.438119789298379 0.40291610874915 0.536468803040301 0.261706508193716
0.708503842334969 0.190832289935094 0.0614843106431772 0.460407705161627 0.495832398182341
0.572653884138056 0.457638672670871 0.231746612287832 0.114788765604721 0.629087769108333
0.467536169095165 0.309155565920832 0.367965577290333 0.567518992434897 0.477866397440811
0.196058978309201 0.367949082789002 0.650599855980749 0.343832484353278 0.533547935616253
0.397224569724979 0.0104140712852128 0.183645899575128 0.263542856241869 0.859606616318879
0.174029672222768 0.65083368055465 0.180269887625822 0.0902368148266306 0.710977691849077
0.510724303873057 0.531380699374381 0.624686205330992 0.248204663114955 0.0704047430428726
0.203034629684474 0.188677674399266 0.347576828969102 0.812669647950071 0.376744031932378
0.382697525673068 0.446116476008029 0.599812251707287 0.306527037268949 0.448095003099615
0.36617851024258 0.343692445620649 0.370347606522113 0.519083158022163 0.584109687354098
0.665721069507015 0.45434701684768 0.0806548756203076 0.294133865618284 0.507310857395314
0.372789918080984 0.0441392176431943 0.595126952832726 0.46266191506014 0.539302576303821
0.238373199972337 0.305385947652072 0.135388587573137 0.88617994476109 0.215110846704149
0.0136838308803238 0.506459480263303 0.0420441244773382 0.370344270653388 0.77742456895509
0.0523043949151479 0.2652261113743 0.132480649316409 0.564076602801517 0.768886092894409
0.250423258533402 0.297717854780927 0.869954560217218 0.293740224710256 0.0744849922775733
0.154751460036953 0.0912122091435346 0.716170656925042 0.501565395564572 0.450848159196968
0.411903527885949 0.419484526653283 0.236921799660458 0.546627846097962 0.547205879289992
0.375081231088091 0.495955090791915 0.115407820125367 0.491849785116958 0.598420790027669
0.580017143898642 0.0489017893488672 0.0592583881056772 0.668201595404749 0.459547385064702
0.572855814443929 0.375495917263641 0.566596581673966 0.457126252683977 0.0290333380547438
0.353648858003052 0.353450495366479 0.357086614831833 0.559050352606383 0.55673789642609
0.0447410460425494 0.622487326337858 0.395211729224037 0.40442370774448 0.539218806279713
0.404141999102479 0.0956161994699375 0.544757238652956 0.310282529587101 0.659159381127671
0.555673005323353 0.588210938459154 0.487777847998007 0.074707727994754 0.318946593354136
0.167927143240512 0.298288450542605 0.843877350359258 0.240282188382526 0.33609516856497
0.321822158238282 0.578545599212827 0.190072638005626 0.5235277974204 0.501504262901176
0.592501867830189 0.189890822690867 0.696356825831068 0.0550889469881782 0.353462008020291
0.290303141946561 0.0500257015127958 0.315821971193645 0.716610502002811 0.547674525511957
0.18550326151807 0.697671433611034 0.040044606427038 0.210285811324744 0.658042109397933
0.73754094572586 0.169642441244468 0.194762206432981 0.508217784601915 0.361990554940457
0.578388508992143 0.213871181635245 0.0870102102064624 0.286295564262955 0.728141417263826
0.218143136694765 0.158990780382579 0.120262880866822 0.951003572963513 0.0909095559473991
0.495379686954311 0.189629478019212 0.411417885671494 0.408713928791042 0.618326673030526
0.275129714303639 0.114487969026085 0.795665425617364 0.323618913009935 0.416393413582501
0.602770321491927 0.752539605400205 0.180902959343882 0.191709322131343 0.0295590416148807
0.537974620392639 0.521409462767216 0.587152228486091 0.0754488582397431 0.297111444283683
0.328940572015917 0.178366744022929 0.645198579812194 0.653167983263129 0.130666686484371
0.0333200646970597 0.14122323953093 0.731150538371431 0.603368065316221 0.283393080191983
0.39271120095939 0.125740852893349 0.689438324090687 0.52026009109831 0.289778165913324
0.429459245150938 0.100142311365292 0.44241966133097 0.551806497847447 0.552549279639318
0.161235443239607 0.00934964727233569 0.767420189531984 0.553196437797534 0.280990515580194
0.577237017761179 0.249971873218952 0.561507191542148 0.44494388959523 0.30173845774761
0.68652095241468 0.502871530895915 0.24987718132219 0.085936319381289 0.453856308291198
0.321687846755985 0.17118942307205 0.408170071046861 0.230368176583149 0.804697960104977
0.489737483712266 0.35814558894225 0.251619833917897 0.530833235460632 0.535530082701163
0.557418257361203 0.671904198093074 0.0365896227371225 0.482758965452108 0.0586055946891467
0.0925842717449404 0.767455098555755 0.271578500233128 0.521022249267646 0.239210698559751
0.322273210301229 0.348412530005366 0.727924205192966 0.0294887837533497 0.493969077963729
0.179008916252867 0.8546870708462 0.118240316801498 0.397619631568649 0.255702316970751
0.131839100700044 0.701254187923568 0.631065108889324 0.272795916281356 0.13490823491908
0.340671262961509 0.560248862272438 0.332766753704541 0.575137332765184 0.358535408297899
0.586501948202077 0.399275119833412 0.37067325873161 0.0306094775555498 0.598547607615509
0.0650114275693379 0.352833562240389 0.554762818566078 0.626988884329254 0.412801581521113
0.483815851425902 0.347763276336786 0.191513367713724 0.449912178559775 0.637090721256462
0.000230107493875565 0.577276028298873 0.516143903572429 0.137869105992171 0.617527258199956
0.264767167707784 0.615807270710252 0.142585038890299 0.715977541976563 0.133136840559781
0.680251451722462 0.446415013884677 0.334378376224334 0.359154159184061 0.311722615897842
0.322854953049984 0.527940916807 0.149115386460776 0.676316806423227 0.370679439033537
0.549667265317805 0.108232489728592 0.783394147660305 0.256357516289916 0.0820125530540631
0.278719857536631 0.573279982826721 0.480006740660392 0.336019283478603 0.500349750030984
0.229926246828048 0.241806956376827 0.798673169134683 0.138824699390243 0.481157135051445
0.464540281074712 0.0545888214163637 0.448533840161411 0.354178791545431 0.674238211379981
0.481654290868592 0.184856801482016 0.644579263469282 0.553996805477775 0.106968311473679
0.469728969645002 0.519050075738741 0.386495700733314 0.338261875240374 0.496126688483277
0.140070388042956 0.637531044313404 0.222084538066085 0.139605023223115 0.710720303194585
0.52016528481842 0.479426604797325 0.156128457017301 0.453561809736419 0.519118287811461
0.394620636604928 0.49323869651299 0.361447263337889 0.636209796309041 0.256091999745495
0.52094767439442 0.403198671306452 0.240311344604545 0.462973739081132 0.54217167629391
0.175945399539461 0.394600439417822 0.164272293433473 0.582963701977554 0.668207786080717
0.652198783425544 0.0575297867370186 0.656469364783976 0.209670462457635 0.310504977108514
0.547131348994566 0.233721697876271 0.33939368859712 0.49936036953263 0.530539914021457
0.431234831639699 0.255285603235537 0.530670370106104 0.502280607392634 0.463647420450158
0.596138983576065 0.447965951789643 0.184004094438155 0.534183523740899 0.353178813764141
0.445184216627762 0.546673174537358 0.58321599499934 0.321914256560656 0.243289473892116
0.642638536391144 0.235480576669021 0.323958246494163 0.258360297019111 0.599888007055732
0.133734404495912 0.0220800913160448 0.493946791565558 0.477073112409475 0.714174622301595
0.294151945909428 0.685793700746178 0.335031376492383 0.550252846448776 0.167742107042919
0.121559448339893 0.576529029371155 0.357299679196263 0.495032158649162 0.529261447642895
0.564227747996042 0.44090025949819 0.160035617412083 0.409699161216787 0.542023254135408
0.481697144193275 0.448700855088273 0.595697336862122 0.383395321942408 0.254535093625906
0.0408595520323576 0.587892935324968 0.0428184251878641 0.0301214042243543 0.806208209505889
0.601450670232671 0.247219802239979 0.183927594272479 0.300634072279365 0.67300018967825
0.316577568901958 0.514077795569674 0.00322285686909127 0.757593145609257 0.248082449781967
0.292265935000627 0.285423196028962 0.415007620338639 0.791116078790559 0.187131631069501
0.155782870135197 0.427870953281274 0.189028711464611 0.37605372597218 0.784544381239891
0.0591888021535992 0.00509018566005712 0.189319216597516 0.16039244751436 0.96690396250963
0.481993274348861 0.0444341141051353 0.627208624884377 0.452367231580628 0.409489098327274
0.698487772617859 0.474322619231702 0.529934623596039 0.0328128383854276 0.0722875974129523
0.691395582848667 0.475126536339543 0.489310933424813 0.112931166602939 0.209876831794215
0.222899544842488 0.44713729963143 0.621790966038627 0.350764170309454 0.490636851008152
0.165720122918752 0.584458358354775 0.489175198475063 0.424091542385201 0.460216532822604
0.0802161760699955 0.859510618640049 0.258040530810839 0.0734619474524481 0.427580738898588
0.288523396951071 0.333765851889407 0.117628153227381 0.814653322546569 0.357572632001535
0.605262219127315 0.302288318940267 0.572804223051376 0.462603299400437 0.0131502002906647
0.345501859132994 0.466669534109023 0.793757063943975 0.181085710550532 0.00238749734288185
0.226245212541969 0.397751756045916 0.310256486442827 0.615145863499158 0.562088181341912
0.55213973467791 0.464005744066088 0.243334181996923 0.527066282816412 0.377928554429884
0.423369712895073 0.454059776611287 0.350369695587456 0.502506358526045 0.489199592724379
0.261722340339782 0.385810304691234 0.0323978603988375 0.687162705110269 0.556246007363864
0.433650880529779 0.371805865125394 0.109220818446071 0.566137204448509 0.584180443896663
0.368319898082878 0.544317886083195 0.420845311765271 0.153720549994091 0.606067411795788
0.625704917145511 0.341185372069267 0.351883571962502 0.504649230506936 0.337035613070122
0.566536459376538 0.445849403842306 0.352576602356215 0.57908433274886 0.143547289512244
0.491835136260978 0.488023006119335 0.017790170216413 0.424380872338604 0.582680126033307
0.417737833329119 0.468126518349238 0.664820475597693 0.013256017976887 0.405204489902529
0.521547413105753 0.322672622745464 0.0934277589448993 0.597507865358268 0.508061294635597
0.572261960843793 0.677298577220631 0.125023759558358 0.214919098588285 0.389822685427644
0.382097363587733 0.441273157745485 0.462852637701918 0.547776228322064 0.380773219187305
0.464788476837464 0.618489191811732 0.327709239026345 0.396256466673705 0.370175983401444
0.923840015541146 0.0177478091823257 0.183940223067395 0.0832321557771313 0.324719946318009
0.62637395554488 0.3306184227389 0.541454224785956 0.446189370661227 0.0780352121229957
0.206151669762985 0.329822275603416 0.587269159482728 0.504594368139009 0.499217601384969
0.382142423386569 0.614297302963195 0.261592236017312 0.552843975988386 0.320217163951592
0.578430882230028 0.38933302045674 0.571762930498278 0.13260683113105 0.411509530035485
0.160612709065383 0.562924114792538 0.533118020021238 0.148079222831246 0.592602496759882
0.0312647242511315 0.183455470585432 0.00659540811444116 0.609954496080144 0.770245818315945
0.305712686485083 0.0814722649363439 0.0349943010002234 0.947867390864884 0.0149943856399254
0.075246702268843 0.000798834574088096 0.666527995975497 0.208884250759667 0.711649559844203
0.217699666493022 0.507105170178045 0.171461247454079 0.811800816296988 0.0838550944699201
0.422872919973334 0.19001590952279 0.498083347661313 0.533795164491943 0.502043971011477
0.587670012965295 0.172958438609295 0.498921858398759 0.333165954079237 0.514593782152102
0.531315280713228 0.352969301860498 0.403753382745779 0.654119071527589 0.0472037139424629
0.148318839442182 0.404208857955919 0.668029276320728 0.437118080090771 0.421047967638675
0.462001345367277 0.452444182885818 0.527529982042371 0.420626411979547 0.355857496539273
0.190705144580675 0.672772693767962 0.405049997146519 0.230353694890348 0.542107116179666
0.679412759957038 0.185239046788231 0.0716949585513012 0.613772952929739 0.349610343558057
0.521987529759203 0.596005487483123 0.524725279020445 0.211303062990519 0.22873756751708
0.10067120113003 0.250390332352967 0.0736609767065805 0.780401664071006 0.559211314221238
0.770316498081961 0.434159227534083 0.102077084221349 0.426359641459592 0.16098441831764
0.395484546901096 0.105469748517438 0.457067087833654 0.226006758670186 0.756623240169612
0.631188766127547 0.635064128374073 0.126730740203383 0.371858667435695 0.209653870241682
0.0750208951560874 0.648069167055951 0.386573654656842 0.325314368122619 0.564897859280436
0.630162028123846 0.546565759319685 0.362161478631597 0.22498047229554 0.349835017588562
0.610691280157736 0.271698496781428 0.640312149229681 0.00639630291529113 0.378411847124136
0.0890623408353126 0.7441648011475 0.316535926009946 0.579978627919521 0.0414300238915292
0.0550792514777649 0.514064222188282 0.562430395531729 0.289980318597848 0.576444027231195
0.00246202845689329 0.680300060707507 0.265705431430285 0.644822017184671 0.22536848865708
0.413252757683549 0.229409777489414 0.65353409796581 0.297960291741968 0.510593928283775
0.552382548297111 0.534284823614403 0.535761391216616 0.347820967933171 0.0373303300251193
0.190313683334593 0.129603493949691 0.683307531726531 0.511323371216672 0.4675712388771
0.262111761358191 0.284196494260062 0.722476435205856 0.271228525083165 0.504967984095475
0.453938560560267 0.0388989233940816 0.599985471155442 0.157830504931481 0.638383601849789
0.411547185001517 0.031733214230913 0.403401439883999 0.667811175168904 0.470018542454387
0.262159660069118 0.648527756465242 0.354973990017126 0.485926516887163 0.385425671594194
0.516623983611083 0.506181353613623 0.354090729702169 0.576605481972854 0.13793465884082
0.452556955412419 0.46900744641563 0.202898875081648 0.580926455380264 0.443374240618978
0.590418063701142 0.308981705463671 0.397745291112419 0.62318985232717 0.0967982804521466
0.24542937960986 0.3219759016973 0.489156503484673 0.627368357596936 0.450811265759078
0.484752114042942 0.360964008506568 0.0131786048208811 0.561978484874315 0.564559013219268
0.519349707277466 0.315614808272578 0.451872903179109 0.17574929266381 0.628956468963097
0.475827208942857 0.0735497534557269 0.376922766110273 0.420352862035511 0.670381682896085
0.578552073306324 0.320738988913955 0.516579050585643 0.0612127820883474 0.540188003632484
0.538746530153 0.32564077165508 0.615043434090805 0.164780103472346 0.445285701281121
0.514673194618701 0.227890619565569 0.561718822352824 0.387410663118089 0.466435752244573
0.0293175401733571 0.566385232367236 0.44394671591168 0.676963860506207 0.151589892124321
0.646840816576468 0.187516546550651 0.000326700849735515 0.35132178532795 0.650390189963642
0.215135405734966 0.321228313931346 0.275774796684036 0.569580393138252 0.670861807524046
0.575555338526789 0.0118118213352286 0.366845993700607 0.11430374343476 0.721772266239617
0.127060046277581 0.875774594100063 0.353243717190244 0.00806528437953777 0.30336188360159
0.187551505011506 0.751041322246372 0.559605800137478 0.223191852791547 0.194391642171957
0.558435703580491 0.298409922123448 0.580292706154089 0.506595754211498 0.0756452268427263
0.663301371590558 0.275895329759057 0.223572330802171 0.514432495003941 0.411445839020071
0.532286469982541 0.252661477513922 0.46969735995998 0.304903304964175 0.582453136589164
0.627161785086193 0.277157875892937 0.241146302954006 0.542254250518343 0.42149780014185
0.615951200465275 0.520334682336568 0.484148197214916 0.306898726986639 0.145841117352468
0.62347664582397 0.272526585952632 0.572646402061607 0.106104372745674 0.44477420378349
0.016377238567766 0.118529077293752 0.934854172489886 0.333518074657368 0.0222713705882522
0.273700647437487 0.354363632323256 0.264173212140828 0.573176223434216 0.633400270410311
0.35493374983677 0.242128209852918 0.203252245538788 0.487671709331463 0.732298294290926
0.470383233619581 0.178719292705598 0.721834298140883 0.266906967123049 0.393083890375875
0.34260880660614 0.172061552679859 0.605957215655685 0.648425142807067 0.25568479558972
0.0619744553009113 0.0936518908554508 0.46597429034267 0.480827446966065 0.734208020395511
0.1317225499421 0.632263003529609 0.244736809352859 0.395213108138028 0.605642763936078
0.0382642918242676 0.462157965556967 0.149501276495043 0.571480282165832 0.660307136312676
0.454669477899755 0.321272854156213 0.434255103210239 0.704273432778416 0.0740328053436807
0.333010038923898 0.534357709408351 0.665394679251968 0.280154815122721 0.286930919836967
0.494508010565516 0.553383640455191 0.431587326969746 0.439547560639113 0.264118714025362
0.227434647896702 0.039815473349929 0.595972144390189 0.584579911769818 0.499771686757238
0.110268513212052 0.447322185948382 0.482221214136687 0.439337904008818 0.601821089436091
0.544207350633802 0.761903399269023 0.155425547538379 0.221951182852033 0.223432632579541
0.0702318803834527 0.567219747416765 0.129886927448916 0.469081972953375 0.660621472438124
0.456755474726769 0.693009317858881 0.327457487879114 0.390943397904972 0.225936661333007
0.533702489158092 0.377406164958213 0.579003049116409 0.27663884599727 0.401189054832246
0.638743217607992 0.0317742493587142 0.231582010587735 0.590353311409458 0.434569026873188
0.418247539763331 0.741664197964612 0.442510783192918 0.0866182501129619 0.267739982902793
0.226593025144311 0.0887387304490035 0.649256320610757 0.221184919563288 0.685802085283366
0.362363209825629 0.711698664897364 0.205620156210952 0.0307858415348537 0.564757025515354
0.036278315711365 0.121238091036779 0.638878282589197 0.425369155858975 0.62839544108038
0.865207235822978 0.115363497516048 0.321017959548403 0.246518916015374 0.272550171921448
0.60359047269399 0.211443688768696 0.372526554019147 0.243997415151902 0.626625355138732
0.0493644731944226 0.712767232081071 0.366951485954576 0.217096849255065 0.554744613905334
0.322193608527432 0.194243500490091 0.75569704585716 0.374376371120473 0.383699164412506
0.354526579003802 0.429461476337442 0.622132179809134 0.24950647293307 0.49048120854153
0.103910368761255 0.252312984890713 0.653537978322606 0.280171947262279 0.648022055007932
0.841554288433062 0.348735514988239 0.0275985870360561 0.204214932424315 0.357357663377122
0.188512486811371 0.569053879329098 0.185684936260541 0.675004230033466 0.38798339992781
0.109092248831981 0.652163028945575 0.182152635850659 0.675529681949848 0.270670151621319
0.204847138595961 0.132499848401152 0.789860670370182 0.561566140735634 0.0352849963068078
0.00885564804365478 0.659581083065667 0.553413606854837 0.406445933512745 0.305629604650009
0.0287264186549951 0.176366384768978 0.807801339210555 0.0809339547396844 0.555856440580307
0.089153736626075 0.671081481876102 0.184052210151461 0.230305755194083 0.674377712407097
0.374499220392031 0.0922445022236252 0.425194096497572 0.579489006599069 0.578484016434088
0.593783718731663 0.663731371365032 0.181117367183366 0.328093325034738 0.257745671946798
0.505670548625285 0.483685717731686 0.253305271689002 0.535742909814103 0.398950368634828
0.0847657628162543 0.662677773074112 0.528997875751534 0.509442866021596 0.119591589327099
0.487467234633056 0.213164033106351 0.525913364035856 0.469396590068764 0.469061579016381
0.574762857720882 0.219188388921056 0.786314840327729 0.0364585546550264 0.0445404672130989
0.350028646025548 0.541468037530444 0.403721510197038 0.452190504648418 0.465644715426347
0.456047498490276 0.0454798910486921 0.848711066749952 0.157998690203576 0.211372178162295
0.292220380187441 0.0579776811281372 0.632707823501804 0.524253078853758 0.485886156713769
0.400290307818691 0.513060578367327 0.549906719369495 0.00593150438920916 0.523549357405548
0.165423476592875 0.168370153447376 0.424428592768109 0.871619693225231 0.0665285265346414
0.248666366848195 0.521229627361873 0.435921027268781 0.177668885081233 0.667001753234311
0.315855796177762 0.346450539442004 0.129564328930894 0.525177260893955 0.698290103789154
0.542681982303512 0.257385847543205 0.391236313059597 0.103628034606733 0.689524596627761
0.449641669307066 0.440871916070623 0.0708167081284519 0.512770794361246 0.579228304853068
0.520008435409262 0.345900790336133 0.0382413707310054 0.0108587810357203 0.779976637334146
0.548428557923247 0.619040073027646 0.276411707427912 0.361366405220605 0.330191450547828
0.00538742560897791 0.375588729789891 0.676262930219787 0.594540022055506 0.219305022935886
0.500478783905033 0.330891233939122 0.0285859749328477 0.691579612627703 0.401163881223172
0.188849530578249 0.604341646133994 0.419657735469075 0.0757283822682488 0.645956365963237
0.06926351483885 0.721447426994821 0.358647504523316 5.402419615145e-05 0.588292563420026
0.0696301894360097 0.0597682159913358 0.719718133528479 0.192319197527184 0.660756030323675
0.520126978741306 0.563273528544083 0.484492552137731 0.0806532860315551 0.413464475381283
0.117270403641434 0.176240317644258 0.921670944553505 0.293248428700715 0.140410227180355
0.190149070504885 0.68230776306572 0.0219264295035035 0.286657697360084 0.644706168482839
0.171936641187054 0.147461254135215 0.203154351596281 0.836048941555152 0.456556071800811
0.35280968068017 0.313205421663967 0.0399421881452768 0.866791369026 0.156540848492821
0.358899415021681 0.70545831254272 0.540449421011104 0.154769614661954 0.239751056030264
0.560666655796097 0.0341644406818444 0.577325048462719 0.587857414980117 0.0748674838747164
0.444392325183914 0.600652711164266 0.296640157266207 0.516402982383897 0.295066702239932
0.0635892730329482 0.356946647974814 0.334590221582289 0.804602356655955 0.330469251428759
0.642321874440909 0.415575761286913 0.599857086468406 0.0455355572855313 0.229820332176793
0.392087155222943 0.188717641845144 0.586082291821651 0.202553938170357 0.652788452494641
0.229765335372822 0.510943166059372 0.305012233830736 0.529288512178018 0.559433802883061
0.502185767388427 0.462542624360511 0.584484448378516 0.376307230679322 0.225021273270571
0.467833784192109 0.787877637455048 0.0201824279382025 0.278516918540093 0.28705639595068
0.420926735256609 0.375449061394336 0.178672725408098 0.427125508653286 0.683738651018969
0.145126135798133 0.59134900462853 0.577638490188265 0.480673841040835 0.254029904982111
0.28345197276171 0.503355952088672 0.479284532586327 0.447833643834883 0.485817999777159
0.331410784847291 0.731222271823362 0.294817301306558 0.296585156978461 0.424971627743269
0.297246046609942 0.583841104356265 0.0483122058560808 0.0814757291098728 0.749534514862492
0.0383037889032162 0.467930729882089 0.189246832085554 0.822612421438961 0.258975080707746
0.511353217428535 0.360902447449346 0.497489485246242 0.332782173121148 0.500027547013915
0.412014731811111 0.260132412125145 0.662940107583796 0.248916622121265 0.51100481203321
0.189913750691228 0.647834289307612 0.290379998262599 0.404569450607703 0.544285326956078
0.739583077784514 0.320552908497303 0.058876433847725 0.464678400454027 0.361759939182831
0.692366242178987 0.494396155353866 0.465985502917185 0.229285276656736 0.0805431638422974
0.12272156467998 0.558391625308298 0.224967969581996 0.415155892682014 0.67094948228731
0.0868386513370531 0.614832474952466 0.0384837488771093 0.696115007407123 0.358305698967699
0.798853723524013 0.0447333549912133 0.408329485662768 0.425666056268363 0.109119636373883
0.649395858922756 0.571900286743102 0.202247097401695 0.451821368445222 0.07854070948247
0.532298300456773 0.496582140700263 0.36683486136258 0.505286417519338 0.283165177286943
0.634216104158406 0.185507891681354 0.349816374279432 0.662337369846471 0.0479006068951467
0.45698472281161 0.410366561715307 0.207324383631641 0.750933122520834 0.126017036926056
0.271295865090786 0.509478061415424 0.593908234947708 0.00657334537733405 0.560410972512916
0.318799478715767 0.368084849327473 0.41732485786685 0.508637816904257 0.574463201856665
0.382418871703354 0.705665077035322 0.293130077897371 0.287880664368727 0.432425815756145
0.0533779866292851 0.717595368424289 0.259600160527262 0.554271298082787 0.328022503092784
0.0808716993572459 0.730081192363618 0.469997074518157 0.143345115028493 0.467970243436301
0.235878218121852 0.465829125068457 0.643159960674867 0.535523443134862 0.164087169794903
0.436630611696193 0.522966384554105 0.629130428972738 0.288762659241847 0.238056504898254
0.703835971046902 0.122348863775607 0.438936388097032 0.468545675553396 0.278290277440349
0.46710670777337 0.698930847812382 0.410343225188874 0.336231226572176 0.108967854657931
0.596426372690218 0.172203260791538 0.24652762196807 0.425782591586581 0.61037278383045
0.572355339348947 0.0574596687211178 0.410859072477784 0.609048628567353 0.359669768804848
0.445873564730474 0.611939349394426 0.347423620534242 0.542718833814123 0.107145192405368
0.517344439170428 0.408581335178713 0.414821416392383 0.508875309586836 0.366585782045804
0.54351138480001 0.551678074162896 0.130407927771804 0.225506075679573 0.576530536300165
0.531522186858938 0.766396941164984 0.0131978045548532 0.353792640503464 0.069112075140067
0.596359443235637 0.602700269011068 0.467522472744604 0.239803135970759 0.0708871896397885
0.305543880341843 0.491645085184499 0.253737370072602 0.437761771668141 0.639460730376922
0.518571967362792 0.494415196601376 0.322941891723642 0.506528908223968 0.354645918823968
0.286832855089771 0.629935941182144 0.104122693327425 0.713948179523652 0.0185495266010453
0.495746186402709 0.358375788325086 0.227948387484946 0.528614362828057 0.542594601027732
0.507237600351591 0.617527377134715 0.411870364307338 0.433362329196286 0.062688515037359
0.215977778639163 0.49735348978104 0.275498731838451 0.784391978143021 0.121748834561146
0.56327218119992 0.45936272224134 0.586647195370597 0.131344558135039 0.332120481924006
0.327544477482917 0.496959344769555 0.629308398558899 0.326739616073215 0.378098119154563
0.630069152662553 0.518376746444461 0.425210543817192 0.042835501358083 0.389434878842198
0.111595627216189 0.635269335675378 0.457032443250857 0.0154224976088686 0.61226038539207
0.385167297114072 0.508653986842235 0.00317211562285108 0.131252460205799 0.758735793458922
0.560292954627435 0.637466167770453 0.484359594061011 0.20856299689949 0.0400743048382268
0.560550993104185 0.288872658125248 0.503320224297473 0.167389141556173 0.566555203506061
0.718156135729658 0.523425721284865 0.27756961488989 0.22774979195267 0.285240986126922
0.0896208578327494 0.601611547962963 0.255238478142514 0.305942834982612 0.68650123685047
0.515022762120631 0.585889957498108 0.616005499384365 0.0408252368128429 0.101759702082386
0.144705635803307 0.0694766452613581 0.890278632562106 0.248157367816331 0.346489757325964
0.429961916254253 0.484403342763846 0.4066914048552 0.259680616698739 0.589622108318581
0.0768054990680543 0.257651159028668 0.534351656651333 0.527463913498353 0.603296711871587
0.00835061395270863 0.408209536877784 0.101345286616993 0.122712054566752 0.898869359692032
0.203412420907332 0.180900638494555 0.310599152924825 0.21732147317794 0.884419521217748
0.484702149366967 0.324218987580844 0.286149231050375 0.468463122038892 0.598837870671143
0.191007840823268 0.542112470933492 0.610961388444326 0.30234361855584 0.452708064596997
0.674548343996823 0.14684337941541 0.292269976883998 0.656241310827513 0.0857155534813822
0.529959873494709 0.756234083721261 0.274358570985517 0.265443185982744 0.0389850310485099
0.0181290076495837 0.645540813471609 0.128439395073318 0.292990766213469 0.693259064081313
0.23375674575066 0.739958798543454 0.292985723428981 0.0594682223479698 0.555375239519876
0.089462521705193 0.646988567860669 0.410198055857153 0.448990276236871 0.451162428714426
0.576877392442145 0.468205895776417 0.373957662299654 0.185714340411629 0.523126718704184
0.459244081910703 0.255826472696825 0.517126881295262 0.534525092481474 0.412929053527362
0.654071692979382 0.329741581377883 0.00560277312332788 0.256546442341578 0.63056581084666
0.612010984754037 0.621450288137517 0.104378876996863 0.11794399119272 0.46307273607134
0.494696662812857 0.670153476014969 0.197600990525596 0.515572740111729 0.0361680602723342
0.196732396975647 0.642439101502822 0.678335354947104 0.080531250776578 0.286259023818654
0.160501118467263 0.0163016162168957 0.276923342281933 0.302369744551191 0.8976968577192
0.320356780464353 0.480272727079065 0.536889425586055 0.103951525649254 0.606344345931931
0.566347247050002 0.144525909117151 0.498454739236176 0.261284680603281 0.584496574812704
0.196445486481648 0.596541408490151 0.506629725020848 0.123825646083876 0.5775301289931
0.470480196532919 0.602388770429667 0.578009741461779 0.219585951978404 0.182928681183697
0.264496694973013 0.550980014540006 0.531869829323112 0.0536249140339346 0.58369630389142
0.185155218246608 0.766576794795566 0.331182575056616 0.467598148270693 0.223041782071647
0.570010814424928 0.00151682154482505 0.445735464365916 0.258198805042516 0.64010830612651
0.416204199334398 0.0513323805565905 0.555611066883436 0.255943625297213 0.670766914948238
0.608928355636913 0.21896445579287 0.704725896243661 0.182469140150935 0.226555178393267
0.637679952419211 0.0760752867083957 0.0391027646606351 0.660480989793977 0.387056410554756
0.32301063820926 0.387062251229779 0.525179421781197 0.669659602359575 0.146933771413399
0.0332449616021087 0.0563581738750599 0.71873527391924 0.668657360875201 0.178984548319647
0.311298622360902 0.612566418223267 0.515407041230835 0.220491732280376 0.462162881273473
0.618544401087414 0.553531249475201 0.1825154004471 0.509456914905093 0.134713622892618
0.340857224538209 0.188689155994313 0.555909069250145 0.530923809007724 0.507245276611257
0.412236634771776 0.49839451512811 0.466110646947993 0.376768541487892 0.471646260654176
0.416910598993903 0.0604716642844602 0.672553194134674 0.43579199319309 0.42460130710262
0.319396803569639 0.37123955469203 0.570226401364508 0.441847095238836 0.48967322830378
0.612043421627748 0.506028050576957 0.567638628020229 0.207169663459276 0.064850447901054
0.559894643898492 0.0635454996886199 0.580399716420152 0.496243053942308 0.315212559706183
0.596400689654595 0.592102865633435 0.344056413840511 0.188897053165273 0.373715802835364
0.585620527895223 0.221338185753703 0.129674238385166 0.701631654141767 0.314572119935152
0.472152083408103 0.10672910393186 0.691277585098107 0.485723413824255 0.227792392566412
0.347212571224058 0.743861972875948 0.435590532072972 0.358645434157739 0.0880178198961594
0.727739652151569 0.14163376156296 0.426523213751079 0.372765316027534 0.359803895990835
0.423781265584436 0.218070330205977 0.0429399893854258 0.689127896364031 0.544163274934992
0.545630337068458 0.502686443318835 0.037045515069762 0.0141249670977865 0.669344448017404
0.197963907804865 0.421138504168654 0.506481621418708 0.723365921323254 0.0605868182565527
0.352348202716408 0.648916998965298 0.0728973185038725 0.145768277498335 0.654366153408398
0.644829977670288 0.306981011104813 0.595177168625341 0.198659445612054 0.31025073945929
0.562733982136512 0.520040465778947 0.562616367363717 0.0380532144989054 0.30806355730913
0.598432542387555 0.608051285713972 0.00526850622121229 0.358363993575349 0.379077323384131
0.904979822475363 0.407095190247056 0.000463793450585357 0.118002540189095 0.0368810573971128
0.479108333648295 0.476088840328703 0.47472062330453 0.539716197787009 0.164746400260879
0.127759548111289 0.44689169067739 0.356229837603943 0.164859252977586 0.793654234650231
0.0681580245262342 0.754190545475157 0.597437415836467 0.0746468696868208 0.253076043538638
0.180633885030964 0.699716464186483 0.461090780022905 0.276406199692018 0.434468842006733
0.0816811996113338 0.458728968101197 0.670035830303786 0.056097636866109 0.575152985476054
0.261345430827806 0.495441826571399 0.52971642965996 0.097709326392636 0.629356301273949
0.866873484686887 0.302665322717808 0.040155939009476 0.227344116001447 0.321910263043486
0.690755702696672 0.275486055347213 0.220677963187355 0.436258912253696 0.45600810359462
0.345106733945816 0.0687786790199536 0.0709431020914432 0.185296885178404 0.914769356781449
0.0920212082812121 0.578382048965308 0.737569531451947 0.334034190723027 0.0376649487312188
0.47998382373057 0.686897267362762 0.210809201126788 0.396850181398459 0.309607957408797
0.538327635197587 0.515529562755775 0.576722340313389 0.0682154843945517 0.327369236458891
0.427819383302581 0.409679474164705 0.0626310516806894 0.781249005364846 0.186710060523099
0.261395716925869 0.515648604015548 0.18799488128418 0.201022408534496 0.768131962769136
0.120028886973711 0.734787258659483 0.4337272095002 0.292937471769991 0.414426225250899
0.257095770741154 0.696792205889578 0.0458149264963932 0.393360697166652 0.539954387808121
0.299592379201219 0.696810181847273 0.286744465117141 0.296718860837101 0.504416005046174
0.50294014989524 0.533539678112082 0.194900702799471 0.339014494069242 0.556299834947538
0.592229650148718 0.225743545490826 0.34495672154996 0.548954454725865 0.421850400080514
0.144815934169065 0.722639263586716 0.417645455425733 0.527582084052441 0.0636416379637272
0.100592063681161 0.0324192677731084 0.629583755396721 0.091014770186519 0.764310692290693
0.574138820838816 0.46006775342105 0.282475355474378 0.283941068041363 0.546156955551309
0.269113289828393 0.771950028158674 0.0674847745358485 0.342873275772331 0.457771682425374
0.515535033967351 0.378505815499261 0.492389892596051 0.216085812843918 0.549377913227638
0.25908752737562 0.658464686914519 0.532024072029717 0.346452093302184 0.310192267912024
0.37020081617607 0.630905505802977 0.313969036954627 0.245236135265864 0.553346437816048
0.639444070522975 0.402710184776225 0.475454929027234 0.123361308099891 0.43319785996482
0.521602266763169 0.471854400289292 0.632975188462512 0.29303262925347 0.136962729305463
0.896337344112606 0.131559056042653 0.223025142281528 0.0406070535518241 0.357606534384466
0.459810978019931 0.504926348581106 0.626649955879793 0.17620285767858 0.331490019069446
0.145843788511473 0.506742029574471 0.50737955617213 0.175228602529834 0.6586372504265
0.200679813725999 0.293583366410253 0.640501577024716 0.552658557821485 0.397319352191219
0.11973429725889 0.584361293301631 0.342710789833603 0.324137609937993 0.649360994598596
0.00865011419864295 0.458569249098468 0.552760706355771 0.357609680151293 0.596833592785105
0.447411364306217 0.716189393002238 0.0459670039334896 0.532142453304587 0.0400907518149612
0.552464786538761 0.0986293435614889 0.122518180880214 0.807527450289182 0.133953815199741
0.726380398995591 0.640090975573556 0.226473064945745 0.0149985251784995 0.105546454421026
0.459105064039734 0.807977418458222 0.0135961205446686 0.31003068528158 0.200227748138532
0.506913045349833 0.266762814934386 0.0992393749063528 0.549960035456184 0.599643453138338
0.558020063823327 0.569032724574128 0.00727836573179912 0.510873449110474 0.322134616458083
0.22910975238982 0.317641385140781 0.138578670032429 0.430580841296639 0.801254493357787
0.474975064146104 0.692136499302553 0.240215312461164 0.242538995779293 0.422867820906449
0.458374867154532 0.501531869475596 0.21389432433431 0.452470213156987 0.536542812163782
0.35332250295725 0.318827067571333 0.581327991995661 0.6541904300141 0.0872075506372543
0.459360199404311 0.0855032854364621 0.0726398628059279 0.630249418812941 0.615781223975113
0.540137583386673 0.0517569736269964 0.498136734759134 0.18649988452868 0.65011552300224
0.0193116227076368 0.496228698963655 0.528865347812156 0.374508602539111 0.577433017813292
0.362105908141677 0.485277197123607 0.408709064992953 0.405817269392923 0.549230914366449
0.307566886272232 0.628089680737114 0.169209060975042 0.344888748123415 0.602765301358798
0.378343660315003 0.741328038883413 0.341763935262145 0.0394635017528435 0.434659473666748
0.559483630334078 0.399497312636556 0.57706256600632 0.0624844526709883 0.436433789563755
0.179538643002971 0.326258857076372 0.666027161023071 0.119400966098966 0.635194666163101
0.528625770786419 0.333940849717111 0.424657558674882 0.272002370372557 0.595582884007489
0.446840843448363 0.127538569180958 0.158769103790819 0.210528136350908 0.845303170160685
0.273814264044935 0.526432447372051 0.327823245278051 0.148797354476965 0.71992075558038
0.182949872472641 0.232403877042093 0.679734184485079 0.0799249253771852 0.666401700811082
0.0947567647037239 0.239703627086802 0.370503854328933 0.266836826732957 0.851521185015854
0.49121583792409 0.585814749737703 0.41134271057265 0.385691327740093 0.312357893652642
0.534249634243458 0.306096903657513 0.149194714272586 0.580461597830365 0.511553794394447
0.463354948708402 0.566038367801098 0.158879684066157 0.57285302609067 0.333915279935351
0.420788700887646 0.445805815266562 0.220833965644379 0.551022583162758 0.521344911495473
0.818133754373007 0.0696784997670279 0.14402355471113 0.25879203820206 0.487940532521473
0.5161418463293 0.51667275928383 0.252043644944953 0.0838811719925095 0.629352686742371
0.439180605492177 0.125550592508594 0.670005502329431 0.145349891844642 0.566854020246221
0.279028106057781 0.801961122548197 0.251178675609523 0.0295341520191116 0.463722633407732
0.119294424791888 0.672261539632296 0.168053574724271 0.667135422441952 0.246011354799691
0.344687210168007 0.0879128728667616 0.100284173287582 0.644725534875391 0.669129377025532
0.0758732953595077 0.436690828084528 0.516409783180102 0.349391234521768 0.644042750749803
0.419905948303182 0.410880870839169 0.59760034774097 0.526119980529195 0.144663385228892
0.1016821138829 0.89704718831196 0.179574622668287 0.323854711994538 0.218719386590189
0.476049475841886 0.415199045008993 0.405342027180243 0.65368898277216 0.096825639052866
0.156753875196224 0.573356588172976 0.506360190102999 0.037904458890204 0.623580832999786
0.0983055998851278 0.45881911995214 0.769168809172113 0.123725560882011 0.415803262106919
0.0179149168135058 0.0365704175981562 0.300489176121469 0.293576464679558 0.906565372564138
0.266460868120809 0.44853593430921 0.460956777777286 0.151742882662754 0.701645970540734
0.665345441287868 0.477515289284385 0.00857458665449971 0.112287304983848 0.56268341886026
0.467090060329535 0.57464170773248 0.145688078026421 0.512792471141854 0.409185347656595
0.123895948196178 0.587192839447566 0.373740285251193 0.0720831740412268 0.703545718857399
0.552365732393789 0.575082807948832 0.264171855166849 0.486979457421605 0.239240675190956
0.42193078281651 0.732556447041788 0.189159155444899 0.0896845900488492 0.491437640630529
0.200043011297801 0.646309195385235 0.597016552050272 0.0435385951006504 0.428885584866249
0.505567169168302 0.351783426958371 0.633050242637467 0.390480298150218 0.259658978334535
0.705805458472262 0.234949198140562 0.416989458926223 0.377105284589151 0.361315547082074
0.383630630718917 0.656059976695089 0.355618214520157 0.538748398133182 0.075489702367082
0.447118500496529 0.463608823722617 0.52277290522445 0.241276444900843 0.503632874005923
0.497665108918916 0.294061817053207 0.366508893615756 0.230469181510453 0.691673531653876
0.658002436573374 0.531574697928031 0.368061264628025 0.379618132713139 0.0698721173432845
0.264170660594173 0.277557303369319 0.68243833775282 0.617780848546661 0.0761613009455947
0.356773166089472 0.216873891717011 0.63883940698213 0.552382742277947 0.335314987989246
0.009084810790418 0.932217173632393 0.0657361851126712 0.111902566295398 0.337705755090245
0.635243860056624 0.0624415311244194 0.0314041733524463 0.769141111587722 0.00142190465594584
0.415590988275599 0.334928568733342 0.478565996048185 0.271125249626253 0.642318200545381
0.506027871607027 0.423477428201269 0.195740576440727 0.246441056981688 0.682315977483527
0.00401640737886368 0.780470829591666 0.0440231101073399 0.500782655641385 0.371655553185341
0.335872585585488 0.179811335793954 0.304813636136194 0.426294241161234 0.761721311865641
0.57115922633656 0.350295523949481 0.447815705670089 0.337879677112123 0.486177541255649
0.0715162661485018 0.593525410109715 0.195435731244829 0.597947819705915 0.496866472094879
0.746104648118762 0.25272772696822 0.0504126497405769 0.540154904527322 0.29180094917301
0.35376892804514 0.102311993870139 0.53069116899971 0.365289994487041 0.670305829106005
0.521007076076317 0.015387545556417 0.576249012202914 0.626056787706799 0.0656111623244501
0.846405730385544 0.163932013766177 0.234375833573415 0.0336645181210008 0.447948996303739
0.360903792503773 0.578412114213169 0.463277447407393 0.476873897602163 0.305210044391164
0.444720484419424 0.376364872991292 0.512864053736959 0.460118971203301 0.431084873127452
0.320138174152725 0.519200090092363 0.754973369944024 0.0229334735755113 0.239649916259879
0.203673819345572 0.45618095829872 0.526228850107232 0.490413271407654 0.482694446975426
0.171258535955398 0.530422521548905 0.626765977675675 0.455026144503223 0.299061999496598
0.62015435690747 0.315816078830779 0.627948346045929 0.278156401838152 0.209710917158045
0.689123335755788 0.371620825360538 0.16540651043357 0.102505379489486 0.59088097257999
0.15314758261995 0.61430085001941 0.211656368074849 0.525263931244488 0.527711728114931
0.355144691331143 0.134612662397267 0.366058454936597 0.830017807010157 0.181172092103362
0.235325478503554 0.249551886283577 0.162935970852083 0.865051300202157 0.327847361801844
0.685361162761462 0.2416778308603 0.596495790256769 0.190574856265726 0.282393163894185
0.166510881375054 0.590619948796834 0.553932045210277 0.408274728079544 0.387186309375297
0.664667324583815 0.0303520338354827 0.358741285966043 0.529182836895752 0.385443013363892
0.59266380525394 0.465586869378766 0.205883231248557 0.415009776209535 0.466216110559433
0.5121199166784 0.447508957515254 0.216212447912975 0.500868629618402 0.489746584588992
0.474238438213781 0.512722021955372 0.140081981733491 0.699764590250107 0.0540424698572064
0.172549868224873 0.617641894411089 0.124692742984831 0.321682845049723 0.685358957256338
0.0927649927175581 0.688799725969275 0.70893194032603 0.04185924401416 0.112307173888832
0.0454835972996679 0.66244106348803 0.182458576782689 0.454791803594627 0.564779924327265
0.503315102270324 0.227519131776184 0.0962069941670508 0.626437841313439 0.541506045900067
0.112157498695365 0.323852458778744 0.638331003776511 0.684647962520157 0.0795674397227332
0.0600678453960256 0.482536726854893 0.712811631805015 0.120045247626266 0.490957103290569
0.566126053111314 0.278846881885291 0.479604970156892 0.549052122984906 0.265078379537128
0.322381600485735 0.154535321442062 0.486079502107783 0.753300586127676 0.261636929093361
0.753561090963049 0.286549666568586 0.0292094889189347 0.554848656928364 0.203284884922359
0.131993639776649 0.718798069963583 0.0263488017656226 0.583558051974267 0.353090291988685
0.600553544254831 0.0865340416232048 0.446748981630711 0.343589438711376 0.560543437336696
0.0535870150607208 0.217546092174453 0.421674966485431 0.840756305614693 0.255188531884076
0.534778694778103 0.162234575618994 0.238128507456119 0.583236030123091 0.539279368405774
0.205149736662997 0.579792969219177 0.484171685177643 0.553105689197952 0.285316621037425
0.621489828901307 0.117946134038731 0.167725826702573 0.580360904109562 0.484652834589474
0.641666617771351 0.307988535282626 0.481899303905666 0.475552808769039 0.187161963922827
0.452288734341132 0.455099063622638 0.457329171144617 0.104404175974168 0.606852156902509
0.483069243207776 0.329182452791769 0.357527344157547 0.676333126435834 0.270241964368676
0.589716385944966 0.000430158976705892 0.0999928362835894 0.526707163367523 0.603999499884366
0.532077307145549 0.0461432254143231 0.118552406753814 0.668927272610191 0.503235703006329
0.00845702275022667 0.174743464129449 0.669848152747029 0.461458521931445 0.554754617203391
0.268803097986941 0.557980326184529 0.199082262482689 0.676375227365763 0.345377553807881
0.417742557560532 0.594394129122676 0.0879060207719097 0.55582412787961 0.394358777316039
0.556172032342292 0.160389159705695 0.458259059072633 0.457289219137315 0.495815684229327
0.377554007952861 0.290809519668438 0.691266760958768 0.541483980894222 0.0427569640814513
0.642377041855598 0.0794488512257668 0.358558974092811 0.555429210525907 0.379438361697701
0.321043852337223 0.523784807232617 0.462377468561753 0.445386604829915 0.458713602799472
0.610099769284472 0.445379685634391 0.0350244830939362 0.450761318154829 0.474344523297749
0.0938391201561959 0.0157003961884006 0.70783369085487 0.176640362118232 0.677286767661491
0.69184260853332 0.207172516075813 0.000288094638030978 0.157284725407065 0.673568694162468
0.441479517493682 0.668381449546601 0.258687462295709 0.463217899229462 0.277258089548314
0.020091229591201 0.670141959232067 0.741439681142516 0.026098063567594 0.00960142049004328
0.50683554542039 0.305094251133729 0.511368820225592 0.0426513482604185 0.621866561262317
0.500861361951566 0.290569029272905 0.370472297370246 0.280600943383715 0.669866346956469
0.264104109504922 0.642074122620326 0.661279112557036 0.259829570881626 0.114840627807406
0.240649929437501 0.542685786851458 0.077422327188169 0.464198189887435 0.652767624786291
0.389438987056587 0.516235296114153 0.475504933045218 0.533471045306068 0.266724758648283
0.605305273417284 0.1365421696735 0.33632945028473 0.706316361505805 0.0544193000180317
0.740278781644834 0.360356187925113 0.054050693094246 0.156150694096578 0.542979029594799
0.602563020068097 0.252504544453803 0.610673107041615 0.34576686589777 0.284047342286396
0.638018400558917 0.21442308027615 0.711977183774928 0.00419185422876349 0.200065442631095
0.379406841487027 0.711205752617143 0.523444873214125 0.261257287004708 0.0893695740725551
0.510596951937902 0.627257461265841 0.555182820455153 0.184637612668564 0.0593280525347906
0.097566844538176 0.43877541729807 0.393077741658727 0.707238550962466 0.378497509987521
0.662787418885315 0.423818349424145 0.00430737377931319 0.583713314118628 0.200875726533867
0.444751664429818 0.365527940229946 0.450108198565366 0.501693527597302 0.462916294646641
0.541119957476122 0.488899244239341 0.318628355949438 0.00725656338017163 0.60546678990355
0.00382693469306624 0.297498185858708 0.275963217482328 0.681339322367484 0.609180773148867
0.45147128702993 0.572809489923204 0.525035549713606 0.428441267725992 0.0940144504197845
0.28652146487131 0.1901296557562 0.921037370886166 0.18264892172517 0.00925726707836661
0.311428518616742 0.298063469049423 0.615771487620436 0.313446108840731 0.580299455537161
0.42663851225533 0.242422624696065 0.513600410733708 0.519544129584714 0.47486773569517
0.574219535705088 0.219371957933436 0.600174909075214 0.449991792499291 0.243814138406529
0.367904393273124 0.204862241100893 0.682152930727452 0.198266373611543 0.563946490171124
0.233699099371333 0.425321652919521 0.372493212302276 0.114748606816705 0.782667098154248
0.444513023334621 0.656341510958331 0.372731345796078 0.384027658923214 0.291921383461114
0.0609617776507627 0.716789467001995 0.497235017073191 0.0929963365526506 0.476031029287656
0.0157873536849546 0.822075910900671 0.486484734994328 0.265822455928716 0.128891352394114
0.156647668458947 0.401026981624345 0.674335515938236 0.0423090117822982 0.598431639740047
0.59206408164164 0.162800166464247 0.17511537276712 0.654768855913311 0.404436126694514
0.526676713867394 0.0513450466612058 0.541062794249274 0.533651869605833 0.377414970554387
0.118097923512824 0.678831980657045 0.11720209710785 0.0109018296058692 0.715111768218059
0.666159170441482 0.493676557674263 0.308012536764133 0.436997877746178 0.163329568912263
0.352003228071571 0.696252945024196 0.545160689977228 0.298161882733782 0.0722833159209422
0.408241839040999 0.584380966991847 0.532756704482679 0.312781560259107 0.33192691313711
0.114190572882095 0.426930749916496 0.478098683467982 0.0297995134977091 0.758435419598847
0.509946372682345 0.41542862490661 0.189565798144922 0.728895847977399 0.0122231571743691
0.436104019083336 0.0770895272075078 0.474204926457031 0.357900440337003 0.671496427291125
0.626327760723739 0.0483581168346614 0.644916967349483 0.40635867263495 0.155980008597575
0.438931226392215 0.115622879720749 0.630310171337146 0.134732156066287 0.615245530023238
0.529156769710818 0.461644711779742 0.27605778757279 0.427610125317232 0.497814173966159
0.287066475061958 0.567033767544297 0.288011918945627 0.446965889266056 0.559764391273583
0.403482447408295 0.0968553853233353 0.649670594337086 0.0730751235325198 0.632778866699643
0.538764332943054 0.1896647326133 0.811987833534645 0.0928653680367588 0.0762368963315092
0.224286313682807 0.157852269941452 0.0856612437659505 0.010118568341587 0.957777675799606
0.215842238379759 0.129779103735052 0.756090466632957 0.566173515949849 0.210580788460591
0.688359127617029 0.554758968893741 0.416481605756265 0.143316566397476 0.156229420151893
0.0997117404032634 0.647780660579509 0.0291434396360234 0.652532178915459 0.379196782701214
0.131698334270202 0.570388669407867 0.474525954464301 0.648325422650761 0.108681090563328
0.721062768164847 0.161700416043837 0.556371182784077 0.22757811006476 0.304270883596341
0.280070844044534 0.161415426983185 0.874832881245637 0.00207621230042098 0.360788721389624
0.509821332605592 0.099756662145459 0.506012059301785 0.380152883792564 0.574078738469924
0.493172615273925 0.620536890398241 0.403060800830193 0.00187396047881148 0.457442038191733
0.415828213833562 0.540879404924286 0.423687330664892 0.573637174584564 0.161139081781663
0.655087919907944 0.661141946640496 0.33400089585631 0.0501202975347615 0.140294336754227
0.163521778564511 0.738164872485344 0.624571697313599 0.112565340415715 0.16003902029099
0.44317441791985 0.636607020969704 0.138439101265204 0.608530630010309 0.0940905082015234
0.552872251432788 0.305223390501741 0.129563860024493 0.489990418209945 0.586765329347481
0.333940319696301 0.52360951117265 0.486411840503372 0.454035342385509 0.414212954859776
0.542363516296594 0.416522726482169 0.150250047789348 0.446584808952813 0.557079497079307
0.471488717666639 0.319435097812766 0.473516808846498 0.41141846100889 0.53120268173205
0.120306818519352 0.587929389392725 0.6139258104055 0.248186052614003 0.448736097402336
0.667592400510223 0.189789272355773 0.533005736741815 0.483007277205435 0.0301541646637967
0.513852700942783 0.693368861896548 0.0612445109662085 0.12647268926218 0.485230658381552
0.0896530212029544 0.0807829887570528 0.107630023106065 0.635655299323949 0.754847377344738
0.259036365039518 0.59013260301921 0.486924866177291 0.422176940461548 0.411478405364898
0.453881173982508 0.615092733656752 0.545557110393182 0.339947818589592 0.0495553109418506
0.675427341766304 0.110353601846698 0.568954689474124 0.363160040200126 0.275726921212294
0.364130397097228 0.608086088547343 0.318281989752839 0.55900854284656 0.289562405792856
0.327911656254662 0.384727155871404 0.790086549049362 0.346727909196542 0.00140115055939442
0.5697356998066 0.499269003250341 0.159619359740212 0.61546364993721 0.147844006849745
0.301036360500842 0.766898795300598 0.306252800986013 0.0467932953822274 0.474618748911578
0.0576915009778786 0.223565187324247 0.110985653171327 0.916787555393614 0.306387109384728
0.380840894590808 0.612529855544523 0.306704180767815 0.524269244471379 0.332928962204901
0.279138818503863 0.588746109785921 0.196272825411681 0.333867838019088 0.652279681545874
0.842160354459167 0.0118367795993722 0.482185132040271 0.0565258325821372 0.234367567543227
0.543664159697363 0.474240665149376 0.216805258201253 0.43480668972827 0.493420404485941
0.653343043557799 0.185885701008575 0.410124903249836 0.607940986731484 0.02819031715757
0.268572843828275 0.138666896332888 0.447830711361295 0.803675939935975 0.249384756849853
0.0206552507853996 0.281081171470593 0.320019758131932 0.496045707020103 0.756368129029652
0.45166076906352 0.467237896268794 0.388608175405287 0.579047560089155 0.302289442657583
0.445416093944473 0.150430261562499 0.570665793601617 0.555477246142796 0.380474467858408
0.0772182019128659 0.0157209539733736 0.633725748450426 0.671833526422955 0.375262027688062
0.582847009707857 0.436977882321393 0.377143140529841 0.562301261145889 0.104498980385229
0.44026182997502 0.156522533275723 0.619912866735303 0.173632361552792 0.605995097605266
0.176604075989479 0.287069703048003 0.676511728877935 0.194035865054973 0.625367051977309
0.390649751317525 0.589784457601613 0.687995376449065 0.0853137379109117 0.137589946854793
0.321167466970158 0.511487711973106 0.407500275185181 0.43562766495767 0.528586645601285
0.359643170570379 0.558246034826184 0.219009013394041 0.438385391635285 0.564687041568935
0.501221320330925 0.132049673832412 0.524947580229505 0.666061527600212 0.110146044634102
0.456745510309027 0.598576337294776 0.0676529541433136 0.212604947442833 0.619122056917559
0.603439204184281 0.362982541668776 0.46708120891614 0.313912438069384 0.432895976881154
0.482723453590487 0.521215509455771 0.27251488425641 0.552326027717779 0.34056432141469
0.673343097558717 0.629801177259293 0.301063301191237 0.221515386043829 0.101249061795797
0.425272991384351 0.242377797092176 0.584272271766987 0.603035436783712 0.235308437381814
0.229533069289313 0.437867556848758 0.753744188809018 0.391950706053551 0.183931820582207
0.0629495405462909 0.577223995997667 0.491046988772573 0.367751601025357 0.535239599198501
0.00696105278138455 0.455843091445571 0.445530616733984 0.546823875121296 0.542811881663883
0.452060820776653 0.158206634290408 0.0902342748346299 0.676133087100394 0.552551806945194
0.411218558231103 0.508134660955268 0.0968105712266155 0.567877285544532 0.490756116175395
0.151146533765739 0.735343114671679 0.653038647506399 0.0885631809091889 0.0460686106347383
0.154029145573209 0.521795748389056 0.602024089084968 0.381653251379053 0.442619487992004
0.322291372892326 0.00299625027130143 0.541507615227876 0.767883727197782 0.115079874863298
0.331707025049215 0.619023913193844 0.510267257198748 0.214476427559894 0.447668440566444
0.759973959480773 0.47808951051142 0.373195164935911 0.014051832359459 0.233233607625202
0.819438779644606 0.335271890788089 0.06311795988167 0.169886462830975 0.42809760399831
0.46037422608919 0.687352321396413 0.36061687603332 0.25461053779674 0.347464100284569
0.330440217957036 0.27617624017858 0.343885947333963 0.45475741584007 0.69962425249702
0.717441340199832 0.314899683707725 0.202366241738174 0.346007219564887 0.474808404292497
0.0865160682584967 0.512509178595189 0.160098589021767 0.711427655122444 0.445071280930366
0.265985522451049 0.777588532953231 0.145777545966241 0.31868464018552 0.449217967659322
0.646201365855263 0.165668736186031 0.31369453033472 0.674177517426088 0.0453660804190946
0.0843626597405872 0.705568887547928 0.648173210204379 0.270233565402211 0.0435981223131481
0.450119783911609 0.161507298817247 0.573702302371862 0.638610548712303 0.185337011648293
0.0177797331539883 0.812193650166862 0.186804421815357 0.54555078340392 0.0866245140546312
0.0100505995384924 0.581633763901964 0.206059733787287 0.236817852062165 0.750371801971746
0.0384554053031692 0.792109491941863 0.302785029734336 0.452622384954022 0.273016367615356
0.273212801290659 0.882928513086327 0.15860605387499 0.101109521430038 0.332284502106961
0.511265753457297 0.485904841453467 0.335646816109281 0.446695160802914 0.436243581666005
0.205575772791085 0.115059658970014 0.370123000685256 0.755752054661612 0.486156016889172
0.310245740542515 0.462643630660533 0.171055307416642 0.624925208779525 0.519535385436768
0.436798255559084 0.0186786955184399 0.805608934779413 0.395539072398572 0.0583221800340676
0.307776569542154 0.402097909241884 0.524449855385933 0.671095332850911 0.134811935805288
0.762362206650722 0.296576275637844 0.51608970902551 0.0162886380138858 0.25344125770885
0.461099009942225 0.506043745528309 0.386326649069066 0.424382417500433 0.449398169308169
0.620140389119665 0.419142456333947 0.161500391364237 0.480789069254011 0.427206031741028
0.446035460477155 0.059791058958919 0.587711727794647 0.52232102072937 0.423382892406344
0.532679827944534 0.0630654487421402 0.0761029414697559 0.5121319963739 0.666486391958357
0.659227018187329 0.177116440722206 0.65290729804147 0.163343795494356 0.284746149325018
0.594195361145365 0.561639232201224 0.244989074175357 0.451811878019616 0.259498797802299
0.673254223761135 0.137006847441341 0.563042345430752 0.268354592276805 0.372729129526745
0.578010286907484 0.433337093260184 0.651877488619379 0.143815617898794 0.180266135792669
0.587948923448172 0.780020384568628 0.145702932018812 0.154504149000244 0.0279890445777816
0.561641776149942 0.369998836105361 0.594441364037739 0.129676701387555 0.421287068875857
0.449403906153754 0.601971722897634 0.527518693729522 0.33625197250491 0.210534587937133
0.466758193197761 0.581481462089795 0.163161841254193 0.161924141624426 0.625439752691185
0.179222612654266 0.335089249859022 0.717028539399622 0.380722032574367 0.443300414325527
0.704113564864384 0.26368399651479 0.287887726194008 0.207616943489668 0.555617404009997
0.660743009245755 0.669181706037515 0.213996414170549 0.172731071583508 0.199960075188383
0.0684951727146034 0.755261512116326 0.549591635037924 0.205184123411001 0.284142516753403
0.627060583651883 0.180664432720785 0.752222736122475 0.00617080042738535 0.0909849639354733
0.408290100623465 0.243456653367643 0.574315933972079 0.505305794918969 0.4345748649784
0.54433825260289 0.562917289868827 0.321430000590657 0.511776762384262 0.146926143772103
0.430869793561978 0.286264946776326 0.410672160990506 0.745159724804359 0.0921355629487675
0.340834810499968 0.259745162411986 0.17544456132356 0.770948562002234 0.437288924172214
0.700114465684536 0.320437644224412 0.341249482924289 0.112465594221473 0.52731369375684
0.545602781896728 0.131534128489403 0.415526281688214 0.386940890340264 0.602188536953449
0.592780079936516 0.199971342369913 0.27894170586499 0.489055250416841 0.540036781923308
0.0603554779612329 0.062252661866447 0.620746647376643 0.614466384554478 0.479151838558321
0.183932768740032 0.190365193128274 0.668192852458222 0.446829568526436 0.53272082598964
0.372007990830456 0.310246576790972 0.182242270689121 0.785909187828083 0.33836610292588
0.0414590771004493 0.327653545380767 0.0147021717212382 0.50928549233946 0.794566820704606
0.204038963626166 0.482801700218765 0.67772320145613 0.16472588886492 0.488699563468135
0.0498768063885293 0.323414228924188 0.445240902045069 0.00665882607501615 0.833445703027648
0.512257150352341 0.29687592312569 0.585700844235971 0.553204110572249 0.0194172935396838
0.411842865687881 0.657873018647471 0.220932532456195 0.429756845954896 0.405075813614007
0.0694685744758465 0.581597284044549 0.749508148275371 0.196004685545531 0.238198268812602
0.430168015575117 0.689174810799284 0.326646762184419 0.254448094185256 0.410550385039234
0.361996704626391 0.019504941521463 0.528960202869382 0.584113962782542 0.497584088731478
0.577295046675932 0.15103583472672 0.585318826699207 0.315687591274779 0.449067724890608
0.529472994745361 0.228364414338776 0.301978425186112 0.563628171293487 0.508566964465411
0.478443304164469 0.262952541547042 0.523660671053734 0.029354069328105 0.653349681104667
0.213071480171698 0.396583345006723 0.105743894227543 0.777158003225149 0.426808928746124
0.294912950366741 0.295612329031807 0.344547523853401 0.459880887471362 0.703872343380117
0.503063881918532 0.549082786938159 0.157923414800738 0.626467126970186 0.167433442539644
0.207001725920917 0.322831259568212 0.28733636336566 0.62328491777571 0.617967627689741
0.230757540548406 0.404574210923448 0.062631493179066 0.471520965424743 0.746201005468901
0.0463465475289008 0.245759858887071 0.675162675259284 0.562822182193394 0.40600571727471
0.531163431109613 0.529804530039356 0.0646730981661415 0.434140834787281 0.494481238618246
0.345611847529689 0.0738596323431445 0.388991113193006 0.0884452370245336 0.846144526343928
0.56621581790145 0.449393924827409 0.0823777219953269 0.661133469571142 0.183197145769504
0.404953701231446 0.740355852481013 0.299527400276165 0.218919996123061 0.387612026822371
0.116926896756603 0.143857562999674 0.031801477058384 0.73681600017984 0.649402764329312
0.526532632665367 0.639185692929253 0.338872905611753 0.0640627155045678 0.441889306294525
0.666389916426193 0.0595327407034297 0.238441874696688 0.0620493851770049 0.701195891502592
0.183688073582112 0.557337585302954 0.704382129770803 0.334287849918343 0.218474154738914
0.125877823800459 0.384991772451906 0.867847134540172 0.219752134942451 0.185705301158175
0.0584845239941424 0.516516030067967 0.718556288739298 0.411956159827122 0.209188272686838
