0.15473079961817 0.516758198063815 0.188589278875829 0.0855218280397447 0.161092547141631 0.467432328007755 0.458459846029935 0.258111222265168 0.380642643056263
0.336208704070526 0.481269884725558 0.0786787197216956 0.253555373537817 0.532447237211845 0.161147703263884 0.341582688390471 0.300558263826728 0.261495107663926
0.506236863568856 0.0399665578415416 0.176525516931287 0.0936445041593341 0.0418212666005593 0.272486516257243 0.148137454287127 0.537115824597759 0.561925552589554
0.557617704481161 0.127751390639617 0.359058594843754 0.263805307003217 0.354879985610937 0.145408043956266 0.22021480085127 0.305909765127908 0.430194278153009
0.19999474884965 0.0879288439391929 0.109687401806719 0.373444541686306 0.452171723381143 0.343957428443071 0.247481157606907 0.53117467587598 0.366904657011366
0.225261529527883 0.30843665192439 0.469806113032273 0.270337356646059 0.124694118182721 0.179954602041182 0.406463532348528 0.534432390622037 0.248115174149356
0.334366427924502 0.469719775728115 0.553853640303226 0.0444844604913617 0.0650280562076458 0.111996498504588 0.376549930320291 0.443871779739883 0.0569721986542169
0.210632494314739 0.320471092226959 0.252761556464025 0.296110468247116 0.502410168350904 0.425217476050216 0.506082372732699 0.0358937203743898 0.103579974898605
0.262831381248566 0.364448283099554 0.364484138255459 0.193849319216079 0.425832785848476 0.335527889277937 0.39415242951595 0.216997313200615 0.362373247853649
0.165864512270663 0.27171463205441 0.382136339698243 0.414484039255837 0.0886571514018554 0.340118081798601 0.466219652194937 0.482557093111154 0.0840976165847746
0.291118817292005 0.377558467144221 0.440077595097869 0.438847521951946 0.225661251320257 0.307487740800079 0.323509144448234 0.20565135627595 0.306629487991936
0.50322963768405 0.0603279066701638 0.254727856861827 0.197233513910475 0.287808089590098 0.548614597263768 0.212196668926488 0.437810967932167 0.137170669797504
0.191993585943424 0.429832695739089 0.390279605190721 0.458823514106809 0.340544842751848 0.0572783010647144 0.504517246098169 0.190595526407922 0.0736833041480336
0.236862969050387 0.184234704765623 0.409407852447026 0.0217552826212069 0.0912519228524312 0.580403130389662 0.228744886202906 0.567624300978002 0.148825899191692
0.043885951376864 0.307073533134421 0.242800157548626 0.335912242294829 0.173179259714543 0.588224560669676 0.54189838198229 0.0631958948378329 0.241545337775799
0.0549337277306783 0.388825724828423 0.287333204839263 0.419008245270059 0.251801566558958 0.484884439561427 0.129621634430933 0.436343380936461 0.286276611360089
0.528924818106207 0.233250055032737 0.116692262712804 0.562790147981478 0.151708001952608 0.104444200003586 0.190840522272965 0.487187229630573 0.166696440721211
0.264924436419797 0.358130877274897 0.524615562430233 0.400855961072691 0.291292953968004 0.308590345868562 0.355781307343155 0.242535180849239 0.0129262778634076
0.304048576791135 0.326193942386497 0.338704178385185 0.147615205807122 0.77158421289443 0.0767600365703831 0.210340341337841 0.0194297548435986 0.137063233914032
0.379344742380241 0.0340595382992279 0.390902667231295 0.215934963396128 0.445795351395072 0.0566333345515215 0.283437512273779 0.458663520114509 0.403552763165143
0.353378532206769 0.215586763101515 0.235821300516147 0.482578959136235 0.0321903978792369 0.0618339043817336 0.495270968406089 0.365427458761506 0.395552284487338
0.109193782613173 0.3548990177527 0.262009076216054 0.395361902925152 0.483276092067674 0.416842301329723 0.159277556961251 0.27660640091357 0.357728791422556
0.384668068604772 0.461259541140885 0.0503603233981524 0.381470292247697 0.0732660892642972 0.131511151060658 0.44456765883196 0.427589218344849 0.296779920224723
0.145806557884105 0.517690326654416 0.133652696500167 0.188414159375671 0.131230456581847 0.663298538536326 0.331489175573574 0.149510018486557 0.26067130935725
0.45332596906023 0.347556022207129 0.441137775331698 0.183883122099763 0.374161368158889 0.0516072959571866 0.198449830873525 0.412745323232773 0.304768368015127
0.253779604996218 0.59635696263438 0.329429061865397 0.105184115068256 0.0803084850174693 0.339434939584254 0.561666374146005 0.0916613136197995 0.121781103230585
0.147388662526404 0.0674759264529929 0.35929160882155 0.165762786746076 0.157340881266823 0.349979218957256 0.492669960497538 0.41755797236778 0.502827866157292
0.506619057879313 0.355883492649235 0.500320133833866 0.233236665564728 0.0967852997314971 0.140871159801767 0.00415885875825036 0.531524500518427 0.0147249008289891
0.33857944852581 0.189613896872595 0.519300631161109 0.37701985686612 0.283344752594094 0.330699718538193 0.0825059977842996 0.257767992001275 0.417965643466625
0.25872001977674 0.313769388027687 0.239998287754411 0.565986057735302 0.414013527158927 0.312162997678979 0.153666314809351 0.194572639030119 0.355455399271024
0.39579408352401 0.255448127054332 0.439828058787654 0.0752835392454027 0.163036305174456 0.19718923385222 0.487714767267382 0.49210813436713 0.18296563715751
0.328751782120892 0.346833918862887 0.153277774118271 0.440589447307198 0.336668531073254 0.400193753293992 0.118603533776259 0.208351271930637 0.472268536567439
0.251973764700287 0.183723343225335 0.357241235987538 0.437214669856266 0.513103542985383 0.246635225107639 0.233472261375852 0.391050018088818 0.229005225403648
0.178231456093736 0.279513586881204 0.488891263284088 0.257548426461343 0.404329678406276 0.221790263672597 0.155742109463472 0.314132576376325 0.499150832332515
0.190763289851632 0.256142793409389 0.361593944141087 0.411785336440081 0.392407493736119 0.349531411098884 0.108932464352515 0.375045800414833 0.411097810987951
0.125720332418207 0.141479725967045 0.0568012216689763 0.485880631702392 0.678224732911801 0.168294603862942 0.187052004842859 0.355206866606599 0.274589303301242
0.22906626563801 0.407136739097318 0.356536290852997 0.190486560070571 0.175489367575348 0.268335859572668 0.498707087312252 0.281356859575429 0.433236623949211
0.136571391817606 0.512513732734426 0.423229839937075 0.282190732215265 0.288959092529285 0.522910162640957 0.0912451130193566 0.147472964417377 0.270030518093371
0.303794240172555 0.569671302684118 0.223589027492899 0.290768061660714 0.599587530077431 0.0762784924204711 0.1190924326486 0.152217300510636 0.214403402304651
0.293857476773509 0.0423361361767678 0.528440301393967 0.264989201743411 0.518354953461667 0.221722165775509 0.0987886430409865 0.308113719759395 0.373953431415854
0.432109850978648 0.0567122774587558 0.360093279545024 0.318101078803333 0.381710301415515 0.329494844896969 0.453931202542165 0.0731696296604293 0.336945677516265
0.318548915477278 0.462234190102435 0.293328412656392 0.24109481808196 0.360623731892072 0.273158551564264 0.572480590736545 0.0759598375697827 0.0502879605965679
0.0676626479297683 0.0106743168622708 0.311910956230865 0.149472857135438 0.392112939130047 0.532088270650236 0.426053415750462 0.30119942182327 0.408122721520747
0.352420748026621 0.302845365267952 0.271296219272031 0.577962876502303 0.168476093505276 0.0455927721261941 0.330819393720854 0.121950409651853 0.470813452718723
0.183736853501026 0.0536373636171481 0.235329149695376 0.249623120337532 0.225477910355693 0.464191098701404 0.446152195324832 0.456823744986388 0.414269129235824
0.286437811878944 0.432759629533473 0.151038217404744 0.428651635646095 0.398374815683372 0.285791655940455 0.471627501186254 0.130933393014006 0.210148274929584
0.26728277719175 0.364543084755209 0.212695104156332 0.151978178023729 0.468830681714596 0.533333565952436 0.127991327550873 0.330919673746387 0.311761401326674
0.506255110590603 0.317480783587455 0.430888326654692 0.485814812639031 0.377873137600236 0.0470416045061357 0.0157436666660555 0.269015976731203 0.0601036885367401
0.471329901630995 0.172379510765928 0.508421157582508 0.313717365659561 0.00556937623417617 0.435055037203188 0.0771190752059636 0.401417605080907 0.186642493354766
0.0156922165278218 0.599391734982003 0.23703255148695 0.450579268137154 0.122366192185457 0.152022712492705 0.185247150389649 0.190556767709635 0.52207702160241
0.25398483835658 0.309834080018865 0.508087081202645 0.0788349065023213 0.273055106126376 0.187263347519751 0.487080436802384 0.47755751825515 0.0138539782006204
0.522603949017015 0.316866993017985 0.35640391302519 0.431727863357033 0.191827530649676 0.22557529730713 0.285373620298762 0.33045022205508 0.186414203589854
0.320626435640966 0.109323132099135 0.237706458571813 0.251458228772463 0.0935318743097697 0.58744506017365 0.0899238671890539 0.560773733655185 0.298526628309661
0.270159970313692 0.144267266074531 0.538668861421374 0.492999612837157 0.35785641937297 0.144198450412595 0.252502728298218 0.370832095906493 0.151192938712814
0.612380761328984 0.17999151122924 0.305749327382642 0.165458800249544 0.13111486542477 0.573339196833731 0.109309882773712 0.313712109586056 0.12434111359624
0.137119052350053 0.30486426788466 0.087878893264924 0.316428722368082 0.00586387874226994 0.191664720564128 0.649298761426903 0.260184704027345 0.504332822098337
0.458029510643936 0.432262425341904 0.209530549911928 0.118973697519723 0.143930828732897 0.430471927859662 0.343571598830151 0.416351007586939 0.218834644863612
0.574316630843428 0.121908973511776 0.153330802613211 0.113457090098103 0.546379304021815 0.242645294278645 0.0759248363253727 0.418264282984272 0.284251806502798
0.359022502014305 0.189300769696859 0.0691249925646415 0.141049068750791 0.193377952180022 0.169263127943913 0.520610518331264 0.357644019497569 0.587882098636126
0.469256740773516 0.0895514622137294 0.114906671245686 0.46739370619791 0.465092692601977 0.0205336670630844 0.514477803607116 0.242080067094463 0.00975774974782206
0.0938204271479165 0.538228616929398 0.487545758881223 0.0917527299653252 0.053588707057976 0.283154537714661 0.0769452787335958 0.335092429422951 0.504115561136906
0.0540473774703081 0.206640688230435 0.574929358632247 0.243342090301259 0.289650949442555 0.255174142025911 0.0314836659451087 0.29360330169631 0.573073931850691
0.26274207748924 0.31857307101635 0.663954268582997 0.114235737471173 0.34070262661008 0.432677360624547 0.0110409692046354 0.00747393983690531 0.268564673218554
0.420920000154984 0.400698090353787 0.122758820297016 0.16839216640364 0.447571153689828 0.325579147803606 0.395716582567744 0.189827429942159 0.34625706954837
0.020862036154078 0.518503606548307 0.539551776770568 0.0572857311057665 0.336266556054367 0.216145837557335 0.315110995396061 0.418391216318459 0.0466973394675067
0.431765076211334 0.126703645360439 0.168991818466807 0.20102813913014 0.483898579823007 0.265592524705746 0.432955535926471 0.397171477178714 0.280466851299325
0.0881297863017524 0.325244757422388 0.522778645077969 0.426436672247871 0.45105890654967 0.321189742000191 0.227174421743178 0.135966802440502 0.233647308018067
0.541534248842977 0.482292570452349 0.0962821001607478 0.420915960669614 0.291351684316119 0.182478605458027 0.0793892739070512 0.354500155177372 0.193744116872576
0.426750614987821 0.272777380930666 0.14572624679907 0.452509682229753 0.0244552231072689 0.412220752172706 0.334610564275416 0.339689373973295 0.345829661203558
0.445527282688821 0.423738978364147 0.434703445998923 0.250535660200722 0.183622476328732 0.208663928622654 0.0857273802128237 0.375149596584066 0.380619577981212
0.234322190212591 0.316540267625883 0.49701786854831 0.396826966059298 0.207345372204413 0.00399523654780911 0.292903387199597 0.406245331378463 0.382833173468186
0.0618562901449378 0.0152064952378934 0.0123739771450848 0.41641679574748 0.239949896794161 0.33993222101477 0.778918053101881 0.0481143114747221 0.200569964124307
0.422952040121288 0.427959151379313 0.002856739201762 0.427904023439897 0.309162586864565 0.208375744351182 0.333709652176039 0.3218253892462 0.317674130522773
0.287989644929819 0.156435478120759 0.489824017354949 0.110569533890365 0.0634522107499833 0.462718924117512 0.540734452790201 0.359293699135652 0.028566052184834
0.175610741465924 0.181791627765512 0.449916309999366 0.535819684399419 0.274138025845201 0.0116316583676451 0.325930419824163 0.377783829058096 0.349781415469115
0.0353539948858694 0.184822986578099 0.247999789441668 0.470120228279911 0.516614398332843 0.00917782950675167 0.198516932647801 0.444021711461079 0.422533681688119
0.173630090026416 0.00564209697674069 0.25150134881871 0.313773333646729 0.562360108066761 0.0710364701638766 0.483118234944535 0.503263008778901 0.0119234657039656
0.385070013790213 0.226374256862772 0.527461353259642 0.407923550269843 0.0894007046961236 0.0357454073312154 0.206486748537049 0.525697603124258 0.166113548107178
0.243936887772831 0.438862895477461 0.421087261565244 0.20409607314047 0.413841587205447 0.150997243918712 0.295657579393799 0.449691452988827 0.212658483764449
0.144896955689284 0.187527650172555 0.219776273467441 0.536363521047284 0.11463307500757 0.165695347386186 0.0232889309017614 0.356641609735513 0.662962678764693
0.34874715362614 0.179024899886746 0.422095327305712 0.221554902839802 0.023045070050816 0.321100120109646 0.511708302169794 0.252905099958971 0.435467253957986
0.424721273957402 0.514649720829694 0.0232574732238818 0.205639161405557 0.448210870860009 0.445402794134117 0.285796447957052 0.167299618166079 0.0545318608762699
0.528377892277837 0.301839426640984 0.117686082506571 0.384406948926233 0.130127787955378 0.209915314349809 0.349616780445181 0.410529537262165 0.341067401767266
0.480423135174354 0.296329809742689 0.151983398340916 0.332013732569005 0.32424037538505 0.0311164869600068 0.304410048262274 0.480613849889362 0.343940367044006
0.404389394501121 0.303657518120961 0.487705665700836 0.0598934238096081 0.353979632639503 0.299921395988054 0.368630274115369 0.384921616021654 0.059244722644207
0.184893374609295 0.44542141557646 0.424777748569013 0.391986614226652 0.0571355733462106 0.413587337494581 0.0903334580703169 0.337472164073987 0.370078378874038
0.340940465655137 0.0257676798528852 0.203132015426279 0.195469074654579 0.437348248249888 0.584800876028072 0.0835998063957542 0.127697385438647 0.497055073395974
0.0852844044763621 0.425443844946954 0.183717242894688 0.245697477454232 0.406218754861684 0.136486040605183 0.563251044822753 0.357753339206341 0.297864939355069
0.291941464321318 0.0392165324421897 0.422813016124704 0.361246061365626 0.448188220807161 0.418087351981851 0.322669273844215 0.210477539504324 0.282624683033979
0.471065012538623 0.0377081714543433 0.0620256339980682 0.480887754743197 0.155926846920273 0.32729682130217 0.509373067286494 0.358503237391994 0.148841365588828
0.0586138408536826 0.519634774951807 0.106540415918137 0.265870905367958 0.0156837003355343 0.346678882404326 0.403812748814761 0.585961390455146 0.132884184932551
0.44882934230237 0.390947105484232 0.282228563585925 0.254183642959393 0.317671578767341 0.448285729580395 0.335157749114283 0.0161285490222645 0.294930706375518
0.18953859350436 0.517615746980836 0.435306545834468 0.13836190867671 0.0614320802577666 0.589670167919532 0.144778619046276 0.29944187977362 0.159380544974946
0.309640495185876 0.365937866453866 0.304710926342302 0.362418071144962 0.373001387659432 0.445719714141001 0.299588082487329 0.213435942912526 0.270023360186167
0.461289601183736 0.102557542783788 0.277523610926329 0.401912461548781 0.479724826024711 0.0418637701855957 0.43296282704197 0.332353943050805 0.0913040846179909
0.244520381615956 0.589331102010476 0.508722753011627 0.235075944787482 0.184364751797297 0.317649740048323 0.232735026278285 0.193499558529301 0.228778725545482
0.0492521644942013 0.0712510155675969 0.0628425622107704 0.326286056133697 0.313060902907577 0.333354548108169 0.0637570133970845 0.795845583120797 0.188462745434791
0.254526552003167 0.202349881945669 0.479282848152422 0.173393853872884 0.434085226347772 0.459899228177608 0.224582534747463 0.337161625279965 0.265406710957325
0.155293182089585 0.459795399800943 0.326220628081471 0.317960727209199 0.0381767674223399 0.263814760435341 0.490266980430614 0.416977188619741 0.267704901637902
0.014199803194046 0.358556549328923 0.496756336299936 0.467961356985196 0.241056901438458 0.163438158675399 0.205275285576499 0.0803917188668112 0.521593370801275
0.0664780950388168 0.412783355136575 0.0835543807633645 0.326580204123828 0.0767767722932968 0.55173127605273 0.396822589555889 0.361913802148255 0.335861219592399
0.276287767389558 0.44056675385952 0.179484503819989 0.0121134630719047 0.416125439977364 0.282090595836424 0.303695057829415 0.420635968474229 0.418692953971654
0.406723117129728 0.232972514412026 0.513140938081085 0.499796444441013 0.00687425569550518 0.133443123381372 0.296537594653793 0.22116511886889 0.335391007472935
0.413367973339412 0.400311844898594 0.242753274322514 0.106336855112598 0.413256802571787 0.381816984598619 0.153519642449425 0.4382521687855 0.257763511457265
0.565369432799665 0.055161336664693 0.0217828230919121 0.143002173301256 0.375482279340952 0.387184116688372 0.344729371102917 0.279908311856387 0.41024996499729
0.439840583099414 0.139172926834004 0.498450705298512 0.375770919368209 0.116821036196356 0.47498121334403 0.340927720144613 0.0244160410128781 0.203548784055093
0.126270309816205 0.124850184817597 0.474387804803104 0.00738009039160376 0.283751708877771 0.71379045971934 0.147786795468301 0.269959448420556 0.24215509853421
0.391885444873448 0.0147704125055783 0.18491757738818 0.106459054145157 0.00160959808591204 0.505978642145071 0.609709609609802 0.402436250797496 0.104698955365893
0.493872957522963 0.035615176710987 0.516410550797695 0.200554845829828 0.0570598873734225 0.213297428658323 0.0253134868117998 0.192267757122973 0.601298321128017
0.175713393252787 0.422285801865146 0.523417109000304 0.38289075555576 0.153062169762672 0.12338501599697 0.129706796675393 0.00186204254037655 0.561025395146389
0.519757036228243 0.216763908268017 0.259217005040669 0.400117326301963 0.383769715849324 0.193439065763534 0.266855878962655 0.214578478255485 0.391950061130766
0.216447008489261 0.260666418967297 0.265362350445382 0.555147659975571 0.405225129984065 0.0398580508715369 0.361726777407882 0.371801274035021 0.267804200995297
0.547917440913318 0.17233913786904 0.0249088761116526 0.0468712367503347 0.338918193939467 0.305099465894769 0.209640870213692 0.564609280906095 0.310779944230947
0.0910956338104742 0.215858309358883 0.642418460310739 0.0663111077335078 0.0465808995215086 0.212269795575786 0.601865624704602 0.203865985531703 0.277446063321567
0.124356836350999 0.435794650137467 0.065152219629175 0.339595044785442 0.454838133957925 0.424331169718122 0.323971640380687 0.00073681386860086 0.427967238975827
0.148197069896304 0.106708262691404 0.44988007377922 0.507232509575438 0.519865624937447 0.16802363278752 0.153577283569959 0.263085775428522 0.340120212815215
0.354515989722502 0.390307624626509 0.278135213291166 0.330673567092036 0.355755861529758 0.0507512043006777 0.110525289745084 0.392700124766127 0.489598836730927
0.217598372719189 0.218991956601091 0.288771713445894 0.0117709130072906 0.430959641951489 0.166905351205544 0.763977267725751 0.0822271382083206 0.130994798151867
0.361796929941461 0.348406855033357 0.191894907728448 0.0811014881034757 0.516040765725802 0.349543260490993 0.238517050797953 0.0701184887938774 0.504012885776103
0.151575750728574 0.477349935376498 0.239928985337511 0.287707931081746 0.292777245908893 0.33292733251429 0.446318265898124 0.414810256978077 0.202468247261373
0.518790650807927 0.369196275418942 0.186408102693389 0.338045857096773 0.37678661966665 0.3166926409284 0.133544243637471 0.335732336297873 0.269656700970457
0.179020340572413 0.365810296969 0.421663295499787 0.0552755422832794 0.404510668914871 0.405634063546774 0.259411753981293 0.361205243288654 0.356858043608445
0.341764291813769 0.0707144459898424 0.422800109189295 0.439814821545146 0.157911420016889 0.0511249442059928 0.459539519059513 0.247739167722011 0.453760493096583
0.298164192716052 0.430110887148959 0.0386677617490406 0.572108256593088 0.52603335465299 0.119701055042541 0.0771474068096793 0.15236642593322 0.277656267644656
0.395908916624271 0.520620274788604 0.037491548563419 0.0800333610464625 0.0711946885513254 0.530237552240173 0.386717575258747 0.251828912661889 0.25536419947266
0.136766379382392 0.424516939341776 0.489979873694049 0.281306382258685 0.519226767954508 0.0235948031105243 0.0458295610035066 0.44418905713543 0.110947509764173
0.332979784141686 0.010770527666212 0.145490712994518 0.509070419809002 0.227031040397653 0.358411699059486 0.296774378072579 0.391029055540535 0.433252150728121
0.228380395335738 0.453548254475272 0.334879717080408 0.33714800290253 0.264927850124292 0.384332378454715 0.144078854190997 0.495783205733903 0.178508624169235
0.127647828067711 0.60560264257959 0.173235784272011 0.365679715224344 0.447559906268092 0.064019168033981 0.294324478111911 0.0369778187161889 0.401019449832542
0.401864550311785 0.242649400716792 0.387747236679698 0.439658271756339 0.331507085178914 0.0339048021509928 0.00754400700254057 0.43436980894932 0.369050552034455
0.667460382183324 0.357250008671673 0.280968989418219 0.406328432031326 0.121458884953805 0.306708988577936 0.147231928146384 0.216895262102309 0.0726583927099638
0.408769065981511 0.338829063621059 0.258083214646234 0.291727828467715 0.34850322125138 0.43928999542707 0.368110286694545 0.266288197702573 0.213414765296897
0.0557824433462859 0.171791055534222 0.578432212299867 0.341350876571153 0.114136644934177 0.220688520182398 0.453150338047641 0.386811879858578 0.315551344730455
0.0986940329745696 0.55761921665914 0.349668387192271 0.217472057922381 0.53084015540631 0.367078173739781 0.00187786908574071 0.277022245147909 0.128357754584612
0.199221741339937 0.34456513952998 0.0628702201618527 0.272406757283002 0.455407860341615 0.563739217075147 0.177657695073095 0.243808729522438 0.38369816140043
0.0296927417793501 0.140499857318503 0.478300421445532 0.49839573347514 0.0917449677503231 0.346772922976662 0.320831751695939 0.221308070662675 0.470775590514104
0.202538383066617 0.558454888969795 0.414491946896141 0.343753666727269 0.475683945447231 0.328621155424817 0.0614248380286977 0.134729541280089 0.0307252855302878
0.584393683736256 0.0871961939615141 0.128355865318262 0.353203900230418 0.0926340840469952 0.408660281157106 0.12169214858821 0.172661189666784 0.538003214210122
0.179692642418272 0.0550461804540861 0.583181683078413 0.0446854090641148 0.482500521173949 0.495402404332058 0.22680252718296 0.278938246048004 0.122908845982405
0.362880481402619 0.107843823740834 0.232070550836908 0.509370846447829 0.174855699812114 0.3572272776511 0.473896225419809 0.389055110371573 0.0961494206589669
0.629045662081982 0.677315618819408 0.24104176147491 0.215071562405117 0.0909390578743397 0.0521775065938382 0.1133102874164 0.0186949228129099 0.130411172734656
0.344878336308217 0.432069597467356 0.445827749576443 0.284740119613731 0.350787760317908 0.430704403617865 0.0424470861533959 0.322623158909773 0.00947017460909077
0.164040319047826 0.441914956610508 0.105933287674464 0.304056844700696 0.300841057641935 0.43030290867167 0.45651216899318 0.23679663134069 0.366043137316058
0.585465790764771 0.42648660573161 0.0370120517056512 0.100600719958636 0.201555385836369 0.269778775451261 0.0647207063907659 0.588132324068058 0.0188420926388067
0.494989153751214 0.152683367569238 0.0587999371111714 0.485879117197221 0.161674405625077 0.263525517595407 0.608735724963386 0.129368545975815 0.0962177863547135
0.128452542836608 0.318908854537743 0.353907429778999 0.0674005470822657 0.392349135204767 0.485870726256785 0.33479773546897 0.270930989113882 0.420121950235723
0.143084193989178 0.262564835841495 0.0801814471511653 0.528388068171726 0.162921789195257 0.137101274399958 0.525155099526568 0.539430254824505 0.113359861242979
0.468459493406288 0.186006671268749 0.369070496027625 0.295607502662236 0.478827575385069 0.0975647292349022 0.211989824468221 0.0368655873771611 0.487090252481209
0.484878353042225 0.142197350432305 0.521165641600331 0.380068036673952 0.351568958940392 0.10032847306628 0.389986454924659 0.0134319947087372 0.206570009658746
0.496616375623271 0.337217372541153 0.301181449112991 0.2089478333108 0.328565701395141 0.0824067578000028 0.109378742054437 0.295592087985136 0.539631792268539
0.470368852952718 0.417572892396634 0.212718142250279 0.107593022625939 0.522321629529956 0.138997769458431 0.381721167023583 0.244563913195818 0.223378453675624
0.330583042613089 0.360964403531946 0.279913081443297 0.496510449291596 0.055695183005896 0.0784851792289886 0.496329999868042 0.406586335051861 0.120945436094517
0.348586842592331 0.0744989779680167 0.500137477419565 0.248649209880843 0.283698534704123 0.102799039452753 0.26594867535618 0.204027986297131 0.597967031982043
0.51169895593654 0.256504075847192 0.228155127924935 0.00543369639539981 0.00498241772521475 0.433292957981351 0.57690056723919 0.252714747716523 0.18931172704122
0.192910609604368 0.394586496340507 0.293469242693398 0.218944610494681 0.521951381536627 0.214385756763139 0.325196575387471 0.456807052886307 0.20051449108426
0.096565941281417 0.379709556293679 0.469311449309091 0.283655058018493 0.262221014360714 0.308049409141641 0.227104530696284 0.211612899028484 0.534575960653603
0.138775493857627 0.389553026765371 0.124664302605996 0.291081059275038 0.0773739231582277 0.279987853070129 0.380799277356745 0.513258251744136 0.485693715997037
0.0533862862995313 0.279227332295757 0.407989980865334 0.218173033131629 0.4030927162472 0.458581916262965 0.0791489838805019 0.461295834010414 0.336581616435227
0.0716377397893174 0.439463099261418 0.164412908750911 0.280769444556849 0.229002744526704 0.122396915013557 0.564326000922816 0.442992849103079 0.33726454243684
0.209958021493319 0.581876332232558 0.342956610385437 0.000654958805801249 0.406228513346535 0.254508342233857 0.132078568035728 0.45620293061265 0.210608485735479
0.246938577776989 0.479812796731954 0.212504567226333 0.0560648719294517 0.215243887022464 0.381361181561498 0.250980839024139 0.503318077982707 0.390400828709716
0.39401854435815 0.135204048331904 0.0560224462404904 0.44017445314368 0.400099579004412 0.408485065388971 0.0786231180818492 0.0713131454133283 0.539787279548572
0.00927138111703919 0.28401011623196 0.0449363570948705 0.376429801125214 0.441971728419566 0.631738497950795 0.194562353522948 0.0375850268413256 0.376608472872834
0.226715138989454 0.355266188351149 0.378189320320277 0.344378952358097 0.355468446213694 0.3939633724541 0.30664491331565 0.346331989285895 0.255382559274885
0.117940844896868 0.514587067272625 0.424353080689366 0.229608353947089 0.168463183974559 0.492501318846948 0.286339814402697 0.0415956910336564 0.365836698217056
0.421254095041691 0.376188969612534 0.310697716476901 0.35319223465052 0.237223884139084 0.433923246606903 0.0563946738210645 0.455981380847712 0.0639146841030946
0.0353073018466044 0.095818160538103 0.346409061020136 0.237609123145241 0.301176000396292 0.333420265030222 0.51397110097553 0.490921969863247 0.325681150987841
0.42099523269817 0.301324592016445 0.45809488428287 0.114677163780531 0.612418416969975 0.108244281288767 0.291897007394695 0.133602355933847 0.138340648689638
0.443735887518735 0.576145414794295 0.220079980803794 0.119643783683488 0.396912250834624 0.030165815706001 0.230298973984005 0.324970083252821 0.302179758566856
0.580394893117834 0.307367480268998 0.249362935017819 0.00796915931478403 0.372128463847405 0.0805160438937424 0.590660353123934 0.0124194916126337 0.111468810888089
0.475035302836649 0.363327124417985 0.345780320973376 0.290452750994331 0.118870791271118 0.432984180701776 0.472167228863912 0.0872313263825315 0.0790649651712716
0.495226093037828 0.490504897922953 0.438684603969236 0.430431114376959 0.256277454034963 0.246211570111232 0.0695477343567585 0.0649619204840334 0.032950367740479
0.673281531114919 0.199019385403985 0.0308889509784116 0.466047840953656 0.228964053494095 0.114505933107078 0.426248342824458 0.0320289914866447 0.201690094395937
0.381460899202853 0.439077808370723 0.308885821676673 0.040695499035342 0.145888883444098 0.428683001721846 0.415790637812561 0.108057980440581 0.41835466077697
0.152726401983951 0.550233110039982 0.0925456464893854 0.123009952570871 0.0454127207044509 0.283002119268154 0.518583527677032 0.0179174030575059 0.546643944825891
0.332710059271079 0.459579250840725 0.413294784954999 0.244810267599166 0.466529641103363 0.328077971272802 0.157644309403828 0.0674031266159712 0.304411417716237
0.413265646786334 0.258871336647459 0.259475051560893 0.468820242394802 0.20678286203456 0.441328402855012 0.141105279142181 0.242497778479424 0.398536862310092
0.131314627353031 0.603697819237102 0.103586153469568 0.000245216504708686 0.245033842380367 0.313908946297843 0.329525712812184 0.58283153178395 0.0267406066915895
0.48783573891817 0.512255200471058 0.0183317591328552 0.358103459325386 0.434945953813762 0.203301066639916 0.325429467062711 0.18531236599756 0.0168060403005092
0.510364721239422 0.0464933362375172 0.469653746872619 0.145846879338001 0.129141327806341 0.354029604362341 0.474286507051478 0.181643100691357 0.309134140339087
0.0956371323387062 0.410553459127167 0.455995621229074 0.0715779122622498 0.376643820573636 0.285194696710211 0.253562627496444 0.560217970152729 0.0889338476619289
0.372686796770525 0.393086724437052 0.0552558033362454 0.20901779670438 0.520275990338996 0.0686402222350081 0.413552579441959 0.369185050850836 0.277711741696785
0.324172338908667 0.0316120677433229 0.315330395675803 0.297584236109344 0.359468670229999 0.468907985926943 0.468975906485103 0.364386183172352 0.0641499832284549
0.0538863685603565 0.207406836062337 0.520405242243561 0.427668990469213 0.0702243795880749 0.379026297114921 0.392407173735297 0.37840068666185 0.233652337921519
0.307819177130901 0.314692034042654 0.487044030172329 0.233924398989985 0.345547755042247 0.422729017831156 0.105256557487107 0.32714844541669 0.313170312078584
0.339506868565029 0.379040636935076 0.198328382484611 0.141875812304449 0.485944347114453 0.34295087376145 0.488723876617087 0.295207062462339 0.0429527731758932
0.241153183779584 0.272565315967343 0.0673321642762865 0.208172314974922 0.037352712770341 0.102962570486916 0.283613731243186 0.45012933867229 0.724316416533986
0.326943761129448 0.390144947584037 0.357987924808484 0.481798368766124 0.23676247980038 0.325464650474349 0.0949425532533335 0.409123024414073 0.20549994259172
0.356604543319109 0.28816994822496 0.00455181224768691 0.343476157804252 0.50397027679522 0.501146815384653 0.223000944039881 0.0254681188520588 0.341002161379827
0.409723247791002 0.289952561673111 0.426558473635234 0.200781614143078 0.270782199948079 0.250749840771915 0.301011260221176 0.355696028739553 0.415286717935912
0.121828351561149 0.0907285506799217 0.306097786385407 0.108500658445898 0.670303006481326 0.250404634535647 0.114235910545362 0.465631501136802 0.359981659991587
0.296535301612575 0.191535822455377 0.319915342822782 0.289624343130433 0.243907345977851 0.418522829002914 0.603285826820943 0.25744721844185 0.155781083452687
0.227684312279176 0.589305372382075 0.507833843110042 0.462448652925919 0.0244927768457682 0.0407731826143041 0.0318543589484952 0.0520535636819833 0.350910873311929
0.254730071718423 0.258456591823914 0.368138223288175 0.568148470693259 0.291317551689882 0.244212197227594 0.405322013232725 0.0270433379625979 0.316972482672748
0.425160003462771 0.183378828791093 0.620839822190967 0.116182914605166 0.141375465906534 0.0712477118427296 0.386328065345002 0.411778147913268 0.206873744509236
0.268047963858948 0.131403405589738 0.430091733923423 0.485176821196298 0.391185046441396 0.290511072769042 0.00289182313633914 0.461738656111123 0.199686287726411
0.691336984963603 0.159337426214843 0.362725835743187 0.169898440730217 0.248455703152324 0.250979050133619 0.161041862714202 0.418903833023731 0.10046702368035
0.0575212941621088 0.380318111621336 0.0497614540651475 0.547034242983661 0.392631533577881 0.485075248974166 0.22407251360374 0.309244106651179 0.122592178400828
0.336998446843493 0.271382571885137 0.40484058840233 0.380287221638221 0.418972724059968 0.275571888249385 0.0663322877995922 0.253373246692594 0.429177457351832
0.292486893277942 0.0234674983819435 0.247728070420708 0.0277924680544706 0.566359762393244 0.0811963610580922 0.341552729270546 0.432283126504076 0.469974337369476
0.207876794588771 0.417960652938857 0.597568381433915 0.131156648371331 0.435223441473619 0.143229667454043 0.171002558476642 0.306430290757049 0.273368824518685
0.112619294988174 0.217639155634636 0.269105111191849 0.500200221970463 0.346860362041324 0.54165649598037 0.244136155473542 0.125053368923274 0.35831214258032
0.0383485496799644 0.0683263302585902 0.342768966307464 0.283058360392484 0.544210004707728 0.462717825742727 0.303482385905645 0.360132219352799 0.253336164461868
0.079733606692045 0.409163607790651 0.180080688364569 0.281397903618295 0.315148972507466 0.48707843352246 0.38022814697012 0.0315272526641522 0.482164051809032
0.127902656596093 0.286440078999543 0.657919139356981 0.466231577458298 0.200545964604236 0.0896074832658205 0.212988381596127 0.137462092477358 0.372633132299645
0.415268207307345 0.26819626662521 0.0992046748764289 0.344212185027504 0.319963538480699 0.535215048364571 0.0799627883438836 0.214249306345634 0.431475209006267
0.396716498642689 0.486590740188088 0.230408111901707 0.400326563423447 0.283764569317286 0.393588758568552 0.10006268707346 0.37770788266261 0.066226793778389
0.19184234498974 0.597354512458331 0.154150895559897 0.561330849815621 0.321098157148815 0.213266191008747 0.050235385136109 0.189849496920182 0.283471972874739
0.221982242915296 0.180889690015151 0.400576988833478 0.662342421473688 0.235619252418776 0.0862539611761186 0.11266242634754 0.319944567972387 0.375273060311404
0.275534727661355 0.218868350262556 0.395592650080818 0.0655841480821298 0.0194140344704206 0.129804619497593 0.280326515142433 0.553471008419918 0.559681317892345
0.208602101600968 0.414494235018015 0.181361402091136 0.561282679830957 0.157024519306671 0.207959717922535 0.0690317309115483 0.52823630939784 0.291627442324963
0.585693182596375 0.00798073427744371 0.0161959091257762 0.0474709094591947 0.15073596915291 0.5233919194156 0.370678122989642 0.059830660845263 0.465555148695524
0.150359362689906 0.418151494047754 0.35510676273913 0.48178094067292 0.501921376978177 0.181995864480785 0.0977330440874137 0.373454590163873 0.101291955068166
0.359252794671233 0.0427859895778688 0.409652413809862 0.432886085751247 0.121018312369314 0.28013654276708 0.405995674068953 0.318124307424235 0.393374946304932
0.0772904087312673 0.401787601073493 0.655968204120001 0.123722410525929 0.457143897182101 0.255704580386236 0.0772110728622528 0.18411593176629 0.269751358467285
0.0616069626039935 0.616275783620391 0.180857366023804 0.565213619269189 0.0968515952621172 0.289418160064366 0.0183200057730431 0.382314587481343 0.156811189450644
0.0792848759852162 0.421539852493918 0.511920665810341 0.0287090581559942 0.0586207213274607 0.0149894593725275 0.489617110580438 0.524363957596449 0.186514168992405
0.481362919278545 0.351562241978827 0.341193282890844 0.234513256051395 0.356977746618711 0.0694234428805517 0.387042736378223 0.426407332621567 0.0969865315693587
0.247023195954847 0.318111940620275 0.110491410299668 0.478612621644778 0.404952425487796 0.224791314285994 0.359403517331559 0.394133486056546 0.312211860055161
0.219204329892166 0.361196600382474 0.519714011275008 0.324015520278074 0.222969133349651 0.300856872158995 0.515864299188262 0.0761711987339337 0.185066604460368
0.203745082682835 0.0963609237004595 0.593628997767957 0.0949723332121804 0.202388349050108 0.516735582023605 0.137889706883094 0.493112083195451 0.132806547960707
0.208256011260163 0.523512753624924 0.373240717440859 0.119656581505204 0.290541505815029 0.0557098919933596 0.125780407168679 0.484015110933289 0.437410794112718
0.242964638057353 0.486014254514839 0.154600383218059 0.419927312923811 0.389711971610774 0.185672894081745 0.339467350570446 0.450372901757357 0.00971726696939151
0.464923653643674 0.305713301934051 0.261693567276991 0.385723378035062 0.252912741753695 0.419325802687355 0.404344342156235 0.067951093634569 0.255359832169435
0.329552619227054 0.274455921708188 0.297882484781382 0.250423300208949 0.443869675949611 0.41135413449521 0.156358256907136 0.420276487658822 0.31194626203408
0.48966608816548 0.173951511476334 0.392950695178242 0.248350853452975 0.341408442731991 0.201717946522949 0.0696063410106313 0.428507012836747 0.410081017637554
0.255018406252705 0.300692723848064 0.348367208246819 0.645644674008035 0.419098777606164 0.330272614501684 0.0924974872607338 0.0984022333947066 0.058053177976419
0.197460130936509 0.501902765728164 0.0506779754402608 0.0241171637998155 0.46686741171906 0.144275024727722 0.250033371389565 0.583507986310803 0.253326855816999
0.370004493298221 0.234640244417284 0.0552757476337672 0.457400727469323 0.4567559826178 0.377036906564057 0.271159194796261 0.0860484299477239 0.405037404551006
0.394244617178116 0.100363463052985 0.152901872120579 0.465437433570421 0.00929653882563151 0.321192630528667 0.446575563672822 0.531013344885315 0.099153073514866
0.31148161310344 0.480559376409563 0.0241244568895319 0.170841009878939 0.332118612966432 0.473641814290115 0.549925164182394 0.0349942257586095 0.063179324200282
0.261486292494997 0.365618264201098 0.275565676276096 0.375922413851477 0.0563179528392093 0.416139226148582 0.452357828374399 0.345551481488941 0.283402720417482
0.180991299246908 0.279480722008955 0.410414059761004 0.266373719422995 0.328094215576634 0.400778027075248 0.352764554157305 0.313420906239222 0.398489247476927
0.273010365673729 0.528648231388689 0.437257116066848 0.420846415273402 0.0506434398890646 0.0279304230962009 0.29552095712859 0.20490467649891 0.38082472056484
0.177050131439814 0.462543062202702 0.19690816714265 0.0794893717299273 0.464404566954538 0.419599960321515 0.1313532898832 0.123994098627063 0.534089719328381
0.474851592852127 0.236289563566863 0.203811032873885 0.485617976164116 0.0788935931018298 0.0248228811832314 0.501282851552546 0.328929933375043 0.273860691277172
0.0588737836583698 0.0703851430707908 0.252264734217967 0.34475324303861 0.302782205460167 0.407485986520096 0.207283740434125 0.441268511856347 0.560072470988439
0.559396273195308 0.180468108052792 0.18724167197939 0.133114253473473 0.412719789473195 0.367825876923442 0.363552337601822 0.303729209805761 0.267718112733018
0.404202021321875 0.356832635377608 0.429008783043168 0.144107239706499 0.473492213708337 0.360771267379473 0.307941686919006 0.182671626266141 0.148080972547195
0.169638973728952 0.231654623757671 0.334751037429526 0.125670682608028 0.484357066282537 0.231627282033911 0.563900727692055 0.166416023223993 0.394684795044106
0.156500619005892 0.286721866382239 0.19939064682132 0.0972284154871719 0.021156878021955 0.524611163816278 0.518757365673894 0.267379255938234 0.477307841058347
0.175370400269895 0.124398998606821 0.458431107038259 0.464837514325395 0.417367351774118 0.185069563601461 0.333291203043457 0.143807528956188 0.432813165373981
0.0232345763244829 0.207264049051188 0.528383282453168 0.158695494242245 0.416535085381824 0.262344346119138 0.263063480302832 0.507746504339211 0.287738900277154
0.0738159849775857 0.460783518569154 0.140963425538117 0.119255209485513 0.37138875300124 0.115197760876616 0.450195533717873 0.559992878523121 0.284023035166184
0.342757799235671 0.187431851141271 0.396458610261124 0.271722284542263 0.267712146100035 0.384471764244728 0.362305487329337 0.247928257767385 0.451831766097038
0.527719648183516 0.0738259428743264 0.106985096856388 0.415178478856741 0.369053864152141 0.0697470336345108 0.177413410388339 0.514564446376679 0.308099386266208
0.248768397898317 0.444413600389525 0.311159585218415 0.0214330481088264 0.463853089487227 0.293786057493226 0.0340738934152106 0.374277137222529 0.447902702723674
0.393088347157516 0.332827138076926 0.191191325780647 0.403022939498923 0.0226455332297598 0.358455095097453 0.040908689282516 0.467275247904362 0.432091982259449
0.209900652621975 0.392929585983659 0.229981094784616 0.510066451723465 0.151997857270819 0.242038527810106 0.31291090136534 0.403886331193102 0.381792573366987
0.0860212319341022 0.0763160305627279 0.18767659859804 0.0246668528986249 0.00135952978142336 0.296748765562119 0.647704193143872 0.153699685587801 0.647872872169089
0.089981633906171 0.318309530910208 0.255260977762232 0.271725390819564 0.420705467900153 0.318127272459168 0.428733017070809 0.502192855225858 0.193343676744778
0.518806515136386 0.425664637149492 0.241074279763777 0.351409618044279 0.398647613125506 0.0295746087613225 0.129416893786074 0.121772149368103 0.420323830899187
0.254320531600188 0.398623274884167 0.416589145585191 0.377442810435679 0.143298482807742 0.189635714928652 0.29971308708876 0.231475956374149 0.510397637195875
0.397175998854053 0.464605028678781 0.462337663606294 0.411492252920554 0.10268513039766 0.35785574168426 0.309259507463834 0.0489756607915592 0.08164788846134
0.3156668733488 0.0441641477242093 0.248440476570548 0.462758441186849 0.460449901581435 0.376271683957903 0.213192640916621 0.47248404507858 0.0157841955136837
0.0119919933701581 0.169611514788488 0.26242459708066 0.392999276320977 0.499225827650816 0.224774798092276 0.503522092140412 0.340400468406193 0.280385293460139
0.150919794302957 0.346852665673684 0.28299364232552 0.470690194166395 0.0955687429932638 0.437043252253345 0.499846001603812 0.0845785019992563 0.313276309708061
0.558307387014486 0.164737013914712 0.0401769111783302 0.578991834730527 0.0958768295320189 0.166934155321376 0.464198253564436 0.235782341676103 0.127185451457918
0.398245161156078 0.493830182736763 0.196780179519651 0.116698177913902 0.216804512317303 0.0451785792168401 0.36172228150021 0.509257031331385 0.325515905876142
0.151105031308995 0.0500957694597255 0.256861775369801 0.178532397595488 0.46419805241093 0.633360584658053 0.244013432725667 0.234748852793119 0.381485063219107
0.430902136630433 0.165078851763189 0.331872106533374 0.197413418233228 0.458577641956602 0.0109693943350518 0.461464373791897 0.40404334133219 0.226598758350226
0.189272212786144 0.290946223856889 0.31018653102927 0.211643863300044 0.339112161182275 0.522831202200101 0.309539684387991 0.471281320743116 0.179574753341903
0.282679470439027 0.345852312243924 0.22627642984476 0.16678912098977 0.462290849460844 0.349781121643245 0.496732754877715 0.0542422251661607 0.368393200549897
0.0639710155059532 0.436273707461578 0.230058214744645 0.390470359202273 0.145735795575558 0.403734861985273 0.345114429220683 0.391214283077662 0.379190891677564
0.413911482621144 0.124362918992091 0.46532770926839 0.204807241234907 0.412873490353793 0.365840934929218 0.254418849880038 0.29087705288529 0.317950854822869
0.410728773363289 0.481389787146656 0.333548533751829 0.365811914015902 0.407135417577885 0.369159329160893 0.115765621173147 0.0934947031259022 0.174103330374146
0.576002187346005 0.137350844173368 0.0799440472282529 0.274074905965805 0.119063028912034 0.508844161734214 0.223667891453933 0.123543379608797 0.479019251087854
0.151832550495003 0.313942139733827 0.295785865255663 0.279864449476617 0.0388640496973918 0.0558875163523589 0.493160319414167 0.437971551233465 0.522411535253759
0.12444593653741 0.0967730938871944 0.318915894064106 0.314838338800499 0.487103453790675 0.0997786847348289 0.381400387036944 0.398016322673739 0.472449829235431
0.181191789397145 0.481166196252151 0.304481033160754 0.44009941768797 0.10178995357924 0.408262650071948 0.504519262977614 0.000439064380335341 0.132939702304948
0.130320118985352 0.295484987779255 0.276537700961888 0.16928052098581 0.438520620321386 0.439840530267131 0.351028232714253 0.430867993122229 0.309755096122453
0.368547950691111 0.489674173508262 0.00100755419427235 0.0451109845246635 0.448453922253531 0.0758910879250163 0.260044481082556 0.396615624365746 0.436529646767088
0.373217858040771 0.206846204660437 0.438536043103597 0.170177616091002 0.0814699045944012 0.471655901369929 0.188006298929562 0.376765222802609 0.436180879607603
0.445293510000473 0.453941778553523 0.398269643221835 0.26427192024722 0.173931828997985 0.122226319795106 0.461726406031735 0.225837652155087 0.240430284167322
0.375252023128724 0.492356619164789 0.162962576175666 0.369880914422494 0.306014324409085 0.253115991042677 0.47822364236848 0.117149272595165 0.230798420184738
0.0496925938045388 0.451833928240726 0.0899073697991628 0.385643293590518 0.238558193458352 0.0151336308449343 0.34691107037075 0.0989133598882891 0.670300291225622
0.00427229018574768 0.118381477094088 0.388356997407156 0.35245517373096 0.506729112405131 0.471826499373707 0.226002440805948 0.419699294440656 0.0655936476985236
0.0673770219374088 0.417599290398202 0.25572624131451 0.386383221639775 0.342655829899525 0.408211984259023 0.255276684902736 0.491537340345899 0.124732034562551
0.440210428537582 0.448228992750134 0.495889171652256 0.0275598411732088 0.38056643018416 0.328358347155448 0.181703519042237 0.0153254204353938 0.269701471972029
0.174925187954626 0.453070421979652 0.0409725536822317 0.499523752643573 0.40028708383159 0.180306527363621 0.5176936529503 0.0330466491657511 0.226023558766386
0.445810367260662 0.191386445884935 0.343559487913173 0.267856550333 0.358740174036249 0.344547585596514 0.311941313029538 0.414028648391888 0.242300300889698
0.184503432134988 0.527551478855442 0.180159997179504 0.0481198311985958 0.0364489860692167 0.477312913574818 0.0811806813719188 0.48389411042909 0.427755559593118
0.37959089600907 0.4924694593317 0.336406715577191 0.146211473917941 0.46880069559945 0.306192829458649 0.251839694379916 0.0588764286666123 0.313718828535296
0.0891924611187405 0.347967770301861 0.400055156428472 0.491824971036933 0.500561125745046 0.145276190667841 0.330163338703435 0.296643153601495 0.0188574230927468
0.232755250488109 0.226946989135431 0.478813279570291 0.101850089497223 0.274662094117117 0.0544560881243998 0.27334527095675 0.693898438087288 0.141658212102655
0.170525378534415 0.366882464107439 0.308994634948112 0.0668789375957717 0.289845506559357 0.339555773943044 0.444920993950994 0.422724430097163 0.400510549343548
0.182798924428811 0.181704337199161 0.470652319818711 0.0535423594624828 0.26373341180295 0.390938777614406 0.430418123738652 0.470381598594569 0.283338396233522
0.513045460847201 0.276495231011907 0.299728890977453 0.570522318841221 0.196123242976986 0.0581537921541233 0.374349298934018 0.224702709246394 0.111922843139557
0.193685579261531 0.311411623183832 0.280361761256764 0.0663855496513981 0.357177231870426 0.277185315189876 0.550791145367338 0.517695773954235 0.0819259717425088
0.243533735962666 0.450645283775689 0.483450001119952 0.0998484341008249 0.00821157525167807 0.254102443376392 0.466409458375571 0.279614275658375 0.365457421010177
0.371688669650822 0.00319700287579093 0.459834498443856 0.242543691851038 0.449872589492422 0.420341194026575 0.0924012730257982 0.35633285558499 0.27745078520618
0.417342302176361 0.16355111984187 0.481485355567815 0.518937590777486 0.00839730522933208 0.162182677868113 0.341213603778233 0.0686144784857263 0.387870671058813
0.328997384895321 0.487155772320532 0.501991920578986 0.0987935031016177 0.364106591584242 0.121220817919202 0.25589159353813 0.186573629248241 0.380953548531473
0.424227993307552 0.122186429768967 0.477285660034665 0.216472005396487 0.0875644268526262 0.467313406936937 0.340490350215991 0.0456136538135142 0.431712546171634
0.138584298879692 0.21842147538054 0.240222373480064 0.502026794547741 0.395446522322498 0.383495463216553 0.349467761082657 0.168093424392297 0.411726756900309
0.137673910621494 0.446790781288938 0.456268589059035 0.00744038781535072 0.201409965677827 0.581972795084653 0.418099454514967 0.0370597192108249 0.133223955090493
0.24921878238091 0.282908598339279 0.241754968680837 0.101170612931674 0.222816744583583 0.495447015391919 0.419998196675306 0.394901589631195 0.40213302309074
0.144788831049573 0.525736207193206 0.146681205637514 0.530088593067618 0.23263679851461 0.148356225521524 0.369215901831357 0.179745957727408 0.394169888630668
0.315134682221287 0.576716032761385 0.159456985253158 0.307478536896286 0.224647483666503 0.145542437479499 0.455208681924258 0.176832462621057 0.37146387692256
0.39298432196108 0.461891445315441 0.397117792834838 0.377746474600493 0.130465412586732 0.225926718116666 0.439889604774812 0.237209950497269 0.118275712358191
0.158478124233015 0.490057575728503 0.374827368093001 0.502815209926416 0.352606114939265 0.242320186142326 0.165158717144616 0.0409977762324617 0.359723784307265
0.0308591908823658 0.261694230681702 0.468250791024373 0.352601290966078 0.179102575057415 0.256771460651567 0.226731375787949 0.471208683653811 0.464244882109984
0.125929386984592 0.412098439122508 0.423596267584903 0.230006223165896 0.339210738654104 0.211006166149135 0.155385980992783 0.509377854980946 0.37253439539763
0.164651226965873 0.13726496058182 0.403125088234759 0.0435734125220978 0.482141851524709 0.0163792011677484 0.390130044392004 0.548805739007973 0.321747713409184
0.15454301014731 0.155473964264981 0.119133085432058 0.251878621639964 0.230844552129179 0.496472964208272 0.142423171454987 0.334710523179307 0.664995238204604
0.438912270994514 0.379184558620355 0.458090781859956 0.16106026115224 0.426736608830063 0.0691419707799747 0.391791297303568 0.220310437234727 0.197143759450665
0.183840954758274 0.156212196242627 0.221950311290899 0.482297708201324 0.0277662266413622 0.508011755433462 0.272780896663496 0.571520731488016 0.00591286517860438
0.259850033019572 0.447289909742042 0.322004932966618 0.119641653833841 0.350706925696596 0.273195586186984 0.473292481020542 0.412013150734501 0.151712259832202
0.431170368616822 0.439629619573485 0.114589155335951 0.281854705824633 0.312024865727199 0.400090580947231 0.119610760358092 0.346207719403642 0.369657479758665
0.395460358206762 0.366681613667549 0.18248659039532 0.431845480072402 0.39302719787557 0.211336779779074 0.267550306710389 0.43091199659265 0.181554115256226
0.461585928996282 0.0251124181299603 0.364489474179901 0.256849953573335 0.40678316512672 0.440392060969533 0.360327712683894 0.261933630389614 0.17210555806581
0.566594153079013 0.450704106863513 0.238878688031236 0.570892274863414 0.0848241387063614 0.0188302916596213 0.156394554669597 0.244480347963286 0.0328061731534927
0.492074013611844 0.423279977986278 0.211046417468865 0.143184943384999 0.216559208778452 0.607699483112225 0.207787212080261 0.136598504506753 0.188741827388834
0.205629125839646 0.329370684890839 0.653157137474348 0.0355342746275339 0.467934105351432 0.332198856152162 0.280430039001439 0.102565500234354 0.0536245097082616
0.13433053828303 0.300494914738457 0.45661194433034 0.145248902249996 0.309880551973474 0.397145103495402 0.203405852591841 0.401802127419465 0.45331812361936
0.204003508892296 0.172171894779764 0.107086101600192 0.266584626225479 0.58110252377181 0.554005930378538 0.36400812375015 0.169895343499187 0.200588023033539
0.272481648727546 0.515541210932361 0.490606336511542 0.303684458390009 0.431651335098905 0.119968840232103 0.164340111552331 0.308897593494917 0.0625411064254359
0.0482423494067685 0.370732003205053 0.147092739727435 0.529071269956048 0.535705902829637 0.279919197475062 0.392475881735652 0.046164989101524 0.192804770027445
0.47666716186085 0.520924087271105 0.0257024492083732 0.100537292756174 0.0973616604633639 0.564429390706459 0.13214898493944 0.361543854501505 0.120087493122559
0.148917808172983 0.420108987607606 0.379106714212775 0.32726869741954 0.481159731373879 0.153728197736865 0.359177063376685 0.362684479131585 0.186574338359599
0.247468269905408 0.389046626408696 0.0264098800247657 0.120224242953513 0.52651401815545 0.295478452930856 0.584796076926886 0.247909637661419 0.0654267530775249
0.415014316950152 0.248107067357683 0.374754217764975 0.245426571857666 0.375620104797458 0.444422324558026 0.472286145548225 0.0462432418415551 0.0416745433171934
0.500325651310713 0.327311470552554 0.265882889616535 0.0764301254958547 0.42468507730221 0.0533161949260822 0.0971562439102014 0.58740404319168 0.168295251263465
0.453842816722328 0.4589547067389 0.109043409527443 0.125306524515244 0.332444797761187 0.0615096091667995 0.592190316773208 0.0728006205701726 0.292408630875717
0.192485877176145 0.137895613766252 0.466873657833 0.343098378831066 0.44706493807861 0.1864350606489 0.25305415833393 0.385736198156197 0.400989481832637
0.136057489980434 0.405355460453464 0.193357037940754 0.149436008198318 0.184216688935116 0.530444995465336 0.237962166039296 0.217485381320637 0.581570013139072
0.165001622638224 0.545825949230239 0.371181405296242 0.110549255981047 0.227972186843811 0.309680488253655 0.369686971778246 0.427947372409429 0.239104559981466
0.277091581384344 0.25122263065175 0.468152525736625 0.42409756596452 0.428267606052607 0.277130967755811 0.429270199525883 0.0410229957747806 0.122112270051349
0.153723901569958 0.316231266759605 0.121497791169067 0.558827066508259 0.0833019829961838 0.5754139548543 0.429982629262393 0.0896217220549154 0.135498303107032
0.287628129866525 0.334937670026096 0.0129536182844322 0.537375579241266 0.524069070194174 0.229599939697977 0.236078926806943 0.11096402224812 0.347470445010982
0.279388300286122 0.418231095182384 0.0962810543365592 0.151645035996417 0.499080267417064 0.200973192733233 0.0163068467570275 0.361568214666555 0.542484880608175
0.566984675078109 0.251938972961497 0.356502472009057 0.190092473247137 0.357832148064663 0.473397256331725 5.26892803005641e-05 0.276547889065459 0.152310291780295
0.280087543258311 0.41703600815348 0.39768330526536 0.449827350725601 0.162808416228289 0.225207970773952 0.0862134237651237 0.45643131663752 0.306835081970251
0.438660167807267 0.164763563605768 0.258443369963632 0.2029849216309 0.544217182837713 0.089753981834863 0.295197187408026 0.119606154245398 0.516487405907979
0.00291465982459401 0.276677298487279 0.0427718452606906 0.115414485214334 0.34103047359439 0.605041720602824 0.197747219056048 0.619669327773886 0.0531030799239913
0.36905860109727 0.452503679117903 0.168591222089563 0.388165628389212 0.229380046986491 0.35729495139744 0.354027429172978 0.187044545631687 0.373288954036185
0.0324180293315816 0.0778051516644758 0.431372588545634 0.4761166481227 0.255518354101689 0.299643909662985 0.422054298957354 0.493091659668632 0.0614877141912398
0.0446973267661437 0.172969012096392 0.482926328265086 0.371190688480655 0.30436275077578 0.13248948448475 0.466343049093471 0.440672374548071 0.274272447397755
0.088569123298055 0.228085008602728 0.305200016767722 0.279812284477965 0.248435805653742 0.363079582026907 0.707352818498033 0.18410464323721 0.202240234757684
0.052594206568826 0.355054991575958 0.295570423952307 0.274054466099105 0.458594076982366 0.280160695033104 0.37672167492036 0.281572146565135 0.445759396903017
0.109503338985824 0.48691513860191 0.15265461369172 0.410049115611155 0.206870366941331 0.303987723574694 0.480007693512512 0.135341798214434 0.418987213741298
0.314137672243648 0.156310861360463 0.374849541012533 0.0804238513239151 0.359773327826408 0.439442644983813 0.368275868315596 0.450837702013949 0.261678865888197
0.404343087757297 0.251714016807174 0.397899527276038 0.228518338028941 0.461072433255883 0.280055915208432 0.339231851538218 0.308840357240557 0.24722932025436
0.528802400816925 0.0736995010975707 0.315948850583031 0.427751405171696 0.142677808022559 0.170922474904407 0.0669637964697046 0.361817454857808 0.497165961837834
0.0994573684200407 0.224692562955627 0.428919025969661 0.00977535656499027 0.302280330298152 0.280529411473965 0.573589765289573 0.432489838326528 0.263498705304058
0.377854441169651 0.307100641909358 0.415180835964586 0.545793577346037 0.0948057846988147 0.219489689034959 0.0676453719335834 0.0578853698721279 0.477031433564401
0.394035772908278 0.373133868525827 0.119144622416954 0.526785372241842 0.25923035511682 0.356064798808131 0.421380487366015 0.150742432897505 0.139790350867737
0.481717591821663 0.203953451663995 0.00375876239231014 0.121843295501927 0.0980225093545381 0.466214050079451 0.448271065839733 0.300309431082663 0.439766504673173
0.547441823105605 0.452690870415474 0.33560652468514 0.16047807557192 0.197021435487439 0.492510315655182 0.159541667604963 0.11217855856815 0.193835095464904
0.136024425401879 0.461314122271208 0.439103834862069 0.157666916258599 0.301819655548866 0.270760561715706 0.291211633166672 0.439524719006573 0.32958006894913
0.395418970471747 0.391081251373259 0.0260780748569725 0.0858751552692096 0.494980862926201 0.0311976497772646 0.0151614181557551 0.574822160087212 0.325599373451515
0.41287496468213 0.350170292969389 0.373717441426449 0.189038112350939 0.396210198722357 0.206085174289195 0.393995779897611 0.256010159835266 0.333597659409508
0.100495443115119 0.396160747146061 0.182313218198293 0.0773765052358477 0.508455982575831 0.285954032679062 0.283920869064364 0.0810199359140387 0.605193861760914
0.490389263804513 0.262922879485951 0.00629996752058348 0.171118652837763 0.476730868244107 0.00831280981783774 0.467270025984389 0.0868305489664952 0.455901745431173
0.344630001060091 0.459135873374793 0.398149334355436 0.381945495499066 0.0927864741496081 0.458255520171425 0.0372923888814084 0.266494128854158 0.273864681247995
0.201056480945806 0.418052742421693 0.399531186896966 0.196252115528082 0.13530928740675 0.131547499909702 0.457359923214001 0.0940013269236257 0.577096557825559
0.376673630313936 0.0638763936049197 0.189651055285031 0.290529682411775 0.322024231761169 0.280228007981515 0.520001951667424 0.470475632660098 0.244305281297046
0.472382273508851 0.435036338570851 0.51361934921743 0.294199072474885 0.106971398232932 0.0838715188774761 0.277468194536431 0.243889928613684 0.286866229599511
0.509308441122333 0.420252127535652 0.220038451920446 0.364328307416392 0.0369118061781804 0.379537704096347 0.148011693137348 0.43215156118623 0.169609085215727
0.324475661399603 0.102379004989526 0.0572820522046167 0.130972339667849 0.180141293251966 0.502878005163699 0.465522241726413 0.213708450204747 0.562209626732761
0.49676713151138 0.0696042965960405 0.326962505682814 0.30808590937293 0.234148888447341 0.217900931747061 0.404116226272622 0.167694409657153 0.50281049500219
0.310511622726975 0.303524497773374 0.526184187390082 0.106650234375467 0.125798019956856 0.384799162671222 0.572555055625801 0.124215437297718 0.126755811890075
0.025564300144546 0.0397719582072684 0.526445480151557 0.435250479737148 0.301082912225242 0.223654072640074 0.253949936468938 0.53861001078374 0.189508458976099
0.470997344223088 0.24342335322562 0.440572117131709 0.160581021246649 0.386643360561766 0.457413610756548 0.104951943716736 0.351556197010591 0.0754290948000166
0.577035713098811 0.00797954569475192 0.410573134898084 0.00531932578932727 0.365890769787125 0.16680191199338 0.130945156184669 0.557930529628486 0.090749519295396
0.383525025166791 0.262158951710422 0.117248061431552 0.525433617704953 0.202764379117928 0.310113044816897 0.143962998201074 0.561779890826955 0.1440422160051
0.591788329314836 0.410745888833184 0.0116671675075963 0.170880943603719 0.492634871659116 0.106154134959889 0.322090773375675 0.104567125754097 0.288276605334105
0.40618776528589 0.543599147534602 0.150910387839501 0.0882998859769852 0.422502185016098 0.00756700395196726 0.27724653397 0.433439319202804 0.256203066314079
0.228958033491873 0.304990682875009 0.34020126467003 0.37235698443543 0.0600108375524557 0.373722265794055 0.441562381418734 0.100746098549598 0.501772390917333
0.392415984823929 0.450743422193144 0.417360520656672 0.0165897581843683 0.34284349140901 0.326580105698665 0.298016307433465 0.380567962716078 0.102630985297034
0.343930682067438 0.412471400476107 0.397403438893309 0.20100824751122 0.347396592097842 0.200111878939172 0.304136741871981 0.327470917461233 0.390870445386932
0.321250557581557 0.533622137466549 0.12864034107907 0.480805212748961 0.357024356858059 0.177561612360985 0.17474410963987 0.21071905570476 0.361096887046367
0.211349623719417 0.0128627273045642 0.0226135852846131 0.240604644927964 0.511699603175377 0.445011412707642 0.256441086303623 0.445512486661418 0.415510372378237
0.576390392275584 0.149365184659773 0.13604814605654 0.0593786372444804 0.0815702120605639 0.125589401237695 0.633212883301455 0.419115643636974 0.156161330611943
0.480455638428282 0.250688739716209 0.0902518837916318 0.4521572838579 0.407500163320732 0.408914137010909 0.0238035466423837 0.365425054099112 0.162347435638463
0.289184258767013 0.434708223654981 0.223985747741687 0.469552661789941 0.332264677948989 0.37698642204907 0.117073419813319 0.240240323220406 0.364433437314617
0.467077835740301 0.0118021164232737 0.361840455874008 0.402506457114339 0.220244527202063 0.325278286927714 0.383013891472927 0.4053740288546 0.153028369402887
0.504126838248529 0.377657808680557 0.0672358685330715 0.360475590587679 0.405799254991593 0.232981830336737 0.036551179224245 0.474541306290443 0.15260533534545
0.463937080210917 0.471729102040389 0.176958851652649 0.409635636929337 0.158605491891075 0.0355069512368066 0.503483438820986 0.128169410318799 0.258416007863662
0.338715609337049 0.283852969235961 0.448079489494968 0.264271624932414 0.123975661162564 0.137976152712799 0.459703445488498 0.235603001215145 0.482536104289793
0.127548669324932 0.288631597286548 0.495331043484339 0.0507412640812282 0.518226641773346 0.307677167272942 0.0354639081341459 0.481625035309464 0.236751271505852
0.549447737940238 0.0722574811610808 0.0677796969561347 0.517019936387487 0.446257189539788 0.122841392801764 0.320562189028765 0.319512028908814 0.0435751889640913
0.526329356671245 0.100426782831124 0.310126999923816 0.103216212867606 0.0556673266566554 0.3852781206949 0.39713655461732 0.52841667156727 0.132588927022225
0.119774039544166 0.649158794375546 0.182687176575988 0.472614962345117 0.257578432525463 0.188557940718691 0.0745398061407202 0.38209017966329 0.232503113986476
0.489576152424757 0.0790633203136854 0.410190521734529 0.517255236029795 0.312801248783574 0.1180003938405 0.331911323614084 0.257306825773598 0.173534709833068
0.084402165663762 0.340961324999118 0.0711568829807287 0.326241621271079 0.602364685238251 0.475285216714947 0.118542704704608 0.400565263600559 0.043365854643686
0.291455541507639 0.307810313571974 0.375026969528495 0.317964775335406 0.0677379162947092 0.441538277059266 0.0189310714340997 0.328786279751101 0.520150337234114
0.0998436891435317 0.497559745515522 0.139981604174761 0.272187997752733 0.0129258040040899 0.336378019465973 0.398453156624775 0.00770792653333587 0.613712313065384
0.161453143663618 0.358621933544978 0.397554815153364 0.342719173468079 0.0993709965077756 0.293163966709884 0.129124314236508 0.538331189509356 0.409296547527216
0.430230388907774 0.384001524866898 0.226481526904182 0.25449956771233 0.395593931975176 0.22586885171433 0.363455957261876 0.279558339679747 0.365535680914432
0.166676885308014 0.470491973303959 0.0971630248868517 0.704843157479903 0.00860021735856531 0.367096450367315 0.268656121343319 0.00292363113231964 0.193889561720152
0.241180521746101 0.382880625146188 0.538482933711238 0.0721854799021087 0.168218884268653 0.531027563422266 0.145416547505523 0.287930485208866 0.292783139321861
0.05614412747583 0.448675760826479 0.511543531681331 0.0786725908337003 0.211573034150348 0.192261238525176 0.448382552975597 0.415648966857155 0.268576296724243
0.240440165618967 0.261599921761377 0.0696978387677556 0.407016894381827 0.162112524599192 0.171897859299252 0.492898017828923 0.299234477747051 0.561172338354824
0.0547646996913674 0.344290060295013 0.458423082901551 0.370906396070672 0.536781413500014 0.361086275822854 0.326185885200521 0.0420690075290479 0.0636968358826159
0.231853757782368 0.339280045984521 0.264592402108484 0.263613566299742 0.0524565556359555 0.496630900706918 0.535212646845028 0.127738775621323 0.373454039878915
0.356041347376538 0.208851170051565 0.100004385835463 0.0572084708285628 0.589528413309048 0.358816453330439 0.559500534710445 0.0724601753500433 0.147505046602375
0.296744313596707 0.14647290408379 0.0322403323249359 0.476190620012688 0.431798323401899 0.528001113538532 0.330910454551877 0.288507509084126 0.0686897035989505
0.219736967170501 0.613585840035794 0.342099976434259 0.461242169895192 0.116322429232878 0.198172659931711 0.207806484034095 0.156232603354949 0.35363240399546
0.0262741111633717 0.422788995665427 0.420257461315571 0.389680111580521 0.15022762402861 0.303769887750256 0.34367652252508 0.493928672391174 0.123161048241136
0.445354004181235 0.369210070890295 0.330880074764783 0.00368714855468754 0.297153264119453 0.268162539001057 0.260668456914786 0.426048506926332 0.382324379535598
0.0682874950678991 0.201741969856049 0.425418190178321 0.337243634375721 0.0112219577553494 0.521913141543688 0.523263383256265 0.335087309669286 0.0362733668736782
0.393964812022115 0.185731325271027 0.281389314873317 0.413554329917617 0.0649454200824328 0.0386441237838739 0.576004705788187 0.233808865421741 0.409791640776529
0.174916954453787 0.299252084266675 0.0935836766776925 0.403255252998458 0.352459251370621 0.455565270570765 0.37827570976512 0.399480051100795 0.272094619650127
0.00590131849919277 0.536681339631803 0.217220434320964 0.361872245936582 0.0688223870958319 0.152318362241563 0.555421812166739 0.135950520245826 0.422952404932275
0.149030562698748 0.28509708278437 0.0930827284431078 0.293517461448906 0.0912569900498114 0.372283019963031 0.51446312122465 0.408573188453845 0.472404288348886
0.00932718988867441 0.132615324379388 0.387772951914504 0.395000125730985 0.441493325414521 0.191958797606075 0.479723541012067 0.12019277793641 0.446752394141744
0.413153913871182 0.282512165913216 0.428634780635425 0.331969719669444 0.0603844301878743 0.439003269893734 0.395711600583115 0.268668583359685 0.174408774748015
0.200948018762528 0.363051317808344 0.417230902887572 0.444901822051625 0.456737962187762 0.0137962208754978 0.247513908451968 0.135488174412494 0.409114036311554
0.371740419650038 0.16829694853694 0.141546658926339 0.379757062470785 0.264685698835418 0.408485052871574 0.0466383567042147 0.493681088970984 0.431763364414799
0.121699445934533 0.281805772159028 0.401529244203308 0.308954430337959 0.445797228300244 0.396825691650774 0.26019110254899 0.115336155030269 0.460313524506969
0.164482559133761 0.0112769753169141 0.356738111535782 0.0730151394882401 0.432209735762741 0.498130618013474 0.52054092889559 0.00614853637528624 0.366449171518072
0.365922819444032 0.464566386955211 0.400592330850905 0.287210345840923 0.349849050902514 0.188131639170984 0.148702367599427 0.436674007090533 0.191651009269867
0.032452977121896 0.247265703299863 0.194441074874412 0.0452128123415984 0.428871401595137 0.109550222944433 0.437918420400072 0.671683060797645 0.243089157939751
0.234786696533499 0.313289410979796 0.436841660033037 0.112174370189675 0.306040605120613 0.512641576428722 0.259572819170098 0.107500542359673 0.45597650587009
0.0814047869643358 0.33898378892181 0.530172556946237 0.392080194281876 0.372229762020957 0.273241479169768 0.00433633989892571 0.479298166790719 0.0263057867161618
0.333000841678374 0.0251091087974257 0.650911189656484 0.354739585948425 0.0917491217320507 0.126326720203575 0.41121604866049 0.370771745572178 0.0894860540611395
0.504847420001081 0.0372869653403715 0.276928846446532 0.426196568193852 0.194970722362041 0.494835654647062 0.269482841233881 0.329486979941063 0.146106415468328
0.132580275429484 0.200397466832146 0.0186003621550793 0.524538786040303 0.54839631764408 0.497166846966171 0.0779675713098482 0.048114973952358 0.332368810960209
0.409064314243792 0.17558993450067 0.136636451329497 0.395255762293666 0.481819436413856 0.314371765983373 0.34408695859728 0.342293973993165 0.245758719059185
0.0235937662476648 0.450366157495768 0.0927323339446022 0.657976676664471 0.456909456930712 0.235346129648404 0.25167923644153 0.00878224489443638 0.165853691937001
0.51993131239791 0.293018531059978 0.257860351792458 0.255874077694669 0.115492883982481 0.0702770309865497 0.500359056396783 0.463304760486168 0.168997374058627
0.288428833922409 0.36085049539309 0.375179370552753 0.421511176724611 0.435044285376675 0.331072809573739 0.236004901380833 0.0390462399978765 0.334766840850308
0.507968924368885 0.246254792867641 0.298271446921356 0.225911433447022 0.409068384805445 0.178141558516302 0.239783627818098 0.149536265432275 0.512245718271606
0.253773496219097 0.336123466238207 0.0760884438264292 0.21615082237924 0.330426344539585 0.254001151481485 0.441653413666557 0.413864976297743 0.479655384867753
0.393178904506315 0.107300311675912 0.489269908990791 0.390241603706324 0.116625825319802 0.045632245468982 0.0619956309022349 0.503936022708234 0.410785322116429
0.0427230764474722 0.131532781676036 0.40305294434359 0.716488214464198 0.113586684088046 0.222993417090447 0.127956617601786 0.384894952849606 0.279144781588901
0.612805693536168 0.145451498232022 0.0287992254416384 0.520944587774326 0.0754712126365522 0.403998152354758 0.0713072819412206 0.24004939667983 0.315406931387423
0.364545233336945 0.0423854711887944 0.267045726856478 0.40748230377807 0.319307794375842 0.323657785000717 0.443971333273288 0.316202985097833 0.352346838590685
0.0257463870947496 0.279151402816412 0.1879298554805 0.360435454566566 0.350130369695577 0.280633636781234 0.55427691047354 0.157779285647681 0.471928553944196
0.200577099246857 0.382139617831546 0.152041468287988 0.360255509722607 0.365888121070307 0.260224189755699 0.182867786880878 0.483554638685765 0.438156407266872
0.346007566436287 0.513227567795746 0.439446405249435 0.0824027263350873 0.243867519651561 0.50531850344483 0.261034974961644 0.176907105324816 0.052147253972147
0.150075937635855 0.0788666651785752 0.204612480362135 0.168069535148933 0.200940626755241 0.261605661129282 0.444902729195187 0.508022709907934 0.579916767008854
0.460475705190856 0.368822028265656 0.308926671762587 0.18957020873729 0.168702378349266 0.140498168148193 0.251160886823437 0.338588058673577 0.542803824201718
0.0267387747695092 0.345168925409164 0.543592018258625 0.363198662533998 0.243910259069334 0.0958544288135834 0.294553349569178 0.473144192173889 0.270980648279513
0.198409076329232 0.303485123623303 0.361897153496346 0.506154612349847 0.321382054893264 0.16586721307981 0.33200024244518 0.406494869138086 0.274058350823725
0.0215614339267438 0.511005638837783 0.496412464272709 0.441634539665675 0.223913953669508 0.378550812874411 0.0860363359280609 0.307282490751825 0.0409754015677275
0.469448407288439 0.191432568607439 0.56190301622641 0.280598230257307 0.140763440669709 0.155613869413193 0.139919231207466 0.0259997570341134 0.533120996484281
0.370136805884214 0.132391804816429 0.432935690912868 0.502996721814186 0.249256313857207 0.528528413500285 0.0812205670410119 0.195929452966114 0.136293856796207
0.0938654776302389 0.167919008223277 0.668910415336646 0.441175610104154 0.129474325039969 0.250878174316864 0.0592777107115538 0.456571676201257 0.170998287711882
0.363720099358771 0.399445639723292 0.204655133687297 0.0840539890196399 0.15319967847757 0.236956581730702 0.51888936705721 0.547907032014077 0.100673826425639
0.379793037180624 0.271184794515297 0.521888269170041 0.135112641566348 0.0597435933973923 0.473299876102608 0.00117207253634362 0.142918553793711 0.493542407783953
0.369585839272728 0.44153067042442 0.333363784249342 0.142496556775526 0.219405982486478 0.140111251249151 0.113528764789194 0.427770887853054 0.522851252590163
0.405491675404461 0.391517870069838 0.35737227810387 0.188659633533912 0.167449078594068 0.315787491010364 0.490530370840586 0.386569839747535 0.0341414263219951
0.163636797959799 0.321760778615535 0.267498194103674 0.174863505484322 0.0298145960874848 0.541214125051464 0.484087707550412 0.303456473109122 0.383838626679069
0.522354877600447 0.5128037304663 0.195358695611774 0.243429005131478 0.0189769369166622 0.162910073309208 0.395554065067711 0.409841645400353 0.124185371763437
0.439899497788385 0.12451131672096 0.175984445412755 0.521444478678309 0.43621879501039 0.0847985604855991 0.13906702203382 0.241387103171524 0.461546846275619
0.449793748555776 0.256033620691929 0.410789694828579 0.126010764014295 0.220857384203544 0.400126023049116 0.251975666929333 0.0106594389943752 0.524424736228386
0.10099220521532 0.477429067804672 0.377493717577881 0.386508156909321 0.139901836096689 0.132232853003574 0.516642016370466 0.296824940108755 0.279087671218389
0.394682347851851 0.143943697402461 0.483925503084245 0.211888190130644 0.465069634248836 0.0284064558623381 0.387679064468678 0.126101748968238 0.401412704164823
0.171924838868711 0.147607449856866 0.422143809552102 0.287484117263366 0.292753535666997 0.113856330784356 0.448262219239234 0.41787091590068 0.462145389078698
0.363796914782507 0.111711908845852 0.106178389244218 0.339700625743532 0.313475134460205 0.37016118470862 0.372267251174743 0.398699783770766 0.442347716483215
0.369479025035558 0.24569062069203 4.70884975312076e-05 0.455694653077255 0.374923291966388 0.00977469670911531 0.370228919775253 0.552785495714943 0.110270000620199
0.0816975304157656 0.389524863143889 0.610450864229653 0.137994787864063 0.607633819899893 0.152041436540428 0.0894665344102781 0.16766039445165 0.146469618835585
0.298761322014251 0.587820524138546 0.289351008699123 0.136986665975437 0.172080409597155 0.197104628815663 0.592360516231451 0.208056394329547 0.00888844758253709
0.067048829836481 0.30519775658843 0.280649264309663 0.450308884690256 0.538022424162594 0.164144991481161 0.390785078894472 0.233273832433406 0.311889911166647
0.144867231385153 0.130736120061145 0.152163745345707 0.557426937039188 0.338830955873173 0.567658814855494 0.216718709450641 0.330316353283008 0.186879955143472
0.184312012113642 0.258697692003213 0.213355024513848 0.0456951994315143 0.0863396574689251 0.401404164669347 0.311520401548295 0.503274357509957 0.57670294713381
0.243924598030517 0.37381202103902 0.466824103060416 0.415222650478005 0.239143901790379 0.431431634305234 0.135458770169789 0.112584803809882 0.368894691513173
0.136356726298413 0.234959942000569 0.491505101622334 0.141177960472955 0.0439617923974202 0.0902988973684918 0.60546948129713 0.00712085290165065 0.536620590379426
0.416483693287996 0.396998081380706 0.553451253318814 0.0310878186858306 0.192566742538886 0.238989682180223 0.13961609682032 0.469015166107455 0.167311730860791
0.196970729692592 0.0977621614131396 0.176236063144511 0.560703971151795 0.49699604064934 0.0314207973743597 0.470221871237863 0.333649857164099 0.160542305693261
0.335795396328123 0.370245905468115 0.0975952378082993 0.555221452162655 0.151527431913053 0.333332159478197 0.219020441608189 0.270616783275089 0.420819963294877
0.523056285655792 0.18827983875967 0.429097338161497 0.127433517381398 0.352812148650439 0.385572503763706 0.259356205195875 0.0249050705541032 0.386743488343709
0.359851887007157 0.320217982225326 0.24834397334258 0.327103513786048 0.276682756445908 0.415835342854911 0.465642910503281 0.170106002276948 0.322589326010318
0.43792880366361 0.463326637540457 0.299968185828781 0.122465917954138 0.419003773110739 0.237346712097473 0.429494373506994 0.191668096976108 0.188330232305725
0.218291073603236 0.109889506455437 0.374381136234538 0.553358718044045 0.0874872443199039 0.251152762408153 0.497195552676977 0.00535586270611338 0.419454844651348
0.596006803980753 0.214426044938709 0.0872593894128849 0.433216383746821 0.183701004763399 0.358226547975447 0.0882286524028739 0.469005588160133 0.116978070669085
0.168619740580324 0.122339091520772 0.36382256766378 0.476084477242593 0.50558848365705 0.309439796591263 0.0508101130129081 0.476511484468156 0.128684399303761
0.457544991492973 0.492856560020134 0.257774309091903 0.145321210407503 0.0691492754991349 0.185174128697957 0.29397531860443 0.373114490414266 0.442122327230743
0.534509890667975 0.143089884522248 0.310145718452932 0.219980272919355 0.452756407148577 0.162767506121657 0.547027577366938 0.118712548459359 0.0665530596768571
0.0225609587069524 0.178520701055994 0.450588800440107 0.42575812111659 0.209800412136399 0.419409509953522 0.464011414566676 0.0562511316468341 0.380696447351616
0.283935198743488 0.411890826435946 0.286307030543899 0.309650626544813 0.0880306811892084 0.317976477008891 0.409849758479136 0.455481918748944 0.295926477625275
0.544759608725658 0.259815039108516 0.338741052445584 0.248544935225579 0.352471639825475 0.475825037861271 0.130869325555236 0.302219995460767 0.0101783668312019
0.32074159920833 0.508327846572267 0.445054829228935 0.292729837342715 0.264036221018023 0.0997403031760576 0.360644210436145 0.157798379286217 0.346893700046858
0.433458997446648 0.534644057182749 0.380081097132131 0.464648713624931 0.231263412413906 0.00676982358162086 0.18599795217542 0.149550064068639 0.235414328094564
0.02516437847611 0.33394136321677 0.301462716697536 0.0447780317336672 0.373241706886885 0.460062486031815 0.103384901693508 0.468112759436272 0.46279609121665
0.158109180109858 0.435902844826468 0.110230081993814 0.261944072180967 0.435949032714071 0.596390721160552 0.174587244458164 0.110385328724235 0.340331824803795
0.244972315425746 0.434125954496049 0.126817149811208 0.0870436954181602 0.240045102718921 0.352071627604976 0.0765446611239706 0.583953899950129 0.44657216795525
0.414593805195176 0.107781761759623 0.294063304130369 0.306741056503511 0.421063751683347 0.414469874959835 0.349596158180894 0.281937884308986 0.291796780808958
0.352395879152187 0.351707963401751 0.435673602265012 0.11853406737114 0.45109059879577 0.427661203097553 0.155283618440224 0.365374240484838 0.0653350539580251
0.31035983551736 0.333672560655814 0.0348158002098871 0.294845178361378 0.250345769754036 0.379239641193557 0.224792473088997 0.0131730852793745 0.668575111409495
0.242205560428549 0.212792954719459 0.458171635592957 0.290339516129522 0.289971314858996 0.449400115644688 0.291856926740823 0.226844329299464 0.4232667005879
0.351860000977482 0.500310095987726 0.306341121829314 0.000310598799384907 0.436977577464593 0.322725409386996 0.293845475641978 0.112858275800089 0.371289807464417
0.35984576669074 0.0195705278397154 0.214394578857692 0.446885517016157 0.467324886352089 0.386870508614937 0.122433097859417 0.239047752419995 0.429256667559149
0.0931857429134592 0.0753932138014485 0.482293323228493 0.513159995907796 0.213248448734602 0.363915491056496 0.25207913988934 0.332232280206012 0.371295951099178
0.0561745353691082 0.351044602894566 0.597725774292955 0.586489010887539 0.123479879168575 0.229163184653926 0.04754710400407 0.22542151000351 0.226997835181424
0.25780692261189 0.41595641831386 0.438950669023525 0.310767803692404 0.102744579772068 0.43775053071729 0.362121071597161 0.154615610755247 0.337700899716285
0.292155818688663 0.331846912422905 0.337103705677366 0.12765351995514 0.244527978965264 0.46660537775355 0.0808909674542422 0.466746744301616 0.415545294530187
0.449010621877729 0.318241639326509 0.388204121110261 0.122900385946804 0.378182409295123 0.231522626593885 0.0423324030444709 0.379466906979007 0.434618164325835
0.262786553180708 0.18910094176158 0.0650407242359977 0.0876842916971743 0.492416829456702 0.218080540191755 0.139811760276368 0.389441054039508 0.649630750232168
0.107549832634204 0.0864589876797355 0.432110839423418 0.474431563487271 0.103695758527219 0.492653229013532 0.23034414839825 0.420118213080926 0.293487711688143
0.175519093654204 0.214068718427379 0.287277711892552 0.273437414257158 0.335003683133472 0.237541411642437 0.453329182846803 0.50898072054332 0.364484590105515
0.0558223339470941 0.163180170993576 0.0435516775914294 0.155472026911414 0.768155635936479 0.0809696105534854 0.0582690647376284 0.127111738567188 0.572726777978038
0.603828211917565 0.0328321466442887 0.286458754358486 0.196230400858217 0.143157119229354 0.294477087804946 0.259394934936679 0.247689781978795 0.527163993529467
0.155739426746204 0.631974559093264 0.051607262712631 0.183967580141126 0.101546310536107 0.632941224808225 0.0221625452340498 0.235168381901748 0.270415262152855
0.403925054347003 0.123281814354999 0.397058831509453 0.296229314305008 0.414131078593688 0.339454385238988 0.392414967755066 0.0459202639984476 0.365248702814665
0.271549456694755 0.454240159835558 0.220026496335902 0.424350831297317 0.269457759137958 0.443199575815464 0.0806548430322457 0.451623295593007 0.109267240558508
0.4335673353047 0.222535990158228 0.442860124569565 0.106575452118269 0.444802543004932 0.336226178771394 0.273145381677447 0.367510132307121 0.185591593231244
0.120789141887015 0.0543699826320402 0.251686870507294 0.148202599599255 0.101339446778813 0.22878756169027 0.658543747274367 0.626731099929848 0.0897687380216517
