0.00280287658187336 0.197299376495108 0.370400600592876 0.158724909397481 0.0299065861822528 0.188638749250587 0.475414547027472 0.30894569483082 0.330405626184534 0.575813863001383
0.156327618099032 0.507801899019466 0.208482453891545 0.0953890270294465 0.493170640100064 0.532767859636418 0.180682109655527 0.0858055071717289 0.226604586453749 0.216142976251187
0.255056606337753 0.0124969032304778 0.65217456727207 0.0812966105182577 0.335532823074767 0.231671213269393 0.04983473940947 0.0565455444706915 0.49450128367557 0.293909686924963
0.309958838365813 0.320913668932747 0.494328110098259 0.0735742955931922 0.126869326296701 0.286631498372006 0.326656228044425 0.256948902695815 0.367671953993824 0.380793041849896
0.345752104609118 0.613497491335662 0.224044661744202 0.193564804700486 0.456032341079712 0.0479816376560145 0.230818021601031 0.306604892110493 0.229607185548781 0.0783725329951442
0.474350096200142 0.208882481966026 0.357362824308823 0.379895565107041 0.36595115511688 0.0717508344477584 0.304760109579591 0.0387354216219805 0.47450375916661 0.0270159482321562
0.220879422562417 0.447379186823942 0.436195445271474 0.0308253548087757 0.383257618883615 0.286984172088389 0.24289819265312 0.250176236923671 0.457179276649707 0.000764810819451958
0.46952718663106 0.336363621752318 0.514011299807324 0.145278959366964 0.364121876513717 0.257458633754331 0.219460282436835 0.230843178835603 0.28321114865085 0.023675093638453
0.0550955969654871 0.408105758117263 0.441652928621559 0.0894594710629681 0.26113196650434 0.00726904709030352 0.521014281650679 0.532731399973608 0.012525081524023 0.0607915472632677
0.430943568419466 0.242526063550397 0.146738657017591 0.28066684589407 0.39904626870969 0.267026765527113 0.334431439899976 0.194599491817467 0.330203763334858 0.407275759014093
0.421133756643157 0.204259888571213 0.586461276167721 0.277783847409402 0.233889573845643 0.134721061420919 0.119967573417972 0.502814063766638 0.0811686173491126 0.114747198793246
0.174772844860349 0.350398343476159 0.167736245349559 0.219004376998558 0.443972400353332 0.422444509806163 0.520547472736103 0.329209222983906 0.12428992160901 0.014486677191004
0.37648067656938 0.0908883811573385 0.428518600478301 0.467650800590285 0.221278879867993 0.159537132869705 0.412136114076526 0.149817246663244 0.399824670612208 0.14525339754343
0.432931012919379 0.493703957331687 0.153469543352012 0.22085128843882 0.571323733553679 0.267420512889616 0.14787655153543 0.11414737238079 0.166958405775625 0.189214699786833
0.0666468801757499 0.471946586579312 0.168820968144556 0.0417841225814501 0.132137743268946 0.284609444678196 0.233994125208556 0.467641156094181 0.524264491389788 0.309548870067643
0.128686200820194 0.504755971648399 0.391606671349493 0.154675849806276 0.472810358268029 0.0455040527606137 0.0310849874713685 0.0789708948262427 0.40341629327662 0.394731844655379
0.173193853187162 0.0309269446315793 0.491419766494537 0.435341833873492 0.142780187497586 0.315271575362141 0.414001831730318 0.277335566504521 0.137418054308071 0.388655260024392
0.0812495655014343 0.119704744118497 0.354976633930756 0.153968167424978 0.470637946067373 0.253234539264392 0.411692532235868 0.208067351512279 0.294790507094112 0.494006740877545
0.0440657688285729 0.709377907769314 0.136326030287395 0.228686450961365 0.307315589977155 0.129384909055232 0.30803787490314 0.249542671680451 0.107199720810922 0.379637891363225
0.374015000639232 0.250159316669824 0.427448987804639 0.342230812506399 0.241652449266102 0.00154159362515822 0.250993040027652 0.34802883779414 0.487335280563532 0.132977414880544
0.0484337165237874 0.551468889788524 0.0907737553588278 0.224295930873683 0.424553407618757 0.568403191268202 0.0988986908800152 0.244290807343112 0.243032879711304 0.0559998699569526
0.154109676478904 0.331081450372391 0.31390385074171 0.46892320810159 0.442178654543295 0.0264875323792614 0.0844913754184049 0.250069086707046 0.479865042309285 0.228130065633134
0.404605722413545 0.254117983760298 0.403997431284565 0.202877744694916 0.12152082837386 0.12571081416081 0.169567396482149 0.316982607351065 0.42402222677269 0.477230040239573
0.163975807084794 0.0429510163898449 0.0596468618334325 0.432125647460217 0.595303494366978 0.208778272366455 0.0369494459328212 0.4868407760656 0.310392097298287 0.219726528404054
0.0259924714051581 0.605496296217623 0.235159339610489 0.0435753632228273 0.422511288178518 0.313416215294403 0.159582559579615 0.438374182809911 0.270705291706344 0.0885127918956105
0.400073110596933 0.0331470653126011 0.022413333850412 0.360204314880952 0.205918416330418 0.380620995529048 0.425115565492095 0.337517126732979 0.2939426219768 0.374533330889807
0.336053467363686 0.315981919096583 0.164033779054191 0.378826602200665 0.306107883919757 0.441613347318363 0.422156181487861 0.159897466006273 0.295787722833 0.191856757403155
0.462769154326965 0.179667085876521 0.104612849771522 0.467466855491452 0.185270864124898 0.326023722667747 0.185132781874143 0.315757616264585 0.335483041339498 0.370071192772533
0.266355715386536 0.0320657687055079 0.250422289867885 0.24584754666065 0.0556107982550014 0.338831973160791 0.107100048777652 0.514073878562018 0.62512261966337 0.143016608459142
0.114757457514134 0.113962870133946 0.42386013457527 0.127065799236028 0.309999598998139 0.345055993367173 0.474069079513422 0.49560677966562 0.271782386470403 0.136540951452952
0.092265642585811 0.0641227604623914 0.076841640460584 0.0763747151454439 0.482289623910689 0.355972860304753 0.5100326758636 0.250344923448899 0.175647238243666 0.512503430147918
0.234433449237352 0.47071301559424 0.261192999358206 0.184229273464706 0.0784171645985087 0.321034701611384 0.306322764450166 0.555314427075308 0.328837642486635 0.0418751873651683
0.258347741773004 0.289341429747952 0.345551530485 0.155682985241059 0.424725979432724 0.354044662662995 0.396713689473653 0.322848347745462 0.366306977172438 0.0660419555274065
0.0602550605543754 0.332452630175258 0.0490644922161423 0.377186357523725 0.359640105220125 0.367161955185905 0.328784651727408 0.420466492166691 0.396278565331498 0.187325058287336
0.223895920415316 0.518113913463501 0.0509815341434801 0.526680877572972 0.385604686276893 0.186272199294228 0.018147628297708 0.178056948649238 0.130093865585387 0.411206021752585
0.445344914967798 0.441093558844993 0.0255826317367919 0.0103541532368017 0.436499163655505 0.136480909247076 0.198454796665091 0.0454922152736428 0.423094993691011 0.420381873306646
0.430198809916939 0.0978978433310487 0.306877783923323 0.232360750546431 0.00521817219609279 0.340357447849094 0.35700659326962 0.453483869552341 0.219357818824077 0.400112361303884
0.181378234842873 0.330261282634924 0.243139457105436 0.138652418446747 0.118900371188774 0.203614058144633 0.52821602220992 0.137755886357433 0.649907954932394 0.0610159749754731
0.370695444165814 0.0355942260879258 0.383078383392499 0.395544568496045 0.409282249558231 0.250451772127395 0.29374314288118 0.115012396137118 0.394133200965406 0.270224850691473
0.271271845026913 0.0716802843066174 0.0893406531622268 0.223323986202611 0.52424268726769 0.00636784607871468 0.288852221818386 0.494623068616955 0.50505604960178 0.0733350114364372
0.365869131611394 0.0771946421543798 0.438946058379719 0.361071224904897 0.0108614226275439 0.233779234601711 0.431730169522195 0.372737017494523 0.308245827888637 0.24904754406656
0.325511948942048 0.20980484225755 0.299630709073668 0.0435311566401957 0.0391565632695372 0.141523464243263 0.539089617067775 0.38316072613373 0.483521634860091 0.256057258840546
0.316588922306007 0.426641610744868 0.423696427588126 0.36679414282997 0.0330637488847101 0.157109556273579 0.280517618955488 0.452143509300473 0.292858728356592 0.095000198970306
0.567289495556001 0.228197419503122 0.535055109442152 0.0540259125574286 0.413412145343439 0.0529665326432963 0.179943953302075 0.221606390160956 0.0826077481585717 0.273637502094323
0.393328012404222 0.0684042598963194 0.492315809426363 0.00456847411062076 0.373195346658544 0.155115402963298 0.192467789314194 0.507871435039913 0.312580961692649 0.205422850845746
0.485275414110914 0.124164585081017 0.408934541883311 0.354204330645235 0.216577749986822 0.425722356521376 0.0615495161700166 0.447068794104394 0.134494491024438 0.0806826903857133
0.285707866957041 0.511042705870469 0.131109654540951 0.0747386417432297 0.0306134621119591 0.195604652293037 0.0458362036607693 0.332714536028411 0.462282281275426 0.51838939973631
0.249116524301683 0.363349223534736 0.0151889090937548 0.404456476910463 0.187685394028366 0.0960789046141202 0.0968194219713781 0.562873822427463 0.134156502467196 0.503434885322455
0.193589675824157 0.287470317129656 0.219371176733429 0.409724089152479 0.0138653486749902 0.276678933752184 0.359730859692164 0.492864441614758 0.452683368713735 0.0994934669272531
0.422948185303659 0.347211382881101 0.352759656338692 0.21431942737928 0.393549956098164 0.329103747180307 0.221921556569656 0.383650726937397 0.0708092975033951 0.256017650832822
0.267997814000155 0.126987769898622 0.479993808329839 0.33115210382713 0.0556022742309094 0.414140808183601 0.157344234475111 0.356673414390077 0.483088363217025 0.109744179115079
0.0157192416182435 0.1144635299261 0.163865905978423 0.429693034332113 0.385299930479246 0.30372071725554 0.224733292857005 0.388743688672138 0.384631992222692 0.429990788860221
0.254624127666708 0.389355254765634 0.0251443905246215 0.34123978199221 0.441811881263051 0.178349854162401 0.428541400277643 0.276281538553353 0.325074784731778 0.271722220542823
0.461821075147526 0.365360717762577 0.365524491206042 0.143978538439962 0.403488189469254 0.321733989249125 0.356334178539292 0.228072153214391 0.032962975341917 0.229132880165656
0.353667344329202 0.316569038359325 0.307839635586336 0.299859019324615 0.288236744310251 0.314905370202375 0.485156683090825 0.206962999311129 0.0385998580202415 0.35787753292926
0.437345995619603 0.228680538611338 0.370494050274906 0.1300977145893 0.150404443102153 0.225290733426336 0.503937903567082 0.501422557795273 0.133419752179328 0.0754069047480737
0.29641850089771 0.170708357657932 0.212065785293086 0.332568091922689 0.113299676996233 0.487763512839038 0.516900923506804 0.423415212323682 0.149128536462631 0.0892463304170181
0.323836002280847 0.0809087680627705 0.513702049102435 0.280606499496843 0.116543325594267 0.163651514766729 0.115649143759399 0.273850126471762 0.645647619351421 0.0189890085143015
0.0624470454014672 0.402855681109958 0.105590637853998 0.209050573508755 0.317965683037117 0.0183743447684348 0.656559516411882 0.157028008465315 0.229441475998276 0.411272129562071
0.10626810875977 0.0984659459678555 0.563101073823367 0.352911666686001 0.56723695071859 0.176553013046538 0.242463204834614 0.160610630856987 0.145656932834968 0.280451841710799
0.405028433237627 0.102840086337698 0.21448053456824 0.525675825884636 0.503696965758179 0.0967941184585362 0.480407719578399 0.000589201216271636 0.0310065177898744 0.0905861372768997
0.518318764822481 0.15332104648861 0.382566127895659 0.00442640199021419 0.274633709632643 0.177470717382748 0.572886787911524 0.161940949942587 0.276346447426767 0.154113099562165
0.498129064075045 0.0827738897507549 0.256794171738281 0.535333037864777 0.442717734206332 0.226851951818254 0.294236432929002 0.00589358242152736 0.208239831270412 0.122706032053671
0.308987843204293 0.104715105971584 0.243206156344213 0.491665633644683 0.360725945531383 0.417226484071713 0.0176614848969074 0.255725225588816 0.122982073482573 0.455679573058442
0.188417718230934 0.136639517204686 0.560724896044064 0.0340223372393182 0.336689732549451 0.106736524097929 0.0665263262171818 0.609432914932467 0.229756254377467 0.277279010079262
0.0376446256008295 0.426955454052856 0.403006213344605 0.380074474941514 0.0795320857150151 0.187316293771896 0.304748525654003 0.412971932560774 0.425920728691833 0.152258376617505
0.236074463323076 0.202697470812758 0.399963165428696 0.298787301057996 0.14215793623419 0.325120144883127 0.413838928782969 0.163182956955389 0.558634914077202 0.134394594509588
0.203648614078955 0.0783711533556837 0.095335601543765 0.415028419093476 0.231296654489527 0.200405785914755 0.406595352136657 0.431339679799507 0.257246767196165 0.509742600084365
0.0258639450730778 0.0325494068663601 0.521495897608972 0.429855063456948 0.461450733517905 0.414353051834494 0.236293058161278 0.114872488131553 0.280785327335206 0.0950921485459659
0.581461771154474 0.326371037754224 0.294199134452854 0.248446039192191 0.219355236770673 0.0459669914435698 0.0344323794830261 0.306716404556516 0.484701594088529 0.163339303916863
0.428995067968307 0.459433443158784 0.190203008257047 0.179559974143231 0.394308270789439 0.447521068841986 0.14643399228196 0.00219095750770131 0.294655213882043 0.269149856721208
0.150393966735801 0.524110555330684 0.29157738723977 0.0724226471318266 0.0748125454862818 0.223869220999302 0.280264648509964 0.528044220460903 0.0539475211232475 0.443197152425859
0.331996519771745 0.394598506546957 0.120549457368362 0.201738921396102 0.279132977355566 0.423153619968958 0.315859317961618 0.282736172540407 0.350057316028102 0.345858907303974
0.441505540374814 0.376913426502571 0.20681688336847 0.314221806273409 0.215384308678615 0.427500809799307 0.120073655394574 0.225922938559395 0.472531107907183 0.0600725588377761
0.342088637593563 0.303383433641082 0.382101334209022 0.224706188642654 0.0792987251526781 0.283372748200315 0.268339392574116 0.443648424478897 0.309847852983164 0.378173911079991
0.486003625962303 0.516861482567826 0.162886666771342 0.149572447148525 0.455727887492971 0.0690385230399136 0.479118213522113 0.0360625135789211 0.0424055746089575 0.0514147348228138
0.450547996009151 0.444564681036361 0.227883705832239 0.180009422393062 0.166204441408809 0.347156531426321 0.119137616194344 0.414380752858489 0.366144114203027 0.216624343460128
0.408482454256207 0.432043851172847 0.42858658440173 0.340828731882624 0.363737501534149 0.26383216945612 0.357223553795484 0.0943696234831596 0.0903304996255121 0.0065752851840277
0.101312912804314 0.315139479832138 0.521769861176374 0.304397973347169 0.368842966785256 0.521563186833366 0.174866160812478 0.19223338138268 0.106503147973671 0.196399664180507
0.331565436113319 0.45607659292067 0.218413919991878 0.422191481488989 0.0326320862134378 0.392315599350824 0.111124935756059 0.19839170592284 0.157040063798971 0.474090952211058
0.198239587077539 0.28620880868323 0.50244543129299 0.482220115226445 0.253128523991261 0.297694155763938 0.237891959719216 0.100079780097922 0.41626244431153 0.0349156630975698
0.285280465677751 0.306816596836521 0.274606167151009 0.363300320265737 0.192921431941208 0.437263557837037 0.148132804998363 0.219759317531791 0.131829057907118 0.548678847855314
0.121846812128695 0.0195894646528001 0.592080440066453 0.474110897165133 0.00410986894299674 0.01110493369408 0.456578073646616 0.0630165228753654 0.102109330389869 0.431773171365216
0.397462528611463 0.157720283653392 0.0576202257684823 0.457365045966127 0.0921152274460687 0.445092313089306 0.395152359009258 0.446266083067511 0.096674867295442 0.182777894704599
0.172802475164186 0.260180098521971 0.440840124893172 0.261051822699241 0.442156639077986 0.0661279598142801 0.290844506851417 0.470049599438003 0.363561921289269 0.0486592930574491
0.173847034914607 0.506923833056024 0.0612860914120691 0.0593874555613255 0.227929947334415 0.191775155882146 0.210121431250857 0.567371082933891 0.480904954856727 0.139507248990309
0.0562260113623392 0.174897306896927 0.57183470893305 0.00980143339964237 0.278851505219946 0.0992407899964811 0.147076906571816 0.530380648439319 0.42747423760426 0.256675274200116
0.454223273497681 0.0269973393982032 0.555941875797218 0.292686556082679 0.121495000403456 0.498153937290744 0.0621931326445351 0.132719802131291 0.336425497632256 0.0251504405065462
0.00799593206328769 0.58116206450792 0.224943578285527 0.280102252206891 0.174495470302985 0.0454769832443143 0.0431948149619462 0.500423515552142 0.427740173338349 0.255659669752809
0.224047108996957 0.330178590198987 0.319597279241719 0.372466183162743 0.127135903436359 0.283852588931778 0.671090178779278 0.0349170182274796 0.226671398428857 0.014646970961181
0.0720143343349686 0.273611897032463 0.54634327230739 0.286945848968073 0.210562929131105 0.0296719537329405 0.101308439284202 0.387284702799839 0.574780704794939 0.0572599559631815
0.225648459455457 0.049055300104246 0.401330997343951 0.446475427726252 0.320813666548534 0.0399462244974879 0.140320610700421 0.429810288014872 0.419942756645448 0.317763571636159
0.384342332278974 0.251923862634113 0.296362736848508 0.490935529269385 0.185417529069988 0.0374704574938884 0.312493072723939 0.44456432331821 0.150964116324416 0.325735407356735
0.480455064330571 0.347140188343788 0.0624482962764856 0.251002281409045 0.337016878399409 0.29945387754613 0.375276417830001 0.09497310106266 0.135319751171238 0.458626176695191
0.363463748739435 0.290094167225982 0.0433780981525621 0.204743938695239 0.339877139710608 0.470868341219119 0.350169353730601 0.331673062989878 0.267177612346553 0.314157284265796
0.158091456159474 0.527072632339653 0.370020849424027 0.38358530865129 0.308224523208747 0.446268301107371 0.0175278362395406 0.177887720862052 0.115419380182628 0.27151014866363
0.130956790535033 0.349630384212055 0.203779957363873 0.118840917672432 0.418545779999879 0.427031680935102 0.257923929380798 0.457031305586842 0.137355656451393 0.39134883191501
0.0561616860863448 0.172095076860801 0.277854177278666 0.406211850232602 0.342930677899159 0.229809666426455 0.461236365639598 0.462825439211065 0.24150856833883 0.263308649796753
0.112797026517593 0.00494204317204466 0.40120452250266 0.0109645641584975 0.426676010224964 0.503415230499701 0.142171478489686 0.21037161072278 0.0739805067217135 0.566344193229611
0.270362106914053 0.142118471648189 0.0541216045094782 0.329339713529429 0.381454928033263 0.321399754446603 0.442924247998717 0.425270224694488 0.358810907079316 0.201805082651157
0.2105851328902 0.0118615735158943 0.474666574224509 0.00405939695575111 0.325154656762581 0.439405958293557 0.0846279763354557 0.297572542248806 0.29081832770805 0.501097406181112
0.0256964661661922 0.376537215552938 0.132888850950228 0.436286504806594 0.298753949848802 0.436925072503006 0.418745230279174 0.0230394083912216 0.363982290150192 0.247052878249601
0.352473515795514 0.111305873949864 0.323826214188692 0.287407195315531 0.30300343966991 0.456381456833382 0.346549229086301 0.234695017864155 0.372529409197746 0.248708084450712
0.104600265303831 0.344357146304715 0.461242650544082 0.305868408423863 0.470633807000528 0.0198450790624675 0.0927545655722088 0.0792285550529712 0.360920993947701 0.444006902691041
0.17059407563596 0.209912591031747 0.363809199361336 0.408260806781385 0.14288062590955 0.409964969783308 0.402257597773621 0.343128265739552 0.192459608502162 0.35032172821558
0.0231078680691409 0.338895697810679 0.3484363818614 0.162474326172814 0.362431763849116 0.141386061499241 0.404937512914879 0.387061138322517 0.318594618801875 0.412516504446753
0.345713926990771 0.480317095752413 0.463957388962698 0.419437200068129 0.330114380518906 0.0329039176611587 0.138264008756462 0.230113800221862 0.141718832565734 0.237448200544728
0.441172151667228 0.238543578583626 0.209840313694662 0.430771777186837 0.0457678952297699 0.103310090300358 0.4259902513928 0.411004725349955 0.304404244705579 0.251086866859953
0.000713081676318761 0.00659632822699645 0.304348890419294 0.697646399523779 0.26162015796976 0.196568686586021 0.383171767100344 0.316921122308661 0.118798163259438 0.228386238719025
0.487216478491507 0.148993492810944 0.29433995340284 0.180494870101732 0.364441812271074 0.239889092926686 0.418494329541469 0.28432698809675 0.414922916585715 0.0519774732067816
0.449161171285632 0.163267773754746 0.335646015115913 0.194480986071829 0.277171866007885 0.46470487843882 0.19448151239199 0.199486562162499 0.411678599786667 0.28503454323414
0.0365978339575113 0.0436094301988931 0.10808530477859 0.0567601136617137 0.105764405273809 0.571874359720276 0.413620060950375 0.449942035992125 0.438577569743934 0.278834367593292
0.109132635642895 0.49486197250262 0.0122436567891403 0.271520083635082 0.25522579011848 0.171351898147107 0.491474048227088 0.440823938961799 0.21722088465755 0.302934907439756
0.344153104884438 0.209503638731877 0.0687841475760348 0.576016703047864 0.116361496783835 0.155182176102685 0.146310757313944 0.087171739835182 0.493043887848323 0.437516666675238
0.103876045584059 0.405783561217948 0.341280637874512 0.0611623956613596 0.0739469162896357 0.483560061253063 0.0628773677198153 0.418572861016358 0.14936020438614 0.513393029651897
0.427036242075254 0.13485596674423 0.25073628544365 0.0118166053575446 0.197243371070031 0.0115138596354712 0.0629142028834947 0.441225491238858 0.117814932109301 0.696340142115431
0.053993192397245 0.223168415132895 0.477969935798364 0.312224870334999 0.478207829274428 0.354392166303963 0.274372430511147 0.232559996948309 0.128673043689907 0.348056452295363
0.234831661430796 0.0833400979653272 0.0133624224051063 0.326852468322467 0.466946060770867 0.259282951058659 0.524383276535748 0.368250529348317 0.362224205711369 0.0619556924077843
0.0824909768187852 0.328314657067728 0.531194086905533 0.484180902146563 0.200118980814923 0.141484883850088 0.00391756536236016 0.376091926869986 0.0941744644183566 0.39800945637888
0.132106264175061 0.125330892958694 0.155032595073475 0.48311757264134 0.296134665224413 0.376611339169139 0.109676735670277 0.227298175255677 0.507749273435763 0.397954514324272
0.177121111401302 0.404530521749106 0.292839480704547 0.171878285602464 0.288406050991464 0.459799709859245 0.301116881696783 0.0639218308117216 0.280867537132448 0.470582924255983
0.152772998781172 0.369500207794839 0.234049781673057 0.431270465802006 0.471722914878955 0.203912135094106 0.0346711234582473 0.120081569836341 0.393408058589383 0.40603233155609
0.463446684905841 0.121396567512829 0.288627310427082 0.102968810875481 0.0232248301793461 0.144264458876631 0.486916174849321 0.416430434251939 0.472537980672987 0.146377270766071
0.201690249407666 0.310481552368736 0.602697245960967 0.0588123393113995 0.197885929601342 0.643359564434034 0.11891400420309 0.0326618391512722 0.00358477595254212 0.167119210010212
0.539017089042233 0.0992563826714688 0.249060964914948 0.366647554995813 0.439536846434313 0.177114965715617 0.266083815394461 0.316489800024695 0.326031780782184 0.0363523248531297
0.315084788999975 0.264925598773908 0.341911922093973 0.408912464995244 0.241607421896404 0.398961813274565 0.21118807142376 0.475748332542921 0.180566269306169 0.159176337907631
0.156207794911692 0.48512853039447 0.021904387540411 0.343608974276701 0.00633791855348583 0.257324400039056 0.44156107494546 0.390204088935073 0.194143367581224 0.412939980187984
0.47639204951153 0.400657837464788 0.299691919647302 0.179761378570622 0.282151459594151 0.17249618031181 0.409303810519547 0.4230099718015 0.178725326995849 0.051189316076452
0.467142765893577 0.176176680128614 0.057715002487404 0.289244094224484 0.409203639478948 0.366691044795822 0.404216395737848 0.171274452894473 0.284262731676378 0.297161861251259
0.270328764303874 0.121003206754241 0.41196136857262 0.170806957711149 0.244855581971782 0.418921738644246 0.0348112168802337 0.253861537534765 0.303385722419688 0.565900450951044
0.0429074862119811 0.104144183598209 0.399218247591738 0.0216804446608288 0.237784070678434 0.490579594014243 0.451141314008619 0.49778750552488 0.218405806069751 0.176737379860778
0.457429707559013 0.375077771184197 0.379881905628858 0.142169988543508 0.254927386202754 0.237911192845419 0.482193827207956 0.12890082980664 0.185351873631562 0.283691424687058
0.282496254155588 0.209468770155117 0.508717901768026 0.606730636712696 0.196085208499249 0.191765644548312 0.209473247450501 0.341212482987598 0.108430922818526 0.0460108163825306
0.581336279438868 0.0156271013222379 0.18693874704415 0.356283014240668 0.496372861727712 0.176867234258809 0.0322488765994007 0.431612343702231 0.12814829763698 0.136018434964369
0.137728704182122 0.350020845322715 0.469828841974343 0.259499053049728 0.275180779076989 0.3826881133066 0.186595852442961 0.352654570980391 0.207644315117635 0.382051356726676
0.00167428218617528 0.330354378155714 0.286923854508368 0.396189297763509 0.415615036509027 0.115826924559417 0.399690493622179 0.26330751086822 0.356324335509963 0.330711083259635
0.277216692710274 0.192686081571084 0.244025067903297 0.329674467540391 0.17429326534395 0.241871004508636 0.103583117367772 0.201813009217814 0.300597292411463 0.69792054037244
0.180100785552526 0.493187369225347 0.18561099697518 0.0499263646838689 0.333868989887705 0.32569983553007 0.373047544691012 0.00239147578766073 0.403850191522853 0.40935533411554
0.386943354392547 0.587229693043973 0.223039500119166 0.516383647496234 0.157017300721268 0.113989362278889 0.31458579630954 0.129344152425932 0.176377130001495 0.0677230068101578
0.0706282572335537 0.353881153644174 0.437560166296343 0.375807886546449 0.124444313067856 0.203669742648479 0.0165946980706927 0.319926189663241 0.425222248350577 0.443485568199893
0.275586476387588 0.41241044206087 0.137193011712642 0.288239233119034 0.199325616269116 0.424535881369438 0.343027427144716 0.36502896260565 0.12417302150103 0.407150621865217
0.36792861586484 0.30764500861692 0.217652065227053 0.11912060530706 0.153730026421341 0.540304809325572 0.41845898446968 0.280329476819291 0.353965876623587 0.117789452497366
0.0247548113487223 0.151494144368482 0.430754206566478 0.242702196869899 0.419730030270349 0.294198796088171 0.38126157643808 0.461065996912402 0.277609340174633 0.185061508254446
0.00570635211060355 0.0649349144775781 0.431629904148077 0.334121484503727 0.411238019676804 0.506355474648844 0.183281400689779 0.445835417799231 0.116577148979571 0.162312214770622
0.208807803493977 0.253472530275362 0.0315266594016384 0.396737945590269 0.362616896004626 0.200907485329924 0.413565711764743 0.301835010627642 0.364126757391662 0.408866667637943
0.228329151834965 0.0255668667390922 0.113161403263664 0.30331787636692 0.232669805473908 0.520722250057 0.544643094509508 0.322624186601255 0.27747967263687 0.198495746674232
0.463883110100291 0.0695065963134666 0.435036714230196 0.110303889164687 0.212820404805927 0.03251384980213 0.268450593506458 0.486965707208634 0.169884441829327 0.440619657620931
0.367006309699295 0.415314617382993 0.253538608990832 0.328723723616911 0.242516884926086 0.496997768153971 0.298200494544527 0.172010614302954 0.0214539231890107 0.309332097085623
0.433546490296088 0.309494092789467 0.0547555460682701 0.398660522075616 0.146914931252124 0.28579317774188 0.338339784527784 0.432123835472776 0.181993720670546 0.341663862273134
0.487107644762357 0.305693864986435 0.11157092304481 0.117759351520961 0.262380950964176 0.463801702682107 0.128620099433628 0.255102852300703 0.261747419245808 0.457027327445766
0.157072562951744 0.337300697735099 0.35687089123017 0.46546112281826 0.41005521891193 0.0295145519905779 0.31258389036594 0.10812453793125 0.287925787356846 0.395257264110614
0.725333526062251 0.316654773508663 0.389730013088215 0.00755221722144509 0.214177318563183 0.186839495456013 0.27586400176829 0.0968203137570274 0.232629273237097 0.0360844988043677
0.234917680172166 0.428971104992008 0.461032171084276 0.0344035422713389 0.146513741599672 0.587494048685391 0.0540686570438459 0.396632109978751 0.142147287091336 0.00117168363066361
0.0855226020291145 0.572177215801343 0.177693109481768 0.240251156207282 0.288199774099061 0.0750548164782613 0.568019600678588 0.267131844686813 0.0973959786134888 0.289516248120035
0.21893934612562 0.207726917153231 0.564637400608716 0.0328062828193273 0.105659481893323 0.248038968385714 0.521970352265993 0.306485609046881 2.17549125649827e-05 0.387233405876737
0.0974549861895508 0.446868457963068 0.351185921604432 0.213857619215487 0.31445341458958 0.306680422855648 0.424324198161439 0.148451496711606 0.384866321727831 0.280356353206582
0.376636286729352 0.0698623585591595 0.284506815353013 0.355105617624217 0.26948748297375 0.474275216575327 0.375252285740822 0.0831735473498337 0.199011650362746 0.401649090967496
0.247128927939282 0.143633490068835 0.333253467791866 0.363360793086679 0.0359089649389603 0.170992554471835 0.539921235888494 0.311053762271278 0.00813262803667178 0.506304594770077
0.0698113326822335 0.291523895339936 0.53119316622061 0.129434977412654 0.162486122661046 0.0733627705080522 0.464785642762605 0.265539442007904 0.324135052219818 0.433400906604924
0.152118091843375 0.391880702990173 0.330366007722678 0.319656790593606 0.169875203538595 0.432619782241824 0.425293005886529 0.324680718597494 0.166971540139071 0.285969879639436
0.246208715810755 0.0496051373161468 0.502509291640574 0.472508665168733 0.0625942155239687 0.425467865846351 0.480405006209984 0.0877270853268247 0.181358907685147 0.0694518984103501
0.265490601239378 0.319115381668151 0.260552274490377 0.468993944194548 0.0862595622989346 0.173460332501614 0.500816146823116 0.30938989899137 0.137150907339685 0.370079469118134
0.135268090644017 0.361399415870507 0.0133267193104168 0.389701986327005 0.290373938430006 0.26307579032946 0.392390173266008 0.476429035570674 0.194448533045852 0.356029443552285
0.40454498060705 0.513901431444924 0.0226071269274955 0.229644320220235 0.0599327625243973 0.130543025769534 0.532377914759284 0.222689067641284 0.319297006432429 0.251794401326161
0.405052219200681 0.186353524906009 0.180396883526249 0.0951802444798609 0.269966585000004 0.298701434688218 0.430034999073785 0.407569728039877 0.340697824808331 0.36108178211743
0.426632387381197 0.486903110025587 0.0136765830817343 0.266202613213695 0.139990594496579 0.451004148469926 0.260397806133334 0.0684527724121645 0.141754904811766 0.440760622408006
0.364974691568299 0.349398899978275 0.443636298720854 0.235450305036273 0.0516702319835456 0.300307269490267 0.310963459190013 0.349534860771507 0.412395503960357 0.103279518829042
0.196572141165508 0.0666767670962217 0.299416587134458 0.337136092469979 0.325577761293301 0.239960283358316 0.406400298235868 0.322521315105075 0.461600077593212 0.328275670092226
0.234963266690252 0.24739204669354 0.409989963721714 0.230120465474643 0.180320298829718 0.123557895769231 0.434714631769234 0.455476136440563 0.240742661376968 0.400459641950747
0.498797199821625 0.206718104141275 0.168015849979067 0.183525202654077 0.116878774411937 0.302767560129841 0.192650754299352 0.4157680754151 0.430576009961932 0.381911250974227
0.5031234920751 0.100953042546514 0.208087341174904 0.103527140163524 0.285349967196326 0.0254436486107475 0.515903639968075 0.123306690729911 0.53674003649071 0.176448488512619
0.0258233559162984 0.337768546230844 0.50233736174553 0.546564826104186 0.216947902030244 0.427868890322027 0.0142261627327457 0.316014915740768 0.0418754186184369 0.0470115779848232
0.0805778413188251 0.209451743930994 0.297393428284908 0.191857189761025 0.526871051223738 0.161913759606186 0.226252251548713 0.204103622739809 0.606421766486201 0.244908649950501
0.0866018044388982 0.264891488235769 0.328064574202367 0.0872834022540025 0.484381118242281 0.0571783857409447 0.359978240685806 0.194843473206392 0.432444097483803 0.463289568196835
0.477367063946453 0.493205483161237 0.28874532900298 0.469912086329296 0.245535349944361 0.0566607787281161 0.00841683602660171 0.363044779793539 0.168282706108362 0.031437674562159
0.0427338612942244 0.184818021796201 0.0752430746535147 0.388035569672146 0.381511677914532 0.359837750107314 0.418402023787958 0.138308410176247 0.581570381909861 0.0183042772746056
0.426194742461478 0.0848766311204364 0.157249776134209 0.140994523018474 0.129113708764821 0.548434059502683 0.00418301494242983 0.411267961647651 0.474358029363419 0.234355307269554
0.148308584287116 0.606806838638458 0.0446510349879866 0.0831995867139691 0.0139600819503221 0.166512762933235 0.0162137862903774 0.22835742231287 0.358360480626524 0.62619527376022
0.171825466247485 0.241014898724223 0.490627588754321 0.0904405818525724 0.446504832802334 0.179300073562841 0.37126839581199 0.436348837421072 0.254563104828176 0.197319314731996
0.0936425909321599 0.285592415651184 0.3699931837084 0.519481021296883 0.0574487534783605 0.486006427634874 0.0012019745158515 0.465256878956642 0.156458768683626 0.149883916321479
0.329853074086405 0.438043467453782 0.044533533398734 0.422700877980952 0.37429185724991 0.0344921379424295 0.059934575776959 0.443784526574704 0.113495597934391 0.40491158313805
0.300863713477521 0.137354811330011 0.224137375730264 0.386331588515368 0.180720449608933 0.450311024370155 0.429278173896825 0.235683374201135 0.395732185584794 0.243422999098401
0.165519492586736 0.213905812600752 0.153106437010006 0.216559260713158 0.0461037400649794 0.221103706499136 0.220827068049779 0.534611970438954 0.493379558737691 0.476967253256444
0.134871958357881 0.0060910435844794 0.0124459857077073 0.42901342112373 0.197340468491376 0.504392328854512 0.332146337665928 0.254584204043412 0.369720169678277 0.438614686963768
0.0929496884844253 0.223119099812486 0.114305463169899 0.17985722740184 0.544512157349756 0.0376446974805173 0.334709131304844 0.588201872519866 0.303959212736707 0.218747343705082
0.182542254042732 0.17638877444059 0.16927810686024 0.356204911658914 0.426351096790039 0.536196876961083 0.0295048997567254 0.0542114456656139 0.293405052989042 0.469946822013962
0.40598471485544 0.0525343839318149 0.736813516201227 0.031164211237267 0.0414209755447183 0.000110140483519888 0.345384647978926 0.0331662019610818 0.260026884606999 0.314373888886023
0.0889662827519839 0.222711065685339 0.302913216178252 0.405487851190385 0.258309760995219 0.445794663462546 0.127650010065844 0.457822037894454 0.430415837747424 0.0984774914566581
0.332573536060426 0.0763928670651203 0.445540992171643 0.406890821026059 0.24943159155326 0.24620655798831 0.163148908554076 0.421574162040628 0.320834882320079 0.298966397436329
0.208139196755935 0.142852662503913 0.0610261613026576 0.406568044723668 0.218656925697749 0.445845131903536 0.403358134659297 0.443108664908834 0.341401705854229 0.212279280582457
0.267488859628603 0.18404451423437 0.132537828922475 0.429062754320892 0.455389605392585 0.359967009463325 0.129771763922383 0.353597211875377 0.366634459719447 0.282254737605926
0.180197225639937 0.0419326259626821 0.30325805352032 0.246130740623265 0.523048949304776 0.569974533119684 0.085563722391936 0.398365878519196 0.172762522833823 0.137514513485592
0.337979890022035 0.415369138831966 0.416183247789758 0.523419051285669 0.138216796994338 0.397535008145128 0.0179192777068283 0.106708804182705 0.187879988842934 0.204737266205946
0.300318115519127 0.468120991758538 0.299629937914946 0.191867592455058 0.323622949291213 0.23237446449484 0.382181656632813 0.441088829357881 0.121164085946065 0.223713832843139
0.412581921741441 0.0553426493102501 0.461402888887457 0.173451457205575 0.0299568571418386 0.223379469865227 0.435479718219756 0.201154685527822 0.490118945601565 0.250234172254316
0.317589607619762 0.424114488926018 0.205388111632752 0.326964917619228 0.0834905942097108 0.39725126772404 0.355632121406923 0.426013474544059 0.27590771517405 0.145970562337856
0.388988751457236 0.437287483225161 0.287408986349387 0.083934007617042 0.330239936057237 0.134925799360019 0.332322284193653 0.346033313101149 0.443669879246596 0.116340287033957
0.202819378002209 0.182672603770242 0.36526938676583 0.150511823332518 0.294909645289551 0.508447716841001 0.19227031762311 0.0749431287611593 0.374624006425063 0.490918743219718
0.278451664435971 0.530858072046776 0.0437459609831804 0.320126118870999 0.219405159812344 0.256745182550942 0.292802982039412 0.405029458805777 0.11314435504932 0.399523628892297
0.0328952784136617 0.499043231874521 0.404241500825493 0.401075130620248 0.390667284902369 0.41957125639283 0.0515572588212303 0.0267756632090806 0.303201084617238 0.0404271012077659
0.193878269078615 0.334917784016001 0.459100601845049 0.0382588983381796 0.139131010695697 0.313554857627352 0.0120708179516216 0.638180169135646 0.335069962928476 0.0252703176181985
0.329995950835368 0.409153083638048 0.329721444307334 0.207479078103779 0.394403654824896 0.459914106905301 0.108833845690602 0.213564992493113 0.336569334089086 0.184725933722186
0.354724891374648 0.30783341517403 0.117493588392592 0.519379365491918 0.418289736161774 0.0899474080283143 0.0155116495019968 0.519971114466427 0.00461721594047707 0.205330080376238
0.312540927182567 0.362676088054976 0.357686630295601 0.287919460848349 0.319927747333279 0.438737599020827 0.277656379499789 0.373495078311633 0.220064208544469 0.0090853602581842
0.362988069060831 0.0408286092584901 0.321989353233654 0.456412839292776 0.138062593298054 0.520672071598962 0.0735865790909926 0.0416642305837441 0.253199573400394 0.439501149491622
0.199854125415964 0.0667418969223036 0.509178944066899 0.473414243841743 0.184075754505079 0.389997193197153 0.357469961750986 0.183050467511564 0.10967303570822 0.336031975154031
0.497829021266308 0.489397639686314 0.031828428167794 0.483034692024768 0.104830864703718 0.348051681356488 0.155436392282566 0.173822082987851 0.076598924561429 0.293170916705205
0.0990180156084724 0.0335768266935823 0.451776229852503 0.0138506796519018 0.120567690405306 0.252458794564644 0.0216448212390063 0.368131690861338 0.536128228582956 0.532052156840372
0.0619046173430046 0.252857013534205 0.0448304453512485 0.331689569865446 0.0170850656407966 0.290724757042375 0.37836943844531 0.59572540155308 0.230794465992248 0.429036541692337
0.424789152786827 0.0645549478600686 0.344831025876541 0.455075929953918 0.239113037035974 0.326087758444825 0.261521463469269 0.392098940299553 0.0308616349408919 0.320606503228552
0.132984104162769 0.0278178146384249 0.390301865698581 0.435398442519407 0.409831088523043 0.385046139538047 0.262643358977971 0.0395187957252314 0.210227895432446 0.456807354549765
0.300807688280572 0.164456318235026 0.118588583272972 0.00991108155706678 0.623831231194466 0.0212243029377681 0.283175773434328 0.437581499734564 0.454565524365069 0.0198895169219673
0.243328463438438 0.435000339774828 0.192596615424312 0.292680413330257 0.485975751121363 0.380513742188208 0.161605589462819 0.307421843907565 0.356330634519947 0.0158576867737216
0.153120691457141 0.393914121232683 0.182667720441382 0.489741120078371 0.482854770588881 0.044454474471868 0.413729646060369 0.172425138680492 0.236029007857259 0.237559650077582
0.245735743447554 0.0174143211755879 0.203744895822302 0.386525550627038 0.00144430105301495 0.0904752003227182 0.277785170183083 0.517000599858057 0.370598434201206 0.508341847195868
0.654269292528084 0.145599002588333 0.368451354559962 0.107611169665612 0.215562081974018 0.319408992812695 0.224996216499718 0.263556039289923 0.216217680802017 0.296768890106149
0.350716902880382 0.101413684525807 0.374183869245051 0.0931253209582678 0.415267623189283 0.555370199848019 0.266226593250131 0.0362148424723627 0.0624036708757599 0.401324601241902
0.388601881086573 0.438000197532183 0.46102022995243 0.144952202688684 0.314467102319242 0.204824598103619 0.339578983403132 0.30132724736547 0.238325173039013 0.140854722961822
0.102930238332132 0.389966488225951 0.413285794452973 0.453953102828872 0.30549027996072 0.0613223022619266 0.0849189105257994 0.408818445152999 0.424065474955452 0.0958797748038929
0.0681807144304664 0.157647539678289 0.407401253581322 0.400485560140942 0.11189948077693 0.289269455463027 0.566605410874142 0.213153948951407 0.396450860506892 0.155840572599004
0.170693834425372 0.496614799091652 0.0390857243613424 0.0459350677951155 0.464747779723147 0.360761631852806 0.276082749784497 0.433682412390559 0.242766385446727 0.226323972851094
0.300122047199922 0.433432624360416 0.438641854781839 0.339917966274864 0.426655229449626 0.104970750959433 0.217388605566301 0.0893550259755916 0.353364583455781 0.202360612891788
0.232411431468098 0.171024935936195 0.0361770139741096 0.562773013412359 0.182782042183853 0.00299829213575405 0.452658126277145 0.227632495824653 0.46970108316929 0.296580262617943
0.188159005588386 0.210982329321008 0.403982165196527 0.546365506999318 0.270444463644455 0.370015852444511 0.401099298694149 0.00196602205224893 0.0562445706609916 0.290285867610039
0.549750336041791 0.200237575186892 0.423702207740475 0.0146522734982939 0.0624627690630268 0.53489127088163 0.205631857214668 0.166914440015238 0.341445080275234 0.0346601864779858
0.432476618526898 0.0224486401468333 0.31770818089018 0.155882224360106 0.248168050094345 0.0129086685169343 0.337004605163303 0.479176933878034 0.447030510211458 0.287139943537369
0.29699350761184 0.0722710028439685 0.0580898465742257 0.112480520404325 0.461769336003128 0.392778546788769 0.167744490644596 0.39382193109867 0.489486412390961 0.316557544338081
0.179018851255223 0.370385435014937 0.119912783504126 0.420653532663643 0.331763858407218 0.417556357167246 0.194805703279065 0.458313917653906 0.140122330298858 0.295605589399483
0.184060904740527 0.052164154842683 0.39489785394152 0.492327216511647 0.478535919801807 0.0270777752538392 0.263543841461953 0.141174734636079 0.107429793468823 0.484162602933994
0.268271302974852 0.305198384301371 0.46724189486555 0.580962157242935 0.161941029773215 0.212461985927425 0.0970195252129572 0.439184724382345 0.0068008477711376 0.0731107600296251
0.392030820820265 0.341079265563026 0.0548704639137715 0.116901931781851 0.258308591467872 0.132639650183655 0.177877501232823 0.628441600616964 0.190190162071825 0.407715325759071
0.0842625738472592 0.113240476744827 0.0591216476925977 0.430541050661017 0.300654493603623 0.475073186507538 0.0492485442791131 0.482720468557417 0.0419577535975783 0.487773377212947
0.332272650748986 0.370775371094201 0.348351089481958 0.373828778208357 0.452774139390303 0.174616196890628 0.181308975329322 0.0335763587473186 0.381869817115889 0.275143529182831
0.293639060722783 0.0334506463406506 0.333038714105969 0.325269145903423 0.464299315987592 0.435577615235041 0.205531451497453 0.354074081210943 0.191815823566235 0.293659151868843
0.261091878786691 0.427369367932479 0.294491275590238 0.419490843819824 0.3028924091377 0.151597940503818 0.256865250898896 0.426779513838885 0.077462536213818 0.34298990158658
0.380259572357065 0.265709268534696 0.361339424563193 0.192558953588811 0.358687615085936 0.35134652456249 0.390966504523408 0.329677538191351 0.300984752253474 0.113670657692641
0.291814081121585 0.505872044629942 0.000578566574347246 0.357171703699846 0.158185148444525 0.065224965805999 0.371544391518384 0.436975647203315 0.133194778390463 0.394151517055483
0.13903803450519 0.169381124014412 0.302434561476815 0.330529656809472 0.291809630626668 0.209112290937769 0.538191897451531 0.317394072818452 0.476158783280684 0.0725563794332867
0.525653944182472 0.474985398272295 0.264690035421529 0.287053319862482 0.490451791453119 0.126222755970594 0.144098938605196 0.110065829428894 0.236503192547308 0.0181241340076529
0.356623663496843 0.0158451197484995 0.451552282619962 0.561834444069409 0.120821277614868 0.486619286995377 0.152462191704146 0.00598236861361456 0.268926694819503 0.0775428972362135
0.0638883335669446 0.203480318667806 0.31049295061372 0.145902089062329 0.397262344539555 0.285754666229321 0.43096245478936 0.349132596631663 0.45266319703311 0.291241260293509
0.159022000255804 0.0802826769850186 0.42108677218722 0.276695394658525 0.0700401891423048 0.152575869992111 0.375529286703899 0.406489494896665 0.227120219133759 0.573033778500433
0.341914655864307 0.0752628854480271 0.206578852831563 0.295489473140053 0.413205834723544 0.293494374517455 0.0568570034875677 0.318233856751635 0.43771583156037 0.440978853977461
0.57210296718883 0.568007292171713 0.321087614855648 0.164488167465199 0.235811410701382 0.17073452325116 0.184990604748471 0.074164303930829 0.304031373921774 0.0547544913724715
0.251500158849389 0.488444715280247 0.306639834824486 0.436764547140679 0.242817264344727 0.0808016026584497 0.370521862831073 0.320197833148328 0.100835897945919 0.312902649260207
0.406180589493905 0.5598820101188 0.359646010037208 0.123053272545172 0.224450748411286 0.0878564681998654 0.553945948866921 0.0539241833685346 0.0116579032800046 0.0952122211173161
0.261550470685781 0.47436915697032 0.290931397351085 0.235283585378597 0.187398145571795 0.510804569247991 0.11166919785424 0.226206607926049 0.342397508367768 0.299417676168932
0.20754985371441 0.256141791987247 0.168453203134444 0.477004911548273 0.420920752816965 0.448826820208609 0.264197501488778 0.16583854527321 0.399181764317334 0.0116470935404587
0.635960744229955 0.227361770020543 0.253719733707098 0.060262538822313 0.396231409672218 0.276501849954743 0.313333865223215 0.014936110256607 0.283582442147735 0.252155661159682
0.031064459024107 0.385553713559576 0.0410890690338309 0.0231146327224093 0.409888496999118 0.409990132493272 0.158358782723133 0.425082009689971 0.459655711770869 0.308228250491019
0.265693093976259 0.430762162644826 0.0769672260907299 0.428567255803957 0.189580601010296 0.149471474705384 0.457907615113365 0.372250679485851 0.000575939694158847 0.384349427363166
0.296077932951897 0.325523077611949 0.42918483871366 0.296943481846249 0.444160791077685 0.0295192251893335 0.0281608162526983 0.164030439905258 0.38733488609771 0.397643059295574
0.292513682150628 0.47095884395981 0.368218365801227 0.19862023285887 0.194435036275193 0.559330659141561 0.012488180381645 0.0498317738453496 0.368882344640744 0.168016776328861
0.498005982082115 0.206099040927219 0.133677043485624 0.244382995772456 0.0748146766026849 0.362445442643864 0.416070718241968 0.435310177515157 0.348649761663032 0.10387609108311
0.0131847971716868 0.356146882336965 0.124382681777702 0.415736734020023 0.223801122922213 0.411924023066728 0.23901523167503 0.426615852927436 0.36176577388884 0.308067022392154
0.187147739086184 0.394367342237046 0.483986521899682 0.0548253900905777 0.221652839481223 0.149694107857641 0.298537009870846 0.229935277631718 0.32928141314559 0.500242153331705
0.286591281591486 0.394014473414663 0.0566480665088918 0.135655425756028 0.560245837917678 0.329323940267588 0.523357256445979 0.184652543864029 0.0300979197625503 0.098851974879949
0.538521380104271 0.490686234117809 0.180829646161943 0.318660101489516 0.165256180964495 0.13675191356501 0.197247252972845 0.449786269105103 0.132169425167268 0.174024443010119
0.0446375440286187 0.160498614004981 0.314366509703353 0.324302456526518 0.187023001973176 0.183845652028508 0.515242229607934 0.188295909192314 0.485237840547827 0.403840073924185
0.481138764076112 0.482280208181128 0.274721508535363 0.179394141608044 0.471657975878476 0.20413002860299 0.170977970704625 0.130094434513991 0.335691382557855 0.072664143401108
0.101306528997245 0.418305546980139 0.0839164772859019 0.271088336235443 0.457767015109134 0.318635996205101 0.449167769616573 0.116779894293059 0.44554221545041 0.0961767249586618
0.185390844525399 0.266003280359931 0.137263586030457 0.474827923992761 0.349085958385143 0.276021489516139 0.200316613276787 0.3960031514162 0.406236095533621 0.300911555666567
0.411409676973179 0.392869677496774 0.300158214599312 0.382855768700086 0.267569073525549 0.197960585504695 0.368725386517613 0.222771120369836 0.338635729505875 0.169354238878073
0.152328435324671 0.297248210735768 0.218278258757569 0.40265848884216 0.470543696046278 0.411769403625321 0.00559218672075016 0.261736900647987 0.225972959617108 0.409992224659127
0.243272917963389 0.176803955321004 0.591382845828416 0.0164333418871445 0.324040337885996 0.136024815523835 0.03175631835335 0.0946415042555275 0.472153370348597 0.450728021618935
0.224651672403139 0.237339876161625 0.368233837480764 0.319719546127357 0.0922120735838753 0.522195018665103 0.30989611633887 0.297049669819701 0.224790192884092 0.373348654633045
0.240422059455562 0.507179334258952 0.411529830982832 0.0955178047030778 0.354805672159381 0.302782356792081 0.282354501235425 0.414831130765518 0.10720390760669 0.160062717759181
0.355985489574168 0.234099879598986 0.00116064880532482 0.0288668760324839 0.2973048180976 0.521322891499157 0.49333128186446 0.363796710612767 0.276518208689767 0.0726849491027452
0.433516462008332 0.451633058209646 0.235885459359996 0.162016609140303 0.43564599509208 0.277121985806069 0.172235523241724 0.0701811111982515 0.0832404353742616 0.467007777613657
0.100025378760136 0.515170951688182 0.0211208227150341 0.266349967755558 0.0914103136001814 0.189954595152624 0.514486781270669 0.232822886614993 0.358162469333706 0.401974286416118
0.215561312695601 0.359134723341708 0.0830363519478183 0.197429704802153 0.389729924954871 0.15896535893049 0.359484371502747 0.371466196598482 0.430259102425296 0.386242933062909
0.457297137836352 0.00736141191407191 0.32474288071687 0.387298434224772 0.236882765189698 0.50588454156639 0.310725238725586 0.0818797029498399 0.242490366215805 0.247544885482622
0.236229646046467 0.0698723795278426 0.519393973865819 0.364781536623793 0.449445463494396 0.483947566980662 0.169964693644278 0.174361273334244 0.15963539539576 0.124490774471234
0.347826847401702 0.253908775354527 0.167737386495227 0.291356397394085 0.468487446579303 0.167189373589427 0.030316601434679 0.481944783011014 0.136915587447706 0.449615295969783
0.423928422747576 0.394803855951808 0.0516045950250883 0.428599349663094 0.294398207498177 0.116389978377124 0.380358593069446 0.0264162816589682 0.408279016328585 0.25646638156988
0.474201996598366 0.290189795727585 0.235408164954651 0.0779090482454953 0.201658078910466 0.0619417785758172 0.223653048624694 0.519546315180522 0.508545060392178 0.0797848482032287
0.0479470890437282 0.673716213744511 0.0255471697012758 0.349568600033708 0.11435042223644 0.444256444539736 0.159226527499418 0.157986444280649 0.168967690704922 0.362841541532749
0.109070487407638 0.0870464330055755 0.64190551865493 0.321682454480611 0.122888634116092 0.0482616223646247 0.381422429109004 0.267826325641295 0.335006042900512 0.343701020329249
0.146866704570668 0.524146305440785 0.430984090740163 0.0840165876793687 0.112625589160084 0.00264141875098756 0.171612329461976 0.310405997051721 0.43148278955651 0.431535833234898
0.426587588198874 0.138356150755734 0.326716399234168 0.134521350902261 0.575062253576847 0.105898424479659 0.276361225915585 0.394273679659315 0.153424923258664 0.277062204623564
0.29772009241177 0.478100966058642 0.128033585200035 0.122636497756087 0.0725804434200349 0.101008564246072 0.170794855778681 0.532666719224923 0.202096884710357 0.53116041376314
0.192773613405397 0.196080402490714 0.170087225146929 0.119549544259921 0.532934606695218 0.401977157720911 0.232330556656385 0.540345194980394 0.285057982238781 0.0914092509940265
0.129037498914605 0.18690781190546 0.592522147635084 0.13383176051441 0.500166963771194 0.0126393256769676 0.399773772660796 0.0912456848994498 0.389682663708989 0.0953791971285452
0.248471386582561 0.403382717899566 0.10390896350404 0.444140086911624 0.25899898219307 0.316609282695121 0.447477860799352 0.0861100838817869 0.411095105481422 0.153344007327026
0.343768851091658 0.294237078585387 0.0324746029606282 0.262360734228553 0.442832633474978 0.195471651326794 0.424988546217492 0.327127641569987 0.301791740683691 0.335177330855418
0.381228287650635 0.360226099387703 0.0138387503749499 0.401897689163244 0.0590622423408718 0.247282077322515 0.1636111484679 0.406502550283815 0.404390127546931 0.378163728648407
0.406162680128082 0.22257394109521 0.296946380371838 0.424401017159934 0.256935599627148 0.417317009598389 0.357593733708635 0.314779939758639 0.223058677901213 0.0177507839015754
0.34702149666034 0.0188957004839387 0.446942211687342 0.348504281892575 0.155808280971309 0.262622576468699 0.388839638116309 0.341920366235024 0.442195222426371 0.033424608145659
0.0336958458969822 0.237981025230326 0.330511882514607 0.396912132625732 0.235635466181516 0.302607656252341 0.349057362759885 0.0900663218172178 0.401625348514998 0.486930081380557
0.501785484004641 0.0321650997516413 0.318370305359239 0.158085878369061 0.382496935881846 0.087575629384147 0.504772740646142 0.167804551296338 0.332285731627772 0.271080885947952
0.516612425426906 0.125981928371057 0.0528308449158866 0.454378417507296 0.101940123456746 0.503321328633405 0.208060416755894 0.375830772459174 0.233601102482343 0.0718176920469023
0.0549079837635254 0.336727715733064 0.354286240126594 0.471278722440029 0.42525483218954 0.267119957024142 0.276535204815582 0.0265211528821774 0.349238704741967 0.290928989488668
0.348049498108747 0.291550513683035 0.289193051666778 0.34703955853734 0.308609301154825 0.0175452266972433 0.162827889415226 0.401640843874021 0.434013803639562 0.343579629761736
0.374903156030179 0.438935624458348 0.509750500116415 0.176347803433081 0.456941258617144 0.074526061265541 0.228449166231744 0.208799768319372 0.0815272923696432 0.243015450532804
0.0954776272835257 0.102126455572494 0.396915576339298 0.577151176283985 0.415107234372376 0.217481689061427 0.213514613705089 0.139844537804503 0.260877670678245 0.370127423397097
0.320562266929908 0.198071857158741 0.382901640229838 0.168911130927973 0.435877379055812 0.35889628687276 0.509552447486778 0.187703388825696 0.155250215280081 0.212339854044956
0.493369811679963 0.532138991184618 0.0561255897919176 0.0813395563788144 0.517888261581548 0.390252484822719 0.055844104173156 0.0952027202781959 0.152840444819728 0.0871810807244021
0.5065656360943 0.151645632371341 0.316776454938207 0.0272485368731707 0.395622010846743 0.115878077767162 0.446404268077754 0.381365959771298 0.0375542388707649 0.321299645635057
0.0351295090380269 0.19018188224675 0.0281007117997336 0.524975630265582 0.411955437927619 0.446263771113755 0.117571432846465 0.336148321873591 0.435082384260585 0.0351234027786359
0.323780427376941 0.315363197102924 0.161408544082244 0.428480441117065 0.0558420957934382 0.00758552734800197 0.602476202418267 0.253258263733114 0.264078976749203 0.293314121310069
