0.372575304251961 0.395590620960934 0.508590423608508 0.442869693028475 0.499897908857283
0.383952114185902 0.728507331659242 0.465033739184468 0.149708146636517 0.288424919141322
0.653283670723439 0.421987738800936 0.199153598734666 0.55616742583083 0.214854444737646
0.722986306132071 0.264500342608647 0.44053507031067 0.43924987229534 0.142543928037335
0.480363792524829 0.427786880301963 0.124918175490029 0.520531772748001 0.547440530893304
0.419802225874296 0.091792736432385 0.187756204224909 0.150341843894052 0.870336212298921
0.654080235454645 0.435745667422478 0.614985507868503 0.011832999103182 0.0629091738467343
0.504208845118562 0.298168068848271 0.706456300457857 0.351535591868099 0.184963419131574
0.147516959844579 0.240921389461653 0.634810403198166 0.166878866289334 0.6995447281164
0.512966681765391 0.167580481300072 0.532296821792558 0.518742428279531 0.395409094860043
0.879090736158557 0.230021775057525 0.150732814162145 0.214651470200774 0.324798130651945
0.507489325766035 0.513468432463499 0.1130713793902 0.223884696738608 0.644899417604072
0.0496504749038105 0.552559807516823 0.489269182326436 0.170357706794615 0.651004153919234
0.193004125050949 0.703303708994821 0.575668230706127 0.368279395891698 0.0330102309105506
0.402456726901809 0.600603729675683 0.31402630219678 0.00327165744944795 0.615370230558232
0.510045815241133 0.247495179353828 0.49885375220749 0.00537271440048405 0.655526864743241
0.0222802904538728 0.740674747004906 0.398615368355699 0.183663119086445 0.508210738379855
0.416488477049696 0.219781680160916 0.623259339148467 0.599617735073462 0.173895743191309
0.426013352273026 0.169412165069864 0.547558566914438 0.527930153289552 0.459653686004711
0.762037279417716 0.517258210028232 0.348958956993675 0.0154261196187128 0.172432044885602
0.116678927841694 0.397208625523126 0.375375906361466 0.492963061076667 0.666852071260915
0.861494791218629 0.0414488487561861 0.141243628180355 0.405102764023863 0.268422625198835
0.14245860545388 0.106326883108249 0.352110942746547 0.851694983751621 0.345012577033193
0.796782714241162 0.564225741145403 0.161160807834965 0.0281444232025531 0.141498073400257
0.00141978734044371 0.813604789445853 0.545069261654503 0.0964498964389148 0.177882400115961
0.196075953284916 0.591549710053916 0.0461046634934955 0.26196270370565 0.735440727013344
0.0854170170769962 0.281147844989449 0.395980393453629 0.628716392127221 0.60131110809821
0.762297084761928 0.174998185317993 0.621791077674323 0.039356373877287 0.0102820843563449
0.407142032387727 0.203039669505102 0.436926264097469 0.432054397839246 0.644542236878272
0.156292837718686 0.676530520928504 0.591085330638448 0.354521355787534 0.206909988460328
0.337948627319575 0.620195478952093 0.341343876115601 0.0157072251941738 0.619988656747264
0.627664887985339 0.0171056851239837 0.355190395811503 0.540445608122024 0.433015601695452
0.634156143677953 0.113191602262243 0.223581774003979 0.548340476481893 0.484115232974194
0.458206784427969 0.0560910877145456 0.792451755914567 0.343454634994603 0.202384438215548
0.152972343310293 0.586773469256323 0.476231412933502 0.490739348911385 0.40580154105726
0.344229421237387 0.450970994478574 0.173395818888516 0.475894600336396 0.64929922767259
0.45241511710257 0.544132746759983 0.54203321459753 0.121366538259638 0.436703873791434
0.534324775717504 0.04155841258783 0.17741961150375 0.817486744858188 0.114051022935529
0.379970930335068 0.368162806770613 0.503476863532817 0.672351128089319 0.120553922604223
0.450236942181332 0.201355655453257 0.576122555067895 0.323506578732782 0.565834685195989
0.123190930849617 0.631887502398382 0.369807354110433 0.667161077282329 0.0606695695918657
0.318533185558236 0.252485775038513 0.56136458547316 0.568653892354002 0.443046381306195
0.275127164376465 0.241831797975493 0.0653626384161978 0.478519614762229 0.795342145681459
0.616575820192404 0.0797034378465753 0.0376189140840939 0.579023790641118 0.526115849527673
0.0542536804995572 0.0822085259767091 0.583358701248535 0.583682726377087 0.556152314582635
0.0204938036557413 0.336256921551448 0.323855828448779 0.170455512522981 0.867510004179056
0.440541686832741 0.00568755982586325 0.505861905816536 0.478048573801522 0.566977924751734
0.724904909183371 0.177648675089846 0.591515310594122 0.0554178989875853 0.299987190868562
0.126058370192142 0.152313253664086 0.786920162107574 0.2773068717711 0.514555650440142
0.421718443950172 0.582881718505596 0.620040590932524 0.292694670145737 0.110823968204231
0.597816283989549 0.224569575253204 0.00457588407856755 0.482051672802204 0.599824509753493
0.548049273375981 0.525628420421178 0.228770679968963 0.576787965364037 0.195796773710269
0.497223444431943 0.623432221622045 0.202437568657079 0.139177647875351 0.551134942168187
0.181795524853329 0.296459483167047 0.534145113428088 0.744328935197325 0.199312809454237
0.339665280232542 0.41106027073614 0.666165541436097 0.112237096446487 0.509198641800324
0.441577945371347 0.587722916292548 0.544554141213654 0.043120553051455 0.401487355987457
0.157064055302323 0.671858254925606 0.390274778807749 0.374189530936496 0.481253737423821
0.126550873828177 0.661076388743398 0.213857176020429 0.691586482836188 0.151446788021901
0.559952046066889 0.0195868794069911 0.29312762417554 0.708343873196571 0.313680113349069
0.424703268778925 0.514474850725743 0.563355383651342 0.182532414058726 0.45194622577046
0.0253370775316842 0.493629566033924 0.462203959182903 0.724833475354025 0.129119391112132
0.819390703414958 0.406290231120831 0.0660933570419241 0.100966896023056 0.385959165346958
0.474458130652071 0.509991008343005 0.481877953269018 0.470588896915291 0.247261768012646
0.813378523761884 0.202871770559354 0.0645731499086448 0.318707907998729 0.437623124940856
0.619205933317963 0.141703997412095 0.283569415407392 0.71593303479673 0.059432866273785
0.253767760747346 0.546775652603983 0.615164104825208 0.350821937184071 0.367607673817865
0.407231921224943 0.152826162188837 0.0234245316986371 0.862462537602666 0.257712997407469
0.0954983499484526 0.30605910588871 0.121811293495921 0.779584095637843 0.524040585704106
0.778247153544462 0.34051062553758 0.353844871870069 0.156471112109262 0.3587401282579
0.368756634052626 0.294337224074677 0.502826594835784 0.487788075406716 0.535361889176895
0.413576230190942 0.249873727208929 0.495885487942419 0.696401141334116 0.188787858371286
0.888458083307001 0.168816874010299 0.259746689045736 0.0630454746520617 0.33271612962331
0.235997099826451 0.457963255206151 0.476028526600673 0.524554996333261 0.48250795168442
0.454370385816868 0.311827241652594 0.490337898059749 0.666646740965264 0.107061628713118
0.504207768169192 0.558702208193313 0.320394969776178 0.302830247991798 0.489149540857503
0.537938947119673 0.120017188083428 0.599502045532897 0.165806721212508 0.55616813315665
0.279561575921844 0.13306731039457 0.507969438016135 0.735197568452565 0.324946151778195
0.193458706479125 0.525687403859552 0.622522408404607 0.51049396205835 0.195162107097979
0.389217732649979 0.76360516104151 0.202618252151475 0.106779841681065 0.461476569207178
0.392073405679361 0.593579686611527 0.361437376517403 0.561611831572038 0.218853315477896
0.625158013064793 0.556015832262474 0.512088029337312 0.0140973027600385 0.193883906600495
0.399619030181791 0.413454453231015 0.578711826953018 0.392386815551363 0.424835561301273
0.342443253654052 0.186404176896647 0.22642174505136 0.892011994121404 0.0321542621399207
0.650919219171516 0.20172534707812 0.154892078626512 0.122445928014818 0.704717314354276
0.566035431359395 0.308805712414659 0.272196143242269 0.535981921951512 0.472096983014142
0.264956561743395 0.51152435594325 0.490100485402115 0.00577972043760387 0.654147508369661
0.18932534184116 0.447159914710996 0.150482003726774 0.763374414322169 0.398520508537571
0.237204306622642 0.170731577922073 0.610740138460684 0.477344592483387 0.560110228901245
0.319295306930366 0.148826578359259 0.178547201897617 0.735983654364534 0.549863722888569
0.50702246718578 0.537380698063765 0.328961781816263 0.452670839065442 0.375530905094912
0.344533828970927 0.236735990447064 0.474216193734026 0.623355024869521 0.460217368307642
0.35853486849163 0.175923765198275 0.271765724629479 0.866216352012499 0.12773487909308
0.55339119082227 0.327182954503975 0.143349890194145 0.705407952772928 0.261839518309198
0.549672679236819 0.260486616863664 0.11363695170799 0.785122053976006 0.026012914149558
0.255807070109901 0.523737948493785 0.651857420995696 0.0855235215802612 0.477523752434012
0.649317468262039 0.0518356124056178 0.43627147530747 0.59755558714359 0.168209437317983
0.522220001159002 0.505114743344307 0.127735868328209 0.493127162096787 0.461144788966019
0.395161924641275 0.0375792812005216 0.270897695663076 0.635392158087756 0.604422116457757
0.506943267796452 0.62715295616329 0.251871308367697 0.19676879448159 0.497524450003121
0.638990443253111 0.39099275991551 0.393778270445805 0.498895390946965 0.186702805928113
0.20709035215325 0.0626081880327399 0.449823536667088 0.740896478759893 0.44936065076707
0.218581310276658 0.331772851573937 0.339273646507445 0.592406103498821 0.613267793935996
0.214293730963315 0.371565346033832 0.119554571050806 0.785846807233928 0.429149030754679
0.15779334362965 0.166203696986794 0.475969035596432 0.413714050926335 0.741465948667653
0.282063332590246 0.335603027107133 0.62575206444234 0.389660341695401 0.51420818406613
0.758211982678148 0.384354237310689 0.437477442530253 0.24396387600032 0.162731447694293
0.619709917777144 0.147570882913553 0.308970771904779 0.256843707844329 0.657837992346217
0.221619896221377 0.740425419226151 0.554748341228005 0.295004403457906 0.0887778125875328
0.331282667304238 0.498713452060371 0.502356724829178 0.449296032335988 0.432790345807133
0.745315761521031 0.0897094250527238 0.624237234757025 0.186406827748408 0.109713280858397
0.593442513232566 0.327734253318979 0.07357164418257 0.316758843991352 0.659293023332724
0.166518476478364 0.235884177809078 0.200566820509385 0.683123282799575 0.640113882569772
0.522264727999044 0.295687805952376 0.421711060668271 0.251859214566164 0.631296279608324
0.0108040042711344 0.599638025371155 0.0684766900745916 0.485620275197098 0.632298508028142
0.397986030754226 0.0733789767791292 0.65310671984263 0.0954398082512676 0.632902441604317
0.376918233855093 0.30122027620095 0.110087692732702 0.642167098598403 0.58540678812214
0.145126753640906 0.361757658903606 0.568768241904903 0.401543179243177 0.602773078202669
0.69282726796436 0.0639390921439139 0.711173806947511 0.0757738690577594 0.0662744772944651
0.358109148790324 0.401039335360286 0.0881108953382287 0.610836144019708 0.574491918418597
0.414658782139801 0.71675395269002 0.185586159794012 0.286286311779342 0.444881771573372
0.484684130195873 0.00924896423130674 0.126686940310291 0.802356394870489 0.3242998386712
0.464523537453064 0.071850472673806 0.726849541828686 0.479230907176522 0.145199427956306
0.0764511972954457 0.711225038458553 0.0751143699168963 0.531621702370089 0.447269891791119
0.601220063890622 0.200392305751104 0.764368311240417 0.0259994181437751 0.115941681886933
0.614728506171085 0.450124504427587 0.153878168856972 0.522830268650846 0.349952587568938
0.627115475623721 0.492516027327107 0.200589784337775 0.567340486844646 0.0451957239721088
0.570187357601638 0.598975869853743 0.4779717888552 0.0599815472820081 0.289930108144067
0.582298361376873 0.235092288923496 0.335589121612378 0.443263191394047 0.544571316392185
0.36869472446499 0.132470534845199 0.568930894401633 0.237700046846255 0.682885116746703
0.877234978332934 0.0972885075885374 0.431605056475224 0.102213048200789 0.155766835632406
0.0647818476403797 0.137484585986886 0.976574595222706 0.10456154052135 0.11077113812597
0.136478652736744 0.333948162539021 0.916153743572472 0.145056422351842 0.0973301318020487
0.656643332844361 0.675168535197438 0.316183011605581 0.0195801501773372 0.112302731050735
0.613521205215149 0.0113211069008377 0.684884557655437 0.00969080520842915 0.392813943578153
0.0291328418938209 0.722290245838396 0.553586551091396 0.40894267713448 0.0612853617001329
0.63283918254237 0.071452358794542 0.173876695974481 0.75109613973877 0.00553289511160736
0.451672903129093 0.739316746840261 0.272739130030646 0.333551438111991 0.252505725685616
0.0141110278807479 0.212414229721125 0.60719235373467 0.748141056639518 0.16212180248377
0.688537516813481 0.290937064660794 0.471831818012748 0.00315125779888781 0.467585839640121
0.45427668668144 0.555214663699824 0.0449355362377412 0.424671060094213 0.550458588316967
0.511961348805305 0.776404983333647 0.139826884524293 0.150207056082135 0.304921566720853
0.137142386598802 0.631140690736837 0.697202318395123 0.311065409052606 0.000795493315271271
0.203888284083079 0.596870193961679 0.285442467939076 0.435309666141719 0.575502937641712
0.30997560481351 0.122256688859359 0.562701286935287 0.513780740818051 0.555306256488679
0.737264680306817 0.323294965414282 0.575829457653777 0.142454582858735 0.00694867113665823
0.206582468972061 0.569831118272814 0.510057614318902 0.374508255067565 0.481872366008801
0.168984267066007 0.220910081906119 0.687665439088782 0.0945565083172029 0.663941536442847
0.442371705781 0.521157073055477 0.0445305964104322 0.675344737965035 0.273183253540414
0.448135830288268 0.487655662959626 0.481533852110749 0.437719570819621 0.371339411573997
0.0664096455622092 0.533946061338338 0.200983840857731 0.558993637071783 0.598015862653251
0.390758317237084 0.496655415123832 0.140390281090061 0.484850817734149 0.588091480686634
0.620887883798297 0.271185326693257 0.422269652104828 0.583406078939513 0.149273046148437
0.0772398324062132 0.153539935609442 0.0452853387197469 0.505050375468536 0.844590346143642
0.439961763021089 0.612777892287105 0.5986703818159 0.0745471295874684 0.258792196965484
0.786106022607582 0.178977629636349 0.0623910773620293 0.183016920660303 0.559121176067824
0.163657479261934 0.763010222245129 0.299277582641552 0.249958241189372 0.488861367281985
0.473273332851136 0.48549904827288 0.602575717828494 0.350177404548236 0.233626445774965
0.0826405223719378 0.567486373580925 0.297182310705108 0.615283645218861 0.451927505239754
0.212817625745683 0.694116154486433 0.169716214000181 0.39869897462467 0.53399153232202
0.657589858363026 0.138689031005252 0.235531626943509 0.698376941445867 0.0716619231041053
0.681888764558214 0.164260496466436 0.432508520129538 0.040916853910096 0.565073794429833
0.518237253097572 0.429008175237791 0.496378007956331 0.0467967701983167 0.546626994025483
0.58635238803907 0.662296258677011 0.448746792197306 0.00610047271351899 0.127057638529186
0.505274995082259 0.196774382680357 0.49967870904192 0.350422001024189 0.577496866306468
0.20066984349136 0.308007410932818 0.106119819824484 0.565469251383317 0.730647766234884
0.0111689379164652 0.321634438610774 0.649567412903227 0.293313231643579 0.623262438273284
0.466404442509716 0.377046959594307 0.501282533926423 0.577617186488495 0.235322530415833
0.524953883482621 0.136010971429266 0.167412368626988 0.49872541491256 0.655111055637423
0.0918000847582174 0.55390630929335 0.337133289422268 0.538398775360896 0.530309766850105
0.474530837529004 0.103992648812153 0.621497502615391 0.146891743694308 0.596799533431731
0.297388492324732 0.158489349122975 0.39844604788151 0.626067909902532 0.579414299068706
0.169538728098507 0.477417769076322 0.752967064371837 0.250264118901311 0.337249706014307
0.212726863564441 0.380232831360287 0.238644127543282 0.86400492808592 0.0819435177797843
0.375432043785877 0.0799280899079123 0.613068748276814 0.174758094013195 0.668033381954531
0.114880034008809 0.403799318184904 0.839694723898418 0.326871471896398 0.108703725497256
0.574225751811162 0.513034725518541 0.49998532511117 0.377768495019039 0.119857395322727
0.230078568398721 0.707625815921434 0.0200587128236656 0.589256378329983 0.314172127411724
0.488519446966081 0.112263946978717 0.612650594545967 0.335711507515404 0.510590431626879
0.612687013315051 0.64973100903744 0.0637938289152462 0.380541091334133 0.23148016072405
0.628105969888845 0.415357205744426 0.513930561267672 0.367176832486097 0.184439242317757
0.716113923250644 0.298171253825844 0.241830790651871 0.342563294111441 0.471638644026021
0.0832557415741644 0.591816783340654 0.0471917987260327 0.233352745194312 0.765598332609559
0.185801461617589 0.862616514327475 0.276135085033056 0.222166763083183 0.30945421351989
0.169533329613753 0.455333808238683 0.540085937178138 0.563544805113341 0.393260735793839
0.0221431850355187 0.6235509059094 0.433073524106601 0.33859338108338 0.555423975086117
0.58438848223924 0.637312931060865 0.414455565473024 0.251706994192117 0.13112018552432
0.347171456090093 0.513580077160504 0.314123778222031 0.715304235092204 0.0733047586093051
0.574755093754748 0.493192522120255 0.408715356882472 0.502643011601875 0.0819724238013245
0.729751029633046 0.0782723807037288 0.288146150386227 0.452488828225224 0.416608359874644
0.820773324635714 0.0107955515863 0.0234052940262283 0.141029266722829 0.552971557832365
0.211323285437873 0.279352476916632 0.527593781400134 0.582118482169913 0.50998778143833
0.558088030870523 0.407498230896789 0.405574349032738 0.211854444558878 0.559562403438946
0.0834237302439349 0.170595622792846 0.920284900480531 0.179709694258469 0.291063124516271
0.00609791230293514 0.599145867888509 0.74564238004196 0.154091615116502 0.247508100259003
0.284930382330665 0.199267724863484 0.467993956101632 0.812414072845717 0.00849013234343425
0.620666470280903 0.712604718386278 0.277147587030206 0.13075532442509 0.114279955112352
0.0353252506844449 0.558769762067709 0.584777648079638 0.555429546715439 0.18989892207384
0.504999182360263 0.103417275253227 0.313858778111977 0.506102423979278 0.616144217565189
0.225191228659797 0.466238443132448 0.34464436728379 0.755965142690837 0.204077406432215
0.513563531409987 0.553738947103898 0.515259901301348 0.271957879320993 0.3002862362016
0.212570568259362 0.12663636626601 0.401233109632933 0.613395541998568 0.633667803379186
0.391989132019972 0.546605136090093 0.542628643123916 0.226968443353681 0.449006488774121
0.112478304906439 0.596434746175669 0.73841180409094 0.111609584980677 0.271855720188749
0.35169668802957 0.373327371677017 0.525269969841378 0.302988610762488 0.607639262817025
0.369694223412793 0.736593321060681 0.453075297212121 0.318590897450903 0.118233141130505
0.530810756233469 0.766869552752333 0.143945588023879 0.199874174879015 0.263592511337446
0.070318043147242 0.618290869253625 0.449462216839505 0.245696880999726 0.591936256793132
0.329576742092401 0.688448929723536 0.133951491347034 0.466256199049768 0.426707624782877
0.294889719775714 0.742287475704969 0.0230611170018685 0.340086978530102 0.495841091983145
0.266243361215337 0.536180763122855 0.377588765334924 0.556776639643804 0.434800137655859
0.316169984127216 0.352246557693009 0.550042629529904 0.546317235899828 0.418269634552907
0.90838496255238 0.0513370712553421 0.0169192967727373 0.130680134896553 0.393494224435087
0.391796107648376 0.0686434041104532 0.54118024568308 0.606883399396199 0.424971027628266
0.0268697822933715 0.56899638905234 0.656525725473745 0.155422456156829 0.469402765179601
0.715176093603478 0.380513846786024 0.34942838958477 0.392858823508327 0.259411088594955
0.388436376370594 0.22448329200294 0.68579041443055 0.477306854326914 0.317165741232128
0.530703326813079 0.558935001263915 0.237494295563032 0.47979490951702 0.345454696954914
0.0133934031155594 0.147665937191324 0.569431454208236 0.571125330996 0.572345230607713
0.13029081437154 0.378094872892981 0.0302960690190498 0.743239959738246 0.535485836631301
0.10255333897182 0.45266168816284 0.489906697141589 0.50001808325906 0.542727881396427
0.1514313881355 0.513679672404391 0.651882122110924 0.251539969521685 0.474319587884648
0.0236459803588197 0.806367246624089 0.429393759417809 0.232524038611551 0.332815717816287
0.438185769261485 0.535805889520883 0.395521983468351 0.127814662816372 0.590026315458772
0.552674971845907 0.0592300272213239 0.763844079428051 0.326328379166202 0.0330785526279446
0.47853014329905 0.547237460284428 0.351240911567648 0.48997485043061 0.328777328905551
0.281349440375484 0.752429291710104 0.322113815049492 0.200821723850522 0.458918270241009
0.488708683846808 0.382257652332706 0.600770806382672 0.495896255927651 0.0905773212292161
0.642763024225064 0.440202841475519 0.347532644493673 0.0375890305647593 0.520466405100622
0.42293862824686 0.281080880326164 0.508719068697489 0.229928182051573 0.656090234414254
0.140353705807045 0.503493503393956 0.566437130455732 0.422965943432307 0.476491256209181
0.0244924626913741 0.0703570685305121 0.39871714411201 0.412979969996452 0.815427609019953
0.177130829886172 0.513283027856862 0.152823641326714 0.4955565414291 0.660480015834242
0.0841728893386436 0.539179003133853 0.601640596644337 0.248917503395497 0.527512650324869
0.357120130244278 0.240816414973564 0.395178912059406 0.30916827763459 0.750147499110405
0.475377545794434 0.461834958763753 0.584501694279216 0.0230093663833996 0.467496522191881
0.156435711622714 0.681046185654303 0.405180178601925 0.307714542665489 0.502836697383059
0.223792413993772 0.720933414757344 0.276603646776259 0.23765645214968 0.545143834475689
0.28144717457968 0.621623580011385 0.0508805824512425 0.597899278102784 0.417491595446587
0.515306108628338 0.322177137304343 0.414515440937621 0.471030546589119 0.486794289215624
0.396287012216971 0.532655984354743 0.31391569505791 0.333392297782923 0.591219687133774
0.543500310862064 0.451171726591546 0.461023600315587 0.346682779754056 0.410267931224581
0.449163677297195 0.161709912544122 0.594125177718421 0.492791520415776 0.419849599010403
0.155269530692014 0.487885186948845 0.318810208347746 0.385778475818009 0.69813640203285
0.884506504103704 0.117371770248676 0.16110471908445 0.36273401984247 0.215270555544828
0.434674912982902 0.331162965683393 0.561537140302339 0.0567680204316321 0.618742468318146
0.0938473198089964 0.559431829613839 0.360346912087193 0.382074020603401 0.634348685116284
0.518744939059929 0.694451161425923 0.0868117959783986 0.0713114159276746 0.485818553197891
0.498218189563229 0.484548226211789 0.0726752585330693 0.474391061680936 0.535409263515055
0.396229784883416 0.0652742134327876 0.708945890683052 0.0683568419313815 0.575729364264803
0.394779434772603 0.781311338826616 0.00420133731828571 0.38915252552234 0.286782932452241
0.364700814142044 0.37656152183966 0.551467361538407 0.613812625501226 0.210505454482987
0.117204988169874 0.776800388136249 0.138058081570399 0.465545806208413 0.383472575517901
0.289208207329891 0.459183107682883 0.582356592090253 0.50220369498599 0.337878284036081
0.0636176253885484 0.179600760591467 0.365371713572592 0.892442082056249 0.183703580887867
0.528188723702776 0.239338476419777 0.374834024279965 0.573067156960509 0.441392403325633
0.496796835159676 0.403717485239962 0.475634410495835 0.461744043401568 0.388290410160102
0.482185399103041 0.390884531038547 0.549041004209142 0.144941130742361 0.54060389251536
0.0565099532935957 0.234647928712489 0.506248543785416 0.0710847253946083 0.824867473270957
0.372166092958891 0.703144810751111 0.408819585351514 0.290796707638098 0.339681609489471
0.170417474164844 0.395413962667319 0.0471601978326148 0.584101837227729 0.686444930139762
0.528290910587533 0.166849289903381 0.14760416840549 0.537833154164818 0.618076480704273
0.81878449402749 0.535922488821207 0.146080298749485 0.142663360358129 0.0262059200261667
0.550444650159612 0.0316686417441327 0.635856103414163 0.279027998750077 0.462426400527941
0.244049238211839 0.241880204203792 0.843206600219638 0.214674957587505 0.353342932677867
0.635575796705707 0.534702807441422 0.0634494501399393 0.183269388192129 0.522037175864698
0.134357938713176 0.104783490645327 0.411593309245004 0.592602703012422 0.671104573490633
0.571479548594829 0.167100492739675 0.600415792799868 0.115991136568804 0.521090666638725
0.177987288982769 0.52371662683362 0.638733976289864 0.39326268394888 0.362497984387282
0.172185599299989 0.650557035196407 0.193372118370225 0.684298413998836 0.203643236533537
0.158180337196525 0.177766020913034 0.928274600941463 0.224900918141306 0.176363445757063
0.205144625912598 0.483723625920852 0.720014439665151 0.315944164346029 0.32509326027239
0.388391535359934 0.294331518197746 0.518162357082047 0.6505849733583 0.266022436647214
0.0583177774229916 0.60857940236346 0.110041208952992 0.775617212866448 0.111977762492486
0.625570902905316 0.467206061738154 0.570700753608548 0.0929229076662906 0.236739359581014
0.686788228158753 0.613107759166312 0.339071325042618 0.16691588376221 0.0979312493249584
0.393066033997339 0.605220436443916 0.532119077291528 0.156825650971874 0.414080087673748
0.504443845019255 0.485752342503879 0.045573705869203 0.0586781002556466 0.709972525424695
0.661634161575793 0.33779893370439 0.0282698631269797 0.660242941811347 0.106827848668566
0.221200634114254 0.663563575103608 0.405679943755369 0.585753923825508 0.0554056424999353
0.792904278010048 0.131619848052084 0.510967759026122 0.295431740569803 0.0749069917419597
0.545486112484507 0.410441931955594 0.595021905790627 0.101727720620014 0.411804230267061
0.405513632450383 0.0663263641353492 0.0932709888634423 0.314311565429814 0.850686939943817
0.556809187690246 0.543678181917942 0.55393758670487 0.234973542544641 0.17977248774419
0.125329019164231 0.201314907116745 0.402930321489486 0.539167751940835 0.70050712802894
0.322973638481251 0.581125733565418 0.3595631813035 0.65420895831073 0.0265681792965132
0.223308226032848 0.436936771185742 0.340194015042244 0.520533691476503 0.610354325239958
0.685401795878906 0.205617055686118 0.365694304462321 0.115249178013852 0.583893232764256
0.156679390271074 0.277726040013293 0.400852817250519 0.152571773572774 0.845197425560443
0.127006397621516 0.617542864536694 0.637818026478822 0.128215002911522 0.423390202472941
0.315293041782063 0.232632763902547 0.311295322794807 0.645905899461768 0.576518070843783
0.548683208090518 0.599142562133007 0.470764957750464 0.288964710781504 0.186694075635403
0.341766953497116 0.650074388860257 0.0536672314738 0.0594583682474756 0.673931130870617
0.0256587906029936 0.5208672371408 0.612183213096052 0.593586547912632 0.0304248496900208
0.0566572883201536 0.349178767538375 0.86090042727378 0.284334090135844 0.229931988829378
0.484340060647703 0.0844728431057095 0.482601364805993 0.531966910902069 0.492327302535743
0.406162199684844 0.583130072423334 0.509532658346691 0.191587326802686 0.445715551074317
0.515226783573037 0.164459349002107 0.532518660344976 0.386399186257985 0.524036286203871
0.134741655794819 0.379296379121382 0.15436924127768 0.800672101695484 0.416020751757614
0.767680472404798 0.401761654490041 0.122379717480801 0.186721692257488 0.446556244676513
0.771402096849925 0.456410444077537 0.337377982659563 0.272742569620667 0.0917382093010559
0.616472288889656 0.441879312110511 0.0253090498162784 0.237618318486136 0.606301556386843
0.258843468628164 0.258573882573116 0.460287011861082 0.590906372902795 0.552363223951834
0.315894541136232 0.202401127278365 0.560790639116472 0.550465843765713 0.491676353390538
0.399976881123779 0.0170036921626361 0.0347385982769384 0.901642843290777 0.159883651295585
0.112130980639394 0.023328528916632 0.488771584175854 0.73574840370707 0.454597676923407
0.244028672832095 0.849609545270822 0.37677714372844 0.0439129954685465 0.273357385510858
0.3987672379291 0.0905127353280718 0.593018611857144 0.495369672348891 0.485520286296881
0.380522805836968 0.536423235864486 0.12806651207534 0.0775224030303409 0.738269430340911
0.687794697224643 0.305986962761464 0.171954150074261 0.613555589314777 0.16520212523606
0.24224452731201 0.463754442495927 0.400668803160605 0.361474611260117 0.659583218131623
0.536759384681944 0.215239495918693 0.376113547309889 0.635866331432091 0.346083704374525
0.558493122093022 0.56470897063631 0.191731809817818 0.471070417666864 0.332446666039558
0.570631481006427 0.146293076095386 0.100717404148948 0.404149251363475 0.692457533640007
0.494903073841047 0.228169408040196 0.300094670483902 0.565272897085753 0.541682018627818
0.472434453465887 0.557354023255617 0.453473415502619 0.305375983930263 0.408986001973391
0.113798007357257 0.425445049321735 0.307231532685772 0.308416810851885 0.785197032366175
0.63333308425071 0.00934442128422905 0.298293042409883 0.393140683428735 0.596039889661245
0.478187701950435 0.570936781303274 0.0313526198401061 0.534257479925637 0.398689944482036
0.212933398876041 0.855670673689531 0.0889799245748969 0.425852167709769 0.182262366138315
0.175947991825107 0.354243523890289 0.748323590351217 0.153243144935969 0.509982521865701
0.0555729652286729 0.892228105454801 0.128291434761464 0.19826402907475 0.380884937893481
0.419583151727425 0.385417994467801 0.494499270611714 0.596830174270927 0.273252928202271
0.662011354804484 0.451222172156435 0.1074310478321 0.186443159027733 0.558423706407434
0.252765363920496 0.617203944402105 0.103479833241199 0.265050802230815 0.688628316412996
0.025586948547982 0.327540810978906 0.354609658677216 0.222328602557409 0.846690207611368
0.287791272089838 0.611833769758781 0.517580150503268 0.422544698124253 0.310487339168234
0.629041195272041 0.0249379978236991 0.651957962713096 0.324579242394464 0.270710918096948
0.563058696942482 0.621663998092039 0.212102904291619 0.111790290765274 0.488890648463776
0.313981865246656 0.399992626329764 0.113480568085927 0.493713483961626 0.696268944876488
0.411499743479437 0.658874598777041 0.592738604966843 0.184373852282219 0.105921919258131
0.538563760596428 0.294525693652272 0.401031818487921 0.435080374775417 0.522572712257764
0.649838351776522 0.270591767655975 0.0609414379530129 0.323161046872963 0.62955801222872
0.669186313817092 0.289534966810209 0.0844103932318869 0.469219039925925 0.490986311906487
0.29334219753434 0.594910042833229 0.0872037458063551 0.611437372525572 0.422578090154063
0.631596159860028 0.575553365846681 0.454145246481511 0.062474896319404 0.244281796990177
0.429164732070429 0.0624333943243256 0.472492765357431 0.762965558041956 0.0809558394847135
0.746115635866837 0.193386520141586 0.334457562134567 0.448069429590687 0.305425992901443
0.286996665743985 0.246777656008485 0.365049348758558 0.593878967687534 0.608917438620487
0.0225059288091866 0.705332216025728 0.0789203687203574 0.693480225048313 0.121888067802613
0.326457763340992 0.197965675656241 0.731956243390402 0.357463966666833 0.436685802738067
0.590871667588465 0.00671890549964976 0.206296993586637 0.515343822088912 0.585395442604416
0.589967091259265 0.417817424320177 0.63936102414844 0.229837030455798 0.125538246748369
0.583144166075196 0.496700587527536 0.534306653660848 0.344999985913697 0.0933960250522499
0.53031766171127 0.271614248021324 0.536700184702048 0.57394423438121 0.165921082175399
0.390449518620643 0.437145458156577 0.56647971638717 0.169325676135731 0.553969826024011
0.649404327010587 0.411197505858854 0.422386992018627 0.331864163073713 0.347341384629336
0.236991307278341 0.0681931622305386 0.525719383318237 0.573734256278009 0.577609683156468
0.461932801466383 0.30303510717487 0.465169789756026 0.245441617143015 0.646655464696224
0.505680795046538 0.50723118940527 0.374266864758732 0.346013781024842 0.476657352088665
0.310095076416513 0.134533972886053 0.0712863095213942 0.756254782581868 0.555642528626637
0.441853778402411 0.608855633219663 0.329190606810919 0.545781126424022 0.16678298125103
0.223802499628582 0.880787744306518 0.0395050653771713 0.372074509976705 0.184730342593129
0.381036603527788 0.291868144583717 0.472267920768016 0.446467529944289 0.589282486307005
0.569025648450729 0.756566980436618 0.0700556738034656 0.209365534756719 0.234679549475922
0.602228138585986 0.374734657497619 0.340687059930086 0.616691838903391 0.0227751748961176
0.226183401464021 0.494324771811007 0.459685230046204 0.635815731436085 0.298181042006237
0.253488206340496 0.80159082619935 0.484645462205839 0.160514149441756 0.180415798619747
0.010692913630388 0.701777571627765 0.0592528009653509 0.22059035290789 0.674702084878996
0.285172624618473 0.541111277355891 0.278523571225645 0.234966722749049 0.702203972616769
0.00960864674425261 0.685378113692162 0.157438368442668 0.546216415207997 0.455000333053673
0.0861221001174195 0.345498640593933 0.557716887152948 0.537223598197562 0.523026149005191
0.00347588262808258 0.731408509208487 0.511741865942573 0.130293230951451 0.431478212088651
0.539107059016978 0.526084036674649 0.251028123880216 0.27561046367989 0.5418698354822
0.0629632012017422 0.34426314705886 0.593321005411967 0.426024107786871 0.586508452618453
0.00112818472550814 0.112870140195955 0.501180796783569 0.367324822019921 0.775338211824227
0.549691147161271 0.0289262722640183 0.615597061213634 0.46539845398338 0.318508164354464
0.198374713981431 0.7259447885217 0.523030527338321 0.30848088450962 0.2548141444962
0.515380337196744 0.190398373028879 0.495894861709902 0.312632564340825 0.595382846093439
0.434631240199895 0.127705921354353 0.653559853312898 0.16652518166743 0.58302295383766
0.582377999651423 0.748592274519048 0.181409254617581 0.0695660758648154 0.250393121870929
0.586841837065846 0.0683684449325715 0.624911691855551 0.503609502004991 0.0824940051106879
0.122949953491343 0.476480161422184 0.630192591219143 0.182432172264409 0.572211294193812
0.771690798258349 0.259412533471693 0.202516700358811 0.442838678681172 0.316353188858406
0.173878090807335 0.672100917613325 0.174561613927907 0.696242395802943 0.0531181260021956
0.0804017428866612 0.0261991159186 0.219432363976629 0.531313435839811 0.813882446426751
0.0534566172347128 0.552557535926857 0.546247156696159 0.573627570830705 0.253747932697958
0.442786848894647 0.481052078029893 0.0598863066682428 0.112267841217168 0.745880866339353
0.525968654143269 0.217883390126581 0.620864290097866 0.410671799338741 0.348941269664138
0.15791167368325 0.699164371632468 0.095896093809472 0.665498543204286 0.184793703733081
0.307202461456925 0.223985042169239 0.573921230057656 0.67985617442127 0.252719908890521
0.196363911051024 0.188223245249448 0.565340554541068 0.624980602793617 0.464545506820847
0.768972591068791 0.0883738241012747 0.395144863520577 0.0862735074546167 0.487122818335838
0.498783720817541 0.304543132233671 0.501146235786423 0.638216625192145 0.000519752020659571
0.26167620320248 0.0361116970582553 0.104645208747012 0.336820445377065 0.897676377028713
0.382398917671353 0.641628693248458 0.0770709388072086 0.55966111363801 0.350604044524435
0.346411499703589 0.539131362510169 0.414113952671128 0.584687145875088 0.275657436835246
0.0436781073226076 0.800954790378141 0.194222182508638 0.03591317345698 0.563517199830541
0.620052318282865 0.435589876984709 0.21541897510805 0.239178908901446 0.567613157318082
0.0875570587261873 0.396833383658002 0.340138209485393 0.817425914995752 0.225782858125208
0.673579677538542 0.493326253976103 0.346582894025664 0.413650007059213 0.108136924191914
0.332256825803236 0.559258191411347 0.52849473362604 0.525654166152161 0.145659504265542
0.512974297347291 0.444441794683075 0.452177540969012 0.41227400160011 0.406072013869205
0.0683349247484525 0.711111024965028 0.618388236099881 0.325983348271981 0.0313415751913684
0.558842103471378 0.56064999273766 0.226293250834141 0.552743980520935 0.128967227060738
0.109888188961672 0.374351679389463 0.586101494358855 0.413580512154584 0.577253500934626
0.599554206711399 0.446955273735346 0.00108560896665593 0.0921764200455141 0.657470961743248
0.661594685829108 0.465559802891539 0.211618672295548 0.0542492971315699 0.545729871741392
0.525739534199074 0.163559215865711 0.317173736037713 0.577688334727594 0.512370309613148
0.505945592583379 0.467933354586104 0.00995591517069641 0.407206171699958 0.599284111664765
0.844237481250555 0.11365320820815 0.151045755063838 0.303256494950718 0.399458009887289
0.22506765696794 0.139285120873049 0.355741698199815 0.15172332429987 0.88338671142125
0.534322566211916 0.401092942856503 0.315706494061901 0.416772904505195 0.529389839442417
0.0440450132812217 0.502148735128853 0.281361581899825 0.66894678427431 0.468244107975144
0.320744840638697 0.381323021931399 0.412374135341593 0.619482197283018 0.444865013121329
0.377545779249829 0.0664057583140367 0.868518645697369 0.0177011586484365 0.313706058105176
0.351276406404223 0.781856075746702 0.213812733641075 0.00429547842710055 0.468584706237532
0.434853938915495 0.237060155805664 0.432883749873494 0.408691846788104 0.632682517384087
0.450031468360295 0.40962040774637 0.483311059722192 0.617490099540505 0.121651944344689
0.228498017519243 0.460656100987598 0.646647458066568 0.449421478079483 0.339782301819236
0.0486819967959379 0.69058610272552 0.668421450372273 0.264947837896825 0.0611253285174241
0.900902658573561 0.0598775969304981 0.219753902565738 0.365512552318743 0.0538318638492609
0.502591462550067 0.655046287145087 0.279850894534121 0.308140351537461 0.380853231641854
0.578108340183429 0.534637265280436 0.547272247631844 0.083659567077341 0.271012740276614
0.0548863304052878 0.506501476894853 0.658126762678402 0.539098793964822 0.129171975405255
0.598566385265939 0.185170760019378 0.53753108268399 0.203572191706944 0.526354224810367
0.492360792569868 0.615181327363542 0.162824439542257 0.392502941798475 0.445603441380894
0.388490546662393 0.542738817944116 0.0390480253740202 0.409796109926843 0.620525640609472
0.822782533165944 0.0525948435478659 0.442934516546016 0.157628808233009 0.314999775264042
0.217460444918764 0.634160346046749 0.419697402087417 0.610297223555858 0.0440794736661429
0.442037574804813 0.614761264788491 0.220970550845659 0.228511804912994 0.570636259319985
0.585202674427325 0.233296111431936 0.545524174743089 0.545586476915013 0.0885975463101571
0.69814562202589 0.0627160069180009 0.50566853757374 0.431921231525381 0.257687354730453
0.393371995329789 0.866014989940754 0.27921209193844 0.020435527982519 0.129998105369319
0.593448007057133 0.50973062516875 0.173740102609473 0.22387455781015 0.554696954918226
0.320598228299074 0.425242684754492 0.589351898242343 0.426636335665987 0.432471053600045
0.548897447466261 0.036989161979337 0.0176081262895019 0.800611726668747 0.236757705408188
0.6800043589219 0.348906723630266 0.414174048684444 0.0609716151694438 0.490510437802066
0.241848156452948 0.772153462960318 0.462378651905186 0.10662944195564 0.346590021825891
0.0567065386817764 0.29251655240529 0.0465920941041126 0.296953611193419 0.906016646980527
0.162338352831882 0.897436321667637 0.260712260806402 0.017138082328625 0.316211497183142
0.0869557313363566 0.632303159188605 0.243933265012472 0.535118548287424 0.496765656187084
0.0546715164663325 0.443110111042536 0.188278704206854 0.861158920187 0.153690918741774
0.40447593922088 0.298871554478038 0.474745524924999 0.0412925806588548 0.721100976189526
0.111319112479706 0.243807306392349 0.52728164911144 0.638727036161968 0.492105566248245
0.101837913878954 0.770925503169874 0.201750413256883 0.489519481660115 0.339072788181164
0.627004328080063 0.5395970191134 0.247336400771599 0.297018197743307 0.407805743700933
0.558753703569406 0.626622212531063 0.0634741522858254 0.53923037184636 0.0184537145361066
0.131093053720901 0.532721448606227 0.417421452281438 0.641606749291381 0.336337003465296
0.472635895500494 0.722691106453017 0.331897437611031 0.157380683299375 0.345555041013169
0.490325981069986 0.22975515431549 0.514841662244405 0.473734986494592 0.466161159623588
0.519315615657258 0.242561051729889 0.634795432192726 0.197815115197231 0.478935660590198
0.158680088739028 0.165959907444697 0.724670992946844 0.437951494631577 0.479925388878443
0.185426982356787 0.447082722270827 0.371228304133499 0.371241926107707 0.700073461981647
0.269242314602088 0.682764942422799 0.532934854970857 0.420900978574526 0.0127834274863888
0.28017969020236 0.566253843015788 0.236493723006163 0.692458347342085 0.255789137069799
0.432506291628113 0.0602649306421017 0.82152566888402 0.365565868501623 0.0276336206117981
0.227311505563207 0.650727984445112 0.216556816738069 0.48820624727243 0.489530770173883
0.194024011215284 0.472450662216286 0.685015513076092 0.0487461933207693 0.517225879403918
0.388429908539666 0.154249470589911 0.650814534158941 0.24277995195105 0.585514853810495
0.515213924083435 0.170143038860275 0.00684409010147295 0.361987666261658 0.757973645097942
0.477471371939578 0.307071345245976 0.446494566415599 0.57496156608857 0.384434750756599
0.0693772592842075 0.133400792725198 0.339992676861884 0.725070512009033 0.579714375093244
0.759264619726633 0.502899296697141 0.0613283098479635 0.249285628829757 0.323581594475083
0.393414145972239 0.554433002763201 0.429890214584159 0.00752011206737878 0.594110432929093
0.335818617739679 0.569410689945887 0.395108057087808 0.364306670500912 0.523610155752921
0.922283170278777 0.0899793402460855 0.223618150178254 0.135581484643209 0.270018621732291
0.640550903138974 0.188573403857464 0.742503839216297 0.0445427783906186 0.0289586168136095
0.4479571596728 0.485527025935095 0.506935904997611 0.434609831208106 0.343115393163894
0.343902004386299 0.387717657573536 0.493513534668948 0.17887810922234 0.675169195479457
0.916134733138315 0.0917425423866606 0.066588881173167 0.263862080800956 0.279684071540581
0.462931720601502 0.0255845891119297 0.264196948406936 0.585720515740935 0.610058276522451
0.451833500098202 0.475832822930378 0.292469391013498 0.469525926987402 0.513260822601852
0.712591137870988 0.267533179769458 0.566694748833213 0.314278610335659 0.0269422471319967
0.374625847970975 0.603474707045497 0.426097786214445 0.427546119863184 0.362103222799058
0.282126318143107 0.210116404991875 0.750417344436617 0.392683988569214 0.398658915934879
0.171255006398128 0.475915566890891 0.784342815666543 0.140458112401591 0.330535871196093
0.219652716144707 0.26185395812259 0.314760188688268 0.671077724545066 0.577724761579533
0.723983430468798 0.545676137084722 0.233309448688116 0.256943634735383 0.240067106336425
0.57028564152016 0.53555477479854 0.477391928599874 0.399752380809771 0.0158224780308573
0.21232985389459 0.561347766858923 0.677736190536104 0.423372637025961 0.0351281090139473
0.294182483494647 0.00966908969427114 0.0861111708457327 0.276312122249965 0.910823612156988
0.68646174715172 0.144767540144383 0.622584024230901 0.207317439612636 0.277887101217148
0.309156397873538 0.34246013220968 0.00660248576724187 0.493826299091078 0.737045027802569
0.625029215324204 0.145776402615696 0.399685343450552 0.646941901420574 0.0990228400359404
0.617071940865917 0.594769856342767 0.165058885472767 0.292509983533757 0.390723062592346
0.41975965357475 0.354262209849287 0.557193720642087 0.152176263687916 0.603885471219932
0.0223230451332292 0.21927083110804 0.632980618589224 0.3250114597092 0.667176941919658
0.224734449752243 0.318946861566392 0.79083095375488 0.459597201017948 0.105471048118051
0.398287398128261 0.150811653476415 0.480534142402721 0.524483229210606 0.559130820050215
0.316799737507238 0.229478339461638 0.672407873692621 0.0882960638513113 0.622132682422172
0.519965102467592 0.53968493604514 0.146750763809286 0.440250070720406 0.472250516753438
0.772228629777411 0.221394718748707 0.4456811254429 0.28913394537923 0.269104473979298
0.529148073136659 0.547986964639316 0.336120149752656 0.123214662826758 0.539957401167806
0.197498293307081 0.650645737650313 0.0166448860701643 0.337914251115464 0.650531670926987
0.322291159359438 0.644972367718193 0.340832109592197 0.271392553314099 0.538812220124343
0.515449895405055 0.403153923751807 0.517642070429638 0.281624977537963 0.473827371558988
0.424499490348234 0.247355411132264 0.197143825378697 0.590005065691529 0.6096259655322
0.749843057794168 0.0320722915140067 0.440763970934698 0.402262210942771 0.283934838243289
0.417364240418749 0.0396272468662699 0.699894032538741 0.515003533456672 0.26297618878766
0.0253447675376346 0.58588750939493 0.416853829277146 0.575588997648811 0.388617626846862
0.781955166875342 0.480224760952055 0.15569227894836 0.19789353502738 0.30745464549382
0.357673028295908 0.707429528763544 0.361787266485669 0.344182937648964 0.349659185355086
0.304284969328616 0.147095146189481 0.810507011785597 0.316668110308638 0.358571286034057
0.393094491882124 0.0559515732249335 0.433909298171997 0.668534906284182 0.4551153062083
0.539836705604517 0.489462361022024 0.304021590905609 0.526760342969326 0.31479730266136
0.536160360399286 0.066263538229605 0.555704736021812 0.175282201450337 0.607132281842641
0.365192376603045 0.415109717580837 0.506531761483531 0.0763442884303071 0.65720284134614
0.789225385620854 0.149386999278372 0.186752280560333 0.282749730975536 0.489880587977309
0.551051337199435 0.392782475089912 0.364254376273514 0.0841056580400038 0.634278597056694
0.354544447054121 0.843731225908217 0.289025253680041 0.173773611920317 0.220642217233826
0.171623923868059 0.313483548618049 0.438984593439993 0.789879327869538 0.235916230108605
0.269459767535766 0.403504363240637 0.253575708100062 0.81166785721613 0.2036426093652
0.90401396204099 0.233623553747609 0.248505999476086 0.178136931589961 0.186254646646452
0.123530785785089 0.0697652415528221 0.929257168141857 0.279668295435369 0.195293922126744
0.473977874077468 0.0033105136321955 0.322919062206396 0.473710716240364 0.668322865063944
0.212152110148408 0.443054935003197 0.24989469193988 0.767440316699175 0.32753902053623
0.437113114244259 0.449747165416217 0.464278190397567 0.501898120307011 0.373100055359436
0.244457058143875 0.480880348420366 0.286595684467205 0.660154652460922 0.437096769269372
0.719179608625843 0.241403519631604 0.616048618993093 0.0784712647488267 0.197056821479683
0.625945395638568 0.356551976448745 0.312205868922392 0.325086135808904 0.527171271490223
0.236824103493366 0.31778302482194 0.378723140652117 0.168404403976619 0.819229535963797
0.0152129178306162 0.391663075235038 0.422978420452344 0.064796356584258 0.814407324766641
0.596235844916043 0.0145083539411338 0.00104621519854518 0.512038146347577 0.618148984486641
0.438430544849737 0.458143298916332 0.0730147728954608 0.455181904347176 0.620775041294933
0.216253759771262 0.538818437966538 0.411622527289026 0.495022029268755 0.498426612310109
0.342202428011715 0.491040820004286 0.460970427001138 0.284421120782596 0.590243426761846
0.427937844748243 0.404354291655045 0.523390168498756 0.0503236197128112 0.613919434999592
0.532789715948291 0.191780990933793 0.190015690986652 0.635459726634108 0.48932621338036
0.055383596002955 0.79023758861074 0.0999622576966325 0.217619084374166 0.56134364875075
0.61321753179899 0.15454006960847 0.218592300041213 0.54637271352015 0.503761739181416
0.405833558281921 0.520526513710579 0.342454479801591 0.429914609872684 0.512103142910083
0.599160212383993 0.0243032185945651 0.0774416801037422 0.613138828698397 0.508409241051911
0.20401998480398 0.552217983635776 0.576440795497952 0.505197196767267 0.256754641660099
0.197418031560671 0.786666449521418 0.572665895539544 0.119153351911962 0.00618618025213355
0.352036110881167 0.197529132488048 0.338336213952721 0.646428798965747 0.552006551274551
0.22708793018919 0.582806043829523 0.20545939955164 0.572687973980939 0.488449697340122
0.480226973710988 0.440654403696937 0.185620753266512 0.498805703240355 0.540318014316152
0.529775384604195 0.432968439020409 0.254247538527431 0.463584688299766 0.502318423518845
0.319093788789466 0.621592573779213 0.391012963355357 0.483895211966476 0.353208313184299
0.107008462569418 0.331326407792239 0.502438591866887 0.526524281137563 0.590846547940675
0.330272869107715 0.68514020937745 0.330961111166264 0.44786931841197 0.333737234881534
0.343098011976986 0.618150817841256 0.0972896339768074 0.688977856148831 0.12656050504342
0.0985894616947319 0.314133255654358 0.466934152287932 0.764408314643131 0.298752140856489
0.36396880530346 0.0281223624582009 0.611593470568582 0.650120307702932 0.26463721160461
0.253905438134805 0.575613198127467 0.264499463410429 0.453150761475297 0.573494460179866
0.22069435047211 0.535368543558127 0.384339884040609 0.641196975398978 0.325305730833315
0.45105924845748 0.55124074223518 0.358730480987127 0.531534816338486 0.28541615145562
0.520098791369651 0.452573319648549 0.109560653963868 0.363083143752816 0.61712375694321
0.345431355724222 0.457640051474809 0.0927340271262952 0.452292132372734 0.676812373538875
0.622307294632556 0.343616705897852 0.436716199188483 0.483616556602703 0.264679387223727
0.503417390626779 0.513186268704521 0.494581874354219 0.301609627698982 0.38422803966812
0.28254542545963 0.634446894803609 0.559902284128574 0.0459385453665458 0.449493384270675
0.12308882907611 0.313925253647745 0.0327831818143649 0.809020039523282 0.480324800441059
0.830371993284276 0.209827479388893 0.0879078991918019 0.0393610296740897 0.507126899567634
0.30562743609011 0.525218568185477 0.165306985682511 0.605956272148094 0.48603284114464
0.302351605629695 0.624090088320833 0.550206884742531 0.0348265598246832 0.463847564341494
0.498486240048417 0.572563016503506 0.170077004041829 0.275828696675699 0.564513421807789
0.21174863106478 0.505230250386678 0.1441408922747 0.765271474608518 0.305757885689256
0.473703021946939 0.00657479828721045 0.0688029229322858 0.255953863564378 0.839830933312331
0.460345495186967 0.699799744326183 0.165597981743107 0.470735331150683 0.222143870838567
0.671515250379753 0.289326385217721 0.672744944800024 0.0658304559224275 0.0918591402274235
0.641631540093969 0.36676758336418 0.592321958122014 0.179597161925748 0.265876031083211
0.0228273532220386 0.0134939380124526 0.426323715056001 0.747104689664327 0.509293135869915
0.44243991162525 0.593120637311275 0.380022920007288 0.105501129068674 0.544891664673701
0.483656159273597 0.354762075911992 0.00635005938750651 0.754782597561245 0.265487280779703
0.00948043437253224 0.859986772618247 0.0483951257068357 0.507770566741773 0.0126426122426932
0.269857454935746 0.773650550895115 0.120622581930603 0.0131521513745607 0.560284742571045
0.484052245118685 0.677914299391493 0.493865405536889 0.152441187701799 0.197444352114843
0.782498113839829 0.157073981196191 0.491689670901301 0.123971887599497 0.32541773904057
0.058959677725879 0.20528507125657 0.626569441663096 0.270541344805131 0.698999221349118
0.754535227777595 0.226178347494796 0.457263096047669 0.201901422141021 0.360091963111466
0.131350303258898 0.681250948529214 0.496004080858908 0.431356523730738 0.294203576062706
0.284198744720742 0.605084941636912 0.241665683184068 0.680344138640306 0.17841759300127
0.437651304116285 0.402049086759942 0.570276142534071 0.012507575047654 0.566962564605193
0.307194198425824 0.422598621774816 0.447426686384812 0.720067974382469 0.0913980410456184
0.218583017434895 0.342806016269989 0.592528083207908 0.577523714532285 0.387404606917563
0.674292029310359 0.102064824686485 0.669305756534244 0.192235683558564 0.223580582804346
0.362097457945267 0.836574073616567 0.374454092023975 0.0734897359386304 0.153011901433611
0.448958680335866 0.207307973007849 0.435197660395084 0.560638665303836 0.501743750366094
0.116072018499161 0.12381142651405 0.601654989558164 0.724954128419567 0.289224484463675
0.552805174661172 0.622592995512656 0.413871480708641 0.0165502319212687 0.367723929172142
0.106328031661591 0.493263875521784 0.641139060250373 0.0778038515865601 0.572950578049946
0.147835199933797 0.656045695971407 0.0844732275151794 0.701880889318033 0.219034904755432
0.0978506141138813 0.411822608192968 0.168098416353336 0.652561334737896 0.605585686359308
0.0415983044243025 0.385317843399689 0.697553994218059 0.595626870794597 0.0919064555115987
0.281612354215232 0.47478022620632 0.741996374060154 0.352704491128104 0.142545226424739
0.348915426896268 0.289350802759937 0.583867708723584 0.62722675795562 0.245396068897465
0.372818097797181 0.0201381192556629 0.513461399610706 0.546625408408204 0.546039537121732
0.0589569692955425 0.606243808567755 0.501583433047361 0.589924488476389 0.171451678128393
0.153801078811194 0.674128128069203 0.239708110560427 0.643747987281787 0.22366279463653
0.845273983053 0.446946783198864 0.182451351119244 0.182613903848835 0.138253872125722
0.904211399049859 0.169317625521103 0.127100769495614 0.138673384092402 0.344017985655078
0.398507932020782 0.561602849721717 0.0787063052005225 0.397624241092191 0.60124366750803
0.04804892664214 0.430465973567364 0.727545196249836 0.0989700859930738 0.522755445444188
0.386378666440397 0.577204810096088 0.0903098685048498 0.283245859333402 0.655104605496556
0.439862237903036 0.622348995352698 0.544138113222802 0.350014645850825 0.0246252122563596
0.491701404662712 0.369180900168141 0.255307059208638 0.440373835590983 0.602349053331107
0.366620822920373 0.374213731547564 0.275511088557441 0.803105676267643 0.0683239939627498
0.61841555317573 0.11387702381283 0.240865078202981 0.346935132221963 0.65285086748069
0.129504289349041 0.000368116578232237 0.110894157565973 0.430490524824299 0.886345811399037
0.480959977783157 0.570875013795447 0.218439970176266 0.566320330935466 0.272661842936282
0.583394684761967 0.511918786623846 0.148624343875551 0.603601136521801 0.105670573435588
0.120357839728212 0.58149742876183 0.523453399028649 0.326867687627335 0.516264258485759
0.707143380532055 0.273441257091512 0.590685334607338 0.226124935846171 0.158544842736349
0.3625852403635 0.0740334645800448 0.855704200860112 0.217430185033251 0.289042254453533
0.831630062066867 0.107495242755752 0.278510924161729 0.380866583728852 0.272412413764193
0.58691572370246 0.333757311775704 0.313235953117952 0.123786495193354 0.656274432984485
0.343697427440827 0.587900364886801 0.540484548838198 0.472659477365505 0.143926058308638
0.717081548948638 0.1996438845205 0.167168268397903 0.149696087354583 0.628953275691098
0.581666323091206 0.2974345603546 0.468969687657481 0.333208109942978 0.492175536180839
0.599482776274774 0.243197554863238 0.729689425711849 0.106663634507922 0.194040102392015
0.579612658409517 0.214261512470159 0.233876072117832 0.610333812100932 0.436962001989338
0.313880143305907 0.343744119964899 0.527200264891542 0.463278277148372 0.539214571621116
0.050135864814714 0.459565357896811 0.845649082008308 0.0394985354971967 0.263824890168726
0.0262212057874003 0.245312843196599 0.922888962834992 0.084225874223909 0.283400814604382
0.426667889316494 0.0438063978243968 0.610540796746289 0.183803261562988 0.639915469638821
0.299537537466652 0.279876365951381 0.207877696177305 0.61400449764522 0.641663325844418
0.563946906191701 0.423855194625287 0.0724805725001298 0.695039584774264 0.118225222320963
0.555347199889937 0.685676346976237 0.455407439837375 0.118344406843092 0.00600831768909712
0.303920210724491 0.375608482082933 0.308576231936417 0.601137657890341 0.556745003615276
0.17182417492292 0.204291452682016 0.952511441499268 0.0218286544110386 0.144868626461079
0.411424431027062 0.503876657284285 0.627825444560508 0.303316931047304 0.301118419065521
0.832430436895015 0.227254806116919 0.414758786887272 0.00383956973407411 0.288747687837655
0.715251784177809 0.151541436325012 0.240200470875674 0.523362737330295 0.365848680839849
0.645980417841138 0.574619066367731 0.0192133619690578 0.196521873145594 0.462095475448158
0.452880847675904 0.312358654884992 0.367899496454961 0.471940505874242 0.582454399889075
0.67996597691692 0.0731293037775728 0.321321464532175 0.493403311959804 0.430817900443354
0.143666123378091 0.538080426933905 0.570995120274929 0.287512452332555 0.53021756055423
0.561761954943097 0.276570785342228 0.542320542980098 0.55934186562298 0.0309388541621766
0.637114415438616 0.206386558219367 0.546726328833886 0.00862710200409427 0.502499457410163
0.215074250917854 0.941754911969903 0.241510661036626 0.0679359160077396 0.062434480013256
0.123945953906424 0.170318924393105 0.273821013113017 0.096213635866952 0.933484790210759
0.588734022246623 0.0828785718987077 0.569436110262927 0.358726870961851 0.439978342362316
0.247765620701303 0.468439105278158 0.426699702039018 0.598550846201891 0.422896264627048
0.193146641880932 0.66184167750875 0.663847346728537 0.288447135864442 0.0276571635495104
0.00137062899208887 0.337192196014704 0.325083154768426 0.842391628392723 0.266452305718324
0.467720854234401 0.3523808300908 0.576638203786658 0.151801689434527 0.549098881912248
0.428590997904594 0.211493766448739 0.65760842889204 0.582232993880091 0.0116635481753785
0.621448053374891 0.0915925675777852 0.729876324793572 0.065307853472612 0.261588519055587
0.586627114734727 0.553124042634282 0.318625537864685 0.489334345799926 0.0946154657490956
0.527321797691749 0.532367063324866 0.345400641667747 0.325066194436428 0.462111888546624
0.502961481026649 0.424372792442984 0.0502665814659406 0.533578556177782 0.528871134410439
0.682784940707934 0.332294797036361 0.235475204727855 0.583028471849634 0.167374196267169
0.375473163097353 0.0198821684971882 0.34127636779002 0.603401019622487 0.614867671516492
0.0326937533789723 0.541591337282927 0.767421906506582 0.107346490612273 0.324268854867558
0.096844661539671 0.735623157978445 0.0948843474403239 0.565013636078782 0.348189937581406
0.00781004202905405 0.810768527862146 0.00107630468862492 0.553147498828286 0.191363746775564
0.586189151088112 0.13573118021199 0.639733695279998 0.22269324537078 0.423211346084302
0.00361873358081294 0.244288275671071 0.788654146718206 0.362066974068843 0.432715017407225
0.0460511655785863 0.529262464126894 0.316185335876039 0.299574494050522 0.726665321937487
0.820378127501266 0.33740175467262 0.26750574674783 0.353804273174587 0.128074180074058
0.258166563985347 0.365144129004332 0.191579778337062 0.675741537562261 0.553796310243199
0.198333498747105 0.39678757387658 0.474061705240653 0.732682913588841 0.204119308864105
0.843465482784588 0.0433483036476496 0.472173550002476 0.097728314473296 0.232783631619796
0.152808717902505 0.585827769722738 0.668837557196186 0.087069854050932 0.422528676605581
0.287577545938426 0.029103611824296 0.465130665890168 0.384603429323762 0.743092053955487
0.515831326936493 0.390838418806046 0.294263226125483 0.4534605144635 0.53753705742846
0.63960916987332 0.440280378515646 0.365836925156753 0.120581924681411 0.498674885812451
0.597145561215296 0.544890040747444 0.164176684201238 0.481459247804917 0.296234757047392
0.302578443522857 0.490322047505213 0.364245668911301 0.682834961183056 0.262853730639446
0.693464139423868 0.554382034367575 0.0718026252193052 0.336618958585455 0.30545066219611
0.538179292789585 0.69833066042207 0.240930226507638 0.0980689432162984 0.393741597825775
0.374181834068182 0.751756682539009 0.526683960699007 0.121720248843901 0.0513617744543522
0.583777985954867 0.021010509881957 0.563381307358517 0.337925635818519 0.476623109767704
0.119539171088791 0.338765833315464 0.459037419514692 0.524222341144478 0.620825000530568
0.81458650448966 0.0210748756156772 0.564974071359989 0.0854916835803949 0.0974686977988761
0.408799166233017 0.110453841778561 0.523523721240486 0.645554507281242 0.360368536294351
0.395365561352372 0.320090329930967 0.252733361434754 0.494153233106119 0.658153997032509
0.444935723549102 0.600603191189782 0.629101051370002 0.197769839537645 0.0801683626931481
0.477732810695106 0.486767241403085 0.2363373024868 0.477242026087349 0.501212272666472
0.498732259523378 0.200007586721838 0.570370410097213 0.244267468195729 0.571204077218641
0.534550604510691 0.036988660997608 0.334536768939566 0.18152446569257 0.753672016700475
0.406821335065857 0.466699591767469 0.367265068454525 0.0668453214480667 0.690895046206665
0.159657402771497 0.517907603657836 0.778815896282213 0.266800558642508 0.168951145068143
0.355803436253977 0.780890712799721 0.26753291318616 0.239434121641268 0.367030041235056
0.722197269865366 0.515827588837775 0.417780660662164 0.169240440569043 0.0957600900453848
0.0032263949819321 0.311792121221576 0.0557538764474398 0.452577360310165 0.833570933823473
0.0659794766328911 0.541226982549249 0.367252412765516 0.140587292270962 0.740324888541315
0.55245200729473 0.151042943893395 0.448101221124904 0.686024729921504 0.0236257126567144
0.385735567055125 0.040970046244379 0.355829939813583 0.688608033668651 0.498731949566749
0.486973445107813 0.595040118502608 0.531099588712651 0.0857008612022396 0.345503560604919
0.582512166340816 0.338538621645844 0.158295769458691 0.523340431223829 0.497120126465425
0.209421280836345 0.359577093838832 0.162715446374376 0.774164266988717 0.448375302562813
0.449812792670279 0.342866461147628 0.388405174520189 0.236651153324053 0.687930733000499
0.753936452724369 0.128926926865911 0.0624398128365091 0.580772825360636 0.271591361935303
0.47196911765541 0.617242101661166 0.285038189377176 0.258136329548063 0.498373560575314
0.0500018259876116 0.69592017458526 0.0265096835389487 0.713996543180534 0.0519721176020114
0.160401135463783 0.396398622747906 0.218142914928142 0.732899971409147 0.482090145305436
0.558793396960618 0.14030355162685 0.183255815895045 0.487841446159793 0.629676807785921
0.459189646103682 0.571911538305314 0.200677565181873 0.587923615070962 0.275928249621147
0.48062338347825 0.345268900470109 0.177368165239749 0.388313526037641 0.683771664430298
0.586295726641814 0.740075291712489 0.314008705768589 0.0994708240536774 0.00706904391276887
0.121373034653197 0.619203241248805 0.589095575481631 0.0879094086086482 0.497085778625874
0.0858541798088285 0.565488239645816 0.716002790569463 0.336781234956616 0.216264916964053
0.2710867774885 0.310285646000102 0.555778705652052 0.690312571536316 0.211691664644237
0.308626172312489 0.302178325136341 0.53333105742239 0.609359837619746 0.397085276818834
0.418885298363299 0.510237178104729 0.355714837506336 0.415188652071825 0.515051906571984
0.421238449891114 0.369425354315405 0.404954078322251 0.72001604072432 0.0605984444694699
0.148077585113303 0.432136926214117 0.804592758672099 0.378680545333062 0.0237116652284122
0.600178981521963 0.47003658104528 0.458111517718391 0.137755879708136 0.435899022203667
0.852334516352127 0.451305435884817 0.156396008647405 0.135375861316197 0.164508177388419
0.0415483479283949 0.563373462818028 0.00128337009777815 0.204332956245567 0.799456360366208
0.0562898023531078 0.121238000966322 0.777511338684479 0.536629190543451 0.299396117787936
0.374721102808473 0.696392178991068 0.592329047176563 0.0828564836068259 0.130012042308745
0.0629215883437937 0.627690892690538 0.0802487817379824 0.454875191014854 0.623453054032474
0.374225254671108 0.111407524872383 0.801398468821356 0.180195785506992 0.415732841166605
0.645615099942162 0.569603686947037 0.282484381767825 0.344142545992236 0.245970048254346
0.58183185506655 0.441389848105963 0.259809210710282 0.198847567717041 0.599671170944484
0.401531551121988 0.688808177747946 0.118532129307638 0.423464862224818 0.413452962867407
0.433767502700883 0.545617580387079 0.609746334943021 0.376422596228386 0.0257419044638096
0.70797438740834 0.276274563573726 0.459075022041354 0.36092219050918 0.285359297783897
0.0967103122064709 0.699829175131654 0.0823736967913655 0.0382893987386961 0.701879432074077
0.342225311839772 0.0711768995166546 0.631341408410216 0.690222821611981 0.053067574506161
0.0262055495424519 0.528174490193063 0.568366880297423 0.614716429946935 0.13938356150115
0.26869564376732 0.398063213443516 0.525741282017843 0.511977034459485 0.480441411299852
0.300754103414213 0.849770348711661 0.0936502304898241 0.311590289644034 0.285619413658674
0.596527150524082 0.264777116391512 0.633980825710194 0.245523781689727 0.334417138585347
0.0501105184391366 0.640127093883656 0.297962382151789 0.0109489144798916 0.706275286069086
0.382464785500897 0.240322991193296 0.074402945569308 0.303670207245661 0.835592098261854
0.50387565179042 0.417851242718533 0.312720629056515 0.549395605765253 0.414584060257609
0.538700059392781 0.447979599493675 0.236083410708466 0.504944461073607 0.445434887348356
0.109809252609578 0.351008403686445 0.920937288311326 0.125716088779503 0.0283726030280231
0.538332862841236 0.0420904929781779 0.826103052776901 0.149098487252594 0.0612332138441746
0.0535675813265236 0.195705270179837 0.420982556531056 0.604010370698632 0.645581226988317
0.702702800793419 0.289633547706697 0.291507717842028 0.057241906884292 0.577985982818527
0.623558296442387 0.136289719939481 0.265004154213115 0.673535177177223 0.262151342799012
0.338609881178361 0.680777401095181 0.399043777508031 0.245141497927436 0.450061315992033
0.331708576192843 0.607833771433049 0.0700584767748378 0.657987721659622 0.287491729903247
0.596180676340589 0.253629620801494 0.622364502481976 0.29664442803175 0.323890608042663
0.43459582742881 0.0810054774091161 0.157296835251392 0.407918707888796 0.783214282802236
0.5429786173912 0.608294494338073 0.377105435533861 0.3964559596148 0.189119517212404
0.632808587490714 0.540011636554476 0.300954795500697 0.464681765585705 0.0379182249195405
0.0996518692233794 0.392616789500113 0.912248063845381 0.00248869046963573 0.0609822760563341
0.303428812462701 0.298886030283236 0.613061801351184 0.376704104081026 0.548495526291287
0.0667918896501996 0.305448079143935 0.573026718669033 0.492941266261969 0.575230042793041
0.501414789084681 0.60140512514714 0.0691067340626702 0.618132715786906 0.00559372103474638
0.305484854722852 0.57593203314351 0.553333233651888 0.435061584829173 0.282001855803137
0.162110875278958 0.600651742251813 0.0128960665908937 0.708974964643624 0.331851984506958
0.476485746000121 0.724264093074895 0.0779103986975965 0.179908717722301 0.45822012221574
0.313929658425197 0.491379617591456 0.69911110633712 0.108210825382136 0.399409963875361
0.692186092566651 0.596387626858879 0.225696167562816 0.336031302388427 0.0366662726431436
0.123360218333696 0.116382662528242 0.00598793687300688 0.803592053184356 0.570474617372637
0.558109218059515 0.0213109493126809 0.0775022614534348 0.585781408085574 0.582162765528057
0.541175807963317 0.0684649245922473 0.537936028948922 0.605919488433778 0.214307492334362
0.415551425146801 0.357120967449328 0.309813685965272 0.0950811817677318 0.771204691718601
0.21200149205285 0.411322054218874 0.756900070843517 0.410296969566427 0.211253910264916
0.659660825926017 0.416920804719126 0.603080705734412 0.165280076397916 0.000892215077299713
0.406404227462144 0.438162908181624 0.297559116739263 0.276787916124171 0.691155475510184
0.377008109006724 0.420452113611853 0.166529401869468 0.502202626962349 0.633360391631504
0.063650576696334 0.614835028189446 0.62477940277265 0.252061319176889 0.405021334553335
0.530959310163355 0.107107472212287 0.566434346916736 0.595106422543784 0.177793916733102
0.48120692219878 0.154163557677127 0.257818941852493 0.816386425795039 0.108240900365672
0.259857818238887 0.413777982407443 0.551264248798061 0.522020233016462 0.429958486244311
0.677677583458902 0.443470487518713 0.100212221209335 0.457913708126413 0.352646517361829
0.126719755366848 0.295664660674271 0.133745064629815 0.186851392027567 0.918544134493635
0.616112917482921 0.330900321548785 0.356011401428141 0.582178612417958 0.212682381512588
0.105016986218297 0.526252185452426 0.545403298907974 0.632200288376406 0.122016830106587
0.503714286186738 0.141689829720983 0.40891400869884 0.681847563610676 0.306706934276115
0.182589176690095 0.736318590926349 0.442666683956506 0.468510580052156 0.0950798007255583
0.102816734376159 0.0732677909253492 0.944941455995935 0.177703356371863 0.244064974585863
0.552099230744435 0.00328157189804404 0.626754479787481 0.544708968556448 0.0751440771969151
0.0672557558818459 0.185275911931588 0.0526614603000305 0.0314683293965732 0.978461043988332
0.302241376761178 0.575069780993457 0.525056726074651 0.229397106502059 0.499637167446434
0.429840164449524 0.325484370541173 0.420340186200562 0.362953918601894 0.63314764344174
0.186507199187551 0.278615664216905 0.477413385988491 0.299377111405306 0.755008728658025
0.275156048944493 0.506782076771179 0.392130916205275 0.702323782769623 0.142953573249939
0.465076613368899 0.0181734238019611 0.667835100554945 0.575124699367893 0.0812485631158398
0.0416244557778543 0.403326856130879 0.234003005041169 0.787293422809687 0.401256167350845
0.594640147226516 0.497367653484329 0.0799877175929551 0.118049422577965 0.615381841978782
0.0594849195440055 0.442083363952669 0.275460114359579 0.832713589271037 0.178139404129151
0.384055315801939 0.193268764457012 0.29691073644025 0.740896481975668 0.421977625795632
0.566035467579081 0.634438583496489 0.365707841527212 0.0942242933984698 0.366703000250293
0.614406394147649 0.581917071903332 0.0798307114110082 0.168920101692818 0.49896929867241
0.0467707137955878 0.454328097088855 0.673805197236664 0.566154584237718 0.129823046683354
0.52751509943004 0.763660160874724 0.337708068002342 0.136700623715284 0.0762704323318155
0.385998030764921 0.11652705767925 0.198902204604701 0.613705690462934 0.649022498509122
0.458736086665823 0.40457413176455 0.296322737856657 0.38101144542793 0.626820618821319
0.189433878306299 0.491920943689619 0.544326423895874 0.0784373855139519 0.647830928338416
0.436746014669833 0.501366212087388 0.637276030852256 0.360905863034633 0.146666487568166
0.429920711038299 0.17221517637991 0.617837652407329 0.630091675471219 0.082287490023891
0.756453193400717 0.156242816589056 0.271690260655655 0.223478583304101 0.52878017505144
0.491031976938531 0.363870213721516 0.179871325198135 0.694708130779144 0.333935599466292
0.238544906855744 0.449006637884339 0.0323109196985451 0.802140786566403 0.311473160230305
0.585173308996629 0.712299369547222 0.0654688940765003 0.373280541074859 0.0811003584691571
0.199020268198725 0.460419503708886 0.240581629791987 0.379878443812452 0.739065396824822
0.52010172397858 0.611951036358377 0.532141221139006 0.117269392203108 0.241005676761809
0.754802392233502 0.0900655902969107 0.0619000243930678 0.525119933231482 0.377596319931953
0.45569668277952 0.522087308547732 0.133752732443755 0.553340589458978 0.442368369323744
0.574493342790222 0.229025219270967 0.679278366613517 0.289451231770282 0.268893534889073
0.48914076231952 0.0141805071703581 0.572961216728259 0.0986224902710711 0.650022519911331
0.3211524360645 0.668778459261962 0.322638757636596 0.58621099393533 0.043097423323203
0.00317503645284691 0.620869851934056 0.575667432044951 0.348812196020609 0.40180543263246
0.362565346650999 0.1496390013886 0.320947208750095 0.791872997232206 0.340711878456371
0.344620102288629 0.53600481124317 0.408092981385234 0.448694659043711 0.475467190153545
0.367926193677548 0.0565799876307737 0.561770017395999 0.733132485448041 0.0914342788090414
0.00676745574711702 0.505336443417537 0.369158913449987 0.129287396509772 0.769152615688834
0.341390870645169 0.814823026316795 0.121513432298502 0.319520944809938 0.320400625503252
0.329118487264577 0.597350084664557 0.17109553019403 0.452107175054944 0.548798068057264
0.458916349910654 0.17912032435671 0.171111180165479 0.74025812028203 0.424323664866717
0.621844434549021 0.0362185594427016 0.733493862377199 0.109076308912814 0.249172285499888
0.142827533490269 0.525357952805648 0.551583796870217 0.388922250824342 0.498090468634874
0.475838716008168 0.273742749219089 0.467225220230233 0.491882650206746 0.488256567394717
0.36937320278174 0.482228041652897 0.53880793305061 0.504227686367537 0.294040821132952
0.0867261072042176 0.638704846162364 0.0457513290795848 0.56306839593793 0.515165506610499
0.0833495184162588 0.431600055422111 0.155965347323206 0.690039272916727 0.553439122403102
0.356019918964091 0.768740423146695 0.242553194612018 0.359866225915172 0.306516274201088
0.477381165604367 0.60402182271889 0.130628491502978 0.592577101287848 0.197619423748055
0.000482473106386365 0.798637984490779 0.588356546766317 0.124262348813991 0.0239286333218752
0.335602521914768 0.270218602069589 0.471072002145721 0.514400091087685 0.572570143705911
0.228175588138794 0.00233900571252261 0.55297228876479 0.623568330217996 0.503303700996886
0.508897208376069 0.452326202745114 0.575774475032619 0.449926028420726 0.0497489745391213
0.350042644031062 0.0672785279185074 0.83326250155185 0.180320219259147 0.382232872833758
0.147216824688624 0.531402344259102 0.142117226553513 0.428565950056926 0.701478920148761
0.311209611589171 0.603167088534309 0.179039946561736 0.651748309905369 0.287240106938828
0.459906048560124 0.396960951763277 0.283905255676844 0.600062061811009 0.436155656901516
0.486974957998871 0.0524006899760553 0.591760437038247 0.327558658253393 0.550122230537514
0.30901574140455 0.00601766943325731 0.104105610853372 0.796507859942417 0.509127007786452
0.274619292340918 0.605054548674014 0.546211671463179 0.287297157338339 0.421433732330207
0.166415095203425 0.661769413865278 0.508881292279306 0.115526963126152 0.511918558092822
0.511504954846523 0.510931120603857 0.466785427039477 0.490728551559049 0.136414533515584
0.615392483490213 0.375728559136275 0.279670454423283 0.10167838298177 0.625752414673738
0.697289578863752 0.434940305945572 0.566450328819962 0.0241906091342267 0.0562406692834936
0.579064975311816 0.697280016862188 0.212106561910566 0.342777507847734 0.12648604255003
0.531538382406542 0.509467441172052 0.18036839768575 0.604106695798361 0.24582964756534
0.475146487615429 0.11819570111338 0.00234959875371433 0.626278593591523 0.606659042741273
0.584693195544989 0.40473645743071 0.457296591596406 0.262862547254014 0.464871353898334
0.473559471587382 0.35694720200285 0.499761998897959 0.576960619069948 0.256289895142504
0.00105345125611987 0.195228588673773 0.658917258606944 0.637832345418427 0.347681799714675
0.155841180498055 0.272266052435879 0.493586144808975 0.340337788403576 0.736293168913804
0.491163704550408 0.321233165475773 0.658028615369524 0.0948054032596499 0.462144723650911
0.00512137688694156 0.375210004215213 0.577160890007802 0.627652725865455 0.363494961443301
0.462443268221795 0.491103495279856 0.215550549788616 0.694779086559297 0.125632646895252
0.73881518495534 0.239705079752879 0.450254069531782 0.0182128840709355 0.440037681277366
0.211423536670635 0.184976345762883 0.557929114469004 0.557692278688479 0.54660613349008
0.441454013539884 0.302914322054197 0.625043511806552 0.119606813038188 0.55531620366
0.445232653920863 0.573951219172614 0.230463617115941 0.638563227245167 0.107104658577153
0.535247009616385 0.301219927788951 0.524320934264987 0.33046125559361 0.488528515280861
0.448159518612301 0.847511504252319 0.136305647773297 0.114447035612722 0.221810600426861
0.542914590583792 0.460656814181962 0.00693553908914044 0.552436967331027 0.43336398362416
0.623112051038554 0.216417852953497 0.418148207401394 0.405938426161367 0.474616429958086
0.563821719141755 0.671770436342752 0.139699593114618 0.107875815577331 0.446851633069679
0.510642160072589 0.220117516495753 0.468820460493195 0.598555812829046 0.335754639639798
0.569333853872607 0.0783492867608156 0.0640260034522197 0.79197603799975 0.195946365658543
0.459889713372596 0.28101995799661 0.527671996707341 0.423612547410113 0.501641214723489
0.629453422261883 0.411514527391497 0.550358399877408 0.269950360892701 0.242232568592325
0.405869701457135 0.224261514534942 0.631096464612571 0.489653873814412 0.383318268217996
0.0367303915695732 0.293983307603026 0.616108179077407 0.287050646421998 0.670997266200516
0.633299615202348 0.236530729395204 0.37215365671415 0.0609704561367023 0.633063243846221
0.164070249680914 0.0786714260563872 0.854242004688245 0.23882442601164 0.424411652594879
0.229415972989548 0.521651253829112 0.0937834866883372 0.27029616089831 0.770320013853974
0.140336744200706 0.691757100866787 0.50957541574026 0.256913365340739 0.419650008947886
0.172184837244883 0.847422710088036 0.120758469752253 0.486433172754827 0.0320514067829801
0.210562536845316 0.38847171589302 0.391061567825965 0.654546457038679 0.47264461255367
0.313835590979644 0.286080037047678 0.751633754666935 0.419356148299598 0.280806969225959
0.576366264839936 0.182765628228857 0.547674241677982 0.571187749642333 0.0905324999850708
0.551681179385868 0.450518217789 0.516834661838925 0.384609878916194 0.278636654289337
0.418198687117553 0.323144753039926 0.777265771494536 0.106260146697302 0.324428772402805
0.251961713164915 0.0146466909867929 0.610435150836401 0.676938108905478 0.324691380971152
0.356280168431879 0.326518004297831 0.604884975868628 0.223624285835905 0.592078355628969
0.483362916163442 0.54693318724557 0.346497475562188 0.517533401326677 0.281643494346393
0.209336850999504 0.395902222309377 0.470518275079147 0.73961586621868 0.176126194639647
0.518950668481167 0.387936319159202 0.305372673758173 0.526247511432023 0.45826488278456
0.394322666679727 0.53308932531261 0.407630508642339 0.53960845710926 0.320913519846838
0.220837540854966 0.45320739904154 0.0720695981801275 0.61691545774485 0.600045935755547
0.567652224783039 0.27250488390563 0.574319467654382 0.00415283341647996 0.523117523119086
0.302707804726689 0.0531546366813708 0.321741515737061 0.631032906387563 0.635470249236032
0.352944018817476 0.491484817028384 0.361781717011464 0.703874381612311 0.0868794472684424
0.639023717054378 0.00208719616181483 0.521248198740147 0.268442529109441 0.497878756857197
0.329601613933759 0.411726438012278 0.135019448991423 0.604773887384718 0.581259330992296
0.526105217256222 0.468873136721906 0.418519073064681 0.353450049666222 0.450872631580549
0.741022003126891 0.266468750299311 0.153826064098125 0.389882526788241 0.451895954070215
0.486717783872581 0.823179645126664 0.158119729407759 0.0932437114150538 0.22756280927442
0.559609103573289 0.138790197302895 0.0954088787205907 0.715820716309816 0.382194688991755
0.614005432412183 0.0780214339058298 0.52750307465967 0.304095710722352 0.496161556112994
0.28310599856695 0.592109624274415 0.599114852628536 0.188984184667929 0.41785590545343
0.157171761751012 0.268704646957855 0.612255927131925 0.416711660744395 0.5954736950553
0.580013054091402 0.16721731581302 0.748678447142986 0.00514417531845454 0.274002457324224
0.140819422832283 0.735602991026358 0.0539123465101167 0.548404124778251 0.367973510685528
0.569704501939697 0.413176019508658 0.361805958698207 0.451334984947512 0.412450647939269
0.538701980781362 0.237085479265484 0.618973258790016 0.400477242662152 0.331784168453351
0.0519162381576735 0.0433426755985661 0.299965058450572 0.134284396773851 0.942026953531236
0.462335034433295 0.0397299914129328 0.791801903126333 0.242020763106903 0.314870672099771
0.806933413871483 0.00435140293128181 0.368291498538616 0.0522334033382567 0.458772900845426
0.582590034445226 0.0145678033938405 0.441643547111563 0.626484555823347 0.269897590724573
0.289369327127308 0.0233487532311143 0.494391301538059 0.741191886361428 0.349187709972635
0.875301194530418 0.0597041689201722 0.115668228414176 0.173571978145948 0.432176885551741
0.586768683950524 0.357874206651582 0.183009053552976 0.647917161112759 0.272652897291956
0.0149897823661031 0.657651397181641 0.66107859913966 0.212757166231238 0.291512298516634
0.157870813693443 0.28449437719926 0.0779195896349595 0.875772794390276 0.347980323700556
0.219495433983312 0.504411029645688 0.093280589657394 0.383892007978226 0.735742431449939
0.194531172687592 0.179377186804802 0.387716036058435 0.570376514701975 0.674038837580112
0.702817605321035 0.625751837113955 0.00978712504942434 0.217882012592703 0.258676811429119
0.172280646697288 0.575142005290745 0.307291512270028 0.534064406439155 0.50978249164256
0.407188838405167 0.258432988212813 0.239058383689074 0.684056716327497 0.492267344556652
0.229810905956527 0.622655865610548 0.65425855264232 0.116966531671699 0.343148943299103
0.632176643287405 0.393382768152336 0.604234594457289 0.241055276465828 0.149651588537154
0.201248258892051 0.108440006220209 0.0131862534940615 0.846399792243847 0.480804968518673
0.177722655725256 0.607287188484479 0.428111354870487 0.311819320077205 0.564894952891353
0.446622635857948 0.33611598810168 0.235485570572934 0.630617964932405 0.484171242473344
0.0564172674747031 0.73193578217986 0.504535787459075 0.166775456735601 0.422748966762932
0.52429068612198 0.443374783737468 0.285033498073937 0.371526301418061 0.556113468567205
0.28003520617373 0.663090613022505 0.218737580582317 0.646366914938367 0.127494330614058
0.453283738039197 0.121478421395113 0.379537091922752 0.652044842578218 0.45887467252675
0.0297446341329835 0.5396160431956 0.491497419729132 0.46844722610591 0.496907703119506
0.294773222290627 0.141175670874999 0.549485121682704 0.581048479777783 0.503613882424488
0.679360567010775 0.494007800131126 0.437013778141371 0.187271162573947 0.261484192224331
0.61494568080411 0.623337653877616 0.350795609405325 0.331681692809682 0.0148887204140998
0.904640346499857 0.0093458266042934 0.204969665921917 0.292809416838933 0.231923652247895
0.216539882113328 0.337770181881979 0.90673076785931 0.0707557458140464 0.108879395375462
0.676132262866451 0.0770105040599385 0.703980826715881 0.127420668784551 0.158396698698073
