0.354346101145353 0.37865202123367 0.639294943910503 0.191374250326352 0.353357784945684 0.401095542532595
0.0590980508115997 0.31732518507905 0.716601330089761 0.365055943701223 0.0210438387829056 0.498583990753905
0.511474731442061 0.500310840768716 0.176560641149086 0.154147397057996 0.584508782623604 0.302484817335866
0.497010546151816 0.416020161669241 0.127453565149477 0.472352690859509 0.289242967003437 0.506838013872371
0.506325087924079 0.347491096134276 0.572761003709217 0.221137443819027 0.324927401482955 0.374633275060831
0.69368348743417 0.289438051517365 0.0765257055567397 0.498845624236854 0.383389077853269 0.182588357094875
0.42603203012995 0.350222488273733 0.261413945895242 0.373230124613833 0.491627323009003 0.496493218739118
0.500456313549475 0.0721570155020729 0.339569595205115 0.573450339333379 0.25480460379987 0.485034695207839
0.474153635094114 0.455663541341686 0.0961431040778981 0.44451190724842 0.540943115688709 0.260950724966654
0.525761400972996 0.381716471403932 0.543906827060518 0.39912404357058 0.301521382314304 0.178375172134309
0.31356949242468 0.240008624398011 0.488259404166447 0.110616965963811 0.571915709123405 0.516090201783529
0.460634201315696 0.845358393776666 0.114402855306014 0.026300414557253 0.185978653187206 0.157535818467442
0.595378061495206 0.215648540229271 0.155787885748385 0.426434351228265 0.620692238746812 0.0874396620146843
0.268024811991839 0.237036449812781 0.473372700911048 0.0431739526416128 0.620305190160632 0.511128348384389
0.20211651414566 0.136260843852372 0.418527615865362 0.483008048662563 0.715881255281885 0.140120609346089
0.0326916110482875 0.0099231837625235 0.482690231410314 0.750581691575646 0.111160222214892 0.436020021054903
0.538974965163266 0.457428450059145 0.0596157005469926 0.0598093116311113 0.641609920019358 0.285430770988346
0.0490606476768416 0.310310010336218 0.332490379608702 0.39850654650739 0.738987252645814 0.29298680963496
0.491765803502387 0.229761501457972 0.349757036707562 0.459077368726812 0.553048850436428 0.25774212069584
0.0308801611928062 0.0920582182290813 0.850870887093611 0.164115771228983 0.277781288071431 0.403105449267331
0.518760445843764 0.489798993122521 0.420251466284773 0.30951662080932 0.0740106489080093 0.461622287742519
0.681235069807247 0.189295573164845 0.427234959926339 0.54546813949411 0.138021600008372 0.0311576858834271
0.402404763325944 0.133868334931675 0.39488144566469 0.513301076107902 0.529133753767458 0.347502223180523
0.285914002429512 0.562212424722598 0.645391021826626 0.336029481277122 0.260115507066511 0.0711681975605594
0.30377589164586 0.382766860091847 0.599709566576834 0.455845649737905 0.219255383758228 0.381693587232581
0.381565135734739 0.217009810005786 0.0195212456019048 0.567319307973571 0.696443542745828 0.00699321751139422
0.584269119313659 0.43048776593229 0.258482336517314 0.484429707579989 0.332552811876062 0.247453524999964
0.572969212303228 0.39377027796599 0.386488832978301 0.328360346228454 0.366626497554176 0.353612961077736
0.729136355534234 0.163135531696339 0.308553672341666 0.580748223395955 0.0408139285469947 0.0872200027509892
0.544161486449379 0.228172944177494 0.434851586769939 0.57242512505942 0.300944242576807 0.210930132401279
0.272333409184964 0.375835357556613 0.465267669183245 0.466927034630226 0.457656151632266 0.375017713540768
0.421212398380493 0.213102916009668 0.59346134898028 0.290647565380815 0.117977383990117 0.571468476392433
0.481108008892066 0.328190546905848 0.558808298203335 0.259129072754374 0.104851763705597 0.520016889977555
0.447099978094453 0.425513653428669 0.617598045757466 0.158276879437906 0.167130275137155 0.429683947545475
0.671364490088191 0.30691954873447 0.182125685866838 0.53321402899244 0.0590733490199744 0.366187773310361
0.589827805195524 0.208471918518839 0.107215912981909 0.00622171647250321 0.493986144260054 0.594210692376015
0.0778589251345357 0.358009585842274 0.594108549890611 0.161681992879443 0.65778081790363 0.232347765096581
0.41008264079602 0.333318904590481 0.50203649734327 0.488850892694778 0.137042199497715 0.459275876967224
0.436532573955715 0.426468980568687 0.438007698650239 0.521014419171342 0.405282993387122 0.00156419249072128
0.37284862064551 0.541900937223429 0.0756504182269349 0.602375368591195 0.304149349560537 0.325946902144696
0.502196727929998 0.187912662228168 0.494535558101719 0.423056789024551 0.513551178676424 0.158776571773168
0.444305572829893 0.104387469740486 0.431836644203667 0.46995949467385 0.513984855652373 0.34665626831532
0.561271374683882 0.473225321924801 0.448257939882803 0.0600640642254081 0.488399987615239 0.133995590479017
0.502606096761027 0.178610752455393 0.0699399865614505 0.774898820167567 0.331497453456003 0.0153285922655964
0.54803379165383 0.614022242047566 0.173889854747847 0.0659635582019732 0.5178524145741 0.140981039864546
0.239066125498036 0.659785966055217 0.385804858675838 0.0354805021391748 0.0456541787267924 0.596105114548425
0.5129087193967 0.0643222391543708 0.440561858555243 0.510338876021107 0.455386076629816 0.266214756797163
0.112909768274085 0.400348384188672 0.0544610750418919 0.507044943687459 0.400657330107056 0.637483863108362
0.162032380445905 0.466979986873251 0.297169150437628 0.556702520755698 0.209910219682507 0.559808626793267
0.545762288132666 0.279429458276099 0.61192043815908 0.192003549998754 0.394564788687128 0.238891909404819
0.360962709384377 0.546840993928276 0.47351394022389 0.313714665220469 0.374852350543986 0.327908862832845
0.475761901592632 0.409725488657501 0.411947468707299 0.489364589614256 0.268685977739998 0.352711020185868
0.247364879539037 0.487158251885538 0.0180198373980306 0.545248518661829 0.363331552912512 0.521399055432475
0.489607021639966 0.363787403662265 0.182156273771497 0.54832563118992 0.521296669529217 0.149504400407193
0.298936317847395 0.164669388382876 0.288233527809796 0.381341550778749 0.566410346481757 0.578100722102857
0.719320274609192 0.0525663434657707 0.444356224125065 0.0715563620124832 0.0229489094387561 0.526037738915395
0.655489751316083 0.119026323412785 0.518077418330233 0.34632299112013 0.312234816329833 0.265200893972432
0.321993046330397 0.329165671665682 0.356293395405646 0.257461824706223 0.570675625721063 0.5187178367175
0.733354945365429 0.143237399016615 0.591006796417958 0.161592405425643 0.100242452903106 0.237115759416217
0.364064206482354 0.588471811561932 0.228091387781969 0.594974822045689 0.241829611100943 0.238024998060192
0.433641491211016 0.322320052631313 0.386510691228499 0.512857034148382 0.342177020057483 0.422571740426648
0.494657858415619 0.432635614263441 0.377957690997752 0.466552027558007 0.184894717143229 0.416450670966268
0.601833718353255 0.498169121892992 0.0751818447785571 0.598811942842349 0.156008741161247 0.0325103283866532
0.404826381707748 0.435959919905 0.435774746852496 0.349870531552151 0.495518315666688 0.29699684999297
0.307425669146243 0.00891090388083376 0.630072374851311 0.672107008106805 0.0751645616907084 0.225923249159541
0.488770003271363 0.220371535541701 0.458886369786606 0.48861406898381 0.093750636955116 0.504411220643207
0.34247422521528 0.376411789449979 0.351622368777108 0.103151888037814 0.520112647585316 0.579853258521379
0.619479870000879 0.0959941292547417 0.365379783231282 0.674880009635816 0.0249624095214132 0.132065447877274
0.538806046396368 0.106301393733683 0.621887145255021 0.28581877129297 0.478589066114145 0.0300761100563036
0.565236862062247 0.342631217316368 0.59922537211958 0.431803738467597 0.105997309105989 0.0796881045211712
0.182618053864637 0.582413054743412 0.0518742817776857 0.440766651776186 0.290269763183598 0.588407139844969
0.21009400089209 0.181398309929005 0.492490745314316 0.48746663452968 0.517485582231774 0.418321625219583
0.369241943516736 0.625315383911307 0.274568922125758 0.0735268633077744 0.151678511712206 0.607322314962515
0.140134207005329 0.460777833738817 0.541932819771984 0.086017264051991 0.636501383028048 0.248640363787397
0.537152733769234 0.399099652992619 0.610412195979357 0.359443215077225 0.195321852579644 0.110604283935439
0.439926264363675 0.26549004465829 0.353882497614605 0.469047965085718 0.369882105090339 0.503913019057154
0.0141647134371772 0.56266571437153 0.463510392682128 0.34745841232988 0.522396359964885 0.273385196081125
0.497699517448649 0.0427301845982888 0.121357493771553 0.0342400525584729 0.6005970803859 0.611434744019173
0.474526667248176 0.531819373710521 0.499094213879597 0.485401602290953 0.0282883198727335 0.0805147001518882
0.221336199554499 0.554930272081898 0.251063281741744 0.590181174637687 0.479108138095685 0.0465991584549935
0.165826119135812 0.437298397439479 0.014313353844511 0.188599360964214 0.656189697993324 0.561170472318583
0.350537155973226 0.638099991852569 0.302881231056549 0.609749584952313 0.0799279409440973 0.00565954596597129
0.431804399651576 0.576854630550775 0.558943211728187 0.0294537721163182 0.290410429657213 0.288375517981472
0.364914171355584 0.328346679996579 0.495029710978754 0.302670932228457 0.61870775088116 0.198903786567566
0.49920331092909 0.508711884533697 0.555956879803009 0.161809327286396 0.392406674815172 0.0524877495701166
0.124557881907678 0.225453805954266 0.253004766764663 0.441404422291888 0.624388818221007 0.53380262559443
0.64899291519015 0.180672569908143 0.146704743518444 0.414169898383569 0.29318376473445 0.516865468099818
0.587984580173833 0.363487051416851 0.591629040266831 0.22162979678377 0.203031373247085 0.285980541817134
0.406307528295982 0.188520458635777 0.562177758398934 0.492517933719758 0.436241415198664 0.224610573475967
0.341923977660382 0.338997470526835 0.72480269717934 0.288655634932093 0.371659552548379 0.14620827630594
0.21417613120877 0.046781264648581 0.384223280714795 0.531420670781227 0.559668940838299 0.456809934198515
0.517946988746851 0.346689601379594 0.541346366881364 0.526162556479738 0.0124239623503341 0.203666289615878
0.443383252490297 0.353892984507832 0.498350261939404 0.128642998335524 0.469875114570146 0.438732742155325
0.0297385903453687 0.814316112069677 0.124889482329266 0.447064637250556 0.285516668163214 0.197537200021995
0.385014680187657 0.290120537532597 0.441134071200771 0.406559019153515 0.45036788106328 0.452629027592276
0.368939626169304 0.479504259564992 0.527001606981188 0.489327299280771 0.197730325075331 0.278729324371367
0.599106830485373 0.057094004727341 0.345574690385795 0.425574406763047 0.383819087286139 0.435842570428639
0.557402113386941 0.171441516127781 0.356968731233305 0.588147906645343 0.109872518633177 0.417724891548453
0.383591914809913 0.4984906592607 0.483353874007472 0.0853259332898838 0.573563882572963 0.18568062828498
0.65933572146748 0.263474845389161 0.114878097797232 0.217876385469574 0.136071595552874 0.645503552607585
0.102650200801375 0.238836958929272 0.559347620915835 0.264063480196728 0.700940318964714 0.241874409511809
0.194033972775832 0.0691781273377552 0.597586626117886 0.559409937491726 0.0975659206616978 0.527254057692162
0.622974745502508 0.531706337461446 0.347523444095454 0.201766175963682 0.125651129580534 0.389769799812123
0.460665537385715 0.552477777372033 0.0757898048238471 0.375182447130555 0.548985774392846 0.186183308970934
0.49545042908517 0.379507707458273 0.254644127287692 0.0259975921782518 0.563892500335756 0.476454104823328
0.393510036953015 0.620219621487187 0.140836912511074 0.510980790685981 0.293181340744376 0.305917912197267
0.372521502405941 0.532581069447294 0.510244364428593 0.130434997857801 0.081732635726904 0.541795451135784
0.336269644350688 0.818882663827952 0.177573818079358 0.40429370996154 0.114869744579868 0.0904045694017089
0.112941987647898 0.744559493639581 0.217233528194659 0.0327393368407378 0.119428677373666 0.608563709836052
0.0995510223022516 0.670325595623434 0.160138637016582 0.695041654987941 0.052792138829385 0.170993843908426
0.204709340085016 0.694106435800058 0.552232662934667 0.217287738600753 0.333691553900223 0.113072602165196
0.426667139258191 0.315619224759708 0.573606187571084 0.545577489456595 0.302002813699796 0.0213331276451581
0.400289629271867 0.513271249050748 0.429310196667514 0.121907796187252 0.520036041393212 0.326672002953147
0.46242138960464 0.142728991735801 0.0275358073714043 0.689226687909979 0.502000015316099 0.194933911780064
0.525445561035055 0.0454662487171911 0.364206081208475 0.633424446945931 0.423280577181449 0.093812238109374
0.11485542766392 0.219912007373181 0.190623839819459 0.318018766493365 0.794381539744052 0.41222751595888
0.536542099548573 0.0946653257942324 0.443291654775077 0.402415584974305 0.580619847026227 0.0871541767219682
0.498729121346664 0.358377953302294 0.377423050843054 0.42031513183 0.30191968486044 0.461048848440669
0.273093653036913 0.184555346005627 0.566360159469675 0.252323939088219 0.589396761602311 0.399423882451832
0.418139543741157 0.461233381275898 0.107063118198279 0.642001505769568 0.249192975742962 0.355945931439558
0.507108890742184 0.543823432169136 0.0629692524135088 0.208445222438165 0.399148025487217 0.490268256974543
0.176192125295918 0.129048186079945 0.329655705488818 0.63595672954858 0.189692325502568 0.634984941773547
0.365679991606947 0.0410308880971178 0.458840982508327 0.517306354670559 0.451495351932789 0.427323817884803
0.3896641536041 0.707962315712582 0.307335920789725 0.363007984952371 0.14068054646535 0.31769486213384
0.154976336185891 0.0956433980815576 0.690119335436805 0.679784604916267 0.146865289951702 0.0830268390841743
0.45425404602394 0.24453377033776 0.0935237079900707 0.523711722861183 0.537165420258414 0.402851282107233
0.306358744467712 0.0640246462030935 0.753498009963415 0.362944346188896 0.444187153086279 0.0724919854227406
0.36809811337443 0.442530983455817 0.468739391133879 0.280622462609935 0.564298483278996 0.227534054723713
0.27084124267397 0.00966568410775362 0.467922540089286 0.318690774590328 0.0687847821756981 0.775438544454684
0.225293304141706 0.405168075897702 0.456141915391198 0.71759056710938 0.235181502866659 0.0822784851011148
0.56536773372106 0.0837193143736979 0.114265520896805 0.381831822519073 0.700246099278566 0.155414454150856
0.31209430746124 0.235250181405336 0.145394740908382 0.622219087235419 0.597511902034646 0.286247793217854
0.489974748708884 0.487653741723415 0.479843740088253 0.271881908779147 0.338273318803727 0.321745160605496
0.339517375837235 0.174495994727711 0.482732638421059 0.570016130272255 0.534111220837541 0.105143302860916
0.0396321881503064 0.413077729020355 0.652961115737931 0.137578217304746 0.221556296984945 0.57742783287061
0.281056383027282 0.703031980809713 0.0687083306124551 0.563803530005801 0.0313748035687859 0.321206646999809
0.61998619457871 0.268944589219613 0.27785731360942 0.043223993801274 0.568718948800828 0.37519552685208
0.420346672928385 0.410493692988175 0.29645037864913 0.552806652385816 0.461062971945826 0.220786133061443
0.590348982947216 0.33918691680081 0.166752273746729 0.412936229304813 0.133589951913808 0.565925249728118
0.0517188556863831 0.736944631592119 0.0936818671034683 0.145523306943182 0.466303805910161 0.454802380644686
0.622000018602795 0.503881131606479 0.464220400263096 0.198887600609488 0.254219424031125 0.198835129737555
0.111094428474301 0.0572537141535085 0.65810994911493 0.094250520482924 0.565967497423056 0.471241940305532
0.383068224976724 0.109903580750174 0.527690099708322 0.486634793473387 0.27749867213815 0.498902957862519
0.791786246874701 0.192682693540318 0.305430804991665 0.146812918583757 0.435126176770713 0.178244549588726
0.557905353462295 0.263987827309248 0.37463242451946 0.0735720744731803 0.519134324289947 0.451430275137876
0.266939188765458 0.391012265135884 0.559758770818842 0.538211771161006 0.241813294655126 0.338197303977559
0.32309868343484 0.563487860003692 0.560069808978493 0.288450194808054 0.243333460051834 0.349278962716516
0.582329392084915 0.0593463336385117 0.381807749443517 0.414972858437516 0.206387698206372 0.544788930735407
0.590369942975912 0.418800414616729 0.174487305971605 0.493870718519015 0.432821193926086 0.119921852387942
0.350162295298687 0.472544292252456 0.0260199835531851 0.154916794151224 0.597719161798661 0.52167404552583
0.241302998386366 0.520856949839666 0.34380148869861 0.182537109584065 0.405234885664175 0.595605849708956
0.585977581212003 0.285391049052711 0.330579451238964 0.54451401030795 0.36733154264224 0.185664967655441
0.530205646401411 0.38900017146081 0.572897352998339 0.000580854782694406 0.00205062186616558 0.489228903083927
0.42918672072416 0.298309806543858 0.529173983431883 0.420702731081129 0.496535312947587 0.152469040757663
0.708234654440331 0.00420199601970328 0.0883947146712497 0.373518579641333 0.465012366492732 0.367178106058863
0.163917470980386 0.450937616700527 0.385753049799308 0.563302247706795 0.498749720321961 0.234350607700542
0.477035681877317 0.529196249639182 0.408845929686556 0.083649856936736 0.553667935257335 0.108110185758542
0.143682465540461 0.446700876655538 0.420301303384488 0.673669768132401 0.0964831314619061 0.374193184214291
0.501627270470528 0.585426251177817 0.479191532752485 0.385353203537393 0.0714213548185888 0.14974498151806
0.0458285541427153 0.102099434301069 0.563019844750591 0.223000861723155 0.633705769366058 0.468157790814715
0.397892548820061 0.480327800138399 0.305733384460192 0.0416767395929192 0.644584000384399 0.31665176055021
0.120365251679224 0.555464388846792 0.119037631303454 0.608862375273085 0.15081957462868 0.518981334086844
0.536546575567615 0.152718192508752 0.562435034217903 0.32882862121496 0.18321779919618 0.480379781147593
0.290853791351479 0.567204453420251 0.0836767989504845 0.137773761315536 0.185412463949028 0.730288971777217
0.652420570666078 0.137440675846273 0.682355975320052 0.26786353341721 0.0265928754621399 0.131870121633341
0.4556279231752 0.0223191192225882 0.477706584378554 0.508260297262863 0.047254335103525 0.550581483362588
0.456858060192614 0.415334709466901 0.0499131235667233 0.0696591208359417 0.488583459232448 0.610508216401481
0.432154977542573 0.203986830409383 0.140871392400312 0.140130365707485 0.675573977873116 0.525119015305378
0.0186613091213278 0.28883353773797 0.429736652728948 0.624801806413909 0.191140646161595 0.551943211216346
0.487984197669143 0.38064450632238 0.499380691224291 0.0708831835415556 0.39124173978732 0.457717798652563
0.370126746761182 0.177359776647808 0.770313439596325 0.0260404258739221 0.0364339576658563 0.485964369769853
0.516357555890582 0.439901719405726 0.502992544922844 0.108478196843495 0.0369847858959903 0.52318682887898
0.593309511954575 0.534837911888942 0.544125351482365 0.0732046287977765 0.0023060021472997 0.245958528173694
0.2275323736967 0.077429545758053 0.461790335260737 0.343031190161419 0.684690631615581 0.377507234603153
0.312525266414548 0.16193580259838 0.494964187272688 0.445607563541425 0.480541879712116 0.449030743005692
0.427553253732981 0.715779172100734 0.0211450613038962 0.244447901794631 0.429199784688844 0.245853709597467
0.114047428714901 0.000712260108402845 0.32135109511496 0.607861961295931 0.49002928449306 0.523546833345553
0.135774651271289 0.524119392756173 0.589959211660692 0.125867249011679 0.295502419081494 0.505616446260377
0.722941785846658 0.274842128862743 0.408171915605647 0.150960889408555 0.431171140276169 0.162834036527328
0.292824853959042 0.625427750240262 0.528450910015388 0.186798130650172 0.0620183995424049 0.452872549776401
0.483537749668913 0.299466633257666 0.387893630645445 0.489153879371325 0.379884149824304 0.377446720112105
0.256955534602123 0.50826597279618 0.676102652263589 0.262443863076924 0.0123360380506511 0.386646865544653
0.208773877357193 0.414542443280271 0.211775229979323 0.0382520715784598 0.806875385329831 0.295310301866469
0.656197709479698 0.538334648933576 0.339153629197928 0.291908157526607 0.118647953454829 0.255514145094628
0.555440569803034 0.492990776046498 0.438697067550442 0.202973272698081 0.14082893970467 0.441542536325194
0.161573439361894 0.640052600695661 0.642736267822931 0.369302969170169 0.085788161344527 0.0858632074625748
0.585061179405908 0.362105069286535 0.618437510505001 0.161540543833269 0.324987357108537 0.111383352289285
0.117878062665168 0.353872799548618 0.168605639269398 0.542851811326277 0.465350431112705 0.566755529034776
0.134784964272757 0.605673971832717 0.0275550676746405 0.164373798776272 0.614563899273297 0.457739270198304
0.535989672631959 0.463029500886237 0.0302900860259744 0.423532315235614 0.343704727708146 0.447089142041827
0.290055918009972 0.122129210981213 0.442469807533733 0.124227774885738 0.595520434710515 0.57887421903441
0.212658087833917 0.201363692557362 0.0396087588574447 0.683426785337985 0.254820063300146 0.61697237510488
0.425955058523449 0.451144497334391 0.481570036962682 0.491140432218875 0.374461274899366 0.0410007266221605
0.533967462228737 0.450171791582053 0.143881834466913 0.411505973238227 0.268817338128687 0.499922191711779
0.242123482358819 0.424053257848754 0.250479216536548 0.175732260943211 0.46070518790876 0.675043789823501
0.598704302961791 0.381910918622432 0.327056061731056 0.309149614345816 0.420370659423592 0.341242677551599
0.452517440700969 0.221977393902772 0.602179164432499 0.0677164610157363 0.586889277331585 0.185228813745782
0.316103728266979 0.578083616031088 0.475241273919125 0.239751667504315 0.475656880678622 0.23730395531438
0.198842707697266 0.698881482333666 0.45200770159213 0.376708212167074 0.353140349534487 0.033137672891514
0.31337934014803 0.27518453036937 0.613065308969445 0.224503608827473 0.295468228332832 0.559029915139854
0.220338134691049 0.383531222093762 0.849552843705407 0.267349381085449 0.0503744167357767 0.0927448133533547
0.668569946769849 0.246198580169332 0.329075417555264 0.42108681322905 0.321284035858639 0.321826535553833
0.723256540660349 0.0617137689366864 0.267908429797977 0.163554407605058 0.368271440604309 0.488817514157403
0.0344199188176022 0.269686621762071 0.0721908293337557 0.930566032180223 0.215524937932419 0.0920257587463379
0.201443407217181 0.388100624513906 0.381015555522217 0.679180150423812 0.293324219437659 0.341029076403057
0.0431438265747384 0.727524022053415 0.175247424724843 0.202122343393172 0.550009671034635 0.307850073510869
0.402154127890169 0.0450861317530388 0.121947767045839 0.578548443614483 0.451452197429251 0.531827652613644
0.150728758163215 0.0810535916713787 0.161708227647814 0.237723295962316 0.677437880873697 0.655077978537605
0.150477287116441 0.194287550278329 0.586328697807862 0.569151738314346 0.101807207321328 0.511399240620328
0.442538519824478 0.294672521798954 0.450525937922718 0.341874177397235 0.188117660106418 0.601737430622452
0.243683342251745 0.314993227686948 0.114371089776032 0.592420118238074 0.199096434563057 0.661601059774609
0.224492593675548 0.0489751774210415 0.691935812110902 0.20768773910793 0.650804172926713 0.0418218940896128
0.431606109459241 0.630165790928062 0.0849951018994109 0.466933716294043 0.435640020246443 0.0396705460271052
0.382125535585 0.0517795239809067 0.804264652262129 0.0664786787650235 0.346473528728672 0.282832113155176
0.103300950010757 0.644526850003731 0.280052042392174 0.454724256173099 0.310205049105029 0.438729512639262
0.312282561919245 0.538944011628341 0.19445333504398 0.564580515506366 0.324547177890641 0.387459449717212
0.477153459250474 0.297957357165541 0.0251601683579306 0.565919332994202 0.522104470392251 0.300091962745184
0.353169978267886 0.542554935372226 0.217478874550477 0.575013100815105 0.410095992312814 0.186518789020637
0.425779865496898 0.586108823556184 0.156320089170746 0.437595240912275 0.508913283876734 0.0164212494471861
0.455565745990195 0.412609353511337 0.327791844697396 0.437855074216914 0.424211717683469 0.378276660115019
0.439192260604507 0.054121652824351 0.206941181280171 0.565777184449963 0.164925522042856 0.643468804329934
0.0466707384994672 0.375480551504548 0.734654667676767 0.40522620064795 0.374937826240759 0.111049852015999
0.591254374176247 0.563698474512181 0.42499432419241 0.347675849852651 0.120860469564528 0.12867155699769
0.0148271557596661 0.126127515986724 0.173946092659046 0.874588505074297 0.356660662065418 0.247997743817785
0.136077616173034 0.460850140228013 0.244955622282424 0.312092114885023 0.226226122211257 0.748676850982162
0.331786197381726 0.620012564561988 0.0192661421416704 0.468923436832201 0.509144993503231 0.161286517599239
0.483855217744696 0.257535470603389 0.487327254014317 0.586155801616566 0.0206346189870051 0.343609292464117
0.316503186519717 0.628072954517164 0.466372389541228 0.150779732290652 0.116005908904973 0.501652262458808
0.531006555727213 0.595282386520033 0.0323426723871796 0.191255091913346 0.412030133600853 0.395319527014125
0.518311264301092 0.362261133256351 0.0413536027264925 0.430153947805555 0.373178193652443 0.523560694802009
0.122608743254484 0.706707252220681 0.139173037527563 0.441208102926792 0.0775244702140834 0.515255458769113
0.479317631979321 0.241706210496444 0.416187136109622 0.527640863573474 0.440035306777075 0.25804075471735
0.388920849287145 0.558804406093488 0.408904126426001 0.184047481701601 0.126557407513628 0.56514190359129
0.490146141425214 0.201067849386434 0.369319333886241 0.591190180796115 0.202463903595302 0.438673281016886
0.0763647100316197 0.267685084678881 0.43919382665475 0.476223410059341 0.706528085143873 0.0604254726501081
0.150415879344258 0.420029675654896 0.378561980214418 0.565044600544239 0.545416595940799 0.202203605839824
0.080123335525154 0.567234319054161 0.092487086306319 0.215473401780608 0.535519248331714 0.574510195774959
0.409279021488012 0.449718721898226 0.284928419592208 0.454665450590311 0.347726834476232 0.470558100639418
0.287031813242636 0.427246970281465 0.590686831148747 0.129205219546336 0.602889573352305 0.0774080465098002
0.526054202941664 0.0446572155015129 0.428210996153441 0.60469204367409 0.14719744648059 0.388057335340007
0.29850079335978 0.342757872726983 0.364957243935933 0.515502909863149 0.627151524613314 0.0340329581988524
0.438890739024857 0.0397396221022574 0.496794037428741 0.330816950834692 0.488656473620202 0.459092977334811
0.401981971273036 0.0434107606090229 0.204578533206668 0.243800295719615 0.654435051387705 0.55403050792172
0.392732031701463 0.531286941272962 0.072894868412834 0.713330091115666 0.172871154519371 0.139491291884449
0.176270899915497 0.414677760460602 0.211989668031795 0.28995986964225 0.627623368889329 0.523491629628581
0.566834465275363 0.10263636347544 0.492026610811603 0.255805880021183 0.374376345059939 0.469552962005275
0.280900460449097 0.290180324007604 0.478890621128057 0.306466920653437 0.699992201953092 0.153762894171424
0.606695057205134 0.199787095323013 0.3338389996941 0.526666350294266 0.294844193379626 0.340950441393657
0.44158942204599 0.0494330037789879 0.239139187263963 0.532612309907675 0.38135408259835 0.56237069679135
0.421958339013838 0.48746131571352 0.634889916248635 0.00783952526626926 0.382911318973746 0.185916335244415
0.510773995503345 0.488952351966033 0.352190106750707 0.241040427639959 0.365350359392911 0.429437165212765
0.105204923472749 0.340281763313676 0.0916821980348919 0.421270359482284 0.623626720750716 0.546219385946796
0.608957496952008 0.0871696333074389 0.448418628308535 0.559594816544817 0.192064962896668 0.265438593736023
0.773610613638847 0.22262204211925 0.51511457801928 0.0704619672635196 0.285685249844994 0.00648579450480909
0.479759352589322 0.211272687134735 0.464079975311943 0.442783543525092 0.339961336964193 0.445189414453321
0.395120429397322 0.422982778304985 0.0256477366726901 0.426629461777291 0.492435347083305 0.48969617153946
0.0146035874374753 0.537483279578687 0.512226065765412 0.313320873891683 0.123910278389828 0.578791145276852
0.279632467831286 0.304120681448352 0.138364699135984 0.601987013736175 0.624200408226699 0.241157603540937
0.0301066142785201 0.495485528426541 0.279436957734157 0.794032567008896 0.207537123857085 0.044082811834399
0.500516354189198 0.441021934465006 0.0439365790875647 0.485135697592653 0.333862467593259 0.454127534049423
0.626146001595076 0.241133948252484 0.360802116349443 0.627859921440278 0.15627420301547 0.0314281568870707
0.476700762844918 0.0302093868915335 0.830401218724815 0.138305919349381 0.228551930717494 0.104465684438867
0.158953668653772 0.364922321809227 0.532854702507479 0.20651818626503 0.564466149898039 0.443124701008218
0.342268993400338 0.263700268396589 0.334325776439388 0.275330184186568 0.547522393544133 0.570922847726364
0.240077920033919 0.62447990165247 0.099923349957836 0.238031091465023 0.631755884754006 0.294327148683509
0.208667134715199 0.00301353077954965 0.715086886828904 0.346993219619136 0.173906838597568 0.542634137181473
0.124315944994576 0.306685166726443 0.153204189073699 0.415481921982672 0.385084789344616 0.738987623916224
0.541247475486506 0.0349027142833735 0.43627253062769 0.60428859111959 0.29707591087471 0.249159490398243
0.290130776999533 0.180518734124996 0.160888803482655 0.882893648570535 0.273943732150969 0.0529674306577472
0.108198772522401 0.509577288752185 0.540828684825567 0.372355004972756 0.491811647228631 0.235799491103067
0.0417984210458593 0.438249647921424 0.500382429596663 0.150764523147008 0.59177625356531 0.427642942794831
0.409292299341649 0.423822182055675 0.125644702808204 0.485190099013514 0.542246327993222 0.328066255428006
0.617667756115398 0.117418431207874 0.2465439993969 0.0227716437282327 0.445097653431508 0.587609600484124
0.603228454991211 0.530119761713891 0.316165759111327 0.15121984570107 0.228848136844863 0.424132963377832
0.510228361642491 0.493817041176269 0.559985658292661 0.283596172118662 0.304296865058299 0.0959397748663307
0.599402017113798 0.00652605321033095 0.5970763439372 0.321351774384907 0.205133029945391 0.372596228033896
0.243964317172962 0.418267259068677 0.607353853049333 0.319601865178876 0.211575526218391 0.499745588878211
0.312297494944436 0.436027193749935 0.591297241660922 0.479177434363286 0.337603854118084 0.13831397994348
0.159942950735064 0.03480187123635 0.247485921471576 0.430391452185707 0.515305841733301 0.679103002719755
0.484802955984306 0.28662676154816 0.471519292754627 0.345651697671808 0.393305090886027 0.431644250944225
0.500533928300084 0.218360226892899 0.280184584380905 0.758131838805948 0.0395687612759696 0.216683235915621
0.30736719055775 0.131655480411745 0.686733100569636 0.350564425221929 0.0801024535223675 0.535983277665188
0.291218378303653 0.459458537631524 0.260274753748429 0.654236855306272 0.4412352424548 0.116757692987232
0.415342949004492 0.531911527472095 0.262304818886213 0.267594407936733 0.0665294994898213 0.632236982611939
0.349027422911971 0.448790287038937 0.390999221694672 0.600905068075295 0.358016987427018 0.186074395939378
0.217930974335148 0.633799248894102 0.381434185732219 0.120445371343403 0.532831026035363 0.326950416267446
0.663780037047938 0.0803092502652551 0.506964204560446 0.374909671138944 0.0216375327237418 0.393583965243738
0.194919665978025 0.579086513336138 0.456106276145732 0.0492772575027215 0.473174842144596 0.438531092856745
0.00376569831067597 0.434234254664166 0.76252422993503 0.0943929798928219 0.391117224976413 0.260960748060281
0.554428814989681 0.33600799537643 0.331197518406406 0.329359866598814 0.48596058641733 0.354090252162673
0.595779579852334 0.415919543787571 0.169593214311518 0.241496559044312 0.024181340506116 0.619992291667474
0.0543710007450871 0.398725767174911 0.688419853699171 0.095336001831192 0.472624303678632 0.362873223355898
0.038630537984751 0.454663974971759 0.38760161434057 0.524807711214517 0.578012805047278 0.178973191874175
0.322605554248878 0.448961368308244 0.569720603763354 0.0897012455887532 0.471879444694024 0.372909179287892
0.290338014510453 0.648595217358357 0.429900046403306 0.145331235533456 0.0320380296636267 0.536718201746523
0.176732538432052 0.754711344312329 0.406901381031838 0.461311106508783 0.13919458162354 0.0377437968189913
0.552673234141432 0.282291288328279 0.260999644712988 0.344340857788713 0.0925339733546318 0.647773068049176
0.296368119596536 0.238909617144427 0.488138205652534 0.2214274145192 0.450120368079592 0.604293619893736
0.486775634579839 0.350469641968777 0.436517132304406 0.0481990151423166 0.480410079985583 0.465356116141141
0.295623382426086 0.415506418527027 0.132322631090884 0.507879725753555 0.20311002530779 0.650581628248871
0.552555566765377 0.0245089392902887 0.613309265212361 0.305502130166558 0.468482941954806 0.0715931861087177
0.149557485268288 0.344422613790628 0.394015936155056 0.278429494183428 0.0761200288634673 0.787680024972258
0.289887018658763 0.222369111203693 0.69913894140074 0.0247468172862347 0.568047506629605 0.233306366519984
0.199312365758652 0.161177165329466 0.603312053984754 0.585783132549368 0.475540830398636 0.0320952954990194
0.336889112590013 0.405447207750408 0.507978505682867 0.413246010183847 0.216548121400575 0.496397795618519
0.40829096493163 0.204737023647135 0.547383858365466 0.130446173375064 0.592265271537649 0.352076404614799
0.449151470820388 0.476963940936519 0.480384111816737 0.370156366504859 0.144457241485708 0.426750313577497
0.551256262920918 0.413850532608605 0.35518760956904 0.577157603555475 0.151469864104628 0.206475209613398
0.502115748926532 0.479407876990072 0.686763030923201 0.210711015367955 0.00752850312913247 0.0441428494802766
0.41313918018429 0.284423110747526 0.484337110956579 0.361636015723113 0.332133883761141 0.522248552137047
0.29466683914555 0.763233023105106 0.032217353185143 0.321467426907062 0.380760539696046 0.285112176786056
0.145400664660326 0.439800237576748 0.340281148434012 0.261936502301325 0.495010248899484 0.596655059486485
0.402807436836947 0.10552409792041 0.466168312374461 0.53860427147004 0.522171190366893 0.21573276253256
0.382998471925621 0.497068942456913 0.367055124380803 0.10389619366718 0.467442752279137 0.492146347031425
0.212222124600592 0.12107295974262 0.632142945535373 0.107637475263571 0.428646671940474 0.587685808244742
0.345626750639919 0.530636275878287 0.418243474812924 0.361166636655341 0.232822932348056 0.48927684441474
0.383402166307207 0.189541753434404 0.606433216776346 0.200850943798534 0.565164003253039 0.299272457751265
0.644477818495413 0.0895700553061869 0.479818100234281 0.316117035428484 0.477428904377609 0.136131548599536
0.291408010561199 0.287826579304499 0.275974129901299 0.487577623042131 0.575462959865019 0.432649921511414
0.551910547562399 0.191032160761001 0.275492102605867 0.44580898884891 0.0663615188065824 0.616324635828676
0.667058403847665 0.629801964830207 0.0502827760854768 0.213584675284214 0.294820343276121 0.152698281115539
0.51356742631743 0.231421763849481 0.364881451627272 0.209182740922353 0.481228405653023 0.523656179753206
0.105731395411618 0.0724769157470367 0.265828809823706 0.0632032011877838 0.556586110452257 0.774028597396159
0.107783998548527 0.318764528386816 0.383771504332525 0.509140036570502 0.224894671578285 0.655507457942513
0.466692256377136 0.0714811133522066 0.318907858300759 0.510876808726291 0.614026997469069 0.1932932975308
0.712630246897147 0.07788606591744 0.361244050537648 0.336292753685549 0.380121119321924 0.313065083262901
0.542748063131562 0.167996409528939 0.609403070225694 0.128099728832787 0.348472755393808 0.409861979906693
0.777652000841152 0.365135668460703 0.346914128298854 0.0920983802566774 0.332113094427196 0.151005555050942
0.268757035765443 0.561280895710272 0.375507269398798 0.273506746587186 0.54776023617185 0.311256302275404
0.100075151570369 0.289564368433228 0.31548485663587 0.435671737116129 0.488693534854237 0.614797130991487
0.163257261742273 0.523905135874453 0.239244697463921 0.141224234164123 0.778427335989231 0.125455362968861
0.0513643005338456 0.172300707023046 0.535787341867407 0.0505460828058803 0.75296274518091 0.333314111863411
0.270179953626258 0.471807066319723 0.534937662688557 0.0267571142867162 0.577498840819377 0.28986501609183
0.354561113559693 0.303562839641463 0.255604018149803 0.630119643707182 0.422389037750038 0.375951247436058
0.282263116135974 0.584584545012883 0.412896758252293 0.408777298264249 0.459291337955966 0.173370404995884
0.392797347599941 0.411205614110342 0.533630331621402 0.179990505947023 0.528099105314989 0.283854907568398
0.547506430754507 0.396210923180264 0.366720127700969 0.603296849933256 0.0668307588615047 0.200839540690311
0.15375738542686 0.505836611526182 0.627017990341354 0.427729386524228 0.351009071255113 0.145521931181961
0.153565113461499 0.260946288288003 0.560462297616515 0.333221543932142 0.616223795157472 0.321618470315202
0.370160320057607 0.363515424280566 0.472246040152006 0.0321682779305946 0.513613770198567 0.492937773236251
0.362546811254837 0.53732913446468 0.362232700490578 0.279321496900691 0.208677294534715 0.57188982305556
0.258051385941081 0.00369812554930416 0.244368889296538 0.184034364537617 0.683253263675245 0.610717596251858
0.596334505884421 0.146860294972953 0.178881045006378 0.0464783724400784 0.678250144570658 0.358657615107597
0.128930667096525 0.470730500966678 0.44919629756553 0.732078985826296 0.145976627918887 0.0525694531843124
0.103147574822591 0.41027126060052 0.654921726093326 0.423871069658485 0.428786014153301 0.169090134536327
0.405485772052068 0.456833371916641 0.394690023097886 0.285448523845276 0.425844937140837 0.456376570804933
0.555093925991233 0.024769827048841 0.546779810770227 0.285750066453693 0.554894516160619 0.0522302880163157
0.310385237034786 0.276483977266369 0.566456637156034 0.528942347101304 0.0239943261866017 0.475382749920023
0.141230294814162 0.548407279750486 0.590559934760137 0.218019014058512 0.321986114295238 0.423479721485561
0.204502895834816 0.16935386973883 0.349897045293118 0.631932159827018 0.532702456702309 0.3520791503263
0.215042646322144 0.624876545011891 0.125990237786201 0.312732949045832 0.251638529698883 0.621521179600043
0.492659021041094 0.455964000030469 0.470942494466052 0.0913729861178554 0.486155723622004 0.28792477553453
0.0884356959080918 0.348282826064006 0.449495799735404 0.60756945372639 0.384433166660232 0.389746361174228
0.653037406061945 0.313203507275884 0.297082850108877 0.364833823189446 0.0620083668933138 0.500238676410926
0.65227137516969 0.549617866849509 0.279344590598689 0.291818469333966 0.221491493466133 0.245382054264387
0.429612803590935 0.262254621356152 0.364646361034195 0.59339514006783 0.276927273901019 0.42997892583966
0.270535606977938 0.492579325387521 0.471206723260373 0.280516489049073 0.432299656721035 0.443359700111019
0.55141096461902 0.184150833327833 0.509191490462438 0.314745271984624 0.414833173046936 0.362777200257077
0.154920486837744 0.601852692138305 0.596610254008974 0.00843991939691186 0.459949071098393 0.214953028104927
0.23421034171315 0.283706937501024 0.686932038904398 0.419216586954501 0.254817150316265 0.390007610825693
0.503937958969237 0.53223102625216 0.559303914333 0.361152001814719 0.0321016147420613 0.13599454964244
0.206265600151245 0.491801020178389 0.389537040182744 0.391250241096967 0.0845536768174606 0.635311795616627
0.270994143687822 0.547623598125204 0.0244761400324466 0.208196014045644 0.725891323133717 0.236236521662311
0.225947876774653 0.240762265798149 0.368273739971208 0.546329072482838 0.330917388024099 0.589384227528813
0.30842159330607 0.388172136830153 0.230439877602436 0.422875311457439 0.352523818687722 0.630871939461119
0.0643932620351431 0.272356987112085 0.353078592335108 0.576437837734177 0.556890236788103 0.393196350960684
0.380916263731389 0.177143471502587 0.260783688902624 0.105055985337862 0.652356329242538 0.564720566097218
0.0177264540369713 0.491675719332178 0.562619909532851 0.11899481855196 0.51541025746782 0.401985194874698
0.216758859416987 0.757030314143265 0.28136022181671 0.156407371000446 0.506935608588737 0.138960961975459
0.656464074865243 0.139483703873439 0.668894318930007 0.193889291541672 0.227627287114979 0.113014891294791
0.142694654243572 0.581880253147403 0.417355844161187 0.518149716465035 0.123060213196867 0.428070976880084
0.509676867794651 0.247153877546342 0.40040093675947 0.506428756418114 0.278022173128032 0.43018266702989
0.171534873618185 0.165281130004982 0.481929903537154 0.375764964154054 0.62013967895355 0.430382357416553
0.473005157376885 0.348907137761399 0.386853888277131 0.114441609094155 0.677214014894084 0.182094194245337
0.0432563513506536 0.0991013577460592 0.0423988150586473 0.493161515957702 0.64375046556199 0.573486884513815
0.138831852321635 0.592635516606739 0.228519076845361 0.469045979029108 0.396405396041061 0.4473773846554
0.438251472309952 0.494330569779565 0.545696284222863 0.3417438769542 0.0385223429292915 0.384077663818768
0.256656295344987 0.751105875375926 0.2245044706642 0.0572008275346242 0.379397113659914 0.415151957918084
0.291006700049933 0.0286244938510157 0.0363109525697433 0.539193554313452 0.592244624001558 0.521242620983145
0.48232667737724 0.232272144772886 0.36273578131842 0.16060180588414 0.471025608174502 0.578078988023906
0.538815848508174 0.555640892833748 0.066608620627147 0.30676107409889 0.360992783242185 0.414832285544697
0.380426206316369 0.253025238591813 0.404634073470347 0.0435151054857069 0.783511410662757 0.108359133098734
0.558343202716127 0.0879203604134566 0.123634919440446 0.791287813202031 0.192054940012806 0.0470720893422619
0.631420727395534 0.391269566312685 0.504041134052073 0.328451171613501 0.0174866811337025 0.293210795375827
0.463903106475851 0.51912611301883 0.466964689459773 0.510537926358338 0.0515648208994423 0.18422285519742
0.526817546468793 0.421125907325174 0.222131809127825 0.472411380649901 0.143421352209439 0.502027395117657
0.396175844486413 0.309796700361852 0.663247472516283 0.0698587607162258 0.0557171411274887 0.546981579787584
0.583999045056326 0.582339828515325 0.28574566821479 0.308418537763916 0.333672484020066 0.17808854978906
0.0774563050808103 0.12773923649583 0.463530357254407 0.0839637994668283 0.640669793636868 0.587635186205421
0.528556471737392 0.0552014908944099 0.206756400644781 0.486626984060419 0.518913983515245 0.410798123750061
0.339240450110118 0.720682343336493 0.288002814391183 0.235685180833784 0.233651988105696 0.415266781604868
0.18749282286536 0.293385018779657 0.443832401508923 0.495182535370588 0.577699013338852 0.320690782767036
0.516848778751784 0.435193777707743 0.502530098465726 0.460442074564033 0.216260649083012 0.179336676429124
0.390274109476514 0.566516616675873 0.0544703055950071 0.555878119087123 0.453060592255315 0.0975379145576098
0.476006800517153 0.554360809698749 0.206507871364129 0.0983873652358913 0.509145390407485 0.39312468172957
0.343567229427268 0.58627319588803 0.326916639859296 0.260614173289476 0.344154835257537 0.494983344446573
0.841201211732505 0.18147858023164 0.317604789661625 0.201281809150529 0.330218860675929 0.0949440953395748
0.733563467142983 0.188212905784507 0.101353103175144 0.261457951216382 0.133034498236455 0.574569101388852
0.409092649450676 0.400227807998051 0.223268179921074 0.457860215033277 0.453842962823423 0.454975619446329
0.387085536113757 0.842545050488362 0.198289913573104 0.17287418577677 0.181996258985656 0.19482200443355
0.218874704599992 0.804124726022239 0.313815819059557 0.00470580461653014 0.417717631733289 0.180240827605587
0.105165075262117 0.690720563366742 0.456319078342318 0.113193483776896 0.470406841089156 0.263672046518459
0.377947678497006 0.0199342506684652 0.326838105229499 0.597430725254376 0.39586851775218 0.486106650966353
0.419214192372313 0.0873325487662206 0.532844493403363 0.514982189824575 0.500396537964054 0.130789455409883
0.244548430483521 0.282017147859197 0.168028428066832 0.456944404303843 0.627179789345153 0.479870986865402
0.190288631439742 0.526928825649368 0.585565754304077 0.534218206910616 0.195443524009861 0.140220302234299
0.22005275862229 0.575587399123073 0.488171566940277 0.0691442043592792 0.393573911607249 0.471469093080577
0.0193049012847891 0.483044038821009 0.447603079648025 0.545199725569605 0.27623212482737 0.438634623448331
0.481800282117281 0.487175319306046 0.547333804487301 0.336983892254264 0.332908626013013 0.0810438521018921
0.0910551938356371 0.503914619823403 0.691734057250837 0.28744765464391 0.1403436460046 0.396182418222891
0.0620321185607386 0.149958717254783 0.0577414215662675 0.51291616206334 0.479209193411837 0.691090361143507
0.405245964596278 0.265820267824073 0.717599157873137 0.260042198830614 0.400395575720845 0.149091179426043
0.244662122218629 0.545840560699627 0.497576386085443 0.448888706028567 0.0585123942107548 0.435535874045375
0.325235726160774 0.0586290244158938 0.479385311404921 0.541317847230303 0.508718631006229 0.330385268846872
0.199193813578753 0.525499150347421 0.432966173067722 0.0459827031620231 0.506296878698306 0.488120704565426
0.047661041302782 0.23218692827839 0.220905789895862 0.210941808007507 0.686352962228911 0.615988191723826
0.201070044505014 0.557204380978982 0.608046345195411 0.0131318187582769 0.507710432696523 0.146394771021007
0.35830633763926 0.260707506832498 0.207697638205084 0.660041185649437 0.0411788396735085 0.568471452038168
0.405258486550866 0.322898756586111 0.0584813066269979 0.238918081888791 0.69403463374584 0.435104546237686
0.306668544409361 0.0581963456098901 0.238837366867009 0.255736767025911 0.175082704761671 0.865718807639065
0.628864242747825 0.279731061477454 0.580496944014928 0.194423777556455 0.0171228296425997 0.388857041665623
0.0173508776962378 0.0934469182966641 0.0830630710083778 0.585633212062758 0.556208152044245 0.575963001647907
0.295034330045814 0.678447394714072 0.57928927678977 0.06025704459081 0.0536346972340084 0.332536040642647
0.358856529475855 0.512296639928321 0.0263217557885504 0.0623456120935 0.366090922880291 0.685690724729633
0.329906093398929 0.553570326125616 0.537864813812505 0.352978091692722 0.402323651862828 0.0946860685137874
0.553444124302393 0.219905126541173 0.133998526166045 0.422062513562361 0.257257602373116 0.618924464089159
0.265980895813453 0.618816330645298 0.614788483749882 0.298916824035673 0.136995240470271 0.245431596650475
0.394821850468554 0.453159071553506 0.441821133868717 0.195877893040375 0.265647170306538 0.578463551016402
0.0586271245124708 0.236921426596514 0.575106782053517 0.283294381653649 0.145359617454204 0.712950322297399
0.395673000757081 0.266208869784893 0.588398875710667 0.254373634694127 0.567413250145856 0.199245413281144
0.526912869858723 0.497370140283315 0.00887401693328213 0.450118810899681 0.283816239910131 0.437890877951117
0.0793041904073505 0.469405624004952 0.522421622705404 0.160466349861007 0.48678427368414 0.487582275233932
0.617757681155797 0.264884297963508 0.551221064650174 0.422895301214876 0.203534816568485 0.155242509017777
0.217706311193673 0.118153488607598 0.474364382104735 0.48948136125435 0.432458193846946 0.535733194552957
0.370299794150519 0.38296789962808 0.248274000515049 0.064833883773654 0.454093248194872 0.666460471771168
0.573549922483573 0.608035063511836 0.207484684300889 0.502632616246848 0.0636823758336762 0.039861784115024
0.622074213146967 0.677523270397842 0.165274598703275 0.202217091767014 0.145907854520416 0.253947522565206
0.179089083608237 0.0617934855917293 0.566690167890203 0.559594399838471 0.554993777235605 0.147671709499609
0.198336354099882 0.458114555976214 0.117299120589016 0.469656734505304 0.406048787058455 0.592943163225867
0.437130479136982 0.0362306084949574 0.291268346896206 0.562095685936985 0.378302119624656 0.513520187969696
0.477297895405936 0.609016209149352 0.0445261967995147 0.107350369748369 0.437247993838514 0.443388637463875
0.215209747165047 0.284343429905206 0.499294140383877 0.577709386268368 0.270961555467612 0.465156576272145
0.576930428776116 0.290540706992828 0.51228908924633 0.325835611302891 0.295719450204925 0.355919131473497
0.213429648455748 0.687232211222646 0.380920611545683 0.219112136076816 0.327432551795614 0.426423447486438
0.482446441905502 0.353791932524232 0.392291290463655 0.577945414710716 0.294969205143521 0.259145727789805
0.490808896004065 0.454231301926963 0.345747671892208 0.364375843440955 0.493424718528496 0.238749641247673
0.646439720320871 0.312338749682478 0.453345078984582 0.00820645693850706 0.0832937021209364 0.521568064638
0.269978725030119 0.570222112412996 0.233939563020683 0.459396518233723 0.477951916551921 0.328248862753768
0.604919459314188 0.316472324679733 0.515550321115498 0.465733420937385 0.207741606461346 0.089785229405305
0.253733072129686 0.160903075223482 0.437321336099488 0.536442527532346 0.566576759635488 0.331209854290411
0.106784746935899 0.302522434138864 0.172470428119499 0.0567842772146389 0.454230982665348 0.811036932782282
0.212759809321588 0.47535972045379 0.575945313727941 0.281600448468902 0.0961743230369045 0.555432338195091
0.772271671467194 0.0367654568780503 0.426944155304669 0.307646333160446 0.346126415961166 0.0742542439716905
0.353929757651589 0.555440610922188 0.313996678887882 0.36393577687396 0.11434494535811 0.567539887423477
0.0325351777336633 0.591888769693231 0.57933310074476 0.428411144339081 0.355527159787515 0.0551963310541157
0.45835538625207 0.658535797351783 0.355630785652914 0.010078249867535 0.176071845203822 0.445718321366743
0.262136905684134 0.830352869509846 0.181637971210503 0.261620315882996 0.288072314266671 0.239531113344322
0.476750691004431 0.596156500249534 0.38189069297043 0.198387194132945 0.19074021826732 0.442409758932805
0.496008890341279 0.630557889596607 0.273570982308936 0.218543033988464 0.48086651587374 0.0503704518043703
0.106178045512517 0.516173512296764 0.563574377152505 0.38905267072083 0.0963651309140152 0.493990718759416
0.3556649807883 0.53610028362204 0.00379014568797694 0.550317883338439 0.403143895810362 0.347433113973948
0.272610624469302 0.207867219093253 0.842713434988737 0.299154355074765 0.0606354314334348 0.281316102342296
0.0798659712460058 0.458352489315741 0.719488518707436 0.122668141774832 0.418943663448676 0.274425631953154
0.548433251724887 0.493849958188981 0.35108558101077 0.384040799392508 0.159312713732516 0.399004042148301
0.780942441077094 0.114495472217517 0.204985175228978 0.192143843372851 0.414510531582658 0.355334393443069
0.363458735139416 0.454846328944248 0.220684121464037 0.650093441536394 0.268267814586243 0.343106368869673
0.583728579679237 0.193267792187984 0.408840843001212 0.545015315564892 0.0466273731071755 0.394387962214019
0.221312079096437 0.598795730460843 0.625978131637288 0.447600383225892 0.0145414892470572 0.00764575478813106
0.542852448794233 0.0336038568477223 0.392183088326835 0.510641161417397 0.535448595310748 0.0539891740956185
0.299323950067846 0.381225459365452 0.483158475525795 0.681130605547757 0.211240923364462 0.151883442340654
0.209196513279277 0.440576760330036 0.561437124353895 0.456669456416039 0.418585319417801 0.251309829554453
0.128077981820552 0.271579946964606 0.53335391853194 0.579411727502381 0.0406444617108588 0.536660077079562
0.467581947133295 0.326446022872652 0.307414081347931 0.549398824167479 0.112848858454822 0.515483042013514
0.243680784690463 0.507080423351806 0.368202518192227 0.446770104111862 0.442622566633628 0.39038156027332
0.697493386141757 0.381041373469323 0.372713533482262 0.0178195108674076 0.156098013614818 0.452449936600988
0.536072442611407 0.194460930429543 0.138661299670419 0.249963178832779 0.0689829088233756 0.767035914609547
0.37246857022865 0.341555569674202 0.0737557824142684 0.415184053425226 0.75279309335004 0.00958133407688159
0.477982415112384 0.633351280202705 0.0166936569949916 0.526351597933004 0.0788401360823571 0.294717690037345
0.285162979303297 0.538074557733399 0.40340893578897 0.388821657279789 0.160155892992724 0.538132776227564
0.410750588169823 0.2935845152608 0.317557610636899 0.713714435100973 0.111074151682938 0.350033553534836
0.360740248271074 0.457801703493774 0.594084248058535 0.45572222640983 0.311316438739226 0.0524147602402349
0.101041972055912 0.0799823806652852 0.655057176063761 0.265514574015359 0.660552175670482 0.217867549111775
0.55818140551302 0.11569662960965 0.102040651789214 0.417391248178868 0.480273314823699 0.509664205954128
0.494162287139456 0.453880537066674 0.214417035337012 0.204232583349707 0.149168175570981 0.663218918829662
0.0186288811883581 0.61483757028378 0.189708138224645 0.383800589806312 0.236360923704254 0.618440918968454
0.481305930546168 0.644491041634808 0.180341604000778 0.550619669539685 0.000320859884406997 0.131417962641855
0.545564592188229 0.515683268110033 0.44729086636778 0.386812712398036 0.294116373156009 0.0152449393123695
0.0516441820627314 0.142695094516749 0.113159960229014 0.479059405013087 0.397867166283492 0.759190105522291
0.55803599464317 0.534737808258776 0.198936403227572 0.427277168000101 0.37926747491258 0.191483724507685
0.563797307037233 0.412160961937263 0.503863171463676 0.401046268564241 0.0151287838534228 0.311946875036272
0.091929766727273 0.520332405223095 0.529640217389258 0.595823064831097 0.0290441140164045 0.290578149633377
0.0521797472925067 0.0969713502217967 0.268521978241468 0.559147557716702 0.67163695906685 0.389907145772967
0.563711972337826 0.576210497008671 0.134636272049123 0.538230344531175 0.137442410165283 0.153300455780611
0.289078680798057 0.41536295847355 0.220725288814289 0.410678568398447 0.546361381657571 0.477514219689253
0.481381869232969 0.532228154608662 0.19610191547548 0.366692081382987 0.161297264074315 0.534854032625382
0.56686490948094 0.290404186105745 0.105446275681659 0.692193302109752 0.00954504479769384 0.322471689719424
0.507572434698043 0.0162571629694782 0.278740558744186 0.492140215553057 0.304704889377493 0.573901182890142
0.497326043272349 0.188990895365655 0.375079399918579 0.493127831225752 0.436083870311946 0.378048266803349
0.079000408781874 0.572474324663884 0.254715491110884 0.537468127453811 0.41381788607283 0.375546096689308
0.258718976215829 0.603005932283206 0.192063947927626 0.353945514641098 0.35349451961058 0.53134167364727
0.419953918740917 0.0292455999413427 0.0636056221336431 0.263721154274262 0.489691980320319 0.713716080139313
0.0274781455991967 0.136930379643629 0.239458476996998 0.845979071621109 0.228969187427644 0.393760310375705
0.339826204828615 0.0720773212086241 0.347694271556505 0.304093593494981 0.628779251748243 0.520187891796982
0.591604753463911 0.258993035608556 0.486822163990989 0.095341093462523 0.256099260590623 0.520820361021541
0.0519627738056885 0.147152145029803 0.628209513376528 0.128628545988486 0.236575197390825 0.713081900479288
0.492873414839301 0.391131256385969 0.0936488736244104 0.430287344416408 0.504171172987565 0.394950952973754
0.455645403042463 0.00136010279749828 0.368161939492187 0.315736518844943 0.501564572598149 0.552798004064881
0.349742906818764 0.302958543006252 0.388203331247298 0.564881064544774 0.412275352369416 0.382272953143989
0.0327145802016253 0.507571838452661 0.720237153071975 0.098806873383875 0.443846049459652 0.125685776991502
0.537781010272268 0.625365021849229 0.250901685089436 0.264303409518734 0.283565980894024 0.326331979820729
0.23617560479577 0.548685587341096 0.0119914667837699 0.449446256547236 0.590637825298594 0.30358925618359
0.374260237356175 0.34827688880846 0.483132694615854 0.0265819815669545 0.443011603110093 0.555202125910036
0.165740396394166 0.32950448869657 0.577564974981744 0.598662040555492 0.389911532169512 0.141238701797393
0.574301146424846 0.345437071120042 0.262213218695979 0.247964300912325 0.625406949843283 0.171684313823344
0.4338494873171 0.443262508841683 0.402727589298941 0.49998661617357 0.0929448813606364 0.440996703053084
0.346066038212795 0.229300954240894 0.379711745976196 0.513922858879852 0.509719861884892 0.399433745530382
0.347658999426294 0.131704834212677 0.592249305605438 0.433576876346251 0.551819269784574 0.136141112692107
0.786870600545168 0.37351097708399 0.416473543411201 0.1996989508463 0.0745527056926836 0.149787244913427
0.0822847719322792 0.740277708050327 0.552258435756399 0.128599367329173 0.349836201809906 0.0361328940642361
0.192519728565086 0.609423207325774 0.378350915855008 0.537845172953134 0.332773106223969 0.219942544003504
0.0505601788455368 0.588126264795005 0.392464936162349 0.55766014973058 0.261732441140369 0.343560366622282
0.00129358521246932 0.133939732568223 0.444109629178667 0.5681840746261 0.554016112532301 0.393774194613509
0.0249292662192472 0.488448775414697 0.394171101661178 0.117684037325154 0.622264603217226 0.452064927901541
0.158134471242209 0.344430018166993 0.544729335369524 0.279445548059551 0.446115095640382 0.53152884201121
0.0939780857503685 0.0303994941097693 0.598999489005495 0.216181505642912 0.356057048061889 0.676707128284562
0.37524218730818 0.480156592957384 0.330518710855623 0.446760636668452 0.49408895354433 0.275102468885932
0.354035287270817 0.554616903621531 0.5170479861574 0.420020360782471 0.131673942274267 0.325523202013356
0.378001356264595 0.613593268136245 0.0889651573811282 0.604238370469845 0.130880336557706 0.30078199062884
0.204090216563201 0.490739855307188 0.703707228183267 0.428900312544809 0.194246235444225 0.0251124836207218
0.112414709239118 0.216323184596879 0.618094788029849 0.615196927069612 0.264319141821301 0.331955084542839
0.619456742282785 0.307329867265106 0.541038514344819 0.173017552145428 0.40378963809662 0.190047041382307
0.424504967204163 0.436876708610914 0.49551861576431 0.246964155397019 0.232954855595801 0.517818807042275
0.442789882779398 0.501439969915176 0.438219489084753 0.0741732984679975 0.361202042409708 0.473803927821841
0.377411586890502 0.419682652782128 0.581890000864664 0.209781350301188 0.186992163371062 0.513669843218279
0.539681034229137 0.185114455048883 0.11005671481944 0.67841777542226 0.085443193455927 0.441376621528192
0.502947572254232 0.571051013905661 0.462125774298529 0.414850360798189 0.161143858685776 0.0965198568344729
0.504928744540477 0.11815213022947 0.532317558757514 0.637763074602917 0.201641988639905 0.0179950767665964
0.236275611890314 0.334603595618546 0.21489828911506 0.539919630338945 0.47279714190229 0.520559938666145
0.210897803261668 0.628961182294412 0.114736032544127 0.593380388216517 0.358194646045681 0.257608037542458
0.150627708560368 0.683304033483893 0.336682339109977 0.49965338320397 0.374554247233372 0.0843060276741739
0.331691120749732 0.482079280840663 0.0604088458305468 0.294956142841522 0.575710005459764 0.485273327269208
0.458921298489795 0.479127793940204 0.270646473915493 0.0521878492354932 0.514196318112815 0.468462228845553
0.494345482207668 0.550730837885992 0.433888186729365 0.0155327228268927 0.0717578796938533 0.508594800467317
0.603508864299565 0.150260168919676 0.374128736562188 0.0239441105756926 0.464245923460087 0.507078911951474
0.215625301900457 0.25647208036231 0.707959057441308 0.401902124789315 0.470990541235938 0.0562527005386658
0.270974836918692 0.48034007160369 0.606198639957997 0.432578798487454 0.321069989259539 0.195343050497723
0.553013412843276 0.52949247593771 0.0740765511806407 0.0690888052726921 0.249716494221889 0.584118958094573
0.387731525751609 0.826106364322642 0.0685635667374163 0.324223673498279 0.125328745869513 0.204164862506398
0.442220300059047 0.530931093415343 0.093270528629092 0.203206726983223 0.322606368131 0.607030597334118
0.12776769107724 0.373396291279986 0.307505596674212 0.521419579568417 0.306816549804063 0.619415984293436
0.178717291366026 0.429253755675716 0.240646447101537 0.47175811019397 0.193471468354484 0.682571393263345
0.274815304993103 0.328290913962744 0.471369254580593 0.365025347792308 0.463629062160457 0.4963035744144
0.359321489105146 0.490033655430263 0.303185265192383 0.595245939627081 0.23514342464177 0.359476870171576
0.376910055743579 0.511298686702617 0.334605761556041 0.418634900988496 0.554975197863267 0.0360388210133572
0.443000359428624 0.107313514973808 0.760826338142809 0.148143789387577 0.404061682019751 0.167825352755592
0.288201988955781 0.511871194557815 0.386770854437365 0.521091302463481 0.465175034386405 0.131953938107955
0.47394196104117 0.210487326302933 0.0878705967150954 0.0304767658417599 0.715505552313078 0.458776451680128
0.28689069127349 0.300316184058104 0.318467123122698 0.512165046272117 0.637012577597048 0.24079982081305
0.206632782039314 0.424841819729059 0.19488219862637 0.587295756843788 0.129167681331047 0.614192685032466
0.526000494436909 0.196480613356602 0.448678774684321 0.54063297848449 0.0648913030944741 0.432332403287802
0.206868885845367 0.339292884808645 0.0450092830003253 0.421789115828675 0.355118857042044 0.732150466757167
0.451186553046718 0.437309951904153 0.476860461802346 0.249227998967224 0.529835548552413 0.186961216047655
0.0615055557363542 0.461877342457652 0.382184041851451 0.530031179904293 0.337042146150072 0.492230926841989
0.740391447797805 0.0109800557160298 0.395002372481846 0.485999650985189 0.222983372896396 0.0987715687436279
0.27791229973137 0.376204225473939 0.300195919342768 0.129724091701541 0.82077322217511 0.0249102829374463
0.529083890169567 0.586763589773141 0.0896826895690806 0.453969753604791 0.29624170399558 0.271823578258088
0.330174361305812 0.0757370172445197 0.00208410191604144 0.656713692719302 0.568238810244062 0.362044516878516
0.430546841019568 0.498113502875113 0.100493343242505 0.275340146478776 0.494361588029162 0.48601220964481
0.199196487495251 0.194601351930224 0.385552770376038 0.552723300054682 0.411556265630489 0.546734422044922
0.0057190081279959 0.517066229517765 0.0546809875658945 0.253707591909861 0.588979569914444 0.564229847551358
0.489482094787701 0.481662242571958 0.449789243399923 0.0962822250627223 0.442253681934272 0.34819507957045
0.429680534993415 0.662869462412712 0.318906675489212 0.00442695367739452 0.514873208382527 0.0957247478340601
0.132869798710699 0.563285721192468 0.622796294544738 0.389088412452795 0.0505616136234889 0.351046035322088
0.338130807042338 0.186900336672216 0.536724554475597 0.233753881269095 0.520195317570472 0.487256122253042
0.424417695688873 0.0320924999564185 0.627048135759306 0.119312447482503 0.587086283903472 0.258349688603685
0.735609209586338 0.294638501090023 0.403673397804778 0.0734014375844298 0.437028235020344 0.112843179268733
0.584869806733383 0.228281587006221 0.314509335707628 0.372815994255739 0.579917117668634 0.177772537306333
0.510541470938491 0.257076451457658 0.643657436673735 0.128914169868431 0.0270827152995883 0.491540305683706
0.395903604608277 0.587052803844644 0.193812754110171 0.483404769420083 0.446836359328766 0.166502416151463
0.734367910750418 0.0468655944895506 0.140880910434098 0.186189773629561 0.562276457299864 0.296375624082942
0.442502775854046 0.456030945787868 0.000629700827595825 0.540651909177871 0.536542299339385 0.126667073243534
0.13135969107347 0.741624295986863 0.275139462793948 0.128794684553241 0.389874142592197 0.434104127307448
0.0905792782435947 0.276251435215235 0.67710955732321 0.648022472238801 0.168155196893437 0.0937757511684107
0.143821447425449 0.518517007026043 0.454704295706646 0.511476373701881 0.452049167874375 0.194275518581175
0.481101678834679 0.00695446490041498 0.297872388979854 0.407206759184388 0.464870572994231 0.545749810409861
0.171742994482444 0.708889372269122 0.300388911601424 0.55707064766762 0.259316220854064 0.0131944922657115
0.234885688050545 0.226643834450115 0.429166009049305 0.46520152258637 0.264756069811637 0.650207343401074
0.547895102609623 0.518799264612878 0.584604126851915 0.135323420807168 0.261955859091472 0.0443056893630198
0.537350427121334 0.0153642137446044 0.66540604316964 0.512772788094568 0.00308082588436722 0.0728548792013714
0.431248571545101 0.304980000137468 0.45991512849228 0.37403450480603 0.334613506416918 0.507564709350713
0.520104971994003 0.0652039669317923 0.620431999117323 0.182008500350286 0.323551961913153 0.449989365448948
0.142628988127076 0.50310141974171 0.57628972176809 0.534163471044167 0.13163204198054 0.302949635270055
0.31043803449515 0.63600554513078 0.583812673186152 0.298100569749687 0.21235635569214 0.155976807381715
0.0242236352043572 0.437886128904866 0.492397583108299 0.425766322165303 0.403209300223152 0.470487909390551
0.579369128122925 0.558664987328386 0.317355169882046 0.298078786322288 0.382291512274127 0.128502055424754
0.718555882924496 0.494700598742569 0.0481092560329436 0.395400085100924 0.28291818484173 0.0158219338369427
0.548460220317215 0.327296688385839 0.532375555888524 0.427690838717606 0.0422263396629561 0.352053994025547
0.495390517395427 0.0350686829385099 0.282485086725292 0.466443008336131 0.643877720065388 0.203501843006864
0.607187251898683 0.448102264804239 0.268587906302909 0.135979938462331 0.0794710249265306 0.577565884146358
0.532006440187733 0.297951093702591 0.489375744680427 0.464672344901831 0.201169156215322 0.363753015588506
0.333120286820597 0.272426532949476 0.0940713752335988 0.0543616486724191 0.714054843902359 0.541420101278614
0.32217415117684 0.612800736318795 0.313907745450432 0.147176983237462 0.181592140565549 0.606221272570333
0.300340537578497 0.39821339486302 0.195852113590808 0.508958514353059 0.469518525845727 0.483091283088324
0.680414743136952 0.268667660082623 0.436465897643745 0.365515381264813 0.0274654830858863 0.374159243156362
0.586916929054174 0.0129798355011827 0.200103496196352 0.564276433402018 0.518372853272311 0.167929523215535
0.393432251792459 0.501330517919109 0.453193777210393 0.170957153331211 0.588928376080119 0.111495268611602
0.185372628135229 0.558678396907656 0.0774026055403721 0.492667937413925 0.282318243420103 0.570174523368931
0.0267511631446257 0.729343372255919 0.186799204224744 0.19596710719353 0.5331224036062 0.33140017137763
0.179468294895852 0.599510287735266 0.0587256254468833 0.571414199747602 0.406788466093068 0.336063689087475
0.579348701215736 0.228244623333436 0.348825118127319 0.376525337239585 0.555191177002759 0.201424771757071
0.462386347541628 0.0758106110331849 0.35437285475528 0.448460400907801 0.354751481349876 0.572630903787216
0.0854172974265336 0.252124480357563 0.168645180266638 0.68114356231467 0.45635773660276 0.477992676343158
0.0492976659152663 0.42557219175806 0.438194048119177 0.573275979027913 0.125656282378706 0.529158933118233
0.46708246259648 0.348391522825477 0.25052937948261 0.382520925601529 0.656186266018915 0.144186253642001
0.56644648339714 0.0592886604016897 0.0688575181318348 0.268387476764248 0.771658263833845 0.0582543094076862
0.319121619785065 0.0736244537965891 0.550067591494769 0.0363536430480466 0.456611280062579 0.616726055824466
0.00821432522959691 0.0251881642949736 0.668317802329804 0.406894694215298 0.517787844796735 0.344937460896499
0.329172849716094 0.208025429755646 0.619465270139779 0.428651885513914 0.112200245587284 0.517978861162244
0.0392262254436114 0.605673827134381 0.0587124586701197 0.580771146459135 0.316513000171972 0.436689548445378
0.291251363216691 0.202326519825647 0.446824563983497 0.435593610044146 0.663305673038275 0.211821204851093
0.450116417537197 0.260228418485537 0.510446154540255 0.529184383958046 0.0615164618792587 0.430465697685499
0.603892361094585 0.307079354843784 0.621708092269851 0.24344244490104 0.265654384810201 0.15703139144207
0.455773008915637 0.476477913886561 0.424172875887213 0.578745907059002 0.113526368021199 0.193602872164228
0.0965716795143505 0.554609812831714 0.209033549589545 0.466901648520045 0.556676912208482 0.333916916905744
0.0527489521372975 0.11904419902185 0.584461792962388 0.516573314898088 0.300076494614573 0.533438419135598
0.460853890010938 0.548476770719675 0.100519695002198 0.0424932827541957 0.178588051913079 0.665569938920044
0.0794928019500534 0.172710853114158 0.346052953015846 0.55456382211959 0.301924808308787 0.66738263888682
0.503826913050243 0.321316628936149 0.481254832276672 0.0905930752990754 0.382617711177708 0.506660077237898
0.133096054160646 0.35058078394567 0.0400546914460344 0.317257599974286 0.203836199782908 0.845915240969618
0.463164333067916 0.294988885349305 0.417600281738847 0.559937268705111 0.136674599653456 0.438019031219411
0.320562341661992 0.357110125042521 0.584563102439735 0.170412242063837 0.501915516099739 0.383456132327332
0.0113038310961175 0.422312651102157 0.898576681107276 0.0938167686449815 0.0151474232076982 0.0710856228996496
0.407759677918335 0.308651570067712 0.630124252989563 0.260129667279049 0.404870511519787 0.331394182592293
0.16054786963501 0.352257968484262 0.175736037953281 0.205969393238977 0.877048484830906 0.0872818106140306
0.10126073328055 0.349384124110486 0.291932022987881 0.404749687895475 0.544675246134543 0.567414538116558
0.580085174717978 0.431152800882054 0.470934980393738 0.261025276713269 0.346423028987042 0.260164537379188
0.266479564113401 0.0600712574077345 0.773318513305862 0.276780822836089 0.0618063649465941 0.49692143471988
0.416320562244253 0.587803465252377 0.0601552242503656 0.454072577631284 0.41800739561084 0.310859351062887
0.296578844300908 0.405598326632017 0.391387153256161 0.494572824814913 0.206110068526219 0.554313488397314
0.16698090232167 0.367544852719103 0.107106077879867 0.559282427721742 0.528652339239885 0.482997223427421
0.350355285073191 0.437994378604055 0.578429469524355 0.0673635219628388 0.34985703946626 0.47317402207113
0.328078666767809 0.366762742896037 0.593641830533028 0.581936352273143 0.258404300552703 0.00401935760108444
0.328726192609654 0.625750073303601 0.415627874566368 0.452698504827558 0.337104982446948 0.09515093521704
0.411486335139125 0.444373137933999 0.443343003328326 0.333135414264141 0.2858669761638 0.493922422429177
0.361693336442277 0.322468635594987 0.479959509176292 0.490733860940635 0.388729821358107 0.378021405075436
0.134027590368 0.257925686726911 0.479985845435692 0.592156443632022 0.115358013253337 0.566716691452884
0.608923642436153 0.47494754969373 0.206147431582361 0.51778962012492 0.301484063641811 0.0462744836288517
0.0285507604509043 0.136605620365859 0.58981241136905 0.404898737230039 0.0826389507014582 0.679612311817291
0.603481592980182 0.435445609719992 0.0291961504064393 0.518237923792641 0.419378884156218 0.0299245480853046
0.00188927433561756 0.5835717039958 0.149244098385361 0.532377365572679 0.281212428810221 0.524080725216655
0.382290826132918 0.319372002414141 0.347802705735601 0.686166667592631 0.0157620357041822 0.399769169305078
0.290977250226978 0.354368340424477 0.567804478402759 0.416199249656535 0.310615702761158 0.444577848351049
0.327729820798062 0.351199145933036 0.43680446418323 0.47440097000611 0.46191098555554 0.374214037157278
0.49813935594323 0.453663772536304 0.508692480587532 0.23269003765415 0.123992170562442 0.466647202668162
0.554550504731542 0.339201971971634 0.21682825507118 0.45362878185264 0.0781945702044744 0.564364957435134
0.479111035380642 0.493712807034949 0.100483300127877 0.58267841033484 0.0382438550464555 0.419078350696407
0.253620701100494 0.459602434426243 0.542218947705894 0.572634678689507 0.2827704239276 0.150237036397316
0.22767358424356 0.451397740670658 0.756968630852844 0.15107956144389 0.310581375212943 0.228292545092137
0.468116233846839 0.0652963755450992 0.66647923706688 0.557898078499382 0.0207636909508635 0.143970846539395
0.454083623965862 0.09142145044748 0.528279559052333 0.341733424849364 0.464370424192041 0.4170722525031
0.0587620516813582 0.114057784541408 0.432869491350648 0.207083302478072 0.32349509208329 0.80537524034349
0.147874870955255 0.364003668239547 0.074017498584481 0.492499972236955 0.694945836937897 0.338599797726906
0.618730042257038 0.00494071769546779 0.448411793768836 0.473768297700513 0.428433503734309 0.0897993335062921
0.57841111340667 0.0630910904690744 0.499115167302749 0.194847198840369 0.263295251431099 0.552317234601026
0.479251287476092 0.209152921294084 0.347768291184205 0.446442766638282 0.560045660360213 0.304414502022367
0.220781612658255 0.49381558455557 0.576800566474959 0.373849208610679 0.459617779702149 0.153918875642539
0.161877178610312 0.337816250815156 0.302548055225958 0.547856911601457 0.399476564829172 0.55534846049318
0.400872069494683 0.257958684387244 0.254203860089087 0.454187045528511 0.636099852442373 0.31181790192504
0.0897591233724295 0.345888652569285 0.331416645156075 0.465519864243031 0.629206487076682 0.387114711325313
0.509782219730287 0.558722375751465 0.424302384173665 0.321806067269968 0.143428676061655 0.351835120500329
0.243534237451874 0.637213527525176 0.000257251843728093 0.401593346338698 0.568916229602633 0.222950750661116
0.528145200204018 0.159083645275051 0.306241944914971 0.559057203010238 0.386970111348955 0.373737995348483
0.310800608810097 0.534363383497223 0.482542535340542 0.0983928583663345 0.354820457162789 0.499432423986556
0.0239758877728899 0.416819400351858 0.215385709471951 0.228163857034249 0.689174382531974 0.502270510040168
0.275652043783279 0.451970889999555 0.686979024317163 0.0155396958839206 0.496824348296936 0.0268732262765302
0.0767522675386504 0.114886499333243 0.621174857590769 0.49784798590686 0.00029563861068158 0.589236178049185
0.153341907222328 0.308382084233323 0.4474184466542 0.307991592220202 0.530691852192973 0.552006177813736
0.483177533764602 0.318551522796956 0.444906631123639 0.301085552985777 0.377316073175105 0.483841460065257
0.28210498924869 0.394484577483802 0.157166568495256 0.754134878754683 0.38228336008007 0.158862771496031
0.476594700979887 0.214357392159502 0.534667168347246 0.237686889348008 0.604105804061971 0.140001923725049
0.199137128888384 0.26798583322074 0.424701224390288 0.447041844787307 0.438251833505815 0.562357347716218
0.0910778880872649 0.40557850264741 0.5576780894866 0.343326042141459 0.57945045375385 0.250140851182616
0.65452259698105 0.141498268982526 0.337671397163493 0.466696210075385 0.167567383075061 0.437803902545915
0.10380085349273 0.518520892827599 0.205041337070387 0.174081422551931 0.732194592169891 0.334523921606963
0.0459861267399779 0.279186737807614 0.68890383242933 0.436890738080216 0.455275518253633 0.2172607573921
0.482718433918548 0.550074287576999 0.341498591767754 0.108130504860299 0.278280042601143 0.508574395080095
0.415726862211654 0.0124361337416917 0.170462996280796 0.710601135479667 0.41590993488003 0.346444566756762
0.641704546512041 0.0305808673724119 0.0401134160790547 0.204133921312862 0.16974027862467 0.717766382166822
0.169999834463282 0.757795580288758 0.00679624853957649 0.385804839910203 0.444799989962833 0.223846644410845
0.573210185648472 0.470586188840909 0.0894029663313864 0.629413636301048 0.169403299854884 0.130869507482645
0.904359698893787 0.246025279907034 0.250955379224927 0.202707935174367 0.0993869358935607 0.0875112809442937
0.0996822169538605 0.309533757744341 0.483705484921168 0.584444806584082 0.387004863967769 0.411014373981242
0.230564967304159 0.606819168866717 0.512501014599681 0.286642592782621 0.457004319541095 0.157911614854239
0.0430461212648437 0.203053328732379 0.36464680844678 0.00361576249764791 0.727625992491991 0.542675246842839
0.113618599813682 0.505398218904799 0.170667525342201 0.837315593179374 0.0375021015703147 0.0056780009058769
0.431242109635745 0.0122614368622615 0.429307567525587 0.432413151771045 0.436880257407739 0.501726438780165
0.75854460673461 0.337333655546228 0.322061329614048 0.280571400080698 0.0797716398610121 0.349297522647282
0.232214352705699 0.295892796577432 0.625479783100391 0.406146906385561 0.457678549141807 0.304752398436233
0.491825651380911 0.108313222514037 0.365412708987955 0.17073698733061 0.632587745316448 0.428405126270883
0.544736763435788 0.357557644599673 0.210162361297256 0.525531547522964 0.466819199327019 0.192724152460447
0.64359056932178 0.241883587979786 0.428728798252345 0.461351929142121 0.207626453784988 0.295839111107213
0.658282705472557 0.326494045889656 0.548276770691553 0.207740255822752 0.307716354307751 0.147012692637813
0.251193615003298 0.487822767435141 0.547262717264497 0.0296920512212993 0.498631665501718 0.387193850543922
0.402792176136464 0.534814585519349 0.357059904273584 0.274199918672441 0.537820955766874 0.244546663966595
0.448358813846187 0.170783155277601 0.160018279365899 0.516981204284012 0.489961812665755 0.486692402586054
0.494865944045558 0.251447074920759 0.572636627917981 0.107241456347369 0.593631113363072 0.00841008871722872
0.156357486645304 0.381403525388634 0.380831189971666 0.494120190689306 0.522735779133098 0.409443322455168
0.0356900466791866 0.476927428071184 0.630837712295918 0.30818915642963 0.230482429670899 0.474560347204533
0.647458299935253 0.609892316225033 0.434317665754209 0.075601880321099 0.0187899522263047 0.118863665834764
0.0486270945992238 0.391360714020047 0.664687770413934 0.412253889693112 0.412152514961923 0.250677880751718
0.531562353141732 0.109953881223644 0.365006399342264 0.0198838094881903 0.503848561311752 0.563793577960757
0.433599443497179 0.4759679951685 0.0837974142956784 0.174494321024812 0.247269082096129 0.697734703523482
0.711024683058506 0.00638669594955912 0.501517962082639 0.171124264694383 0.293624040934755 0.356909305738625
0.643986163554357 0.163660430169907 0.505124996779559 0.382396348942974 0.238202358659038 0.316825647667527
0.512897416985194 0.689825530866558 0.0175148594969235 0.347882299902874 0.183711294899203 0.32557375792919
0.220966268618922 0.0750603554333903 0.356079827867587 0.626780328727437 0.100658161274764 0.644795596642644
0.644571521104582 0.31705061953049 0.298434963378456 0.116938177144258 0.167298108163255 0.594373482921918
0.363253898218483 0.189487380207381 0.209717009060612 0.404995669752426 0.470972330757583 0.634289748793439
0.139530550270751 0.214309573498691 0.593281797796391 0.507004756524796 0.261268528219639 0.507251686714405
0.281653020594885 0.84140644616332 0.403798566564453 0.120137836688093 0.182901305003733 0.0420416318536675
0.404248732489041 0.55630743002109 0.0368462146114906 0.421129811291706 0.288444257636387 0.514972770475434
0.480000650169639 0.0407273476393216 0.598153076727293 0.195626422872138 0.0873528078941557 0.603534046612054
0.285681826335256 0.0663136636067561 0.632826207669021 0.0238741852322102 0.412901287781637 0.585202471659008
0.479315161390854 0.583074318971821 0.0520431533385609 0.543220388595894 0.289936043623267 0.22004891462763
0.502135226871184 0.0614835417892822 0.35990314601579 0.153373307583705 0.749740439915694 0.170045919644853
0.0169343962352323 0.134420825365148 0.138528092343311 0.581762891193274 0.353521241678031 0.706419780071941
0.388060997705024 0.550257425944272 0.559779112307167 0.0163996559081051 0.127001093914048 0.465697912931438
0.649303828578566 0.424592111329393 0.00924547568992515 0.523778876807482 0.333553498471799 0.111527351967345
0.579081154523479 0.423305282926848 0.265188055279031 0.198355740979188 0.366636261014914 0.491310290334838
0.163210684899628 0.214392006701551 0.213853895955906 0.677072594594435 0.620809304250297 0.194507995689068
0.0214067623258799 0.329054459478541 0.284797010350919 0.401856227252727 0.658840758432065 0.463245079591843
0.350359424905622 0.379760797307656 0.281778975600212 0.633483219446661 0.497011035977637 0.0728674132495423
0.33982794185542 0.297103145548181 0.616295655602546 0.443772235039657 0.391625525680498 0.257141997286507
0.0839074947720054 0.663140295222608 0.457258364246607 0.116585412761451 0.534908140596191 0.210714005597261
0.0151953656722364 0.270143521279764 0.343506916509025 0.671081842252333 0.392658574190551 0.45195462404646
0.701997270894047 0.321353857154265 0.234497758658483 0.431580435090148 0.387579599463881 0.111636523863606
0.308698726580427 0.136929888555196 0.427452731960652 0.496431911097688 0.0283656519990293 0.67527047262399
0.5055669404226 0.130415276097047 0.432050793580741 0.182775464184433 0.530960916821982 0.474762752096496
0.66092427219555 0.0909709887983732 0.546589503973627 0.235028822966259 0.121736021584363 0.431375814330845
0.669885080398787 0.655085817847596 0.0832935658825286 0.201791090844845 0.191178845123393 0.194704229613954
0.311793851085595 0.231697464340154 0.276763687977685 0.0358437295579774 0.639345475992686 0.602042631247662
0.343278963383447 0.762328969741874 0.123663461539626 0.505197641645139 0.0109922030065075 0.174286998424922
0.0565456449520354 0.677980809303098 0.125006961079511 0.278984612733345 0.199658108138811 0.63546998170472
0.505100324351253 0.209490580167647 0.0280447336572154 0.368649839223457 0.643064389522989 0.388286413673364
0.305193767687733 0.254641614304272 0.395864189004999 0.467489073647059 0.519074393972832 0.444209067708942
0.425076642417984 0.169856474441162 0.517311103249487 0.508988464454912 0.477508319341909 0.189114771043846
0.351623547235991 0.0719247403109944 0.149171405381227 0.722977429498853 0.288244827270138 0.4931066421822
0.520388109877207 0.391434855004686 0.386513028978521 0.289723184565423 0.4849624924459 0.327802539742552
0.0768754559701445 0.502036056702252 0.436372303543901 0.613712152524597 0.322457599586932 0.266472634715621
0.247892926727755 0.215590746116144 0.718344367783092 0.238756262232752 0.229889269295592 0.515943279294464
0.363460392526249 0.299785902192378 0.374592641064911 0.37301798628677 0.273275089326146 0.651063450542059
0.40918226133634 0.700362142450981 0.110867459920733 0.318492450467125 0.175085921450023 0.444610651992638
0.47501210896846 0.183826297264489 0.440164604471278 0.599474877432658 0.361616084290226 0.23809701520118
0.53469687527366 0.0650800180573108 0.150379924292843 0.719342080529567 0.195264059125447 0.362861736182215
0.40925509683818 0.632137846580849 0.356032743231401 0.0228837158725848 0.0269833859259106 0.5521783469234
0.345480887309941 0.497454291406322 0.148167473907396 0.430160098926809 0.432149404789237 0.489323783779674
0.0713392380548795 0.0420371236068813 0.186921907512794 0.618342566391678 0.55529463490113 0.517208017032375
0.268544980962005 0.216288990014777 0.0238898111125557 0.355157673197403 0.805648173175831 0.324539660366748
0.321949680105083 0.510861044774338 0.0482218730189644 0.548307860834568 0.213611199153945 0.535511711093122
0.152951369136596 0.0864914860370948 0.660792934097624 0.530533767387826 0.389389389271246 0.315258029165374
0.463792695249466 0.423011156043796 0.515704674435143 0.310118311101214 0.493530372848272 0.0161552052740942
0.509007005607381 0.15935252278391 0.139543517892128 0.537293807209343 0.257885602100977 0.583829280957033
0.0823811428104982 0.513352196796078 0.510991632202332 0.422434199501006 0.204743114083063 0.498196773876133
0.363271261502402 0.164540552411886 0.188172493455111 0.605705387752838 0.522008251503598 0.407651663181534
0.460537368764543 0.394896227814705 0.396472180520914 0.244911804185026 0.450630609125082 0.460132995548606
0.251789403346252 0.113987504889093 0.568893520082505 0.549308542134621 0.420037615476307 0.348995179082391
0.418827256738367 0.111731045369776 0.0674088545704384 0.384725293734873 0.499869791726857 0.640056707267924
0.0855360171566058 0.457450363884116 0.111470670687978 0.640469002265869 0.524622482452847 0.292519660825081
0.295112336805029 0.621947538609675 0.347312762579357 0.375163452026162 0.35213657093833 0.375121357035222
0.0176683959155976 0.534955391074494 0.783176756783096 0.116188450703671 0.0596044400294133 0.2882573149682
0.0444245616282383 0.385433915531308 0.682986402481388 0.147405536207171 0.600197708080626 0.0321099395532833
0.347677935970905 0.535445461714892 0.152625165536499 0.179853985703134 0.683171265889175 0.264675904651279
0.227062761629961 0.519653432235349 0.191059122568974 0.281732483725638 0.738880846244991 0.128767724978895
0.360651267366315 0.557035148403168 0.388993486161633 0.140879143467186 0.50483359921199 0.365544359219194
0.618883586615907 0.505611530932587 0.15054916244447 0.236619315138781 0.240572522213948 0.474142591370549
0.297282914732246 0.368284582188982 0.416508560526749 0.112619220207181 0.0538817607191062 0.766109405528909
0.0885838643444016 0.246886433020002 0.28102333243807 0.604890636603298 0.615972205599368 0.326973140292259
0.287267514962494 0.196074238817076 0.660846468795762 0.497870436135985 0.334363614369363 0.287472111007954
0.416277620130757 0.402990922345305 0.509961259951224 0.327020419753551 0.440721977804202 0.321049149164232
0.546709796030677 0.386624457965309 0.584611510052428 0.24701750178528 0.23088141027401 0.309088074734355
0.653736043391543 0.362489697349423 0.0112167818717058 0.215390167406267 0.222935806691181 0.587376617316683
0.376750270586982 0.599897909369524 0.136317804381377 0.429959096741029 0.0622515496304592 0.53931355244755
0.506912991535718 0.441980354030864 0.452714079300699 0.508212562796776 0.224285224839013 0.184820661724895
0.54256171788752 0.456370964157508 0.549382786931395 0.303177606482147 0.253313543767532 0.198611344721478
0.65422748608818 0.39837843680046 0.459199061681736 0.278693424018797 0.195688750325974 0.294029127288971
0.416106162121804 0.581412105989092 0.41913136140674 0.187668592588438 0.461290061197751 0.255218544653351
0.23285820963051 0.345254217122229 0.0231022643614725 0.811714669932905 0.0194435001352349 0.408392103335226
0.0974562578167384 0.19293824296453 0.318125964405275 0.338570293564039 0.318305538915345 0.797574274407784
0.489565281195227 0.0228785163377846 0.224860257781745 0.757091804144902 0.0426376696998811 0.366379997581649
0.459978436864533 0.469833316464441 0.565642354218458 0.308109536402525 0.0811669032959346 0.382368496167055
0.359903456819298 0.017934906807716 0.394098182376793 0.0514938828033447 0.839368443016451 0.0874268862341631
0.26572264967556 0.713125883404303 0.38749479878346 0.421086183052513 0.276624341956821 0.129831154439986
0.209189251520961 0.623636241240761 0.186435831128475 0.0449330271437533 0.264584514504586 0.678627610908001
0.40332654699663 0.575483445785459 0.0864643849419114 0.12259693122034 0.445438622397038 0.534064449653477
0.697355075505735 0.110061416351031 0.514033423770315 0.226040672378793 0.372514324229853 0.217923645385906
0.0742626552277036 0.257315310742793 0.606355563725977 0.529862064767068 0.157825517438266 0.504919912065813
0.504434459748604 0.408102341931562 0.0664208679650352 0.654952673584081 0.212918880807283 0.316684651013778
0.0975037168628161 0.523446330502351 0.424225978341913 0.0862375592340735 0.513059450290726 0.515618432007753
0.375092942246997 0.315002385750007 0.134212331044275 0.589952699350323 0.5980654845645 0.19062875057518
0.594650462867722 0.695326235898009 0.174700893389971 0.033386555521498 0.115418882027203 0.34344675004119
