0.672190731863216 0.0161884035442071 0.32261074349292 0.666198066471849
0.228083147893292 0.619129955911457 0.709453287942226 0.247653402092781
0.585333789807683 0.366415256652466 0.43993548819454 0.574091439083283
0.518666568439275 0.696943560621843 0.107698569033819 0.483379439280615
0.69338392123104 0.24021788648103 0.513208963818041 0.445118708042771
0.270885120354811 0.0877321584544998 0.583725373055055 0.760387407046573
0.463351056505552 0.472370542364955 0.503633259521019 0.555450636011212
0.415400194350083 0.448624571580561 0.779365123305462 0.136998820736285
0.474957491325795 0.566459310460435 0.615063070384201 0.274293001142491
0.489410259387396 0.346354505392955 0.572894819323741 0.558844952193702
0.454083721238858 0.0180813425467387 0.834515678731448 0.3115519557136
0.436934551582345 0.531125785065966 0.72141743288871 0.0809350702468318
0.0638450362853508 0.540319261933087 0.549623930944003 0.633949872670914
0.726379957412179 0.547455199962698 0.114763012114386 0.399367515647076
0.587747040949622 0.386126092314334 0.236211229384515 0.670570139360292
0.377093400121416 0.523203766332781 0.599193717753273 0.474368290556055
0.545792352367713 0.376248027661242 0.742739439552815 0.0942669332837024
0.23832697799212 0.412153306827032 0.848248872151416 0.231956362548083
0.406348918699834 0.620216549365625 0.45166758942434 0.496193890357468
0.745914507984061 0.646369131668772 0.114290639755976 0.112943092169574
0.740061420692779 0.668780934104007 0.00030886351916598 0.0710004252415724
0.628057564698743 0.00668098714282686 0.64299052101746 0.438249072694031
0.322292820393214 0.402226034162494 0.370160284440134 0.7728666891438
0.634471243672171 0.234209367271238 0.203871612972532 0.707833722465575
0.222061448497791 0.615321827068994 0.595580594117355 0.466209736207167
0.590391760458231 0.469678424757094 0.427204526260486 0.498333261225135
0.00435581156554871 0.839812691810207 0.503811956940386 0.202161276272186
0.704761551554244 0.254069652929845 0.117852858365569 0.651820888500843
0.0974381389566674 0.41836199810373 0.784011476396751 0.448112767612687
0.0752180642191093 0.983843138092165 0.162450274483537 0.00219789997843942
0.204976515105856 0.10360802401993 0.657893740341888 0.717234851379034
0.670099198786553 0.104110530981957 0.390620518389814 0.622530056894562
0.302338647444179 0.570781818749456 0.214823720840444 0.732564145048715
0.711182577002535 0.0919124285437595 0.0944553246185593 0.690543003221685
0.11392965842891 0.909948039552645 0.397483285534399 0.0319630406148807
0.590707430219048 0.09661029557909 0.580171817132631 0.552387405067449
0.321671033616018 0.497271083162078 0.691326845939687 0.413903863314056
0.46277687660865 0.335340135505751 0.627099636483585 0.529273655038188
0.614597328652079 0.742971010244674 0.0999410577112043 0.245511683089219
0.474472565505823 0.0178290948692756 0.584717045476784 0.657771909317634
0.23957868892814 0.32071485723168 0.728678736755974 0.555671963267946
0.273166082318397 0.333505498539552 0.551395660009594 0.714224894579633
0.0793302988009449 0.916400148446641 0.23875493052332 0.311309419661422
0.453698177681982 0.576024122423197 0.665679371495815 0.138654781091637
0.14428693021249 0.6346073071284 0.731264311817234 0.204223783560004
0.474054521385286 0.694181543752548 0.155167802047945 0.518948213480985
0.0329457731428687 0.175481131407062 0.72286728937168 0.667520659237267
0.782569740587613 0.370381004717021 0.483354573334061 0.12950238954743
0.299874640489731 0.0378265947004827 0.641177761164127 0.705361912292603
0.649538113208869 0.50082967826533 0.445996563933007 0.35826936488857
0.204446788511474 0.382572444578228 0.55208606224013 0.712067984954366
0.326695378586707 0.534850096113401 0.751503720101836 0.206028306236487
0.579415282626001 0.655771978450008 0.346518207787582 0.337884853479518
0.545548550585529 0.198135441470517 0.746286029792519 0.325847030865454
0.533737563897958 0.554672902600278 0.426948705989595 0.474528172460882
0.339597026717192 0.713059220748262 0.561505577847443 0.246843864005029
0.0689566740352969 0.779656450437375 0.0110461853779947 0.622301195713119
0.603683818784399 0.628483552276488 0.0755262614586668 0.484633939469666
0.589769829830944 0.31726937209645 0.383547383353648 0.63592695969999
0.387524663144411 0.084724697996073 0.61205660652714 0.684129425920832
0.51158618360482 0.262264772074968 0.585661963546723 0.571399011661481
0.806918055587595 0.454815969746665 0.0446065348594019 0.374213765484345
0.535766746550315 0.244503420817066 0.181007186862926 0.787660122644033
0.302286149563216 0.0387706436293792 0.706759886604623 0.638443720042283
0.330183118647598 0.805556828900605 0.0279130794246769 0.491200736531186
0.43965618249924 0.86755473797457 0.051074202401768 0.226809708030972
0.633142702824809 0.478546309355239 0.596529892865356 0.119481524011965
0.663582383265811 0.0304734307286047 0.38454599528307 0.640979069978613
0.704254989871235 0.148550173816885 0.0869090469570938 0.688770333752442
0.731506870289049 0.442023932657259 0.150223467722957 0.49693606371788
0.159997013886953 0.00533676458106439 0.962095028401447 0.220784127183736
0.462048136113584 0.872059787313013 0.027949192070131 0.158877594166615
0.293931073137519 0.722282039524349 0.544832799852982 0.30833488260191
0.986404231294851 0.141171360856761 0.083487577888277 0.0103519899445937
0.379630559210613 0.647566834789576 0.290776475027564 0.593284817406103
0.761448957735785 0.194589750250252 0.475052452633909 0.39579727273838
0.509004015010189 0.112012978742944 0.566853541908231 0.638000836459274
0.507534029383497 0.723007743265658 0.360807350483649 0.299143891852436
0.0118837983159957 0.739763267921594 0.567749302777594 0.360929095484285
0.635802000254127 0.0279847259359395 0.20717152477097 0.743002443408642
0.456950630159079 0.492121131655329 0.569830524009722 0.473609635968595
0.382896297055394 0.642992478025412 0.628098423732576 0.213174738204744
0.211769400939933 0.496228415439381 0.83503786686115 0.107809282735968
0.197498567977436 0.44722914147969 0.42130143999886 0.763862230584212
0.466053528617163 0.543200551555792 0.475199025420693 0.511774516259063
0.593960482323314 0.502218677251877 0.625182842238204 0.0642943187894018
0.317006160527339 0.0561005521902336 0.281608649356923 0.903911716285963
0.124742423771243 0.165294456099447 0.975889446679896 0.0689699815374025
0.747475951168842 0.476066116073989 0.301347849671791 0.351895196114767
0.396648845981087 0.741426593959872 0.450778090507054 0.2995920757793
0.580429258616746 0.0398157901848644 0.785807921533447 0.209815368952929
0.273906069678956 0.957202880985438 0.0456772989909149 0.0815579179669261
0.792125099974475 0.535987512590346 0.235959135906082 0.171984006582289
0.351311738820743 0.500089832118148 0.593766004858304 0.523385282037427
0.654283052561139 0.307124908849982 0.15271382436853 0.673992926774388
0.494893197623767 0.54086962183689 0.568854453593034 0.372753787032558
0.423247453868047 0.418758807790167 0.772511383694396 0.2207460435771
0.845236519201538 0.519519583248557 0.0922573308918898 0.0846357733232156
0.771940688010637 0.407135972524913 0.453076593215055 0.181850143663669
0.465487242126316 0.318987885361831 0.625098017678155 0.539278058801639
0.201124902557669 0.0969267406174934 0.582325099682933 0.781697805295435
0.00300298351432945 0.407177307863608 0.64997138876054 0.641665657366555
0.609906209683329 0.234520199713756 0.440419545399225 0.615666561822449
0.688020047885204 0.326124081506264 0.392671545655454 0.515829966560972
0.713839756041679 0.462453982434299 0.350926659581976 0.39168813668485
0.646275551831247 0.435261582774883 0.626647663018895 0.0137102916992373
0.724731790151966 0.128542796545856 0.43633820028182 0.517541840602401
0.203812879698575 0.415397797164006 0.627711989612868 0.626005302115341
0.204650584930865 0.494290812485943 0.488659672024476 0.689207121057504
0.709937161492785 0.262407063465094 0.567467577257864 0.324210284439413
0.155713604765584 0.479265785505046 0.657135606345472 0.560562552270581
0.700310027641817 0.0463806454181629 0.670760594300371 0.239780996012457
0.812677338451187 0.485370835027602 0.292555667563874 0.135579782595929
0.733285558158726 0.19437592297067 0.0466560801079113 0.649871911190282
0.785659058099798 0.539245012997732 0.232570774511578 0.194590583600285
0.518322750906613 0.687647261199266 0.138950701642163 0.489055694753573
0.464808951260433 0.410051229917115 0.194166684318638 0.760335403866178
0.061527631876633 0.958144493528484 0.106291866944352 0.258603014402738
0.383615005828189 0.630045864445273 0.67398932472197 0.0402507907955843
0.0308513884289795 0.681645345435642 0.454030269249826 0.572943565705086
0.0664408557312039 0.848878033816316 0.520220228536615 0.0660500584039357
0.0929834410635674 0.238199878717249 0.893211882940497 0.369847846608518
0.0687994349056128 0.446687927521078 0.308468377172854 0.837008837138497
0.367016754825469 0.319058545545081 0.267450375478782 0.83184772816201
0.320395520517302 0.607222495645677 0.510476935853456 0.517726616252197
0.623757034935792 0.546188188225734 0.051108969262938 0.556770596989172
0.158318437428061 0.198759919758739 0.164068714013286 0.953158551212684
0.495997043072119 0.511950294263057 0.45251215082599 0.535841938282662
0.200023712597846 0.236199918152735 0.202285186416227 0.929129063381276
0.162711999147886 0.724566019491565 0.627408816728416 0.234279886936322
0.0759568918132281 0.659705181970914 0.251523543875516 0.704099091281261
0.156164844607314 0.135822305170162 0.319389059640533 0.924746165879574
0.525038398714336 0.434798479546975 0.304809383506136 0.665113675837247
0.157742179203855 0.540960468020566 0.54630579361126 0.619700860743117
0.57090048642706 0.373703761484264 0.541679169073757 0.490919352889477
0.452445621295637 0.602996985699891 0.0261797460724522 0.656507590133452
0.207193006879452 0.2359981102379 0.944883753487344 0.092577763313115
0.422477878745668 0.389887694237093 0.563246904976753 0.593509015843191
0.267176457211742 0.305606662079453 0.838628717782805 0.363212310521553
0.674258506237223 0.69247206284776 0.246058444986099 0.0728913615810439
0.402495511404828 0.548505588100243 0.732590512331153 0.0212161345242529
0.356699699836426 0.863249215454344 0.104693123702796 0.341475425182273
0.474363487402871 0.285267391129718 0.17485581876265 0.814264846362579
0.175726201423369 0.182650617393889 0.159168281008718 0.954161680439785
0.964584341364553 0.0557891675129703 0.229661760485704 0.117132800500663
0.330891874386629 0.322058044675349 0.623774557200181 0.630630228513122
0.0662419917281863 0.545519515188832 0.584991378843243 0.59649437864837
0.482526300554607 0.51231686835615 0.66771425850666 0.242605574251158
0.655938291335722 0.651675851372309 0.370295133693118 0.0891350473211612
0.746546132142438 0.519649624086537 0.0241964119931171 0.41478629969726
0.12502548796608 0.63559656599615 0.509712390493206 0.566196884158193
0.194882172226125 0.772361889273288 0.10840609955144 0.594748828100289
0.380607410454323 0.388457300647692 0.217692137342581 0.81046224959586
0.305510630217493 0.826528147992815 0.163722572192794 0.44351932850131
0.61164993000171 0.50789423198381 0.264305949963575 0.545958035988418
0.332162239520759 0.337561650756448 0.659256534732394 0.584038697337575
0.714338904342 0.57351639761372 0.261343516240724 0.304135558477772
0.250294263979327 0.762322097218324 0.503406752686066 0.320623522003257
0.518170235442616 0.444944427025821 0.50749737096092 0.525328927842129
0.399626110502205 0.301885728401085 0.712803626859959 0.490993857729315
0.402445018075596 0.317622230028662 0.707979780235904 0.48571468702817
0.113704448366448 0.656926687238312 0.743507136368513 0.052112994395565
0.53076876385725 0.753901070151587 0.0775381924121206 0.379348816335571
0.244115130857056 0.900895589006185 0.276782452465586 0.228443460407552
0.166966083221567 0.608444881363849 0.489325833589278 0.602060945401659
0.175417718161699 0.409075447849457 0.54499977854994 0.710535814369849
0.87583055396049 0.473958599681159 0.052776887333171 0.0741531300819983
0.153319963952093 0.553234480672944 0.269831487326182 0.7730559918244
0.52838936960831 0.334810895299679 0.779488202263269 0.0332337329521902
0.35193598897439 0.618958970341556 0.190088335455795 0.675941770733237
0.41880341362572 0.568080674068479 0.675117825249682 0.214718351603879
0.886892263165731 0.202470312638409 0.0233092849593814 0.414589632373454
0.399961527362363 0.900265430223655 0.00925192547963608 0.171660518608975
0.612174119619068 0.217743256567175 0.606268085303084 0.458551774864161
0.660369780303629 0.468951922773674 0.562850253928373 0.164910397008121
0.596529334914965 0.0651806939417535 0.739189468705949 0.305782862628691
0.72200404214066 0.227941900117517 0.0953516810712122 0.646266748502705
0.491130487915494 0.482846304741065 0.682439802385975 0.24479829647524
0.764113423136073 0.157859023959734 0.278228176589449 0.560178799036043
0.86932227154841 0.386830652181206 0.236549829164785 0.196685060553887
0.472456391440319 0.377547126041203 0.697246336186378 0.384825509133546
0.545708392821833 0.668689508194778 0.48122295784432 0.153235624048726
0.420300494926958 0.0287134581691905 0.706944816634381 0.568112715504504
0.904504033723117 0.219561004684803 0.288662272081636 0.224364682775783
0.547078127820412 0.497747728316983 0.469990823710018 0.481727460961252
0.311078695697784 0.256534985171359 0.793587734821171 0.455673516464913
0.114478268973897 0.416171223131629 0.810908524368505 0.395124795572688
0.5285208232156 0.311101478077448 0.47021851696948 0.634646481172436
0.8782276591372 0.0480282054552086 0.29472585490035 0.373558751283388
0.544587822069144 0.303637950349955 0.671915337455757 0.399697233481769
0.700834576671832 0.348200311483379 0.129715675435373 0.608901702059074
0.482826835776487 0.41772320739109 0.435687589154965 0.634477653914856
0.0550207538581689 0.652356741207596 0.279107787957932 0.702497147002829
0.627805763815386 0.459130342956805 0.602587232773416 0.178739693395237
0.365873639939066 0.180711466166011 0.729509910129354 0.548903576793713
0.300363262407287 0.524432310612578 0.339249730913093 0.720876051937501
0.248952137560744 0.7247663778367 0.270505430571018 0.582720638722359
0.378147489377532 0.134457266607114 0.651007033023934 0.644294624133546
0.171915655180235 0.731734360855282 0.409361963420254 0.517138874532149
0.192944299204099 0.847431755322843 0.432432662061725 0.240070635974696
0.622590942641192 0.221284662461418 0.645674844128766 0.382776190429579
0.745843728268919 0.516047763715416 0.129813921343891 0.400699618656618
0.356738916298206 0.630731700346067 0.216675033133675 0.65419171333292
0.577452097009384 0.0520057173568085 0.110616549506033 0.807222683029316
0.402500627805663 0.189471444516924 0.343277134875716 0.827196847793944
0.252871021111467 0.912799859059699 0.17337328822046 0.269804312260317
0.436689409827729 0.64134631574556 0.194900092919738 0.599992680291838
0.533983456746883 0.0664548388117778 0.19815098823457 0.819256741309349
0.713335105947173 0.290969848611999 0.105858598053939 0.628715779219911
0.520646615426058 0.41981089869154 0.579005251172069 0.466303367241071
0.447780738212502 0.462831747086445 0.451447022324543 0.617636438699239
0.21725159114617 0.0262020505500719 0.564354568154341 0.796001959856102
0.309169709748855 0.58367781216706 0.701022604234099 0.268889587954842
0.761262247463613 0.641382252931884 0.0337191372301696 0.0892839066972445
0.579820498265765 0.57615567514598 0.197251514261903 0.541243630825625
0.0560444931919618 0.637653520923676 0.538123201482977 0.548343343227769
0.54187202047273 0.158173556411244 0.469575651624947 0.678862686323256
0.211520167839006 0.486999547568342 0.843765276896389 0.0784271430663447
0.347691712759246 0.587340295177131 0.592731931286752 0.427563689025225
0.84875782910335 0.13226879430197 0.301079396670886 0.414084907343851
0.14020236776627 0.731807728281018 0.173533947711318 0.643961733251778
0.929047633460776 0.199882833992437 0.128613936298876 0.283506265937442
0.277139357692055 0.101672581477206 0.896242752359995 0.331067049758772
0.486336038776861 0.411612613644415 0.63155100824413 0.441809503815239
0.763840719282529 0.102464788027986 0.607351051201746 0.192803068918683
0.200775387377874 0.42126817897932 0.613147550968692 0.637395047002883
0.166596785945546 0.787527624490847 0.583468965418224 0.107748401241991
0.627523728563129 0.61545982235119 0.427066173553577 0.212220782601459
0.248210326063719 0.593724645599641 0.745363364985214 0.174115287613816
0.380753711392153 0.186676908855391 0.619386160495529 0.660711076907224
0.719895018952513 0.103551780508576 0.46602889016946 0.503830590544368
0.40189340275356 0.768014462036354 0.364193782971574 0.340585330528238
0.152269221380808 0.367449035360678 0.628781434664001 0.668153573704781
0.090303560068311 0.0336778432914873 0.218403624803136 0.971087496873003
0.745834236988736 0.601970315719317 0.283282995593808 0.0333732577914331
0.677436588031957 0.150699263619107 0.367187963945985 0.619308001137949
0.553355365347837 0.814660895979525 0.112882102001458 0.131844966723541
0.106524151780942 0.350809544828243 0.754292239013653 0.54463610466854
0.412454952721723 0.710768250186382 0.563627854950382 0.0837439408335931
0.503383681847267 0.535296881856114 0.330482748703364 0.592320242718819
0.637220361432753 0.0172467644448575 0.542567705632629 0.547058538820335
0.381051845304834 0.333949399337702 0.50365390526346 0.699721397117906
0.727629157954081 0.615395559500584 0.0568985987245282 0.297668714018089
0.643174613866576 0.220291355608287 0.594907756771007 0.428815689609804
0.804772742433705 0.49431366637236 0.301591490266883 0.130527411955686
0.729224288086375 0.0943534879393133 0.326298202903003 0.594019225076829
0.282915835163855 0.264127776521579 0.0549197505471262 0.920423255292448
0.570175036653954 0.788570294715009 0.0500037512123563 0.224848710768906
0.585518181379183 0.67074015308219 0.253187973931951 0.378380702697597
0.194214762509674 0.532368869370098 0.38332314461687 0.729333517500704
0.500345615314312 0.696997284008037 0.0357044482697081 0.512419987602863
0.548396623486144 0.51412847151732 0.0943656454978144 0.652708344572093
0.394447102934538 0.135899752413151 0.496127789330127 0.761445964553621
0.524988778798564 0.521313394957222 0.504845226583537 0.444691380138613
0.574571740917244 0.311578807629912 0.581192809441403 0.484768892802395
0.100735577185554 0.67527327105183 0.601950735546459 0.414142082946339
0.549411955204559 0.0169018434588753 0.0426620943800123 0.834290582991985
0.702211582680063 0.111810378634053 0.544782862067769 0.444532299812872
0.178926350836287 0.427334727761986 0.696428406927752 0.54804914510386
0.659042347502572 0.446264953984445 0.157540839233013 0.584543975263897
0.333650585892123 0.219516426507638 0.445497516445264 0.80126262103524
0.338565999973372 0.898586255091493 0.136676733321579 0.243382982953244
0.727420372964177 0.115979701258533 0.538932669066556 0.408607254102808
0.288189942408452 0.660008035191073 0.521950014201747 0.457060316864885
0.504891909254769 0.594162457831563 0.427193710106456 0.457777967707176
0.315165699315324 0.606004279173604 0.702284594187362 0.200563566894527
0.135768332293455 0.45969877652321 0.546854144418314 0.686436114683538
0.674275337235773 0.738049069016488 0.0042862878574488 0.0248589834040494
0.537839783521596 0.755394820677432 0.0818995363850663 0.365238960264461
0.121460749287204 0.8458694309845 0.12641189123894 0.503758102527337
0.690700226519275 0.0382811697138831 0.645543106299577 0.323638451115827
0.657466388436078 0.315793129691375 0.130550757317588 0.671542364322871
0.509521676161372 0.554128989698704 0.246660206315269 0.610317513199243
0.638676722167276 0.227315868551474 0.350496928893794 0.646197681288297
0.694221289887068 0.041096719546976 0.324137132179243 0.641329072982528
0.262451395442986 0.780852501270178 0.50344345607974 0.260640217197238
0.00746210491383047 0.410248981860088 0.138016952319369 0.901438522998374
0.4237798804354 0.38662097979389 0.758125961956824 0.310128774428316
0.972039215583423 0.0394876124491549 0.0297860351484697 0.229550177393014
0.62992536026113 0.640613574246306 0.431210430126907 0.0828604485929606
0.584614032968285 0.548622407645336 0.597440647800959 0.0174516085551194
0.242794891099975 0.181283749942065 0.814057199542364 0.495477263591315
0.783013408244863 0.271390244557961 0.453387808582874 0.328141482741748
0.563499577636298 0.608300260863383 0.0823606696293849 0.552861410061738
0.205706566207835 0.0837062594493778 0.761650249130928 0.608742120069549
0.519244546667265 0.362504747261423 0.0118229688303005 0.773844704302663
0.783911051035101 0.148411142564298 0.427801703373867 0.424786180823037
0.702926050792192 0.163176305229339 0.632087288022738 0.282372308928221
0.582577554441516 0.625154699334608 0.124634820422701 0.504233236210189
0.561462594298009 0.335030970910149 0.71585594678593 0.245080124013295
0.774976346518458 0.331666873723904 0.272311255244569 0.463956169781416
0.550122133400567 0.678270941286472 0.147343301609159 0.464331907174259
0.104155978228535 0.624915222997417 0.450866441912014 0.628770186811482
0.572901793243868 0.393163826729654 0.425589786848137 0.579723273622692
0.214376694843503 0.458390948025724 0.791547071891604 0.34259831356252
0.147262687308176 0.814937842373014 0.555528489255061 0.0746867566652921
0.240310446396793 0.608083033686312 0.374133318944356 0.657655056356374
0.0861647896004386 0.287992819130271 0.880317158633086 0.366984284920596
0.442368390784615 0.0291009206100229 0.871091997896724 0.211334035248875
0.761866218825385 0.229582648487873 0.539685227358778 0.274939134167379
0.662287464692916 0.019017725734953 0.136571946010725 0.736452132715591
0.5164737336107 0.40267905510912 0.480090593968025 0.583624436303072
0.428199943401873 0.466384178438761 0.0827549285523615 0.769598745043759
0.526706750118802 0.536172111455216 0.342015706411203 0.564025462940275
0.610638461238333 0.378860000825766 0.486203808393085 0.497183694558502
0.121132447337349 0.921348189115126 0.0803371449106043 0.360541797526937
0.622575376304499 0.0937713985860419 0.699376357839689 0.338348246221877
0.348957322174903 0.7014689375691 0.10170259238912 0.613047061511211
0.0961374751264917 0.633287046932426 0.767913962844879 0.0036397433678796
0.727397641462613 0.335711720320192 0.0104708847870137 0.598398422964218
0.184073441307171 0.849479279282301 0.462111430125917 0.175940184217073
0.179515384202191 0.202656281304748 0.768869009451444 0.579262552550764
0.450840778687998 0.553132431985426 0.387863100725504 0.583394652061095
0.103037700812072 0.418279885683594 0.629302267039527 0.646841422717186
0.633339481677531 0.594255450869711 0.328006632875069 0.371689667397458
0.525347411844436 0.413715868926452 0.725387678271468 0.163285005063884
0.437122983775188 0.566662842080312 0.216681812622855 0.663977192785576
0.477616581780944 0.297597686605703 0.826219990463158 0.0260488981317718
0.816335745423389 0.25639132187437 0.503544558631175 0.119592300272589
0.335471343527868 0.546200444382256 0.177960704916981 0.746628448248313
0.494012755137125 0.530647267428333 0.530454347593223 0.43929837292223
0.3900374033442 0.83590183273308 0.171870209689144 0.345831723598922
0.89787345861654 0.0506239649468061 0.425617722886649 0.100548597453276
0.505993747168937 0.454428392253658 0.50316402933037 0.533189575786812
0.575073575458118 0.281679616313354 0.405287906404932 0.652448227436695
0.602709714940234 0.00386745039200105 0.704647106315847 0.37443089870473
0.147785914710229 0.51269968562416 0.777151534997621 0.333667270533072
0.363608083584954 0.493698387293895 0.7321849885684 0.296574116284911
0.900697887807741 0.157140100123317 0.190763886900351 0.357294616929193
0.865072983416376 0.335689052415491 0.131559977214836 0.348788712326979
0.431170164666032 0.466212396550393 0.737759489312283 0.229017960724232
0.649631380440235 0.121073874041444 0.426287917677822 0.617736835403085
0.0254032005684571 0.79512651673522 0.601931110549847 0.0693356902152338
0.452549679149051 0.0372745290078497 0.678320069680191 0.577660177317421
0.511328500506712 0.130426799527725 0.84714800945006 0.0622275230048064
0.731128064002891 0.374137424737379 0.513468662188974 0.248642060778406
0.284980637786974 0.31336367490506 0.532422198765349 0.732881876974998
0.0401123909360637 0.697593608389691 0.666304752203921 0.2603692201811
0.718030769769175 0.0979656963787851 0.274282939247719 0.632141918587384
0.0994739132937783 0.539376126270015 0.657266388524453 0.516893828073038
0.610098180749162 0.222553703261052 0.587459241154823 0.482847490407845
0.514595914858889 0.628773325167137 0.550755513570137 0.191058928712842
0.4735140460827 0.691933973660338 0.120551027581047 0.531487792904181
0.17471693879624 0.344872227384644 0.155838011378605 0.908983856999665
0.107152530435982 0.533402555966057 0.836248797131585 0.0684689550527823
0.751583342976536 0.0386224365419079 0.658495709720259 0.00376646197287349
0.869993958538201 0.10354227651528 0.00962408234766736 0.481971872747809
0.493952114232421 0.704639183314918 0.283310691743615 0.423355621347302
0.049199749807635 0.909303705387033 0.401468201959775 0.0978235084397543
0.571000387740331 0.180288984845134 0.779854562119006 0.182431634005938
0.34756950615611 0.239105575249943 0.0904670194305194 0.902130633927343
0.05832929447179 0.723322521762059 0.650192113157044 0.225060967087979
0.699189777549742 0.0518340800005742 0.0601050636666952 0.710516899476754
0.538807219654027 0.566943747810717 0.46053531466162 0.419724660720046
0.651728816155852 0.272952377174519 0.40369267894896 0.581187380239697
0.486186870796235 0.65299988899395 0.270871285730074 0.513655738998594
0.788248344566855 0.0917583876390374 0.298550693489228 0.530200366845024
0.809965325233979 0.0911094613078403 0.244930002375327 0.525037648093193
0.749411568762288 0.128925459666441 0.455661903365562 0.462744806860452
0.019749287471416 0.389677285051778 0.627355715106435 0.673933517405345
0.59829613331823 0.51286132026389 0.266507021266457 0.554967576214426
0.154585841575 0.391348099298635 0.87550820319229 0.237561084571744
0.576880897162988 0.500016565267414 0.012657678011847 0.645779875912801
0.351109649223121 0.233845133402591 0.704126097130249 0.571178524759523
0.464071991125642 0.806314020918565 0.139723675532274 0.339075480119944
0.360727954630922 0.327203006014325 0.425487961811295 0.762740801292713
0.283076862468745 0.447417124579047 0.565765862369985 0.632134792227904
0.439494934535349 0.427370613947859 0.714771493682212 0.336601058630094
0.507657821130483 0.526623948987519 0.526048091194348 0.433848082568801
0.503397337403836 0.184469079050836 0.514182391580706 0.669461535681632
0.271888710614096 0.598937953644737 0.534227350158384 0.530990579075759
0.0794435631016012 0.798626787075256 0.38760268311838 0.453484437756147
0.387802797856934 0.573933625791634 0.427083710106459 0.581213117300104
0.0123196211234296 0.837534288210203 0.0908307571113027 0.538641176081249
0.289641658609866 0.863833304776972 0.399866687463404 0.100031812004305
0.850755400583251 0.286487583437868 0.341620518449598 0.2782724102181
0.549190548215373 0.605457959471746 0.57420338354698 0.0458353072031515
0.473962705148286 0.23651325470192 0.586309956601256 0.612912285134714
0.179916506078692 0.424698100248581 0.493030810410686 0.737687057275281
0.634384980496861 0.43911754678303 0.297443228218689 0.562369098203392
0.658646939589362 0.205754346372808 0.652973930627785 0.312208910569135
0.46959219345985 0.53229135741189 0.459852705400375 0.533558405427307
0.462059528490492 0.0414802730023467 0.640664354908602 0.611824781642865
0.138524903960321 0.440377154581084 0.412949748942408 0.785080452918205
0.348581303657866 0.378635839564772 0.229439055120289 0.826125714236503
0.125617317540997 0.153272857100118 0.0503715046657585 0.978872020403014
0.612485015504429 0.231741662568152 0.0911607112924459 0.750231719090404
0.0435097994473365 0.748898574810161 0.444202781523479 0.48983845386634
0.344786852242313 0.601674382798232 0.379441864460789 0.612481701848899
0.630133318917283 0.301216358731141 0.631230569715849 0.337266472509866
0.340128139859031 0.704067234013886 0.618570886296355 0.07728025032706
0.246563178131024 0.603182318404842 0.535137076676125 0.53759278187139
0.46390494775756 0.174171063341609 0.673277068332394 0.54877557288772
0.256917555273964 0.441279733063772 0.774185602378848 0.374035051898236
0.774576689804114 0.31536610965806 0.522882216785653 0.164831295149204
0.19833256309586 0.856556985683831 0.435083569001928 0.194104643624515
0.582920455216122 0.446746141200149 0.606556759578249 0.304484031803541
0.467310489978631 0.573859116320378 0.601734390463888 0.300370344583115
0.308534853027657 0.78174278058436 0.0441293705840543 0.540126900018219
0.0890673219569182 0.724606707447588 0.23608201514584 0.64130914059139
