0.60385761119675 0.647293944581813 0.108447465828492 0.452333595770698
0.363749782676172 0.846151574092046 0.386829834217624 0.0455663101836891
0.6225140860463 0.587386374434751 0.488758759989234 0.169021697826416
0.696161304718005 0.368709792973054 0.597474921983032 0.14978732917194
0.543412178076232 0.598648054385273 0.568826153831635 0.150865895471048
0.701684939291323 0.635641739608146 0.0331509702515295 0.320154397144635
0.698293664867888 0.652751184332585 0.293503934722976 0.0125415015015066
0.0214324365625252 0.0412215647623774 0.990578891660019 0.128821165416026
0.601737453310123 0.603438981447261 0.0486261242679562 0.520969224611606
0.608895093441522 0.433677999056378 0.643580090185366 0.164240146840815
0.0816463552013662 0.572406806353123 0.713174407301537 0.396316269528583
0.419257745969985 0.541492685682078 0.546767180864014 0.481720109323865
0.915534777319103 0.202475757872478 0.00664137575226523 0.347498965640682
0.46888308634663 0.83027529863237 0.256186239555548 0.158619640906714
0.119074927989723 0.612928949346442 0.736482484849301 0.260255286377642
0.627522034180807 0.227158650080134 0.741396902918981 0.070325504999942
0.27380819128225 0.399360208321105 0.871291701690857 0.0799454123831817
0.472594961429464 0.212404099031402 0.654012531156748 0.55118609401552
0.518177444472664 0.172036166060383 0.813993464897439 0.198268335120075
0.0401363521792335 0.515251310552134 0.671158894518706 0.531461097839231
0.279985926744701 0.361698306844542 0.5311430711092 0.713210525485561
0.647492494147032 0.352952737105777 0.507550163237571 0.445612687420714
0.58504676049787 0.0392082173719439 0.365553495352003 0.722878721333942
0.569631175077819 0.569742150613286 0.243981727082878 0.539802855720185
0.65305695307415 0.3413744200424 0.445215553829176 0.508687754925163
0.396819871058033 0.26314253439202 0.066310981777939 0.87686535467133
0.276048791968896 0.218204708128692 0.730149312320775 0.58571815023993
0.544277806681101 0.483008448345137 0.0515252448159172 0.683966122792857
0.372801473241853 0.432344417916934 0.490992972675984 0.658045033890213
0.550480742417894 0.503829270715323 0.616712762045472 0.250584092327817
0.595579430548978 0.383645612329676 0.703788722660835 0.052750544097411
0.303826938153935 0.518651415030319 0.289623243445261 0.74485453492296
0.480965704010317 0.371762299664309 0.618756510134856 0.497599402411114
0.543582320814871 0.205871538766177 0.160662461463705 0.79769840384696
0.262193299024854 0.563824190801819 0.426601305576596 0.656786328948375
0.291082196430025 0.324021435161231 0.214816896752218 0.874148136958076
0.186638626485655 0.877109011184613 0.144295648594969 0.418359380675102
0.49081150122085 0.491510979085215 0.424970365482992 0.580449150373469
0.614488690077127 0.527943624395801 0.0902926773127324 0.579246417037534
0.543515337641716 0.226630348352615 0.737580259947787 0.330461984332751
0.801409152640803 0.441113411507764 0.248372311323412 0.318549090752741
0.684029550842822 0.0343399147835828 0.720476991515099 0.108799120050555
0.110242006694402 0.512510099944795 0.333256770963643 0.783658102760033
0.458526934428379 0.226585360844742 0.443938863095886 0.735751595640609
0.450744791995809 0.452043937088489 0.605124577698143 0.475720145564424
0.992246912900734 0.0147139180838198 0.122283682482757 0.0166212349734284
0.0983180765463562 0.302193920733775 0.150630810421659 0.93612111879152
0.0736899210891515 0.714737941394905 0.387659922806314 0.577441992680002
0.240137901153703 0.697625356242387 0.281229701858696 0.613646889953535
0.489825433813155 0.443245859707695 0.700811907934535 0.269196623193711
0.683421398969833 0.365805522073884 0.605139265090337 0.181460688018911
0.499715046533457 0.293055700167062 0.585745318363191 0.56683829341644
0.638536696050287 0.595955471204939 0.479704515904017 0.0836154385228873
0.34909766519103 0.274447178613036 0.763007139603931 0.469712328157291
0.36252078691908 0.832089818368445 0.418292793655178 0.0351617973841805
0.252588649615107 0.0437914438140302 0.952073618840428 0.16684456192034
0.322499882081749 0.681092807677834 0.367290104471666 0.54516455547291
0.917878793095725 0.380986378715529 0.111115914924436 0.00107418288459267
0.220489329097401 0.679017870866191 0.410002518602752 0.567641719342335
0.626969523399889 0.718080646369417 0.156370356697968 0.258491225351163
0.35651212620607 0.0719152973104385 0.67062824511016 0.646517633743463
0.560443478153051 0.36897835629765 0.0876034830138041 0.73626334293067
0.299289750086087 0.323362334567424 0.23080441551473 0.86752047114487
0.28800054357755 0.541539020236998 0.226165678922624 0.756729979673897
0.548025705172722 0.564225377187867 0.196548357774999 0.585394134974976
0.407404555089062 0.692771458400079 0.246757327572617 0.541479506729601
0.588869959241269 0.618459623830963 0.496845520705865 0.154545764576606
0.789828869151135 0.0873073647922796 0.279079293110901 0.539131273128527
0.396419649830118 0.84770961855717 0.130098892521598 0.327588372807824
0.603262475607282 0.436157174473789 0.275836825543136 0.608075119005457
0.274241598159839 0.393442711349292 0.194402863520572 0.855687971973345
0.387845505453139 0.36813595589444 0.691170432759285 0.486143203960345
0.440856548604034 0.599992016439219 0.666025040119505 0.0454502991843906
0.894112195506354 0.250746936649873 0.2387559276726 0.284050985931589
0.355717484675916 0.72450780205119 0.0953701732128109 0.582630282361079
0.439606827383533 0.389360869437736 0.505654894754561 0.632026168824701
0.691783366777149 0.195159056083999 0.683696982800912 0.126123558417149
0.604436975908357 0.327125552997385 0.635186277796873 0.352396378002767
0.586737778203161 0.469285340532589 0.0247952608585428 0.659465877683893
0.617087767834709 0.353093942870723 0.581737533213399 0.395106057594126
0.0656493904093651 0.316844171119009 0.701558480468678 0.634913873883117
0.132083625314196 0.302814591843654 0.664054284220767 0.670737762839148
0.797247582455519 0.571983708107638 0.0443664649128874 0.187783243979331
0.520098528775185 0.497467914942372 0.495721702791679 0.486089690643707
0.733282237005881 0.344645161257866 0.368298748976824 0.455930811873137
0.600464245474436 0.448044876374858 0.630676834340573 0.202349226060315
0.0334294621316361 0.667916397927307 0.130307544729395 0.731976844051775
0.249474872706149 0.875647467730257 0.410979533383741 0.0458216464732753
0.61191000990876 0.23786743196939 0.0542717305083877 0.752356168213814
0.388038877713949 0.622646421593411 0.141315977618747 0.664655593167678
0.431373910407596 0.316956272052262 0.647137827944727 0.542833218096841
0.847423607402638 0.323856140628701 0.146953916494829 0.394201694847464
0.639517635193552 0.338202647112238 0.000347038339624304 0.690388327919232
0.796585390617409 0.425212072791401 0.312650430724709 0.294781472916812
0.437523351024412 0.616046609080914 0.560400819352947 0.339132443769131
0.729126869707769 0.635055745322754 0.224762120163377 0.120665643587461
0.19285010944778 0.700652503190846 0.683698902143673 0.0667136887446406
0.464300912014507 0.0896093909004296 0.621546158056785 0.624559999975824
0.032058183120064 0.69429993126161 0.303809351864374 0.65162854147506
0.358390489634884 0.650231924693783 0.504850092734129 0.440319298821468
0.686466004688352 0.645365187018758 0.328711576053951 0.0649376590245007
0.589090582547895 0.563295521408787 0.578961240224856 0.021778967640399
0.0662099319493939 0.88925312734395 0.404579981337231 0.202879666604187
0.171100716657589 0.577302481009295 0.732897952768066 0.316712773673796
0.450628206563898 0.0819903398059179 0.664639779033998 0.590309891288595
0.234218102624628 0.219573051351587 0.674506445666097 0.664808702017325
0.585791418537289 0.57856922957868 0.565190714005835 0.051628648581757
0.489056363553988 0.836473987086619 0.24725497667534 0.000344534526816758
0.610926863751835 0.203029581438392 0.765014300693006 0.0173342419069302
0.607818192241749 0.544061086168904 0.126473599376593 0.564410319145047
0.730740184242194 0.371029802555338 0.299259662634016 0.488670976291417
0.0566117092716138 0.977479359597191 0.19476328932228 0.0582793022193685
0.120883178232304 0.617974886123069 0.757702064643549 0.171411430705599
0.0184662118753984 0.0628784599328222 0.266900025735471 0.961493460486266
0.360962138159289 0.522946951138731 0.220238110296452 0.740086478651804
0.531607315743615 0.437860254987861 0.635955084846324 0.348185566915026
0.194216189787414 0.136734588008367 0.623479871531968 0.744886953746084
0.379114951584418 0.575754160098263 0.491154365176744 0.532490741874935
0.281858075437628 0.414570994092906 0.68825152012467 0.524401336014218
0.220039942416354 0.204290269599066 0.908239592994758 0.291459690532438
0.196796541911879 0.545759618286437 0.544099163331133 0.606113570712395
0.282415990762954 0.520956125286933 0.590808416271995 0.547532043765095
0.670193380995776 0.210555295586885 0.263406038299958 0.661153959798239
0.588762465570683 0.532679689634957 0.211012439420404 0.570162132902025
0.0811459972198855 0.0763187167930207 0.653001492108034 0.749119370932923
0.890591939805831 0.333653776497963 0.165278563652101 0.261159243716613
0.182204943845483 0.658443671928633 0.101831488619301 0.723106933489771
0.730030681532364 0.617543794586035 0.243629561733499 0.162294492941737
0.263028126920948 0.470917353798921 0.599994198584235 0.590813009339454
0.689848349190482 0.439112383999206 0.123007306881577 0.562279976338694
0.572582282082879 0.206022988565727 0.423873463673307 0.670846737504777
0.479428495259217 0.643931472368815 0.348376110202693 0.483874635279071
0.402604604621653 0.722143578704314 0.367508066049936 0.425859138051309
0.143543671302981 0.406902072356662 0.824631311272189 0.365799287055382
0.626854429811525 0.195679754634566 0.643665413776407 0.393011186303736
0.0509811987050245 0.681113988069891 0.191661124853157 0.70480540992117
0.916386160391393 0.349042555728167 0.149111507739222 0.1271670460206
0.75329801373309 0.0787959650794061 0.615296703001874 0.21850232417073
0.651448222742334 0.250820814859107 0.619586416628822 0.358910579738637
0.129751255688487 0.808240254980158 0.171113859293864 0.548299506688114
0.538741615385121 0.695383619269842 0.469189969280973 0.0778451451891757
0.211803021223533 0.252202942771507 0.662767603251172 0.672511903194786
0.561228677679742 0.584117646097057 0.490493977751406 0.321316984701223
0.618539993892799 0.312377577134996 0.637444395523871 0.336887470639044
0.366981738847217 0.847545831508882 0.361708951586706 0.127110586445962
0.275280582804891 0.541805491608899 0.69404198655999 0.385970375657124
0.66008647520544 0.606180235196491 0.25561835040224 0.362616362903858
0.280638614527371 0.833072638574045 0.462045297580403 0.117243719999294
0.221544440197196 0.765625425722187 0.285349202902144 0.532270232972446
0.556530790241408 0.56937507478408 0.347178053352308 0.495532948448838
0.707550615244864 0.576825578599163 0.102789107702193 0.39506806765182
0.0207974246997488 0.327281794641664 0.649975386290605 0.68555531595807
0.223416002286679 0.798393011227689 0.408160559458958 0.382176460875303
0.549260058356919 0.51123827231954 0.523501214413206 0.403602893593919
0.00316810128703101 0.495195049697935 0.534785052557232 0.6846727491658
0.455117224024956 0.589504676148454 0.44025450060197 0.501526194624602
0.539989165741638 0.71474257920124 0.188673347796222 0.402438957097564
0.664504867005535 0.412974650155679 0.165830699467611 0.600321080063689
0.246496811415291 0.577157485048564 0.487491750056784 0.607025825678846
0.344421069379302 0.762555704189974 0.268390236794525 0.477335946444776
0.559722462705344 0.252393889004008 0.67721841584419 0.405442112733721
0.451555155967545 0.582372921689895 0.525620407675634 0.425044595585454
0.772225849674748 0.159773050033454 0.559745215938835 0.254607743029758
0.532599177507818 0.640941766763152 0.411283943542133 0.369292953521937
0.559815858998422 0.72587739793875 0.156803389305528 0.367587954478689
0.269355258410723 0.49990473703499 0.0778841367570087 0.819437038397756
0.774972664983074 0.593491217532598 0.132991457331225 0.171752192177055
0.125768576807803 0.411223298622868 0.902581585012312 0.0205948089121897
0.352024914280683 0.733432460383354 0.368008087630881 0.450250300632838
0.182715708653095 0.0538149183885927 0.955183871099583 0.226589268857642
0.798866465121737 0.514096965643073 0.172653885312069 0.260206296440214
0.566607647732973 0.354347963835476 0.709735755549167 0.22286419934842
0.12494260204477 0.386591582995675 0.615921934269392 0.674964047218095
0.630826213698917 0.112221716131713 0.00500902300501277 0.767749623397678
0.64311870733162 0.0431111882236203 0.314945300208009 0.696670088066756
0.20125592069231 0.463209433353577 0.509571467575738 0.696613231765847
0.678646400154361 0.168240062278083 0.0169163496636835 0.71473644241514
0.150948640284109 0.285437780816234 0.900158097107632 0.29232718226441
0.130657243450483 0.158068063638871 0.285626012092244 0.936141524133857
0.181124902175463 0.731551866274073 0.207825737149643 0.623565633867885
0.58815190602444 0.297855669252619 0.741448493886831 0.12495385807106
0.0212549378966701 0.611910682030643 0.739473430963492 0.27980813020869
0.0115890682188351 0.579176825780102 0.49706632311606 0.646022420973904
0.748736033316607 0.15973847462078 0.574964757182629 0.288606133228419
0.222521081491353 0.546742080186345 0.806730494055919 0.0272649226244897
0.40692968507067 0.093947271194606 0.75601357876449 0.50400953400415
0.414168621609894 0.194132235682232 0.522011998453407 0.719917010087593
0.621284514665932 0.46421203018156 0.627930989961754 0.0649262251843079
0.719323058922463 0.284785793482573 0.48431903711262 0.40854186936376
0.676825493821824 0.635530740556388 0.172714190380346 0.328903841816956
0.367476433029182 0.654224409308706 0.072747183851291 0.657007869568189
0.552672420336233 0.393780272941813 0.555079002333821 0.481017248765209
0.0894368236994996 0.808168080573472 0.15425593114003 0.561311424983366
0.584386181520682 0.212054121258501 0.613082512648431 0.487499408399279
0.574001794417616 0.567698173176416 0.196719912124826 0.556364988430363
0.422802951296732 0.29753297183119 0.773862513056435 0.365853257377945
0.606490612302664 0.574141741216645 0.526040344600648 0.160660991014899
0.588302221675201 0.59854247444786 0.334883866481173 0.428369231183188
0.637849898662551 0.761885241014549 0.11259089506327 0.00129485490632632
0.599706301852659 0.667785704321976 0.440679110463608 0.0147148300164381
0.348309427944727 0.707442648242096 0.514002879335482 0.337648459033741
0.59123933373396 0.668094898282978 0.29150091312479 0.345126751761573
0.0330666553895314 0.694841572455897 0.709635450370133 0.111889736197498
0.656783815815766 0.110273750472832 0.685759941312441 0.293612026542334
0.681628913097485 0.0466202920704746 0.647291148068403 0.33796855301802
0.61599346135848 0.583957857807774 0.206820163848422 0.486590891503187
0.418471625090672 0.530128266169379 0.393095982251452 0.623955983335352
0.176861837152416 0.454059017914809 0.612245529597594 0.622660188463236
0.61481604964776 0.387925397175184 0.328143668501747 0.60318889590593
0.409703520096792 0.130668359992039 0.579290093260095 0.692453459207187
0.720511771496594 0.436734670240275 0.449675594969997 0.296508809706115
0.328625945423002 0.453599061922503 0.826305988426356 0.0589176756890969
0.368007481722233 0.638529393085081 0.630201243355675 0.24432990082227
0.265063732838783 0.200001162988161 0.631190593166579 0.700955909765355
0.568937510816496 0.66357848978877 0.387502876404009 0.292942344931907
0.680657618501924 0.147889400311728 0.200811955295542 0.688845766671399
0.622890491480516 0.170738214661669 0.613361128005556 0.454581152632903
0.622832541653097 0.352815583360486 0.451317852673226 0.532834857206594
0.46530784470652 0.689402583026059 0.384919984263163 0.400061612612879
0.308049673473397 0.835559558895316 0.319629613663917 0.323701301017859
0.630705848549848 0.65119447998182 0.41056798055119 0.0979276017900006
0.537907567624858 0.61307813070177 0.0450447452273498 0.576854943009536
0.608370896293365 0.296789648574317 0.644246445995434 0.356015833727369
0.678926246333198 0.725107955787991 0.106227930914235 0.0446456177754883
0.86349104280852 0.163027264092605 0.358813424947836 0.314735216061277
0.677092179645191 0.64900392391148 0.345068078236347 0.035610509587751
0.608671813146752 0.449236470511928 0.626231195348278 0.18851977990465
0.75427984156344 0.158084527882011 0.56224557099072 0.299918523197005
0.637902589824231 0.104707893136359 0.599468198268946 0.47196866662382
0.327063881573861 0.484503135614028 0.66351494403029 0.466940947014175
0.571077598311701 0.716656186575124 0.272353189790139 0.293424652954172
0.127051727361929 0.701013050525507 0.112614950564674 0.692644522447546
0.887512029327733 0.105076880957574 0.424343854089764 0.145648688229736
0.974413976567796 0.00156361809909878 0.169606662645027 0.147473853120443
0.614987457483345 0.58933407709428 0.392907188233444 0.34655405660314
0.50586583065811 0.605479270755457 0.445216422579022 0.423411089986974
0.245402670222607 0.0152966987893743 0.732337715480363 0.6350000086132
0.139620853558148 0.518711480623612 0.676316665038798 0.504023993190555
0.790993920220212 0.30701418776819 0.473875371736137 0.235612051359087
0.286144845870913 0.87455292444827 0.272627177631866 0.280985287047156
0.330886121058232 0.683686915275193 0.62309892984694 0.186639493130814
0.788772027361398 0.158594569456681 0.593093461284439 0.0304400652542702
0.553630961822914 0.545140646527212 0.432850773353475 0.457115567031169
0.238122706056436 0.27881227061023 0.652577889430485 0.663101344323763
0.636913577032849 0.359102163288408 0.093458618030753 0.675760474153814
0.266909449220284 0.566293300456943 0.575778613323073 0.525880435283789
0.625065650640094 0.323274857562246 0.198382241866266 0.682224878592169
0.500109217344137 0.222921318952263 0.578079297289201 0.604996844892303
0.70210657239102 0.620750561943884 0.137261972176453 0.320740162508403
0.0942511900508478 0.99377073113596 0.0593282642120491 0.00407482233774544
0.744022436716805 0.562685168373805 0.354138007471453 0.0663497296021629
0.261763014144123 0.0125090503957949 0.873292175604702 0.410712093944147
0.109326227150374 0.694690263587671 0.504256857810273 0.501176850108688
0.376793584818951 0.417183507380083 0.156880566563757 0.812017859067133
0.648297992303531 0.410923267483597 0.0156945693395892 0.640785035646947
0.770166157559209 0.131438281260822 0.543398013810211 0.307061340055701
0.139230162409664 0.551276876949007 0.812527532528301 0.128482589093615
0.0178041523873294 0.43975665891089 0.169340985492094 0.881828057919381
0.513944502656532 0.608911913124991 0.592492899333301 0.11848837277645
0.107412565761986 0.58404064371335 0.388179018848587 0.704752521480464
0.662380616714365 0.378619956598763 0.557338684186945 0.327524713838533
0.506586016555674 0.589097675939672 0.466971534875207 0.422222834116092
0.838203509696956 0.389760064651019 0.250051643393952 0.28805580009943
0.427390696967907 0.28406758368926 0.829154628030027 0.221687624504887
0.160714343438252 0.671267555467862 0.720994645892805 0.0611350094734715
0.0993390872887046 0.54684339991926 0.794577317701568 0.244419573470647
0.619486004694199 0.58538975354359 0.39889193776857 0.338291513960118
0.216090965281518 0.540692292601059 0.596299057252929 0.552615575029134
0.639363949325168 0.544830873652206 0.00601092189886237 0.542528274135665
0.179850013435588 0.0481636753464559 0.816292707440991 0.546809334981578
0.618933889019038 0.215148922723475 0.406245593477349 0.636864428159506
0.168254425174815 0.481228950097392 0.550302749906755 0.661268500264694
0.350888958090042 0.43929278052558 0.334939174130403 0.756118073915332
0.568018266188063 0.700880350627778 0.0902197311660406 0.421879584110108
0.396918885534774 0.104322372860008 0.909191548291044 0.070306253938209
0.163632752574679 0.56219552891715 0.71742041347271 0.377449943546221
0.0699867064322681 0.657090259514909 0.680755815236321 0.316078743029843
0.168537895038178 0.971004364954793 0.154369283424274 0.0701115219483611
0.6999272477737 0.447694589931952 0.23192176757105 0.50584947928837
0.978651789798259 0.0776691910916438 0.119535973066461 0.14805175521718
0.271514723474778 0.435927546271186 0.834273797727122 0.200584545178242
0.549357389463396 0.56377267661585 0.092728966454645 0.609727944679934
0.581398312581059 0.0168263757656228 0.251032274371136 0.773741347241147
0.445016700012091 0.564974528152487 0.0760632333518983 0.690636158756025
0.644230574169261 0.503000113455943 0.293039131896157 0.496070479212781
0.356514274661238 0.708656120901601 0.439497832549392 0.421361756043253
0.554803738389286 0.289756762498668 0.727130516588781 0.281984117107498
0.307227800429391 0.552681200063721 0.653885284585619 0.415437846544857
0.407571492153361 0.134244427241016 0.883005024705071 0.190173707131695
0.446759413293686 0.160879319427708 0.206840753839453 0.855418478737212
0.511593684030763 0.614581189461743 0.412101320869488 0.43673145679839
0.718164398987508 0.587997370250287 0.175429602927937 0.328212496748988
0.265814775917808 0.487360246257607 0.614452019241184 0.560598975491324
0.313879606887368 0.750176131821386 0.134825965845408 0.566160156280523
0.0361633734025269 0.644475358054007 0.446105848185273 0.619946203714651
0.465876032141437 0.712711933412939 0.174712351448146 0.494445969645218
0.365422043022674 0.8135932613823 0.435478710950713 0.122028799121979
0.237114436098248 0.254943741931498 0.0384087832507409 0.936645716379984
0.553737192244337 0.373012447279535 0.598593026069017 0.442632155679439
0.783541326910625 0.0495907059761349 0.612043869919822 0.0949002223258349
0.441849013823141 0.653766679876092 0.61265461936216 0.0448652943990759
0.00541324184323546 0.782623639070217 0.419796098456907 0.459610892061531
0.638771686029158 0.759280554773584 0.110135056007194 0.057741161301775
0.745138558313997 0.501619156390013 0.434748966326702 0.0643435088736522
0.621626183382217 0.368208586052543 0.690951958514921 0.0242634769816901
0.6997891080356 0.525680010632747 0.251561065909813 0.413125599320852
0.516076217630557 0.469610924865669 0.515022027494685 0.497878728244352
0.585240839646459 0.474170037723747 0.447458852317121 0.482116697924904
0.016773851352152 0.375874276900166 0.531685151025882 0.75878064422742
0.325428592487762 0.121531574228308 0.936640229266 0.0450709282970698
0.199806860045185 0.888730343149257 0.0601140816293068 0.408193450504235
0.471887868993278 0.622397854361082 0.598493720642776 0.178179730426531
0.494210852467312 0.559057830230634 0.407144517596323 0.526728884296851
0.608530117082028 0.605468147783179 0.423793982493975 0.288960341614616
0.758723512884194 0.152707846209454 0.606078303528338 0.183543005028656
0.572638334310767 0.784251960193228 0.237877400532636 0.0211788414863838
0.016875415707367 0.474791970048507 0.53143314758523 0.701332029191464
0.475582321518892 0.647430016813808 0.411769908594391 0.430234088797413
0.283865837500013 0.281059772827566 0.636651702533066 0.65962125500948
0.114636320834805 0.990000000607162 0.069948679697213 0.0431936911121966
0.482908704570406 0.130030350755667 0.861910227645993 0.0836782553099823
0.618547195858979 0.524999105666302 0.388957976423285 0.436448162009282
0.0688155815075026 0.155375684313967 0.984128704629676 0.0511224528917341
0.561294658582165 0.250557903163653 0.650868229906644 0.445577816669049
0.593169157264168 0.562976541759437 0.185964047062304 0.544633030121485
0.0520190837156787 0.978275313731896 0.0622712816339272 0.190771363039138
0.435004544255573 0.598658496504079 0.635235834719354 0.221030507688152
0.361643212036328 0.678861792860805 0.318438110972209 0.554037925472898
0.351024324552638 0.687436350003018 0.503651660278954 0.388005403783434
0.570757259499017 0.554864351853467 0.159106918108187 0.583992029381838
0.538192153569208 0.23851247660198 0.6562630588541 0.471995552865901
0.579449088364712 0.572287763830171 0.579112034028532 0.0368065402734718
0.415761435836799 0.658886962088478 0.272948018460441 0.564366706033637
0.403399640218887 0.874203586488521 0.158662862454278 0.218775948677395
0.89145836060923 0.439343432263093 0.0997062073061138 0.0483529942384004
0.567225225283135 0.0490678866956193 0.567831067676664 0.594487817267018
0.611998386960137 0.600610058912365 0.475096473978833 0.197506637621006
0.458461730206205 0.758779749844866 0.360733604675226 0.289719518879405
0.803524820960179 0.549752392406706 0.225920563316319 0.0328643912898661
0.800556535422255 0.204446083333575 0.443422706865283 0.347400828494323
0.379930999717905 0.36077900279987 0.378172636219892 0.763201417586853
0.615732527186186 0.657693216214956 0.239636269499131 0.361783839675406
0.524701976250637 0.444189472539554 0.283656034747607 0.668522851183842
0.334433062320065 0.434523839995233 0.439435120268202 0.711505681198606
0.573673834603776 0.644382327531639 0.340715190649169 0.373607958048014
0.474928616507545 0.273754960115745 0.824188194017745 0.14217894315272
0.721025972076937 0.568213267638032 0.391178631935571 0.0650730972648022
0.658325470758635 0.563158645103332 0.494537928951791 0.0699439191343693
0.329524593397508 0.535346124233696 0.604722305377161 0.489008182951471
0.38955235519307 0.595688331647518 0.463953112507813 0.52740106512676
0.301517291948017 0.89573791072501 0.279200499768173 0.169670265148407
0.725504627344857 0.664069259006421 0.147797868683734 0.103975213182796
0.545645025412471 0.772114113248275 0.236758783523022 0.22373328047064
0.730921672595463 0.212302684107243 0.600002768527392 0.246328554192517
0.473146713304651 0.0316901794643002 0.471137827514137 0.743745297598436
0.527169000075439 0.694555297485556 0.163756769002198 0.461377832909398
0.572994884876138 0.59358210561236 0.121187436895783 0.551951765049455
0.160140575316067 0.816036220075187 0.505213141401647 0.230650309815355
0.629567831289014 0.0728130303587707 0.64000130772369 0.434443246613394
0.113189355931351 0.182962150433621 0.916327708657759 0.33772259557005
0.777856421738661 0.372911600108771 0.505663346802069 0.0134501065115964
0.357780514263639 0.503133782340287 0.000275871292866119 0.786669831998299
0.211416861817491 0.448529753691643 0.849312496622295 0.181086315534232
0.131932329097325 0.198984456746837 0.478210409588965 0.845170900275723
0.790086366811564 0.131962493176655 0.290700658347668 0.523299685275403
0.582003954973531 0.565802408588322 0.500470732949623 0.301111401796227
0.709373153333224 0.6347619820542 0.133580931652664 0.27572285028178
0.125868298970447 0.800066077346165 0.190258082453709 0.554845298488907
0.0206044634092283 0.730439484332434 0.259683482673487 0.631346263663891
0.651898916956267 0.325004457307555 0.642937841627051 0.236708336577771
0.716391114894149 0.370152491151373 0.530239445225806 0.261948534108858
0.462847204152485 0.214084261994835 0.533382817078515 0.674865293832586
0.301374804057411 0.880228128276726 0.047148840455295 0.363522566718394
0.574997446369924 0.248598246094484 0.778866641933844 0.0307181182612029
0.594855582866254 0.0257920549838246 0.158895498451773 0.787549253065688
0.0952075136774615 0.366638881752649 0.746520030327656 0.547009418608234
0.505184075254823 0.762343422402738 0.101615875802596 0.391530037434014
0.490008245571848 0.735301013609187 0.0518904126752901 0.465329693582184
0.51791799330318 0.115487573623091 0.059772234167083 0.845488528942962
0.165650225277656 0.586234878655312 0.488880673804681 0.624407204229527
0.0636308056559554 0.730161649397946 0.0667588775708724 0.677021667737098
0.160160636933104 0.477426106755409 0.499137802992826 0.705176812288272
0.564953798719571 0.593977619109829 0.523707812457016 0.231835977536776
0.277059233578031 0.960602398462331 0.0172487477725189 0.0135533707191968
0.652751979819165 0.282897856161149 0.6241366718132 0.323012493132275
0.889366498362512 0.302653584217246 0.0833531879241082 0.332385748210939
0.593404604523286 0.673473788055417 0.390681412414855 0.204137370724673
0.23898342742532 0.463719594127764 0.5498618296342 0.652305931100859
0.830853017192811 0.515680905272953 0.00452685786892085 0.209131478539947
0.172485863324763 0.818653696698141 0.530250244570613 0.137438822638964
0.563673665157124 0.691151345575949 0.0465278091725261 0.449907745755166
0.157554904507486 0.407547896413452 0.648101660765878 0.623735041108897
0.159042772829401 0.0428293042991215 0.52658231528784 0.834015654727228
0.619282373350665 0.434141763802238 0.574042450033194 0.31382405347541
0.344502813378429 0.423512474205517 0.560946158665531 0.622329818380136
0.689321540960005 0.700802947285824 0.130806157990215 0.128844057976556
0.641989841250256 0.501386684429087 0.341036452805089 0.469206323771111
0.516515886694017 0.4999878186347 0.151909173317837 0.678341450208889
0.0972699919944217 0.914100286839775 0.373687387230059 0.123761669680147
0.050220864209924 0.56445929277146 0.0237995682531423 0.823587974750067
