0.197561509450486 0.802888850688557 0.455834961547089 0.16142158105412 0.221407566835579 0.182962274179554
0.133947223555679 0.384367088945237 0.608072250096026 0.0148594983323373 0.561618800695018 0.385916751276549
0.54229577980598 0.339743313909981 0.448350456045839 0.108781760392391 0.316355446502638 0.526837163168683
0.479077488987245 0.527648732591087 0.531984395969973 0.395528394067701 0.226727371702482 0.0348735629419883
0.475908321734272 0.196596906661814 0.395971506927943 0.421122896182692 0.299773115350226 0.557547376390752
0.552560417573096 0.0517970397178171 0.523196608494005 0.379985716203183 0.498731233930903 0.158547697087033
0.327723498118988 0.35639061848496 0.660258771687822 0.214100119307924 0.0129493618721562 0.532573791305287
0.35201609434041 0.524982396014366 0.294104266291024 0.515738992398403 0.49189658538105 0.0776651450787375
0.531316429919894 0.340681075780759 0.375291024592421 0.121615485627709 0.518496351752309 0.420912235076978
0.128942456963795 0.26896534452271 0.627003062893964 0.67641465902002 0.20421934077964 0.136588122740841
0.527215268171394 0.512427396003183 0.269009549895015 0.16080358728073 0.345546633418833 0.491768052386694
0.178987109247528 0.438222384572458 0.640513929677573 0.129276205390308 0.456208583407515 0.375270640227857
0.0192048740774966 0.580758416836904 0.234757691079885 0.726729140334389 0.0939869471455611 0.2650865347744
0.551060776489312 0.2966402509442 0.0593157749686087 0.37249824632759 0.366334180290312 0.576075121671234
0.546444620553996 0.136377348860768 0.482703374414874 0.617541604809318 0.236501301755191 0.111832232882273
0.0511038951459396 0.387852231648473 0.231747884039419 0.519581925056751 0.25067686127926 0.678562960176108
0.476982680444788 0.109913526879339 0.00887979540075309 0.582921553090428 0.345235591865283 0.548946752837068
0.282281347152054 0.716304964015336 0.514634248726632 0.127465884827303 0.342955411379341 0.0922500060997557
0.262994637107437 0.146730734345328 0.0229661492816862 0.575849164061897 0.683086813152462 0.332515585175805
0.36890888457263 0.14770314317839 0.536819920164306 0.114795762405949 0.521360570877703 0.518574466939034
0.496598799376339 0.542426979785263 0.290316436328444 0.05296126946146 0.368809053491122 0.485853843101588
0.0585407871392565 0.392469030126155 0.24890480267397 0.710478051861162 0.37217509246776 0.3705321500342
0.528289240319727 0.11937510029733 0.553327011980096 0.45685948789105 0.119066851781869 0.421416391393677
0.262352989101151 0.098571056796145 0.572958230384952 0.513263088633791 0.406448002043715 0.405628580830666
0.485987103725788 0.459218694750887 0.0154995066950716 0.378528243066066 0.0209547727529928 0.639508997118812
0.0573214109744298 0.253361690666037 0.575702643832735 0.370343241966736 0.457358633210866 0.504735117846781
0.410399773328084 0.484964030839419 0.257694354561927 0.193367887355923 0.514830000278104 0.477005728921892
0.0528020428604207 0.382565076578415 0.0296074518083379 0.208956219247031 0.815891126594403 0.375017697225394
0.321206403699931 0.579075723928613 0.550391311806406 0.363130896056785 0.150772243996137 0.322445094296843
0.423006884650063 0.0158599341129011 0.644924576941104 0.278010437603694 0.570264782937915 0.0489305835862909
0.151130129093796 0.489294997202428 0.570001926748191 0.334540149807714 0.528097442596336 0.148471790539349
0.480327726077258 0.190955911335045 0.0272984536122255 0.507458265620951 0.467933790548612 0.505568972776038
0.153159951531483 0.254243135813901 0.622072330558428 0.659195035846218 0.278300314720127 0.113751097728223
0.54322801697527 0.000722522092769705 0.495304243047997 0.340675843017854 0.5082111993992 0.291955224551457
0.388094210827118 0.165799354279903 0.5505789550596 0.0704930263915135 0.708291435878314 0.110046567324585
0.242507068651263 0.477175998775733 0.578466751583179 0.323563970949443 0.355567148415673 0.384379974543854
0.584026967038681 0.442974704119269 0.348645674789379 0.243405235806596 0.164390644070251 0.504838304862862
0.192998515132734 0.788021080472712 0.244361871615689 0.244230355287859 0.220845274736807 0.416701960362616
0.240995675106502 0.549677970197909 0.36700205483722 0.465359685112375 0.194877345177762 0.500547589358799
0.185277535264038 0.53929597912982 0.19862652065791 0.491322139881627 0.602550538919404 0.175826590771419
0.219868871818944 0.00939358251230381 0.529127662227168 0.180091342799146 0.477356991323108 0.641319552144181
0.230390877996774 0.0966509823326354 0.496368695528748 0.554484193748074 0.0485921592481093 0.617562004977844
0.53140375059814 0.477305187599786 0.203615069107493 0.5118003481755 0.302463681897349 0.308069537788874
0.36775925743491 0.269811072295452 0.529806350130482 0.0412087070885358 0.396939954295597 0.593296604021141
0.116591287775599 0.255565380501558 0.547747288318773 0.263104352695578 0.442407928273165 0.596755427823694
0.456207156897843 0.497790832082932 0.138415833229005 0.494145895556877 0.310885315542693 0.429057722323117
0.550666781670899 0.119461266176032 0.476762069232787 0.115704154281581 0.650652609978797 0.135855660899609
0.299252847962425 0.520894012651902 0.45302871681569 0.648447085302677 0.107279421676111 0.0434700535703641
0.168156277774417 0.312417543175885 0.22066649566148 0.603734523280676 0.677329676241284 0.0464131202938543
0.731657592146505 0.274909571621208 0.0689814986136625 0.287442119441673 0.323611692161768 0.443842256665036
0.638032016317566 0.4729808587432 0.480026841788746 0.187995220744433 0.315244266191432 0.0636972070760179
0.282206163871737 0.531117385989774 0.151284829310542 0.503103924236665 0.0639545226432957 0.598484055129127
0.722507545494251 0.0779309456839757 0.515860787856794 0.297208358448525 0.0231389896843117 0.341948886217172
0.565151943172943 0.242365888594053 0.463980664170751 0.450352315828461 0.404273272117014 0.200823090129784
0.309650346583025 0.581422804594379 0.0325375075230935 0.337534704885835 0.574182377820929 0.348411273870894
0.128730151676746 0.265294088948783 0.203640173490093 0.559211948352845 0.505429482940384 0.550818762165083
0.498565417874028 0.0240547604505733 0.380746736758339 0.421103504001008 0.434618433380464 0.489555381271232
0.492444519065551 0.129199985379674 0.484392066974406 0.0307317754005697 0.335800373355328 0.626469274671635
0.418798827242305 0.26904854460389 0.314881719261693 0.329638550365663 0.673277735445339 0.30183678186765
0.267493030202977 0.0686112750915493 0.023383687410585 0.738615488066603 0.552779310789189 0.268468562848219
0.421457846148436 0.441797675699609 0.51749306018923 0.317034958358839 0.1463977869257 0.487283853091806
0.279111274847966 0.552927831688249 0.380762445466817 0.600733786659249 0.0765656060229252 0.323487704340961
0.155029987421698 0.665109005098507 0.542069787065071 0.0462447164861721 0.383209718715588 0.301276945628376
0.0947460925052494 0.252008138790946 0.625252782490429 0.435546059770391 0.459927674516176 0.367886120910691
0.315598662738106 0.233052019457361 0.530818922725794 0.0745700920589458 0.409069312441822 0.625633367532206
0.339743070918883 0.348549470055024 0.590095234495063 0.337845442809292 0.545168473214637 0.059391240928274
0.0819287146727087 0.523625035236193 0.00493219215248715 0.280898279799143 0.60685768322067 0.521440399651262
0.171573153953981 0.00794009791646598 0.719421121389926 0.193130870428748 0.484827732305556 0.424941636769461
0.183041791718874 0.527263478377394 0.35516023005197 0.443999184679918 0.482922488951368 0.363319049200192
0.429291846373834 0.483852340107628 0.0921045978455064 0.385019771802935 0.346037496690527 0.552385728336643
0.172122453885971 0.232593767255928 0.541356695927584 0.000806039620921354 0.525229324548806 0.589355949329835
0.256674671431619 0.0955812182045371 0.549664711728247 0.556253267464226 0.00279159484588861 0.559844226447231
0.0398553640163709 0.0715978926478223 0.188838060003656 0.0405976619248929 0.525600249874726 0.824452355202789
0.175033303480993 0.440996897808965 0.245883967940244 0.330437452242163 0.647361406888704 0.431463152693422
0.221763562902112 0.552309515318626 0.434973870347124 0.390464456042768 0.502359305211539 0.22747635175401
0.474246278173592 0.306128707295644 0.134149888028458 0.556610196741713 0.24950118613223 0.539734876352926
0.40885554486069 0.427155003559117 0.335731466841922 0.483320984291491 0.353549360702121 0.423159313065275
0.452840553417233 0.559288605634515 0.156914422198535 0.530492994538069 0.224749393246503 0.354364848532744
0.264674042514884 0.0616629137846535 0.521982102422255 0.230641071130854 0.550589445293066 0.54528522818131
0.0855958980192396 0.129678692035716 0.28240116664816 0.394137111300694 0.835771718749615 0.205543016869468
0.267341055776233 0.38091992516859 0.384099984482325 0.173872404600207 0.735694368061603 0.2538073209103
0.421333066114519 0.428597548322329 0.566780795786602 0.155455721306422 0.473906022671404 0.262276035670444
0.706488450363362 0.398568234872699 0.128736027912462 0.518384295617459 0.230679207491888 0.0592392780092965
0.223240466908752 0.286226423118937 0.254793542738145 0.528901226649868 0.00353334370284469 0.723580947201064
0.68220614582285 0.0517282807270945 0.424287113465852 0.171627503450501 0.111791567932763 0.556727985931953
0.328769170888427 0.259719078452037 0.0390197991389525 0.263511341025665 0.600474711065265 0.626838242578147
0.151577612585047 0.518917822748468 0.0248643616217746 0.517951443848742 0.523633615415359 0.405788642941361
0.304083843595509 0.552848754570405 0.0223917056584808 0.362682634041709 0.51959472138085 0.447071039801913
0.0062502830659248 0.880869383403411 0.046556533256242 0.445909278819612 0.0576690837160796 0.140362902510502
0.273241507566952 0.303795471020126 0.25165177645454 0.143024059948636 0.864731732246316 0.0387546546826165
0.641306142254081 0.0472083754461104 0.113952825620985 0.573251159377397 0.159740698021732 0.468378663472112
0.537688491946966 0.201093516488507 0.139600024941683 0.509085766133939 0.0593794419677334 0.623113216744588
0.557055048835598 0.384701605959344 0.440503155325242 0.386463697154238 0.225141466545855 0.384198448605712
0.272541309706158 0.416420593270733 0.357502234537338 0.619703464761506 0.425030997504238 0.24458851818442
0.647078005409435 0.410210209961007 0.123122809760587 0.610701533026659 0.0771986003504338 0.137631486000022
0.039370567571046 0.167519166716836 0.854148206327898 0.420179372275075 0.103272571872157 0.231521488920357
0.361711044992155 0.475671704160346 0.226141729286231 0.393695092988688 0.453802904490643 0.48044621519978
0.526600476516221 0.323297664219292 0.309242305205579 0.201158872915127 0.584300104939444 0.375057662672887
0.142145685607812 0.285614993714718 0.163993204312655 0.586039108984947 0.357173452752706 0.63270071578633
0.579492453017364 0.617861186223929 0.0269412684665111 0.447788451335858 0.28301435140034 0.0331451242111363
0.232358481659694 0.707229531963325 0.171271148437927 0.211891640792868 0.478935010294448 0.377127706896291
0.592129736364218 0.0703943950840552 0.0672361799465388 0.553038436250762 0.0261193505707287 0.577384246507699
0.0351816931084588 0.533680001478694 0.0277231542199101 0.514705378415038 0.360126997485961 0.564416734624516
0.680931110566077 0.0506609206377758 0.487209012600131 0.00610215514791082 0.451406051813056 0.304284426012386
0.0505652896552909 0.138652514752481 0.290593066736 0.617305283662026 0.0544341782918883 0.713964570687152
0.0113193141897511 0.559979109631722 0.470138425148545 0.674967537732958 0.0500824216349393 0.0847095340033932
0.424427050656053 0.591640639150149 0.479344060431319 0.332930881199311 0.0150238330105283 0.359142892581972
0.291622986116742 0.439548221870485 0.193303270429011 0.728403140584155 0.331587216314359 0.209442171074337
0.284796738729721 0.408492170031161 0.563724254332022 0.450295135762617 0.330394892840282 0.349733377308398
0.597260513171709 0.681930666676488 0.0907301112142465 0.0791209948491936 0.283370393466777 0.288893718262678
0.490604443071205 0.439251238783239 0.323094804666187 0.376153445267822 0.49481066895244 0.275038841562219
0.465105138986639 0.474972491740551 0.0227756373967492 0.682472932242096 0.270882412714154 0.135694610645366
0.0117527649174506 0.258009498394917 0.38490394457993 0.260488893433613 0.455783754092015 0.713826751113412
0.307084433339305 0.535433545679842 0.318909856810479 0.461708827120622 0.455905153422268 0.310293445358467
0.341276429352269 0.46523706541428 0.0978343617955303 0.568648640778279 0.240970386052331 0.525438203571212
0.362316552120291 0.264001095049619 0.551092728733078 0.415888232705947 0.126341148727306 0.553535756970393
0.245721900654796 0.622781950424139 0.144899327549735 0.611258559245557 0.174851600289232 0.355749162002492
0.642542660384361 0.492702095635044 0.125940144610249 0.190742514680417 0.205925203372272 0.499734687837509
0.623134770972064 0.384756397779902 0.126884587287294 0.420653949483963 0.226232493969048 0.468438882393475
0.432530363997662 0.390422179515844 0.237574039748287 0.0396238758997131 0.472033806777833 0.616166061478023
0.644087234396897 0.175687536765692 0.173001173754388 0.706776956974064 0.0220643193350861 0.155998771451978
0.367517194187882 0.462553199315519 0.560733062708041 0.337711491864364 0.0122969992431797 0.471544074544112
0.462808569376533 0.615008765674808 0.552707092791432 0.181983800926352 0.0138789750408908 0.262252904817185
0.668965616914011 0.314226702758057 0.593683890496128 0.0901108943729811 0.265287509758741 0.150958884161696
0.184152110233657 0.560403702488947 0.568213872492153 0.177761091606036 0.0843741662326983 0.538934764163725
0.336147287112084 0.0501573884634481 0.433710086266697 0.446914936719729 0.50667224480989 0.489831679759848
0.162663671017755 0.527272544457927 0.480123577047491 0.170223888298211 0.0600161004186958 0.65759215346458
0.255091632218411 0.461340932003221 0.334895003239058 0.55507077222873 0.196129669631149 0.513193658323869
0.0468333068403872 0.837768385662084 0.230171922947386 0.0831661003527022 0.471920806034446 0.115524074660503
0.0113003876768626 0.361106580845396 0.229696044788606 0.595389690812456 0.437928374528049 0.520042229414536
0.260560941998708 0.192837401597987 0.0830524259411368 0.595964984578104 0.601604232861171 0.413427273840656
0.513299288738428 0.712696429397669 0.281639748639778 0.0570069445449494 0.124281688847465 0.361346041601994
0.413979499075504 0.359183438787832 0.526723449684445 0.38346402692806 0.352262323102139 0.388635092307759
0.290015246685659 0.0641531112629307 0.603112770916303 0.465354572507975 0.37536610591948 0.436550030277822
0.453940876184087 0.393717776088988 0.125395921730605 0.410516098390449 0.275780964564181 0.615322069391656
0.531787287400784 0.143337697185187 0.219381154983563 0.565716331709412 0.231449638485231 0.524332519728602
0.192194447527327 0.399712426507199 0.0843653306739272 0.546562836428635 0.486362765896421 0.510777923563989
0.209998791750387 0.539805220456433 0.463250522056081 0.166319930917739 0.256514024464027 0.597032680076154
0.405513814872051 0.261541752014221 0.344204161539472 0.189384546964244 0.000650738931769458 0.782822472205638
0.359693274742798 0.609914133734502 0.554868398325907 0.236826811564699 0.255457348383646 0.263441004013861
0.157557813247623 0.0306613969010901 0.382455730600026 0.28292494717229 0.481993736978475 0.718051906297158
0.559286809895421 0.492894151962493 0.524946314051228 0.249808617413736 0.17231884625588 0.276743304332892
0.523676858610767 0.333737298013032 0.475753418806871 0.234117813666813 0.482128151226841 0.317461719397083
0.456716492586343 0.488893770884108 0.480457747055675 0.555740035172398 0.112342710003811 0.0092416611121952
0.587566148137337 0.0736488426616623 0.301065640098819 0.435780725723201 0.553984654918893 0.248792104159465
0.271040837259427 0.514864502440323 0.0803852697971819 0.305757787214301 0.52765251324526 0.532056968649032
0.422749286651908 0.365573470493579 0.67645513764936 0.117993280353923 0.464778066001996 0.010317955666398
0.0532055703302491 0.507664284623432 0.514446840920759 0.15150207790654 0.657328745599539 0.14055827926095
0.22057745358623 0.698584110795927 0.0520382069517641 0.0935845731604788 0.0685375098676263 0.668702018493768
0.0284106579489868 0.545858771723811 0.0643806788448799 0.55072156099373 0.586848358811381 0.222263199957996
0.347729988024387 0.237026236014048 0.704415399727127 0.414334865621024 0.0970048371451932 0.381599324158321
0.243022325642759 0.159118989412982 0.905679339083036 0.014889198319616 0.0363383945582152 0.3063071400732
0.384077221902679 0.2143180718319 0.373690110977784 0.530438247818444 0.553166513915601 0.282046495799803
0.53411017623124 0.437277856320192 0.023708373578283 0.0776711136953032 0.636240631993684 0.334839312713027
0.44967671552631 0.239932277032302 0.603610977492482 0.101136530633244 0.077353976613971 0.599720690218049
0.172653236060019 0.0205899523767496 0.456347619984027 0.394571212108352 0.517109220721001 0.581743393683766
0.313090571668423 0.419578952784012 0.218988768532546 0.293757481998281 0.527687076223821 0.559664727248373
0.218769154900325 0.272994852104311 0.47002029268347 0.577464337737185 0.356266160322315 0.443062245858792
0.366927686094177 0.471647770594746 0.333578822534492 0.422966913365255 0.297376723090935 0.514104753517263
0.386936901166949 0.325242346606384 0.278126067019576 0.164751378896146 0.564422348025574 0.566945797704357
0.449203396597113 0.484272145381683 0.240908417641999 0.476266459148979 0.411513991017443 0.330887332922941
0.505501926911711 0.00976211177184839 0.387675925697801 0.157327595101907 0.651266448650667 0.381024829083424
0.649142555880805 0.450809630201625 0.270276129492802 0.517891593901523 0.184604085213369 0.00671282184159024
0.665628835877523 0.138928326773525 0.018837296119213 0.273697196254349 0.647486634256429 0.207685416832646
0.607968527251214 0.178772477570844 0.620481166261459 0.123592169819759 0.151604836233864 0.418519704004171
0.273460998893644 0.0505571364186957 0.188175683405482 0.511493914412024 0.508652313136889 0.605722519043224
0.689842124137016 0.315092505031362 0.267681696841619 0.148441704257542 0.0114473597864113 0.575339104012772
0.229423021350352 0.335091824962411 0.0801719659849189 0.504169391633647 0.530423329632446 0.54140125407071
0.385699700967894 0.45372458755018 0.251305515884181 0.5583393211809 0.514927961324099 0.0729498052207163
0.224141529934368 0.0212088844828167 0.422087476390618 0.167923254926898 0.755118763443012 0.415632474191956
0.683605079279886 0.213291802182969 0.427594952418106 0.345293064912738 0.28220130023505 0.324789754825571
0.439138478901453 0.543925622859109 0.498478644506432 0.173078343320316 0.477646001481591 0.0686988970699094
0.425315076331721 0.621919841203933 0.532541722217836 0.0569524277676619 0.369271307802957 0.0954842042640615
0.214983199412506 0.548226809639919 0.459783933242825 0.0177565948624542 0.608956985366905 0.265865411826919
0.00836624551351243 0.610031521788946 0.150733865881218 0.23406062398097 0.569112561510216 0.475812322948127
0.00426721019910126 0.463907193092345 0.428532904091402 0.575948720726973 0.426260255777021 0.296170090764006
0.72302106226706 0.0116217001859987 0.169847500054256 0.607256171086472 0.2644160075376 0.0978847483706878
0.485537997936174 0.140053081173225 0.582834693026089 0.236016913703528 0.546264037669806 0.225462469634626
0.573766400624154 0.00273455585261546 0.385751545274845 0.297125110850342 0.498148864168758 0.430749071579625
0.205448311218567 0.0830618395950859 0.67752305415507 0.62889712798069 0.25532461660466 0.176499223460695
0.18276154927659 0.41669007312178 0.208471188232565 0.561908773556693 0.0653713272124541 0.655356759729526
0.662838667034939 0.394523219751334 0.140047132662557 0.344259308548026 0.516056727000483 0.0235396301790409
0.616382151087598 0.24653535768956 0.160492114399379 0.151657704597703 0.371812109619622 0.610156814451404
0.182561048481139 0.452797568015056 0.68590854796819 0.0237950638804054 0.420098938242409 0.33782534958735
0.5442660862012 0.117000558805017 0.23654734363237 0.0792140037451167 0.522725285275001 0.59549480989833
0.422007404330427 0.321116591571738 0.185160419582758 0.614875299822112 0.487514149442782 0.262236199044547
0.453796357648391 0.138834970354108 0.491417566329632 0.425482504964615 0.329350689010976 0.493756269744011
0.394920122340163 0.0453530288631071 0.302942795292721 0.25160388866545 0.672829260801771 0.483945380741847
0.0141397552548329 0.218940047208943 0.735207618408591 0.631832442367599 0.0962333320066791 0.0534975837410863
0.0962413884992354 0.359291523136848 0.900861901874216 0.219413366656848 0.0441901711888222 0.000183291909711001
0.614500801574744 0.302019874484552 0.218402947501132 0.569351515227431 0.325533580398958 0.230953789629038
0.420128396486343 0.424619110448292 0.0467819110068062 0.523201787569145 0.0688892494792791 0.602093310958609
0.387407017082878 0.418866850777019 0.480414192664447 0.413092065555354 0.512341169543716 0.102615979688576
0.499406801935948 0.0733923612720035 0.494305822666324 0.441036328779592 0.433765822760841 0.343805655663816
0.677696119159616 0.280326191163619 0.569722035545107 0.241269156127945 0.0509874135189834 0.277040568873922
0.488820046934605 0.752299747553164 0.153100763487039 0.389124524959515 0.142201423484118 0.00458988018415061
0.50037325741116 0.161843096082732 0.562728617634096 0.133737731544483 0.524449803627039 0.337396711677242
0.163536314243411 0.643297190516938 0.19710843209837 0.553038059924338 0.319375081153534 0.335739968436461
0.545733274921081 0.0130327168967258 0.588959941791998 0.577797609624299 0.0366509999407459 0.141202529773222
0.277205630442242 0.0273941731906762 0.463374888487621 0.640339173186155 0.311435508251679 0.447955330282712
0.573357837412198 0.171986805283102 0.159757635736982 0.204366164769461 0.477150648160537 0.588829819699759
0.510297779327562 0.279271242572411 0.36221599890263 0.475207425981606 0.137779234246562 0.534413795224972
0.564184308248501 0.305805471769149 0.1369766401447 0.525467501615164 0.526716480365867 0.125976719572265
0.49279033461229 0.444786670176405 0.596829410086007 0.440985463637857 0.0925454023049388 0.00918307000968579
0.486795545725889 0.180939491253216 0.232379554470563 0.550632874206831 0.293241717573366 0.535820373584161
0.501596744350981 0.319453887762224 0.435661567833005 0.0302994695441079 0.625015824615036 0.25492367306611
0.225572116593118 0.289104090610179 0.50202134400622 0.0737743004361284 0.623429167415763 0.468405850711539
0.386027666777624 0.427444423947808 0.549437840786238 0.340918343503923 0.483861464189096 0.126667796087373
0.182705433775457 0.696869550840063 0.467083442175397 0.292330542980365 0.416045381656557 0.0653735854112946
0.101926940924047 0.223898178286315 0.273945756660285 0.885227640867357 0.264096811189184 0.105162374668307
0.0825597947090266 0.485995551285166 0.558710130462169 0.324125621842539 0.529094334503893 0.244615945941076
0.427746000240535 0.212581365130528 0.434495890349058 0.628614058052117 0.147217658417746 0.407709664855385
0.231624078214649 0.141579835819379 0.512795541022164 0.440265473917877 0.500526564636378 0.467959015467733
0.405295430598971 0.277325947336432 0.634743745098944 0.409406674081184 0.396249113543348 0.176915590497859
0.403099316699569 0.0134847500067272 0.638125658534586 0.0670773375768799 0.201646088167131 0.620454859134723
0.551575896484851 0.12584623971552 0.440337267229446 0.024023705737251 0.380873438456896 0.583427914052774
0.41922754588677 0.495250707127413 0.282199483103987 0.412169506059456 0.444493763427849 0.363152923909264
0.422306614793385 0.527481076885736 0.492964897594078 0.408906119437746 0.266711785279395 0.249132606153264
0.372631671124102 0.570168869644319 0.565729526167428 0.103551030958902 0.0627758405346717 0.448708790663466
0.135572947882521 0.581595382680539 0.388799697581588 0.456882572788134 0.524248772286515 0.092860762683513
0.22072661383458 0.362795836102954 0.578887838988124 0.235002233789315 0.640338177541029 0.13888405819461
0.427264694189993 0.0212703820008318 0.420726474340618 0.437732907294067 0.420946273100031 0.520745449113347
0.434576662340267 0.466721152047737 0.290881249854739 0.244632289220963 0.474000103765731 0.473478124060614
0.320744317967365 0.125525383314355 0.784316347074344 0.307192147677609 0.291204325943791 0.29503788452372
0.33478014486538 0.652689573601207 0.382716078904264 0.314754760001547 0.0786314988066549 0.458468653798843
0.5264073545563 0.228353203320513 0.585177551933857 0.470382390555164 0.32634214182635 0.0236338198096865
0.232436922939425 0.462943375172371 0.265310111554428 0.548887934160521 0.223171264989392 0.55694135702197
0.328672494962101 0.655782095765435 0.499436912793523 0.219165259741327 0.286176002500526 0.287327145573633
0.0231767200344422 0.674438295228285 0.148243732745107 0.594535824335445 0.279373700485714 0.301822978479935
0.518238683428271 0.631024181767234 0.00734498245781811 0.178693812199436 0.546141582892896 0.0545993880285629
0.496681197562983 0.522096739979089 0.227157193233073 0.389013487535188 0.263814191570249 0.456281678894657
0.171631413782672 0.0100536073884186 0.467146554813082 0.231992602481585 0.802984079862607 0.231541959456019
0.30967077431212 0.520872781184702 0.0844803634481473 0.371787945696693 0.280170887017423 0.639481526748051
0.163572978695908 0.550942400738392 0.195440924149125 0.307146900728584 0.409117692723075 0.608105822822537
0.406069385272318 0.310764842742678 0.444167463054829 0.40173998551703 0.0533598876569088 0.614008011388399
0.492740351094195 0.384555046069543 0.487754048225542 0.494729877832838 0.291756429181715 0.203815812429403
0.195667779697371 0.314172447302791 0.387864967266534 0.714813659379353 0.0412346483378118 0.447114858456483
0.0546405534429612 0.286023240075566 0.534774083511075 0.315853307198777 0.581388259006454 0.437545627657335
0.126044126630652 0.628039580003064 0.137628472447258 0.0797617998967265 0.687500270958218 0.302851449349244
0.267682762568701 0.394503523763421 0.315044191942428 0.175229461770961 0.37354266693978 0.709380417821179
0.558244620671957 0.107801335898095 0.429019368531836 0.545754592672788 0.211425675268664 0.387472973648102
0.131087416764906 0.552501435382896 0.0318632938196756 0.396174458090352 0.016869016854703 0.720627656005427
0.748241842198824 0.638881485480132 0.120982185684617 0.070592172789352 0.0317888824084169 0.106461805060242
0.750444023563305 0.303382664603457 0.270827932330185 0.469896119746622 0.169431913280537 0.148106113294306
0.440835354692457 0.255431012836461 0.506900437420628 0.600571795683546 0.349107534342452 0.0301426935104932
0.473105361797951 0.237816739965134 0.665819890383852 0.0760529293711491 0.244200826921128 0.459217047227917
0.397124959369456 0.137082832065941 0.0885432683487975 0.693420417487916 0.215277786184074 0.537106835569302
0.47985827509024 0.128388509248229 0.415030569173843 0.22413807219437 0.459309305154764 0.5655078602132
0.781390973978319 0.117325609543634 0.415893452686174 0.0927382552471376 0.0710650906261287 0.434792884085306
0.507355137575029 0.303388426033869 0.489425316180664 0.535997496197763 0.322764121884714 0.139782305389812
0.24871135945462 0.19787865077804 0.013531005743263 0.591884742487119 0.531852672260814 0.515372484469303
0.695111766439189 0.419197474083291 0.053467764744225 0.512567118197864 0.1817641070738 0.206085095859056
0.29893961485813 0.0851307843695488 0.190873728778884 0.283445916357951 0.673858991649462 0.576652016172939
0.0935283081482634 0.73821431982588 0.179568630860356 0.498986136363388 0.0354350858130181 0.404727526615668
0.353038577240505 0.215809761069396 0.437225791018569 0.498597079620447 0.221404388661424 0.58309910525637
0.586320922389075 0.25388827455212 0.612367138265903 0.0677742521108903 0.231883158222701 0.398009873833898
0.471190383196449 0.227671954472948 0.216388378752974 0.41666389352018 0.460328549578415 0.542042433532605
0.027259773153237 0.402648360645526 0.441105502486026 0.314753481766471 0.559134764612905 0.480474451798231
0.546969862902667 0.204225247393158 0.723485836469766 0.0109413225013121 0.147694830377409 0.33726960487538
0.0699593774963967 0.740806801485368 0.147956414498696 0.408284367181897 0.496079490409096 0.10783729638838
0.115222056920361 0.426132425604901 0.324795502500574 0.220042199035872 0.305975786176838 0.746728306627951
0.34188141836056 0.234889715819643 0.489567976237563 0.438863386120367 0.527627495148643 0.34245476856182
0.132782056175778 0.476764869017811 0.394729570287887 0.148246908769462 0.534707316696415 0.53978115109748
0.510391627523776 0.623709468043411 0.106569259409444 0.0219213878659572 0.455344853816935 0.362367763235119
0.30108414961419 0.449836757326799 0.566246796580035 0.248706303210712 0.16833677859374 0.544212913929469
0.500436372048479 0.53158517849931 0.540465650220967 0.36345172495337 0.0956062568214721 0.183411569283531
0.164127076829079 0.495185508136201 0.810865613689803 0.10501537606425 0.225470258174236 0.0921168018757732
0.66711076717353 0.648875944043418 0.0317806681345855 0.197888167519984 0.291250000925567 0.0944824471119677
0.450790254831722 0.801779641928179 0.293844911636602 0.220691961989085 0.125399333333992 0.0562386429099138
0.378539567834513 0.51991926366049 0.493916942431683 0.114429621634799 0.406379755621145 0.405214961164006
0.0970904733155474 0.549070326681087 0.453549812140711 0.418517134029165 0.397169993927475 0.387926782659405
0.527867488201537 0.323638747787363 0.283105472720278 0.428333915354365 0.379239225192194 0.457354167116776
0.526984791393299 0.369439957391509 0.0732026822561557 0.509034659254527 0.547261746836936 0.147752532837302
0.383653022069246 0.0948513095259461 0.0147038131562172 0.155847116481062 0.750468690531428 0.506068973988326
0.0414113217055134 0.00751187779189556 0.00306835665788298 0.693579059436613 0.489283537750533 0.527037918286159
0.347854908841758 0.460041291042058 0.221433768057443 0.538502712006529 0.571642981979923 0.0395624772940986
0.556839893445446 0.57037463562619 0.547489463082438 0.149026197511639 0.0789417198915747 0.190831845433199
0.601103209936344 0.57830189222046 0.128306319185044 0.271702177140577 0.319417901989835 0.334558622278857
0.267753714178516 0.250082788622278 0.161327944026316 0.546562252778569 0.185242850666971 0.711824860460175
0.176541178193248 0.243943499560708 0.00655659880785532 0.0878194524673707 0.39235519003764 0.864654232080747
0.391579060530107 0.581915371242639 0.253981050720061 0.0469889837125906 0.661954886918344 0.0560511287630748
0.355209066832273 0.445332188832045 0.169561761134431 0.416825602295968 0.607288988199652 0.322817396794599
0.335926870279098 0.304936605873021 0.45578606110103 0.532967181692114 0.145379344945573 0.530317546411111
0.505881374995268 0.390609239890053 0.566421318455618 0.511784383469048 0.00878034179841288 0.0931396616888963
0.507195956146141 0.600014447008062 0.319207398927537 0.139688864169765 0.498375804594043 0.113798684275038
0.590081353660312 0.65806894696409 0.0301698870775315 0.0450574061713043 0.311831245417539 0.344340150938251
0.00298284846644465 0.409304056864606 0.533840239317407 0.559651104032364 0.461781958365703 0.144996397258784
0.201449515023025 0.694977426958852 0.302213901629419 0.241422283042118 0.561092490513733 0.109461065755791
0.179994366994648 0.534477232781135 0.133316019485168 0.164863625677205 0.633450984731153 0.485512913637882
0.665011946538703 0.398063715285564 0.0483942410878005 0.352540840811668 0.466781088657007 0.234078529120841
0.424703175473491 0.238007636860656 0.629625590817477 0.369356951685129 0.444630580131426 0.180084098077378
0.0135544155143985 0.231414096892495 0.29037644712427 0.567746830142524 0.639418802329621 0.36159707496805
0.42332229067013 0.103772567092419 0.149004749143779 0.443530520108452 0.544487864486155 0.542808180145689
0.518070510903818 0.472354883661432 0.321549468785946 0.449691796255196 0.442500655781402 0.0840250364494557
0.25609065830055 0.0743725666277035 0.715925822146867 0.5690426897474 0.158490528942546 0.259629895675146
0.16936416112929 0.214379206584008 0.478592358012877 0.246990869574228 0.449521897267687 0.658203817813968
0.490473182392202 0.350896067005001 0.168379563383804 0.124417068399943 0.678045272228899 0.364323114896611
0.422648129647134 0.00281389991894424 0.480948751290038 0.530223885409649 0.555478443553713 0.0188485859898878
0.22549103223677 0.617768276902258 0.33424349928474 0.474333137715325 0.308856355302014 0.367985407148969
0.485815370335828 0.246350202322083 0.434458940173068 0.201751759404606 0.527364806435261 0.442405946587148
