0.117647058823529 0.941176470588235 0.0588235294117647 0.0588235294117647 0.0588235294117647 0.0588235294117647 0.0588235294117647 0.0588235294117647 0.0588235294117647 0.0588235294117647
0.176470588235294 0.882352941176471 0.0588235294117647 0.0588235294117647 0.0588235294117647 0.0588235294117647 0.0588235294117647 0.0588235294117647 0.0588235294117647 0.0588235294117647
0.235294117647059 0.823529411764706 0.0588235294117647 0.0588235294117647 0.0588235294117647 0.0588235294117647 0.0588235294117647 0.0588235294117647 0.0588235294117647 0.0588235294117647
0.294117647058824 0.764705882352941 0.0588235294117647 0.0588235294117647 0.0588235294117647 0.0588235294117647 0.0588235294117647 0.0588235294117647 0.0588235294117647 0.0588235294117647
0.352941176470588 0.705882352941177 0.0588235294117647 0.0588235294117647 0.0588235294117647 0.0588235294117647 0.0588235294117647 0.0588235294117647 0.0588235294117647 0.0588235294117647
0.411764705882353 0.647058823529412 0.0588235294117647 0.0588235294117647 0.0588235294117647 0.0588235294117647 0.0588235294117647 0.0588235294117647 0.0588235294117647 0.0588235294117647
0.470588235294118 0.588235294117647 0.0588235294117647 0.0588235294117647 0.0588235294117647 0.0588235294117647 0.0588235294117647 0.0588235294117647 0.0588235294117647 0.0588235294117647
0.529411764705882 0.529411764705882 0.0588235294117647 0.0588235294117647 0.0588235294117647 0.0588235294117647 0.0588235294117647 0.0588235294117647 0.0588235294117647 0.0588235294117647
0.588235294117647 0.470588235294118 0.0588235294117647 0.0588235294117647 0.0588235294117647 0.0588235294117647 0.0588235294117647 0.0588235294117647 0.0588235294117647 0.0588235294117647
0.647058823529412 0.411764705882353 0.0588235294117647 0.0588235294117647 0.0588235294117647 0.0588235294117647 0.0588235294117647 0.0588235294117647 0.0588235294117647 0.0588235294117647
0.705882352941177 0.352941176470588 0.0588235294117647 0.0588235294117647 0.0588235294117647 0.0588235294117647 0.0588235294117647 0.0588235294117647 0.0588235294117647 0.0588235294117647
0.764705882352941 0.294117647058824 0.0588235294117647 0.0588235294117647 0.0588235294117647 0.0588235294117647 0.0588235294117647 0.0588235294117647 0.0588235294117647 0.0588235294117647
0.823529411764706 0.235294117647059 0.0588235294117647 0.0588235294117647 0.0588235294117647 0.0588235294117647 0.0588235294117647 0.0588235294117647 0.0588235294117647 0.0588235294117647
0.882352941176471 0.176470588235294 0.0588235294117647 0.0588235294117647 0.0588235294117647 0.0588235294117647 0.0588235294117647 0.0588235294117647 0.0588235294117647 0.0588235294117647
0.941176470588235 0.117647058823529 0.0588235294117647 0.0588235294117647 0.0588235294117647 0.0588235294117647 0.0588235294117647 0.0588235294117647 0.0588235294117647 0.0588235294117647
0.0588235294117647 0.0588235294117647 0.117647058823529 0.941176470588235 0.0588235294117647 0.0588235294117647 0.0588235294117647 0.0588235294117647 0.0588235294117647 0.0588235294117647
0.0588235294117647 0.0588235294117647 0.176470588235294 0.882352941176471 0.0588235294117647 0.0588235294117647 0.0588235294117647 0.0588235294117647 0.0588235294117647 0.0588235294117647
0.0588235294117647 0.0588235294117647 0.235294117647059 0.823529411764706 0.0588235294117647 0.0588235294117647 0.0588235294117647 0.0588235294117647 0.0588235294117647 0.0588235294117647
0.0588235294117647 0.0588235294117647 0.294117647058824 0.764705882352941 0.0588235294117647 0.0588235294117647 0.0588235294117647 0.0588235294117647 0.0588235294117647 0.0588235294117647
0.0588235294117647 0.0588235294117647 0.352941176470588 0.705882352941177 0.0588235294117647 0.0588235294117647 0.0588235294117647 0.0588235294117647 0.0588235294117647 0.0588235294117647
0.0588235294117647 0.0588235294117647 0.411764705882353 0.647058823529412 0.0588235294117647 0.0588235294117647 0.0588235294117647 0.0588235294117647 0.0588235294117647 0.0588235294117647
0.0588235294117647 0.0588235294117647 0.470588235294118 0.588235294117647 0.0588235294117647 0.0588235294117647 0.0588235294117647 0.0588235294117647 0.0588235294117647 0.0588235294117647
0.0588235294117647 0.0588235294117647 0.529411764705882 0.529411764705882 0.0588235294117647 0.0588235294117647 0.0588235294117647 0.0588235294117647 0.0588235294117647 0.0588235294117647
0.0588235294117647 0.0588235294117647 0.588235294117647 0.470588235294118 0.0588235294117647 0.0588235294117647 0.0588235294117647 0.0588235294117647 0.0588235294117647 0.0588235294117647
0.0588235294117647 0.0588235294117647 0.647058823529412 0.411764705882353 0.0588235294117647 0.0588235294117647 0.0588235294117647 0.0588235294117647 0.0588235294117647 0.0588235294117647
0.0588235294117647 0.0588235294117647 0.705882352941177 0.352941176470588 0.0588235294117647 0.0588235294117647 0.0588235294117647 0.0588235294117647 0.0588235294117647 0.0588235294117647
0.0588235294117647 0.0588235294117647 0.764705882352941 0.294117647058824 0.0588235294117647 0.0588235294117647 0.0588235294117647 0.0588235294117647 0.0588235294117647 0.0588235294117647
0.0588235294117647 0.0588235294117647 0.823529411764706 0.235294117647059 0.0588235294117647 0.0588235294117647 0.0588235294117647 0.0588235294117647 0.0588235294117647 0.0588235294117647
0.0588235294117647 0.0588235294117647 0.882352941176471 0.176470588235294 0.0588235294117647 0.0588235294117647 0.0588235294117647 0.0588235294117647 0.0588235294117647 0.0588235294117647
0.0588235294117647 0.0588235294117647 0.941176470588235 0.117647058823529 0.0588235294117647 0.0588235294117647 0.0588235294117647 0.0588235294117647 0.0588235294117647 0.0588235294117647
0.0588235294117647 0.0588235294117647 0.0588235294117647 0.0588235294117647 0.117647058823529 0.941176470588235 0.0588235294117647 0.0588235294117647 0.0588235294117647 0.0588235294117647
0.0588235294117647 0.0588235294117647 0.0588235294117647 0.0588235294117647 0.176470588235294 0.882352941176471 0.0588235294117647 0.0588235294117647 0.0588235294117647 0.0588235294117647
0.0588235294117647 0.0588235294117647 0.0588235294117647 0.0588235294117647 0.235294117647059 0.823529411764706 0.0588235294117647 0.0588235294117647 0.0588235294117647 0.0588235294117647
0.0588235294117647 0.0588235294117647 0.0588235294117647 0.0588235294117647 0.294117647058824 0.764705882352941 0.0588235294117647 0.0588235294117647 0.0588235294117647 0.0588235294117647
0.0588235294117647 0.0588235294117647 0.0588235294117647 0.0588235294117647 0.352941176470588 0.705882352941177 0.0588235294117647 0.0588235294117647 0.0588235294117647 0.0588235294117647
0.0588235294117647 0.0588235294117647 0.0588235294117647 0.0588235294117647 0.411764705882353 0.647058823529412 0.0588235294117647 0.0588235294117647 0.0588235294117647 0.0588235294117647
0.0588235294117647 0.0588235294117647 0.0588235294117647 0.0588235294117647 0.470588235294118 0.588235294117647 0.0588235294117647 0.0588235294117647 0.0588235294117647 0.0588235294117647
0.0588235294117647 0.0588235294117647 0.0588235294117647 0.0588235294117647 0.529411764705882 0.529411764705882 0.0588235294117647 0.0588235294117647 0.0588235294117647 0.0588235294117647
0.0588235294117647 0.0588235294117647 0.0588235294117647 0.0588235294117647 0.588235294117647 0.470588235294118 0.0588235294117647 0.0588235294117647 0.0588235294117647 0.0588235294117647
0.0588235294117647 0.0588235294117647 0.0588235294117647 0.0588235294117647 0.647058823529412 0.411764705882353 0.0588235294117647 0.0588235294117647 0.0588235294117647 0.0588235294117647
0.0588235294117647 0.0588235294117647 0.0588235294117647 0.0588235294117647 0.705882352941177 0.352941176470588 0.0588235294117647 0.0588235294117647 0.0588235294117647 0.0588235294117647
0.0588235294117647 0.0588235294117647 0.0588235294117647 0.0588235294117647 0.764705882352941 0.294117647058824 0.0588235294117647 0.0588235294117647 0.0588235294117647 0.0588235294117647
0.0588235294117647 0.0588235294117647 0.0588235294117647 0.0588235294117647 0.823529411764706 0.235294117647059 0.0588235294117647 0.0588235294117647 0.0588235294117647 0.0588235294117647
0.0588235294117647 0.0588235294117647 0.0588235294117647 0.0588235294117647 0.882352941176471 0.176470588235294 0.0588235294117647 0.0588235294117647 0.0588235294117647 0.0588235294117647
0.0588235294117647 0.0588235294117647 0.0588235294117647 0.0588235294117647 0.941176470588235 0.117647058823529 0.0588235294117647 0.0588235294117647 0.0588235294117647 0.0588235294117647
0.0588235294117647 0.0588235294117647 0.0588235294117647 0.0588235294117647 0.0588235294117647 0.0588235294117647 0.117647058823529 0.941176470588235 0.0588235294117647 0.0588235294117647
0.0588235294117647 0.0588235294117647 0.0588235294117647 0.0588235294117647 0.0588235294117647 0.0588235294117647 0.176470588235294 0.882352941176471 0.0588235294117647 0.0588235294117647
0.0588235294117647 0.0588235294117647 0.0588235294117647 0.0588235294117647 0.0588235294117647 0.0588235294117647 0.235294117647059 0.823529411764706 0.0588235294117647 0.0588235294117647
0.0588235294117647 0.0588235294117647 0.0588235294117647 0.0588235294117647 0.0588235294117647 0.0588235294117647 0.294117647058824 0.764705882352941 0.0588235294117647 0.0588235294117647
0.0588235294117647 0.0588235294117647 0.0588235294117647 0.0588235294117647 0.0588235294117647 0.0588235294117647 0.352941176470588 0.705882352941177 0.0588235294117647 0.0588235294117647
0.0588235294117647 0.0588235294117647 0.0588235294117647 0.0588235294117647 0.0588235294117647 0.0588235294117647 0.411764705882353 0.647058823529412 0.0588235294117647 0.0588235294117647
0.0588235294117647 0.0588235294117647 0.0588235294117647 0.0588235294117647 0.0588235294117647 0.0588235294117647 0.470588235294118 0.588235294117647 0.0588235294117647 0.0588235294117647
0.0588235294117647 0.0588235294117647 0.0588235294117647 0.0588235294117647 0.0588235294117647 0.0588235294117647 0.529411764705882 0.529411764705882 0.0588235294117647 0.0588235294117647
0.0588235294117647 0.0588235294117647 0.0588235294117647 0.0588235294117647 0.0588235294117647 0.0588235294117647 0.588235294117647 0.470588235294118 0.0588235294117647 0.0588235294117647
0.0588235294117647 0.0588235294117647 0.0588235294117647 0.0588235294117647 0.0588235294117647 0.0588235294117647 0.647058823529412 0.411764705882353 0.0588235294117647 0.0588235294117647
0.0588235294117647 0.0588235294117647 0.0588235294117647 0.0588235294117647 0.0588235294117647 0.0588235294117647 0.705882352941177 0.352941176470588 0.0588235294117647 0.0588235294117647
0.0588235294117647 0.0588235294117647 0.0588235294117647 0.0588235294117647 0.0588235294117647 0.0588235294117647 0.764705882352941 0.294117647058824 0.0588235294117647 0.0588235294117647
0.0588235294117647 0.0588235294117647 0.0588235294117647 0.0588235294117647 0.0588235294117647 0.0588235294117647 0.823529411764706 0.235294117647059 0.0588235294117647 0.0588235294117647
0.0588235294117647 0.0588235294117647 0.0588235294117647 0.0588235294117647 0.0588235294117647 0.0588235294117647 0.882352941176471 0.176470588235294 0.0588235294117647 0.0588235294117647
0.0588235294117647 0.0588235294117647 0.0588235294117647 0.0588235294117647 0.0588235294117647 0.0588235294117647 0.941176470588235 0.117647058823529 0.0588235294117647 0.0588235294117647
0.0588235294117647 0.0588235294117647 0.0588235294117647 0.0588235294117647 0.0588235294117647 0.0588235294117647 0.0588235294117647 0.0588235294117647 0.117647058823529 0.941176470588235
0.0588235294117647 0.0588235294117647 0.0588235294117647 0.0588235294117647 0.0588235294117647 0.0588235294117647 0.0588235294117647 0.0588235294117647 0.176470588235294 0.882352941176471
0.0588235294117647 0.0588235294117647 0.0588235294117647 0.0588235294117647 0.0588235294117647 0.0588235294117647 0.0588235294117647 0.0588235294117647 0.235294117647059 0.823529411764706
0.0588235294117647 0.0588235294117647 0.0588235294117647 0.0588235294117647 0.0588235294117647 0.0588235294117647 0.0588235294117647 0.0588235294117647 0.294117647058824 0.764705882352941
0.0588235294117647 0.0588235294117647 0.0588235294117647 0.0588235294117647 0.0588235294117647 0.0588235294117647 0.0588235294117647 0.0588235294117647 0.352941176470588 0.705882352941177
0.0588235294117647 0.0588235294117647 0.0588235294117647 0.0588235294117647 0.0588235294117647 0.0588235294117647 0.0588235294117647 0.0588235294117647 0.411764705882353 0.647058823529412
0.0588235294117647 0.0588235294117647 0.0588235294117647 0.0588235294117647 0.0588235294117647 0.0588235294117647 0.0588235294117647 0.0588235294117647 0.470588235294118 0.588235294117647
0.0588235294117647 0.0588235294117647 0.0588235294117647 0.0588235294117647 0.0588235294117647 0.0588235294117647 0.0588235294117647 0.0588235294117647 0.529411764705882 0.529411764705882
0.0588235294117647 0.0588235294117647 0.0588235294117647 0.0588235294117647 0.0588235294117647 0.0588235294117647 0.0588235294117647 0.0588235294117647 0.588235294117647 0.470588235294118
0.0588235294117647 0.0588235294117647 0.0588235294117647 0.0588235294117647 0.0588235294117647 0.0588235294117647 0.0588235294117647 0.0588235294117647 0.647058823529412 0.411764705882353
0.0588235294117647 0.0588235294117647 0.0588235294117647 0.0588235294117647 0.0588235294117647 0.0588235294117647 0.0588235294117647 0.0588235294117647 0.705882352941177 0.352941176470588
0.0588235294117647 0.0588235294117647 0.0588235294117647 0.0588235294117647 0.0588235294117647 0.0588235294117647 0.0588235294117647 0.0588235294117647 0.764705882352941 0.294117647058824
0.0588235294117647 0.0588235294117647 0.0588235294117647 0.0588235294117647 0.0588235294117647 0.0588235294117647 0.0588235294117647 0.0588235294117647 0.823529411764706 0.235294117647059
0.0588235294117647 0.0588235294117647 0.0588235294117647 0.0588235294117647 0.0588235294117647 0.0588235294117647 0.0588235294117647 0.0588235294117647 0.882352941176471 0.176470588235294
0.0588235294117647 0.0588235294117647 0.0588235294117647 0.0588235294117647 0.0588235294117647 0.0588235294117647 0.0588235294117647 0.0588235294117647 0.941176470588235 0.117647058823529
