0.00793650793650794 0.996031746031746 0.00396825396825397 0.00396825396825397
0.0119047619047619 0.992063492063492 0.00396825396825397 0.00396825396825397
0.0158730158730159 0.988095238095238 0.00396825396825397 0.00396825396825397
0.0198412698412698 0.984126984126984 0.00396825396825397 0.00396825396825397
0.0238095238095238 0.98015873015873 0.00396825396825397 0.00396825396825397
0.0277777777777778 0.976190476190476 0.00396825396825397 0.00396825396825397
0.0317460317460317 0.972222222222222 0.00396825396825397 0.00396825396825397
0.0357142857142857 0.968253968253968 0.00396825396825397 0.00396825396825397
0.0396825396825397 0.964285714285714 0.00396825396825397 0.00396825396825397
0.0436507936507936 0.96031746031746 0.00396825396825397 0.00396825396825397
0.0476190476190476 0.956349206349206 0.00396825396825397 0.00396825396825397
0.0515873015873016 0.952380952380952 0.00396825396825397 0.00396825396825397
0.0555555555555556 0.948412698412698 0.00396825396825397 0.00396825396825397
0.0595238095238095 0.944444444444444 0.00396825396825397 0.00396825396825397
0.0634920634920635 0.94047619047619 0.00396825396825397 0.00396825396825397
0.0674603174603175 0.936507936507937 0.00396825396825397 0.00396825396825397
0.0714285714285714 0.932539682539683 0.00396825396825397 0.00396825396825397
0.0753968253968254 0.928571428571429 0.00396825396825397 0.00396825396825397
0.0793650793650794 0.924603174603175 0.00396825396825397 0.00396825396825397
0.0833333333333333 0.920634920634921 0.00396825396825397 0.00396825396825397
0.0873015873015873 0.916666666666667 0.00396825396825397 0.00396825396825397
0.0912698412698413 0.912698412698413 0.00396825396825397 0.00396825396825397
0.0952380952380952 0.908730158730159 0.00396825396825397 0.00396825396825397
0.0992063492063492 0.904761904761905 0.00396825396825397 0.00396825396825397
0.103174603174603 0.900793650793651 0.00396825396825397 0.00396825396825397
0.107142857142857 0.896825396825397 0.00396825396825397 0.00396825396825397
0.111111111111111 0.892857142857143 0.00396825396825397 0.00396825396825397
0.115079365079365 0.888888888888889 0.00396825396825397 0.00396825396825397
0.119047619047619 0.884920634920635 0.00396825396825397 0.00396825396825397
0.123015873015873 0.880952380952381 0.00396825396825397 0.00396825396825397
0.126984126984127 0.876984126984127 0.00396825396825397 0.00396825396825397
0.130952380952381 0.873015873015873 0.00396825396825397 0.00396825396825397
0.134920634920635 0.869047619047619 0.00396825396825397 0.00396825396825397
0.138888888888889 0.865079365079365 0.00396825396825397 0.00396825396825397
0.142857142857143 0.861111111111111 0.00396825396825397 0.00396825396825397
0.146825396825397 0.857142857142857 0.00396825396825397 0.00396825396825397
0.150793650793651 0.853174603174603 0.00396825396825397 0.00396825396825397
0.154761904761905 0.849206349206349 0.00396825396825397 0.00396825396825397
0.158730158730159 0.845238095238095 0.00396825396825397 0.00396825396825397
0.162698412698413 0.841269841269841 0.00396825396825397 0.00396825396825397
0.166666666666667 0.837301587301587 0.00396825396825397 0.00396825396825397
0.170634920634921 0.833333333333333 0.00396825396825397 0.00396825396825397
0.174603174603175 0.829365079365079 0.00396825396825397 0.00396825396825397
0.178571428571429 0.825396825396825 0.00396825396825397 0.00396825396825397
0.182539682539683 0.821428571428571 0.00396825396825397 0.00396825396825397
0.186507936507937 0.817460317460317 0.00396825396825397 0.00396825396825397
0.19047619047619 0.813492063492063 0.00396825396825397 0.00396825396825397
0.194444444444444 0.80952380952381 0.00396825396825397 0.00396825396825397
0.198412698412698 0.805555555555556 0.00396825396825397 0.00396825396825397
0.202380952380952 0.801587301587302 0.00396825396825397 0.00396825396825397
0.206349206349206 0.797619047619048 0.00396825396825397 0.00396825396825397
0.21031746031746 0.793650793650794 0.00396825396825397 0.00396825396825397
0.214285714285714 0.78968253968254 0.00396825396825397 0.00396825396825397
0.218253968253968 0.785714285714286 0.00396825396825397 0.00396825396825397
0.222222222222222 0.781746031746032 0.00396825396825397 0.00396825396825397
0.226190476190476 0.777777777777778 0.00396825396825397 0.00396825396825397
0.23015873015873 0.773809523809524 0.00396825396825397 0.00396825396825397
0.234126984126984 0.76984126984127 0.00396825396825397 0.00396825396825397
0.238095238095238 0.765873015873016 0.00396825396825397 0.00396825396825397
0.242063492063492 0.761904761904762 0.00396825396825397 0.00396825396825397
0.246031746031746 0.757936507936508 0.00396825396825397 0.00396825396825397
0.25 0.753968253968254 0.00396825396825397 0.00396825396825397
0.253968253968254 0.75 0.00396825396825397 0.00396825396825397
0.257936507936508 0.746031746031746 0.00396825396825397 0.00396825396825397
0.261904761904762 0.742063492063492 0.00396825396825397 0.00396825396825397
0.265873015873016 0.738095238095238 0.00396825396825397 0.00396825396825397
0.26984126984127 0.734126984126984 0.00396825396825397 0.00396825396825397
0.273809523809524 0.73015873015873 0.00396825396825397 0.00396825396825397
0.277777777777778 0.726190476190476 0.00396825396825397 0.00396825396825397
0.281746031746032 0.722222222222222 0.00396825396825397 0.00396825396825397
0.285714285714286 0.718253968253968 0.00396825396825397 0.00396825396825397
0.28968253968254 0.714285714285714 0.00396825396825397 0.00396825396825397
0.293650793650794 0.71031746031746 0.00396825396825397 0.00396825396825397
0.297619047619048 0.706349206349206 0.00396825396825397 0.00396825396825397
0.301587301587302 0.702380952380952 0.00396825396825397 0.00396825396825397
0.305555555555556 0.698412698412698 0.00396825396825397 0.00396825396825397
0.30952380952381 0.694444444444444 0.00396825396825397 0.00396825396825397
0.313492063492063 0.69047619047619 0.00396825396825397 0.00396825396825397
0.317460317460317 0.686507936507937 0.00396825396825397 0.00396825396825397
0.321428571428571 0.682539682539683 0.00396825396825397 0.00396825396825397
0.325396825396825 0.678571428571429 0.00396825396825397 0.00396825396825397
0.329365079365079 0.674603174603175 0.00396825396825397 0.00396825396825397
0.333333333333333 0.670634920634921 0.00396825396825397 0.00396825396825397
0.337301587301587 0.666666666666667 0.00396825396825397 0.00396825396825397
0.341269841269841 0.662698412698413 0.00396825396825397 0.00396825396825397
0.345238095238095 0.658730158730159 0.00396825396825397 0.00396825396825397
0.349206349206349 0.654761904761905 0.00396825396825397 0.00396825396825397
0.353174603174603 0.650793650793651 0.00396825396825397 0.00396825396825397
0.357142857142857 0.646825396825397 0.00396825396825397 0.00396825396825397
0.361111111111111 0.642857142857143 0.00396825396825397 0.00396825396825397
0.365079365079365 0.638888888888889 0.00396825396825397 0.00396825396825397
0.369047619047619 0.634920634920635 0.00396825396825397 0.00396825396825397
0.373015873015873 0.630952380952381 0.00396825396825397 0.00396825396825397
0.376984126984127 0.626984126984127 0.00396825396825397 0.00396825396825397
0.380952380952381 0.623015873015873 0.00396825396825397 0.00396825396825397
0.384920634920635 0.619047619047619 0.00396825396825397 0.00396825396825397
0.388888888888889 0.615079365079365 0.00396825396825397 0.00396825396825397
0.392857142857143 0.611111111111111 0.00396825396825397 0.00396825396825397
0.396825396825397 0.607142857142857 0.00396825396825397 0.00396825396825397
0.400793650793651 0.603174603174603 0.00396825396825397 0.00396825396825397
0.404761904761905 0.599206349206349 0.00396825396825397 0.00396825396825397
0.408730158730159 0.595238095238095 0.00396825396825397 0.00396825396825397
0.412698412698413 0.591269841269841 0.00396825396825397 0.00396825396825397
0.416666666666667 0.587301587301587 0.00396825396825397 0.00396825396825397
0.420634920634921 0.583333333333333 0.00396825396825397 0.00396825396825397
0.424603174603175 0.579365079365079 0.00396825396825397 0.00396825396825397
0.428571428571429 0.575396825396825 0.00396825396825397 0.00396825396825397
0.432539682539683 0.571428571428571 0.00396825396825397 0.00396825396825397
0.436507936507937 0.567460317460317 0.00396825396825397 0.00396825396825397
0.44047619047619 0.563492063492063 0.00396825396825397 0.00396825396825397
0.444444444444444 0.55952380952381 0.00396825396825397 0.00396825396825397
0.448412698412698 0.555555555555556 0.00396825396825397 0.00396825396825397
0.452380952380952 0.551587301587302 0.00396825396825397 0.00396825396825397
0.456349206349206 0.547619047619048 0.00396825396825397 0.00396825396825397
0.46031746031746 0.543650793650794 0.00396825396825397 0.00396825396825397
0.464285714285714 0.53968253968254 0.00396825396825397 0.00396825396825397
0.468253968253968 0.535714285714286 0.00396825396825397 0.00396825396825397
0.472222222222222 0.531746031746032 0.00396825396825397 0.00396825396825397
0.476190476190476 0.527777777777778 0.00396825396825397 0.00396825396825397
0.48015873015873 0.523809523809524 0.00396825396825397 0.00396825396825397
0.484126984126984 0.51984126984127 0.00396825396825397 0.00396825396825397
0.488095238095238 0.515873015873016 0.00396825396825397 0.00396825396825397
0.492063492063492 0.511904761904762 0.00396825396825397 0.00396825396825397
0.496031746031746 0.507936507936508 0.00396825396825397 0.00396825396825397
0.5 0.503968253968254 0.00396825396825397 0.00396825396825397
0.503968253968254 0.5 0.00396825396825397 0.00396825396825397
0.507936507936508 0.496031746031746 0.00396825396825397 0.00396825396825397
0.511904761904762 0.492063492063492 0.00396825396825397 0.00396825396825397
0.515873015873016 0.488095238095238 0.00396825396825397 0.00396825396825397
0.51984126984127 0.484126984126984 0.00396825396825397 0.00396825396825397
0.523809523809524 0.48015873015873 0.00396825396825397 0.00396825396825397
0.527777777777778 0.476190476190476 0.00396825396825397 0.00396825396825397
0.531746031746032 0.472222222222222 0.00396825396825397 0.00396825396825397
0.535714285714286 0.468253968253968 0.00396825396825397 0.00396825396825397
0.53968253968254 0.464285714285714 0.00396825396825397 0.00396825396825397
0.543650793650794 0.46031746031746 0.00396825396825397 0.00396825396825397
0.547619047619048 0.456349206349206 0.00396825396825397 0.00396825396825397
0.551587301587302 0.452380952380952 0.00396825396825397 0.00396825396825397
0.555555555555556 0.448412698412698 0.00396825396825397 0.00396825396825397
0.55952380952381 0.444444444444444 0.00396825396825397 0.00396825396825397
0.563492063492063 0.44047619047619 0.00396825396825397 0.00396825396825397
0.567460317460317 0.436507936507937 0.00396825396825397 0.00396825396825397
0.571428571428571 0.432539682539683 0.00396825396825397 0.00396825396825397
0.575396825396825 0.428571428571429 0.00396825396825397 0.00396825396825397
0.579365079365079 0.424603174603175 0.00396825396825397 0.00396825396825397
0.583333333333333 0.420634920634921 0.00396825396825397 0.00396825396825397
0.587301587301587 0.416666666666667 0.00396825396825397 0.00396825396825397
0.591269841269841 0.412698412698413 0.00396825396825397 0.00396825396825397
0.595238095238095 0.408730158730159 0.00396825396825397 0.00396825396825397
0.599206349206349 0.404761904761905 0.00396825396825397 0.00396825396825397
0.603174603174603 0.400793650793651 0.00396825396825397 0.00396825396825397
0.607142857142857 0.396825396825397 0.00396825396825397 0.00396825396825397
0.611111111111111 0.392857142857143 0.00396825396825397 0.00396825396825397
0.615079365079365 0.388888888888889 0.00396825396825397 0.00396825396825397
0.619047619047619 0.384920634920635 0.00396825396825397 0.00396825396825397
0.623015873015873 0.380952380952381 0.00396825396825397 0.00396825396825397
0.626984126984127 0.376984126984127 0.00396825396825397 0.00396825396825397
0.630952380952381 0.373015873015873 0.00396825396825397 0.00396825396825397
0.634920634920635 0.369047619047619 0.00396825396825397 0.00396825396825397
0.638888888888889 0.365079365079365 0.00396825396825397 0.00396825396825397
0.642857142857143 0.361111111111111 0.00396825396825397 0.00396825396825397
0.646825396825397 0.357142857142857 0.00396825396825397 0.00396825396825397
0.650793650793651 0.353174603174603 0.00396825396825397 0.00396825396825397
0.654761904761905 0.349206349206349 0.00396825396825397 0.00396825396825397
0.658730158730159 0.345238095238095 0.00396825396825397 0.00396825396825397
0.662698412698413 0.341269841269841 0.00396825396825397 0.00396825396825397
0.666666666666667 0.337301587301587 0.00396825396825397 0.00396825396825397
0.670634920634921 0.333333333333333 0.00396825396825397 0.00396825396825397
0.674603174603175 0.329365079365079 0.00396825396825397 0.00396825396825397
0.678571428571429 0.325396825396825 0.00396825396825397 0.00396825396825397
0.682539682539683 0.321428571428571 0.00396825396825397 0.00396825396825397
0.686507936507937 0.317460317460317 0.00396825396825397 0.00396825396825397
0.69047619047619 0.313492063492063 0.00396825396825397 0.00396825396825397
0.694444444444444 0.30952380952381 0.00396825396825397 0.00396825396825397
0.698412698412698 0.305555555555556 0.00396825396825397 0.00396825396825397
0.702380952380952 0.301587301587302 0.00396825396825397 0.00396825396825397
0.706349206349206 0.297619047619048 0.00396825396825397 0.00396825396825397
0.71031746031746 0.293650793650794 0.00396825396825397 0.00396825396825397
0.714285714285714 0.28968253968254 0.00396825396825397 0.00396825396825397
0.718253968253968 0.285714285714286 0.00396825396825397 0.00396825396825397
0.722222222222222 0.281746031746032 0.00396825396825397 0.00396825396825397
0.726190476190476 0.277777777777778 0.00396825396825397 0.00396825396825397
0.73015873015873 0.273809523809524 0.00396825396825397 0.00396825396825397
0.734126984126984 0.26984126984127 0.00396825396825397 0.00396825396825397
0.738095238095238 0.265873015873016 0.00396825396825397 0.00396825396825397
0.742063492063492 0.261904761904762 0.00396825396825397 0.00396825396825397
0.746031746031746 0.257936507936508 0.00396825396825397 0.00396825396825397
0.75 0.253968253968254 0.00396825396825397 0.00396825396825397
0.753968253968254 0.25 0.00396825396825397 0.00396825396825397
0.757936507936508 0.246031746031746 0.00396825396825397 0.00396825396825397
0.761904761904762 0.242063492063492 0.00396825396825397 0.00396825396825397
0.765873015873016 0.238095238095238 0.00396825396825397 0.00396825396825397
0.76984126984127 0.234126984126984 0.00396825396825397 0.00396825396825397
0.773809523809524 0.23015873015873 0.00396825396825397 0.00396825396825397
0.777777777777778 0.226190476190476 0.00396825396825397 0.00396825396825397
0.781746031746032 0.222222222222222 0.00396825396825397 0.00396825396825397
0.785714285714286 0.218253968253968 0.00396825396825397 0.00396825396825397
0.78968253968254 0.214285714285714 0.00396825396825397 0.00396825396825397
0.793650793650794 0.21031746031746 0.00396825396825397 0.00396825396825397
0.797619047619048 0.206349206349206 0.00396825396825397 0.00396825396825397
0.801587301587302 0.202380952380952 0.00396825396825397 0.00396825396825397
0.805555555555556 0.198412698412698 0.00396825396825397 0.00396825396825397
0.80952380952381 0.194444444444444 0.00396825396825397 0.00396825396825397
0.813492063492063 0.19047619047619 0.00396825396825397 0.00396825396825397
0.817460317460317 0.186507936507937 0.00396825396825397 0.00396825396825397
0.821428571428571 0.182539682539683 0.00396825396825397 0.00396825396825397
0.825396825396825 0.178571428571429 0.00396825396825397 0.00396825396825397
0.829365079365079 0.174603174603175 0.00396825396825397 0.00396825396825397
0.833333333333333 0.170634920634921 0.00396825396825397 0.00396825396825397
0.837301587301587 0.166666666666667 0.00396825396825397 0.00396825396825397
0.841269841269841 0.162698412698413 0.00396825396825397 0.00396825396825397
0.845238095238095 0.158730158730159 0.00396825396825397 0.00396825396825397
0.849206349206349 0.154761904761905 0.00396825396825397 0.00396825396825397
0.853174603174603 0.150793650793651 0.00396825396825397 0.00396825396825397
0.857142857142857 0.146825396825397 0.00396825396825397 0.00396825396825397
0.861111111111111 0.142857142857143 0.00396825396825397 0.00396825396825397
0.865079365079365 0.138888888888889 0.00396825396825397 0.00396825396825397
0.869047619047619 0.134920634920635 0.00396825396825397 0.00396825396825397
0.873015873015873 0.130952380952381 0.00396825396825397 0.00396825396825397
0.876984126984127 0.126984126984127 0.00396825396825397 0.00396825396825397
0.880952380952381 0.123015873015873 0.00396825396825397 0.00396825396825397
0.884920634920635 0.119047619047619 0.00396825396825397 0.00396825396825397
0.888888888888889 0.115079365079365 0.00396825396825397 0.00396825396825397
0.892857142857143 0.111111111111111 0.00396825396825397 0.00396825396825397
0.896825396825397 0.107142857142857 0.00396825396825397 0.00396825396825397
0.900793650793651 0.103174603174603 0.00396825396825397 0.00396825396825397
0.904761904761905 0.0992063492063492 0.00396825396825397 0.00396825396825397
0.908730158730159 0.0952380952380952 0.00396825396825397 0.00396825396825397
0.912698412698413 0.0912698412698413 0.00396825396825397 0.00396825396825397
0.916666666666667 0.0873015873015873 0.00396825396825397 0.00396825396825397
0.920634920634921 0.0833333333333333 0.00396825396825397 0.00396825396825397
0.924603174603175 0.0793650793650794 0.00396825396825397 0.00396825396825397
0.928571428571429 0.0753968253968254 0.00396825396825397 0.00396825396825397
0.932539682539683 0.0714285714285714 0.00396825396825397 0.00396825396825397
0.936507936507937 0.0674603174603175 0.00396825396825397 0.00396825396825397
0.94047619047619 0.0634920634920635 0.00396825396825397 0.00396825396825397
0.944444444444444 0.0595238095238095 0.00396825396825397 0.00396825396825397
0.948412698412698 0.0555555555555556 0.00396825396825397 0.00396825396825397
0.952380952380952 0.0515873015873016 0.00396825396825397 0.00396825396825397
0.956349206349206 0.0476190476190476 0.00396825396825397 0.00396825396825397
0.96031746031746 0.0436507936507936 0.00396825396825397 0.00396825396825397
0.964285714285714 0.0396825396825397 0.00396825396825397 0.00396825396825397
0.968253968253968 0.0357142857142857 0.00396825396825397 0.00396825396825397
0.972222222222222 0.0317460317460317 0.00396825396825397 0.00396825396825397
0.976190476190476 0.0277777777777778 0.00396825396825397 0.00396825396825397
0.98015873015873 0.0238095238095238 0.00396825396825397 0.00396825396825397
0.984126984126984 0.0198412698412698 0.00396825396825397 0.00396825396825397
0.988095238095238 0.0158730158730159 0.00396825396825397 0.00396825396825397
0.992063492063492 0.0119047619047619 0.00396825396825397 0.00396825396825397
0.996031746031746 0.00793650793650794 0.00396825396825397 0.00396825396825397
0.00396825396825397 0.00396825396825397 0.00793650793650794 0.996031746031746
0.00396825396825397 0.00396825396825397 0.0119047619047619 0.992063492063492
0.00396825396825397 0.00396825396825397 0.0158730158730159 0.988095238095238
0.00396825396825397 0.00396825396825397 0.0198412698412698 0.984126984126984
0.00396825396825397 0.00396825396825397 0.0238095238095238 0.98015873015873
0.00396825396825397 0.00396825396825397 0.0277777777777778 0.976190476190476
0.00396825396825397 0.00396825396825397 0.0317460317460317 0.972222222222222
0.00396825396825397 0.00396825396825397 0.0357142857142857 0.968253968253968
0.00396825396825397 0.00396825396825397 0.0396825396825397 0.964285714285714
0.00396825396825397 0.00396825396825397 0.0436507936507936 0.96031746031746
0.00396825396825397 0.00396825396825397 0.0476190476190476 0.956349206349206
0.00396825396825397 0.00396825396825397 0.0515873015873016 0.952380952380952
0.00396825396825397 0.00396825396825397 0.0555555555555556 0.948412698412698
0.00396825396825397 0.00396825396825397 0.0595238095238095 0.944444444444444
0.00396825396825397 0.00396825396825397 0.0634920634920635 0.94047619047619
0.00396825396825397 0.00396825396825397 0.0674603174603175 0.936507936507937
0.00396825396825397 0.00396825396825397 0.0714285714285714 0.932539682539683
0.00396825396825397 0.00396825396825397 0.0753968253968254 0.928571428571429
0.00396825396825397 0.00396825396825397 0.0793650793650794 0.924603174603175
0.00396825396825397 0.00396825396825397 0.0833333333333333 0.920634920634921
0.00396825396825397 0.00396825396825397 0.0873015873015873 0.916666666666667
0.00396825396825397 0.00396825396825397 0.0912698412698413 0.912698412698413
0.00396825396825397 0.00396825396825397 0.0952380952380952 0.908730158730159
0.00396825396825397 0.00396825396825397 0.0992063492063492 0.904761904761905
0.00396825396825397 0.00396825396825397 0.103174603174603 0.900793650793651
0.00396825396825397 0.00396825396825397 0.107142857142857 0.896825396825397
0.00396825396825397 0.00396825396825397 0.111111111111111 0.892857142857143
0.00396825396825397 0.00396825396825397 0.115079365079365 0.888888888888889
0.00396825396825397 0.00396825396825397 0.119047619047619 0.884920634920635
0.00396825396825397 0.00396825396825397 0.123015873015873 0.880952380952381
0.00396825396825397 0.00396825396825397 0.126984126984127 0.876984126984127
0.00396825396825397 0.00396825396825397 0.130952380952381 0.873015873015873
0.00396825396825397 0.00396825396825397 0.134920634920635 0.869047619047619
0.00396825396825397 0.00396825396825397 0.138888888888889 0.865079365079365
0.00396825396825397 0.00396825396825397 0.142857142857143 0.861111111111111
0.00396825396825397 0.00396825396825397 0.146825396825397 0.857142857142857
0.00396825396825397 0.00396825396825397 0.150793650793651 0.853174603174603
0.00396825396825397 0.00396825396825397 0.154761904761905 0.849206349206349
0.00396825396825397 0.00396825396825397 0.158730158730159 0.845238095238095
0.00396825396825397 0.00396825396825397 0.162698412698413 0.841269841269841
0.00396825396825397 0.00396825396825397 0.166666666666667 0.837301587301587
0.00396825396825397 0.00396825396825397 0.170634920634921 0.833333333333333
0.00396825396825397 0.00396825396825397 0.174603174603175 0.829365079365079
0.00396825396825397 0.00396825396825397 0.178571428571429 0.825396825396825
0.00396825396825397 0.00396825396825397 0.182539682539683 0.821428571428571
0.00396825396825397 0.00396825396825397 0.186507936507937 0.817460317460317
0.00396825396825397 0.00396825396825397 0.19047619047619 0.813492063492063
0.00396825396825397 0.00396825396825397 0.194444444444444 0.80952380952381
0.00396825396825397 0.00396825396825397 0.198412698412698 0.805555555555556
0.00396825396825397 0.00396825396825397 0.202380952380952 0.801587301587302
0.00396825396825397 0.00396825396825397 0.206349206349206 0.797619047619048
0.00396825396825397 0.00396825396825397 0.21031746031746 0.793650793650794
0.00396825396825397 0.00396825396825397 0.214285714285714 0.78968253968254
0.00396825396825397 0.00396825396825397 0.218253968253968 0.785714285714286
0.00396825396825397 0.00396825396825397 0.222222222222222 0.781746031746032
0.00396825396825397 0.00396825396825397 0.226190476190476 0.777777777777778
0.00396825396825397 0.00396825396825397 0.23015873015873 0.773809523809524
0.00396825396825397 0.00396825396825397 0.234126984126984 0.76984126984127
0.00396825396825397 0.00396825396825397 0.238095238095238 0.765873015873016
0.00396825396825397 0.00396825396825397 0.242063492063492 0.761904761904762
0.00396825396825397 0.00396825396825397 0.246031746031746 0.757936507936508
0.00396825396825397 0.00396825396825397 0.25 0.753968253968254
0.00396825396825397 0.00396825396825397 0.253968253968254 0.75
0.00396825396825397 0.00396825396825397 0.257936507936508 0.746031746031746
0.00396825396825397 0.00396825396825397 0.261904761904762 0.742063492063492
0.00396825396825397 0.00396825396825397 0.265873015873016 0.738095238095238
0.00396825396825397 0.00396825396825397 0.26984126984127 0.734126984126984
0.00396825396825397 0.00396825396825397 0.273809523809524 0.73015873015873
0.00396825396825397 0.00396825396825397 0.277777777777778 0.726190476190476
0.00396825396825397 0.00396825396825397 0.281746031746032 0.722222222222222
0.00396825396825397 0.00396825396825397 0.285714285714286 0.718253968253968
0.00396825396825397 0.00396825396825397 0.28968253968254 0.714285714285714
0.00396825396825397 0.00396825396825397 0.293650793650794 0.71031746031746
0.00396825396825397 0.00396825396825397 0.297619047619048 0.706349206349206
0.00396825396825397 0.00396825396825397 0.301587301587302 0.702380952380952
0.00396825396825397 0.00396825396825397 0.305555555555556 0.698412698412698
0.00396825396825397 0.00396825396825397 0.30952380952381 0.694444444444444
0.00396825396825397 0.00396825396825397 0.313492063492063 0.69047619047619
0.00396825396825397 0.00396825396825397 0.317460317460317 0.686507936507937
0.00396825396825397 0.00396825396825397 0.321428571428571 0.682539682539683
0.00396825396825397 0.00396825396825397 0.325396825396825 0.678571428571429
0.00396825396825397 0.00396825396825397 0.329365079365079 0.674603174603175
0.00396825396825397 0.00396825396825397 0.333333333333333 0.670634920634921
0.00396825396825397 0.00396825396825397 0.337301587301587 0.666666666666667
0.00396825396825397 0.00396825396825397 0.341269841269841 0.662698412698413
0.00396825396825397 0.00396825396825397 0.345238095238095 0.658730158730159
0.00396825396825397 0.00396825396825397 0.349206349206349 0.654761904761905
0.00396825396825397 0.00396825396825397 0.353174603174603 0.650793650793651
0.00396825396825397 0.00396825396825397 0.357142857142857 0.646825396825397
0.00396825396825397 0.00396825396825397 0.361111111111111 0.642857142857143
0.00396825396825397 0.00396825396825397 0.365079365079365 0.638888888888889
0.00396825396825397 0.00396825396825397 0.369047619047619 0.634920634920635
0.00396825396825397 0.00396825396825397 0.373015873015873 0.630952380952381
0.00396825396825397 0.00396825396825397 0.376984126984127 0.626984126984127
0.00396825396825397 0.00396825396825397 0.380952380952381 0.623015873015873
0.00396825396825397 0.00396825396825397 0.384920634920635 0.619047619047619
0.00396825396825397 0.00396825396825397 0.388888888888889 0.615079365079365
0.00396825396825397 0.00396825396825397 0.392857142857143 0.611111111111111
0.00396825396825397 0.00396825396825397 0.396825396825397 0.607142857142857
0.00396825396825397 0.00396825396825397 0.400793650793651 0.603174603174603
0.00396825396825397 0.00396825396825397 0.404761904761905 0.599206349206349
0.00396825396825397 0.00396825396825397 0.408730158730159 0.595238095238095
0.00396825396825397 0.00396825396825397 0.412698412698413 0.591269841269841
0.00396825396825397 0.00396825396825397 0.416666666666667 0.587301587301587
0.00396825396825397 0.00396825396825397 0.420634920634921 0.583333333333333
0.00396825396825397 0.00396825396825397 0.424603174603175 0.579365079365079
0.00396825396825397 0.00396825396825397 0.428571428571429 0.575396825396825
0.00396825396825397 0.00396825396825397 0.432539682539683 0.571428571428571
0.00396825396825397 0.00396825396825397 0.436507936507937 0.567460317460317
0.00396825396825397 0.00396825396825397 0.44047619047619 0.563492063492063
0.00396825396825397 0.00396825396825397 0.444444444444444 0.55952380952381
0.00396825396825397 0.00396825396825397 0.448412698412698 0.555555555555556
0.00396825396825397 0.00396825396825397 0.452380952380952 0.551587301587302
0.00396825396825397 0.00396825396825397 0.456349206349206 0.547619047619048
0.00396825396825397 0.00396825396825397 0.46031746031746 0.543650793650794
0.00396825396825397 0.00396825396825397 0.464285714285714 0.53968253968254
0.00396825396825397 0.00396825396825397 0.468253968253968 0.535714285714286
0.00396825396825397 0.00396825396825397 0.472222222222222 0.531746031746032
0.00396825396825397 0.00396825396825397 0.476190476190476 0.527777777777778
0.00396825396825397 0.00396825396825397 0.48015873015873 0.523809523809524
0.00396825396825397 0.00396825396825397 0.484126984126984 0.51984126984127
0.00396825396825397 0.00396825396825397 0.488095238095238 0.515873015873016
0.00396825396825397 0.00396825396825397 0.492063492063492 0.511904761904762
0.00396825396825397 0.00396825396825397 0.496031746031746 0.507936507936508
0.00396825396825397 0.00396825396825397 0.5 0.503968253968254
0.00396825396825397 0.00396825396825397 0.503968253968254 0.5
0.00396825396825397 0.00396825396825397 0.507936507936508 0.496031746031746
0.00396825396825397 0.00396825396825397 0.511904761904762 0.492063492063492
0.00396825396825397 0.00396825396825397 0.515873015873016 0.488095238095238
0.00396825396825397 0.00396825396825397 0.51984126984127 0.484126984126984
0.00396825396825397 0.00396825396825397 0.523809523809524 0.48015873015873
0.00396825396825397 0.00396825396825397 0.527777777777778 0.476190476190476
0.00396825396825397 0.00396825396825397 0.531746031746032 0.472222222222222
0.00396825396825397 0.00396825396825397 0.535714285714286 0.468253968253968
0.00396825396825397 0.00396825396825397 0.53968253968254 0.464285714285714
0.00396825396825397 0.00396825396825397 0.543650793650794 0.46031746031746
0.00396825396825397 0.00396825396825397 0.547619047619048 0.456349206349206
0.00396825396825397 0.00396825396825397 0.551587301587302 0.452380952380952
0.00396825396825397 0.00396825396825397 0.555555555555556 0.448412698412698
0.00396825396825397 0.00396825396825397 0.55952380952381 0.444444444444444
0.00396825396825397 0.00396825396825397 0.563492063492063 0.44047619047619
0.00396825396825397 0.00396825396825397 0.567460317460317 0.436507936507937
0.00396825396825397 0.00396825396825397 0.571428571428571 0.432539682539683
0.00396825396825397 0.00396825396825397 0.575396825396825 0.428571428571429
0.00396825396825397 0.00396825396825397 0.579365079365079 0.424603174603175
0.00396825396825397 0.00396825396825397 0.583333333333333 0.420634920634921
0.00396825396825397 0.00396825396825397 0.587301587301587 0.416666666666667
0.00396825396825397 0.00396825396825397 0.591269841269841 0.412698412698413
0.00396825396825397 0.00396825396825397 0.595238095238095 0.408730158730159
0.00396825396825397 0.00396825396825397 0.599206349206349 0.404761904761905
0.00396825396825397 0.00396825396825397 0.603174603174603 0.400793650793651
0.00396825396825397 0.00396825396825397 0.607142857142857 0.396825396825397
0.00396825396825397 0.00396825396825397 0.611111111111111 0.392857142857143
0.00396825396825397 0.00396825396825397 0.615079365079365 0.388888888888889
0.00396825396825397 0.00396825396825397 0.619047619047619 0.384920634920635
0.00396825396825397 0.00396825396825397 0.623015873015873 0.380952380952381
0.00396825396825397 0.00396825396825397 0.626984126984127 0.376984126984127
0.00396825396825397 0.00396825396825397 0.630952380952381 0.373015873015873
0.00396825396825397 0.00396825396825397 0.634920634920635 0.369047619047619
0.00396825396825397 0.00396825396825397 0.638888888888889 0.365079365079365
0.00396825396825397 0.00396825396825397 0.642857142857143 0.361111111111111
0.00396825396825397 0.00396825396825397 0.646825396825397 0.357142857142857
0.00396825396825397 0.00396825396825397 0.650793650793651 0.353174603174603
0.00396825396825397 0.00396825396825397 0.654761904761905 0.349206349206349
0.00396825396825397 0.00396825396825397 0.658730158730159 0.345238095238095
0.00396825396825397 0.00396825396825397 0.662698412698413 0.341269841269841
0.00396825396825397 0.00396825396825397 0.666666666666667 0.337301587301587
0.00396825396825397 0.00396825396825397 0.670634920634921 0.333333333333333
0.00396825396825397 0.00396825396825397 0.674603174603175 0.329365079365079
0.00396825396825397 0.00396825396825397 0.678571428571429 0.325396825396825
0.00396825396825397 0.00396825396825397 0.682539682539683 0.321428571428571
0.00396825396825397 0.00396825396825397 0.686507936507937 0.317460317460317
0.00396825396825397 0.00396825396825397 0.69047619047619 0.313492063492063
0.00396825396825397 0.00396825396825397 0.694444444444444 0.30952380952381
0.00396825396825397 0.00396825396825397 0.698412698412698 0.305555555555556
0.00396825396825397 0.00396825396825397 0.702380952380952 0.301587301587302
0.00396825396825397 0.00396825396825397 0.706349206349206 0.297619047619048
0.00396825396825397 0.00396825396825397 0.71031746031746 0.293650793650794
0.00396825396825397 0.00396825396825397 0.714285714285714 0.28968253968254
0.00396825396825397 0.00396825396825397 0.718253968253968 0.285714285714286
0.00396825396825397 0.00396825396825397 0.722222222222222 0.281746031746032
0.00396825396825397 0.00396825396825397 0.726190476190476 0.277777777777778
0.00396825396825397 0.00396825396825397 0.73015873015873 0.273809523809524
0.00396825396825397 0.00396825396825397 0.734126984126984 0.26984126984127
0.00396825396825397 0.00396825396825397 0.738095238095238 0.265873015873016
0.00396825396825397 0.00396825396825397 0.742063492063492 0.261904761904762
0.00396825396825397 0.00396825396825397 0.746031746031746 0.257936507936508
0.00396825396825397 0.00396825396825397 0.75 0.253968253968254
0.00396825396825397 0.00396825396825397 0.753968253968254 0.25
0.00396825396825397 0.00396825396825397 0.757936507936508 0.246031746031746
0.00396825396825397 0.00396825396825397 0.761904761904762 0.242063492063492
0.00396825396825397 0.00396825396825397 0.765873015873016 0.238095238095238
0.00396825396825397 0.00396825396825397 0.76984126984127 0.234126984126984
0.00396825396825397 0.00396825396825397 0.773809523809524 0.23015873015873
0.00396825396825397 0.00396825396825397 0.777777777777778 0.226190476190476
0.00396825396825397 0.00396825396825397 0.781746031746032 0.222222222222222
0.00396825396825397 0.00396825396825397 0.785714285714286 0.218253968253968
0.00396825396825397 0.00396825396825397 0.78968253968254 0.214285714285714
0.00396825396825397 0.00396825396825397 0.793650793650794 0.21031746031746
0.00396825396825397 0.00396825396825397 0.797619047619048 0.206349206349206
0.00396825396825397 0.00396825396825397 0.801587301587302 0.202380952380952
0.00396825396825397 0.00396825396825397 0.805555555555556 0.198412698412698
0.00396825396825397 0.00396825396825397 0.80952380952381 0.194444444444444
0.00396825396825397 0.00396825396825397 0.813492063492063 0.19047619047619
0.00396825396825397 0.00396825396825397 0.817460317460317 0.186507936507937
0.00396825396825397 0.00396825396825397 0.821428571428571 0.182539682539683
0.00396825396825397 0.00396825396825397 0.825396825396825 0.178571428571429
0.00396825396825397 0.00396825396825397 0.829365079365079 0.174603174603175
0.00396825396825397 0.00396825396825397 0.833333333333333 0.170634920634921
0.00396825396825397 0.00396825396825397 0.837301587301587 0.166666666666667
0.00396825396825397 0.00396825396825397 0.841269841269841 0.162698412698413
0.00396825396825397 0.00396825396825397 0.845238095238095 0.158730158730159
0.00396825396825397 0.00396825396825397 0.849206349206349 0.154761904761905
0.00396825396825397 0.00396825396825397 0.853174603174603 0.150793650793651
0.00396825396825397 0.00396825396825397 0.857142857142857 0.146825396825397
0.00396825396825397 0.00396825396825397 0.861111111111111 0.142857142857143
0.00396825396825397 0.00396825396825397 0.865079365079365 0.138888888888889
0.00396825396825397 0.00396825396825397 0.869047619047619 0.134920634920635
0.00396825396825397 0.00396825396825397 0.873015873015873 0.130952380952381
0.00396825396825397 0.00396825396825397 0.876984126984127 0.126984126984127
0.00396825396825397 0.00396825396825397 0.880952380952381 0.123015873015873
0.00396825396825397 0.00396825396825397 0.884920634920635 0.119047619047619
0.00396825396825397 0.00396825396825397 0.888888888888889 0.115079365079365
0.00396825396825397 0.00396825396825397 0.892857142857143 0.111111111111111
0.00396825396825397 0.00396825396825397 0.896825396825397 0.107142857142857
0.00396825396825397 0.00396825396825397 0.900793650793651 0.103174603174603
0.00396825396825397 0.00396825396825397 0.904761904761905 0.0992063492063492
0.00396825396825397 0.00396825396825397 0.908730158730159 0.0952380952380952
0.00396825396825397 0.00396825396825397 0.912698412698413 0.0912698412698413
0.00396825396825397 0.00396825396825397 0.916666666666667 0.0873015873015873
0.00396825396825397 0.00396825396825397 0.920634920634921 0.0833333333333333
0.00396825396825397 0.00396825396825397 0.924603174603175 0.0793650793650794
0.00396825396825397 0.00396825396825397 0.928571428571429 0.0753968253968254
0.00396825396825397 0.00396825396825397 0.932539682539683 0.0714285714285714
0.00396825396825397 0.00396825396825397 0.936507936507937 0.0674603174603175
0.00396825396825397 0.00396825396825397 0.94047619047619 0.0634920634920635
0.00396825396825397 0.00396825396825397 0.944444444444444 0.0595238095238095
0.00396825396825397 0.00396825396825397 0.948412698412698 0.0555555555555556
0.00396825396825397 0.00396825396825397 0.952380952380952 0.0515873015873016
0.00396825396825397 0.00396825396825397 0.956349206349206 0.0476190476190476
0.00396825396825397 0.00396825396825397 0.96031746031746 0.0436507936507936
0.00396825396825397 0.00396825396825397 0.964285714285714 0.0396825396825397
0.00396825396825397 0.00396825396825397 0.968253968253968 0.0357142857142857
0.00396825396825397 0.00396825396825397 0.972222222222222 0.0317460317460317
0.00396825396825397 0.00396825396825397 0.976190476190476 0.0277777777777778
0.00396825396825397 0.00396825396825397 0.98015873015873 0.0238095238095238
0.00396825396825397 0.00396825396825397 0.984126984126984 0.0198412698412698
0.00396825396825397 0.00396825396825397 0.988095238095238 0.0158730158730159
0.00396825396825397 0.00396825396825397 0.992063492063492 0.0119047619047619
0.00396825396825397 0.00396825396825397 0.996031746031746 0.00793650793650794
