0.346321206758528 0.653087970604948 0.994553125849458 0.327447837941645
0.796336226446702 0.64533475697216 0.605981066254708 0.1769066197689
0.380463844504549 0.850627293090489 0.405210837261759 0.510011634471201
0.230288044237225 0.879442507915049 0.789755930969297 0.409401297245377
0.704293281608783 0.368232883705393 0.284776247732586 0.956608391829584
0.793293868504243 0.193162047114396 0.907583545782564 0.454340498135236
0.161976793810453 0.598715691559193 0.833098774801256 0.670103060465645
0.282038384832583 0.785444519447705 0.347324708198508 0.888142821495424
0.304516272426551 0.84389925094884 0.386910828097308 0.659329179233269
0.834200039438877 0.835672636031869 0.0764070510073821 0.695889896418526
0.885056246077631 0.576795144066941 0.181412899870333 0.62905425888654
0.282843430481383 0.870262712187565 0.465791139684447 0.571659499337594
0.511280942916804 0.7547372711471 0.582410778030214 0.274314724709115
0.761089238762235 0.60287741309513 0.360251758117352 0.386862587878674
0.62761956336701 0.461459925272293 0.244224099997084 0.989502986134988
0.26151462762673 0.945554744686758 0.834246640599545 0.348692935082036
0.737154742340134 0.449843655652193 0.44761053581607 0.431575645175044
0.917655031630148 0.357072436515363 0.738526634039835 0.284811120619638
0.575328567476365 0.676231276836001 0.179859551097809 0.794579376951608
0.921625667257051 0.884415907789354 0.329937620877359 0.270949803045466
0.922971321312399 0.351850823562399 0.520167492598905 0.413715092651977
0.471251348299086 0.212344670677496 0.787629698770426 0.765643859329472
0.329397040202388 0.48611832809849 0.649031171314438 0.596220135611649
0.477146310583739 0.419151805149656 0.571416721533697 0.546617416057945
0.899395398456689 0.374563067223283 0.278422842060775 0.720654761258554
0.726512913853732 0.583377959934163 0.907814759127466 0.137948510349946
0.607277472594971 0.61171399537284 0.464149918243667 0.361354805106142
0.752258532574554 0.842204804169392 0.0933174079502909 0.697259981560601
0.265921880334099 0.340509879442166 0.944946765624244 0.847778987984061
0.204985687404461 0.559450655529194 0.965937279610491 0.584418180216876
0.59891950854697 0.346061275329692 0.439716969834834 0.687619607111288
0.737031681520932 0.938941449700547 0.631035919341002 0.110626611543228
0.324763076912388 0.756884111921168 0.778696995111649 0.339716165054602
0.995829698412495 0.172688404839943 0.911240956869095 0.445328957524482
0.289863880037354 0.579237427546992 0.476843500208108 0.787932026291987
0.91093480809586 0.99438775031008 0.392710799092061 0.210547201724451
0.905952945258877 0.586323052712404 0.761198643985241 0.126501031973793
0.507823214081373 0.424528450214841 0.416555663154002 0.706423412730152
0.25538669267417 0.409995156086025 0.689419236982741 0.968616941593405
0.938802394335451 0.616292851158191 0.923141261825101 0.0817862932003366
0.319637960387341 0.809075164941305 0.361931870123994 0.694182629583522
0.906845498439435 0.0606014641231662 0.786140607709107 0.748769448592664
0.94906059899793 0.429360258786605 0.794751321234596 0.206496097653883
0.254944876962284 0.657771379105432 0.429575966997003 0.951124062684682
0.337587758725277 0.323662686097953 0.86517793695515 0.707423733448024
0.781290013346502 0.406786732202312 0.25308228108847 0.794141111868319
0.392337447885766 0.654865392127547 0.352286780289747 0.696526920107694
0.598369026195054 0.529567606643297 0.557214432095239 0.35090303881744
0.962604466837863 0.885776297144879 0.372558314619252 0.230668178708205
0.874326778956837 0.887934616864915 0.28414512134894 0.322357480579252
0.582370211982895 0.779204886863562 0.184515308601185 0.665605627634024
0.645796701967547 0.863949177529973 0.885886629628584 0.0818451459200149
0.383061373093382 0.395453980884915 0.783493477211431 0.544988168293745
0.361120714547088 0.577444492527656 0.504230896267424 0.590740794229177
0.679170042124973 0.320851602101474 0.971569115503708 0.340441604883592
0.987983465686867 0.788244064793254 0.279544995894598 0.339727621456642
0.548205160355635 0.371121225029499 0.721570615919788 0.431783503105516
0.492287144320385 0.434505628472954 0.865464126745028 0.364119609709181
0.529200154501173 0.608224550953404 0.802968844373759 0.234468663792783
0.4436903105986 0.512784192823889 0.461085995493062 0.596624266394043
0.312300961990222 0.471018418777526 0.741921344758241 0.574977732869909
0.483493002603993 0.627942473763112 0.253108285580773 0.807785313403591
0.727533325598295 0.691624724872194 0.158356337011189 0.650282191501346
0.91488063013123 0.381996136326428 0.246316005803615 0.79315137358478
0.341395625199355 0.708259593617214 0.908343411840471 0.312448632737878
0.418180428879703 0.784663523232582 0.426962947317813 0.464514496285752
0.870659442012579 0.234636024485342 0.96576463108237 0.370462912483328
0.600874054086026 0.793150676493529 0.20533307774599 0.59205843636799
0.371560083172897 0.531544782741945 0.393231415486391 0.867920988762769
0.544288588127946 0.42493301982785 0.929861571389072 0.324199971709639
0.326041706679684 0.398863311467026 0.709010176594079 0.684183877487915
0.832236094987226 0.262808691092492 0.399150531212854 0.740415404724578
0.920098016025794 0.442181331512639 0.179856107354762 0.900914171544618
0.945731557946822 0.02951045137591 0.765064452384856 0.996796771112959
0.59769235842624 0.668049794505755 0.229157493030578 0.634268606689577
0.635478502340114 0.154171794193162 0.77596439557764 0.681398725745664
0.661720321207334 0.710382642796127 0.29771655801789 0.444584288627036
0.760571539258325 0.354562076487189 0.89299509680166 0.282620149593079
0.485898616613783 0.233476597112364 0.874201571961206 0.636246792551729
0.479182250858122 0.590712616975481 0.252313545296315 0.953120625768209
0.550616739344775 0.341840160560416 0.988204132640586 0.396061949944386
0.910229299693149 0.411544526649117 0.206361481220858 0.874304818072227
0.776698524571331 0.862722408201986 0.192006613763266 0.472327751668506
0.676131120661233 0.276780574699656 0.391764454362844 0.954042053053222
0.77769593139616 0.573154086071926 0.172125297551549 0.711890743135566
0.582264340733125 0.233725122364835 0.776277932954437 0.566101201201314
0.692270545907504 0.227829027366312 0.444083136431572 0.996681430109075
0.59138217371107 0.310328866588785 0.922712179835043 0.407200039952473
0.631058141686219 0.6846619457098 0.628368774538682 0.208587308060729
0.706787031765392 0.264294972277108 0.884723262592852 0.400437208246648
0.761909807196091 0.876705234144818 0.140843176059559 0.564154829463619
0.0693511164539681 0.765550605416868 0.741687042759476 0.889543886290606
0.368962638028798 0.276143136594028 0.849082068584099 0.765379312349403
0.647764883575314 0.328273378096817 0.370005236463677 0.833205617298907
0.709277502034282 0.772788755584956 0.36109728513115 0.324974963041257
0.41834886819535 0.62618567580781 0.2960212795287 0.837646148728473
0.24156572494432 0.786546873802741 0.53256701229713 0.599098995580516
0.882477285513338 0.745920644569646 0.541017917592829 0.156811088336096
0.607454140908147 0.886701327426862 0.262873367642925 0.461747747637855
0.446680940470294 0.492245366773715 0.639132960577914 0.447009737285419
0.246412508146343 0.549990541193161 0.559016010880117 0.812568678055122
0.559713999091072 0.521880234645667 0.919093258768992 0.244352048501077
0.351090451752186 0.975520869368305 0.253273479845707 0.856067118230077
0.248190047604272 0.546566076106845 0.623862913387892 0.703857527165477
0.304059309119044 0.859190342753085 0.923239623371675 0.300037829749334
0.841284734314488 0.394621991012568 0.457166827299698 0.439947254904581
0.451357681890068 0.801037371050169 0.81681120312021 0.208894859226621
0.291118492423058 0.803417343546803 0.323228086247868 0.971328687621199
0.392510030789426 0.423238754878228 0.504369414687248 0.770538181091803
0.504406076856253 0.32163073428584 0.882828886607553 0.470403235599201
0.737273058890282 0.207407891473811 0.853210626318429 0.469693311666435
0.576918528435257 0.555358871428838 0.340289698644237 0.566319641340925
0.400622404866422 0.732468995721637 0.280054088745461 0.77449712846713
0.72655610469905 0.341745937924828 0.651991446465821 0.391050024590503
0.357488044858804 0.396162674935359 0.559847400084187 0.830222023964336
0.11000414952296 0.748154774754071 0.687183763020992 0.784066282075328
0.293169693683545 0.902709572338542 0.777277090724086 0.335680802293272
0.335988486275916 0.335535567736624 0.688594187115678 0.856465517729658
0.763082325953363 0.550101756069534 0.386340921184902 0.395943611224565
0.966816372231795 0.629285006229037 0.0910263466736282 0.812287086752017
0.600780432118787 0.472143634071732 0.443425914750893 0.49778821081255
0.606758756727691 0.317171034558066 0.539535446397166 0.591247845976943
0.756644145245415 0.273421861155764 0.931334148913147 0.361136057517072
0.301873585972774 0.29822090831586 0.861604396493812 0.96881870043396
0.311715506024452 0.549310807817593 0.431670102478729 0.987965259194472
0.861604940215424 0.410143238887466 0.853149116857493 0.218110860212703
0.605997020704304 0.539284954682784 0.221174543840742 0.838958986084926
0.49750434872366 0.336666754934591 0.517170803651093 0.727304027179662
0.475890504181007 0.873300133442696 0.478259419665867 0.338907610814249
0.578411119387286 0.467226274061724 0.821335943797558 0.288315991668454
0.68738623342079 0.0845520337255803 0.837006141826165 0.805936463531152
0.681542904465243 0.581438334105011 0.415105253173368 0.382513688182978
0.634865964078075 0.440753121641273 0.506572506061784 0.442820160914595
0.452590020305839 0.478540998056312 0.381720195439961 0.785167724267671
0.0211139973362751 0.834461115029649 0.940240162322397 0.896039271104164
0.217817022391325 0.944235051919523 0.444555617218297 0.723302335136232
0.383604259372956 0.900127485125766 0.318873562227151 0.617706202670768
0.462743089022077 0.398894819522358 0.618463144392503 0.54783056115816
0.286617984742571 0.813841709432379 0.425882018137708 0.643882415398284
0.937041265717562 0.418022169549402 0.638745426614763 0.274167281083431
0.366218489673554 0.594735418762301 0.359309271876537 0.846386825893125
0.214087156485392 0.616192660936894 0.695994165094308 0.622358130997933
0.47145031986294 0.555866461411453 0.436163039471581 0.546713647381811
0.547779794775427 0.494437083301831 0.482945751842645 0.477929192820823
0.457968938697741 0.417239153399822 0.677436823674193 0.487608429487763
0.16898554833958 0.600588827417777 0.915441819394331 0.622196333473741
0.775619244099837 0.547990870208057 0.640370654539292 0.215138383630653
0.253219493267155 0.498721966163605 0.729080061430033 0.65701079544365
0.577576035754051 0.960567514332744 0.303600507748161 0.421181530446531
0.269178891962004 0.791176015366484 0.476585765352772 0.614862893950019
0.949204809155972 0.131996825629094 0.938671488835393 0.509868230383418
0.792541370859268 0.795864513201604 0.807505176729862 0.0628578745788725
0.424505830858951 0.83960110922156 0.572585237204762 0.321475661699309
0.298751233683424 0.809928811441478 0.847676684035416 0.329984538661245
0.88056317653498 0.279162931535295 0.937805386340773 0.320102510697697
0.303976786206476 0.346629615638712 0.861815976204761 0.736250114184151
0.444387801078198 0.288965801161445 0.577828757385116 0.913415391666307
0.790258810541834 0.653416342325768 0.467229747647944 0.25700318985439
0.3228859900005 0.719846225917714 0.703992188711606 0.387293009680726
0.968122003068544 0.747656125569507 0.11987819055462 0.599135979554618
0.547314781728968 0.507985689298198 0.903596524645288 0.262636872929578
0.718437585978015 0.594846140823514 0.475860907577125 0.305844996273428
0.787703610901364 0.615061446134033 0.251462196127042 0.503569028870771
0.474602083474357 0.234179520108408 0.995273876490365 0.629252531167513
0.240793808826538 0.927763412397127 0.924282500523913 0.357617952485854
0.677832230229379 0.173485906260736 0.578335505894712 0.812166468961692
0.362524798788771 0.546611490780152 0.72402884297086 0.441516206111489
0.670567710660571 0.151895063079408 0.668436959118096 0.750483802865134
0.760792083358646 0.4498057069994 0.558886552635798 0.33255356835163
0.393334007407657 0.52353713486298 0.489201571573243 0.620494430746894
0.397828692854612 0.544573283932121 0.780127191907156 0.382236152398176
0.726130020944257 0.563143086309429 0.284382805963886 0.528785289774784
0.477231509982112 0.475212631891747 0.505497558542648 0.545270784409942
0.46357010381903 0.422742231598772 0.384557524665404 0.984283929952634
0.395756810426998 0.506963259767503 0.811864512168387 0.40299918018991
0.534667844386536 0.474668633197002 0.412404078093738 0.59722962799611
0.754122127637177 0.488045572307369 0.618066854960283 0.270908916137145
0.510258590631671 0.375203197178046 0.614984842486035 0.529313654736104
0.378130841072988 0.410652555129332 0.756311862994793 0.545506402374293
0.427100520592551 0.324661596613831 0.974950773392391 0.536236306236835
0.611129438580571 0.419697937033126 0.294032135672829 0.883215682923343
0.585792760284764 0.70003403387211 0.172851535716293 0.767023177621566
0.79961254795161 0.217075554258304 0.538242921421018 0.634412005525598
0.524605426183552 0.734333756688586 0.436481274539617 0.378817182782569
0.449542556279911 0.505229785781179 0.35870214037015 0.797673301294216
0.194513937246597 0.861976761019298 0.946902222781313 0.426133801077523
0.402193815511729 0.421610340298253 0.487557602289737 0.786702188556402
0.817336236306859 0.946654690182218 0.0185419477934302 0.97701480666196
0.526514937613104 0.781416862953025 0.454960468787245 0.343520588814423
0.551551778125697 0.580499754451949 0.284759211350306 0.666316990941007
0.558664639383929 0.383014152710626 0.378320916397462 0.804893155615689
0.00801376616705674 0.880790666041605 0.968390006819001 0.972554510129599
0.57168353810296 0.415346094837556 0.493578235470994 0.532815008741041
0.685596950683546 0.401318285373507 0.482126744170602 0.476036052720173
0.781165664165193 0.716617037249118 0.0669246617920899 0.96570651504345
0.413736771905924 0.493831222372451 0.823168616655875 0.392695086629172
0.455554384883201 0.610034118749767 0.779368464081558 0.290896827676614
0.290497735419885 0.511214264543313 0.672988817315165 0.611723387558792
0.994371184995411 0.0236258528925666 0.925072465413708 0.797397665702747
0.767292541763653 0.674205690491704 0.431889873135087 0.281003344564994
0.440326046708688 0.825369473919901 0.342266635851631 0.527077102421196
0.44440794310151 0.386734716540739 0.464907194585353 0.830003388244294
0.966555875329567 0.642096559973674 0.790990870759123 0.0905486257988719
0.963027847433943 0.404907004788596 0.517232391812965 0.358569704901366
0.656656522131087 0.708870821055623 0.136310700658962 0.7732846463606
0.656960013035846 0.510550812334132 0.204654666790633 0.899060112052096
0.788938551748531 0.50382527198887 0.310466199731053 0.516464228177751
0.611401620336255 0.350610591836502 0.602814656658057 0.480838658101245
0.607505764415825 0.937519601332541 0.341575715262156 0.360842792356209
0.5996391986774 0.237394848122278 0.524652250911611 0.820586710273502
0.873970420501536 0.943499608779013 0.00985087809773255 0.977000711326565
0.946400197049596 0.409353781437031 0.53034959234188 0.346017889994302
0.396635145587203 0.521401226879322 0.524192651221817 0.575145397017423
0.395632857654484 0.959548820991831 0.400836001349975 0.4764481285568
0.784377527270655 0.265734079989401 0.86392564012961 0.370838433666729
0.379144343951996 0.457147930365958 0.585126516457013 0.615643554106157
0.829120296697094 0.0192652347094452 0.906691918898732 0.984092481312582
0.354467550083085 0.789973993164985 0.386775231907419 0.596103582146357
0.417649461185737 0.967799767905191 0.559677671174196 0.317396717167872
0.193753986575519 0.43694641845561 0.885248113548978 0.859394044567459
0.369149688232463 0.426501389853328 0.676526563851697 0.58952202932551
0.112706872474421 0.71630681731219 0.665159735523972 0.858186456119452
0.514252253648554 0.454253133079787 0.330057483939829 0.868142086561976
0.350888545103521 0.324038070464031 0.845929957138472 0.686962924188153
0.346379069435337 0.386852750891475 0.784537077946444 0.612178057275538
0.371202236306898 0.363718859108526 0.962784502023883 0.554607264506045
0.703296818525319 0.461191011576316 0.736569507327658 0.256860395600493
0.767658767030245 0.387356598973032 0.828509185984187 0.264285031178244
0.78451889981555 0.561883658581044 0.422994995181042 0.345257920048786
0.845458899779343 0.361318055540427 0.395884942110636 0.549170299342137
0.363467292115501 0.477604784823586 0.994981407874903 0.432634011693425
0.51724955965891 0.427335468044029 0.747209026184733 0.387542597605628
0.346640323374587 0.734677506877055 0.714617288144917 0.350937741524591
0.868709772037083 0.360943150449757 0.705428339933402 0.301718712716736
0.900748134640721 0.82444446701309 0.0207542679912468 0.979822824701499
0.695617915374448 0.159314144872973 0.800996805432383 0.598756223599387
0.582848617347677 0.481734608998145 0.315950617071715 0.700897759693476
0.569719964067065 0.384639226110413 0.544397818882787 0.521861044050164
0.247601420095737 0.753702388437707 0.397699962738543 0.897684172233195
0.208260145832573 0.867684049431199 0.565195562785529 0.591851015036637
0.521118684739009 0.30942765065991 0.688526394254141 0.556416063022469
0.799271376353262 0.428907280517756 0.643494125132478 0.288336676097325
0.84635651067927 0.392953325675746 0.519816901207912 0.385742558029908
0.784882806683608 0.38818702810069 0.433937731400614 0.49109628747323
0.21727287478494 0.865604404875452 0.585707515419814 0.555435259288298
0.406881795612311 0.549087605544951 0.892693318020348 0.341688459653595
0.413963269795205 0.64490017295714 0.448703873450365 0.52404029105777
0.758882831789504 0.677671230303408 0.363156716810816 0.342430757960157
0.195876510602768 0.735733965526621 0.664761552277188 0.586280215614802
0.365092874449021 0.320741592507715 0.643876070201187 0.90685117069824
0.950719274807703 0.80492572843008 0.431460446632489 0.2023282536327
0.245529468446385 0.469202192384104 0.826641900697906 0.655072654239
0.681950588804082 0.443682358094117 0.977107762314211 0.232646627168456
0.522987909539327 0.334020099386676 0.45185533728797 0.831276361247986
0.331118982783353 0.693516495078106 0.422032919196926 0.646984278641889
0.292419871702514 0.50896135835752 0.848647748433652 0.51491865589551
0.779879713339332 0.938892811377684 0.691145497098295 0.0767330467646735
0.42218449807952 0.266295111897441 0.695895986355031 0.812044867588522
0.344319358274307 0.41201743681643 0.626680860034747 0.708465746105425
0.44790223019259 0.933586939611319 0.237619714180585 0.669011091156516
0.894737994792319 0.334890139942495 0.61220224604811 0.370586235975242
0.292247415210674 0.490469724427924 0.764274476582443 0.57116593581084
0.917120718889105 0.357579805373896 0.238436667775355 0.978819600806537
0.327748475832435 0.518895009610161 0.442310362581254 0.925179248920323
0.312082294146812 0.948524950467734 0.957143558373788 0.277308589603781
0.586603727381691 0.306494412952072 0.83551733477368 0.43334404145139
0.368274269975545 0.272190964420136 0.909692176347607 0.748880294001954
0.590556431689604 0.786205088739436 0.656684251146866 0.182209075082299
0.574807495004843 0.366517586443814 0.386918488622793 0.794957502408862
0.486346348873416 0.475734215656322 0.645808489380198 0.420471150109245
0.426121707493088 0.654927374684171 0.489590271466264 0.460490502710924
0.372557133609126 0.751424836605154 0.425686126640636 0.536654111461649
0.530197431793795 0.454098662315082 0.357348118814994 0.738703547612976
0.399340646347735 0.261888219230996 0.83929197269182 0.738136925247627
0.394960311341361 0.927212126494584 0.900471327695565 0.213410561978021
0.800505162436209 0.357168765054341 0.462380100145344 0.492127322605453
0.862936936170695 0.182903545346897 0.79537672065604 0.478754938749942
0.517345753148181 0.632269475400985 0.963070772163499 0.205987801475672
0.321324183510484 0.634963277387017 0.922162741477697 0.367474357482644
0.972443544263255 0.693123463926251 0.485596020438376 0.199715063764306
0.607761702534992 0.416036123007706 0.648067442281945 0.382522240734204
0.335858803729892 0.837498873162636 0.979697103711491 0.270549763454836
0.874573627117058 0.454147389820321 0.363547438876367 0.469678125677783
0.77568506813867 0.54747589671726 0.356946309308706 0.424338034797761
0.087865741432553 0.618202051864154 0.897359827053936 0.891803807624882
0.40273160493642 0.668163399189177 0.479673077726566 0.487735587242341
0.855268305834193 0.345192211903508 0.747942828179538 0.302327670402541
0.839745377502822 0.486273673016076 0.798138540496851 0.181675084028873
0.235279131639858 0.571897774257693 0.582431327836494 0.760069006094251
0.407148099101107 0.948170698316975 0.352069155818116 0.524578115516997
0.77241656338888 0.460014781215416 0.976486854097752 0.190019213286996
0.771093017154213 0.891370107378691 0.457610062004702 0.19899170116972
0.460014431259628 0.56877952066884 0.407380405726434 0.586156430229277
0.949942666970174 0.592218498741379 0.352621536545223 0.358042341196758
0.83774899512345 0.642844533475819 0.446420974179576 0.265381155754799
0.717960837603615 0.523115552723338 0.574679482872534 0.284362107954866
0.461398687481851 0.46257591887861 0.35810248729157 0.904860279781326
0.878082929422195 0.218280089431888 0.388527255714829 0.987699905712914
0.456115171634868 0.509151207029322 0.372963007084512 0.735271147343246
0.607245921366339 0.598893301338053 0.174146315625531 0.946864870281018
0.99249421747689 0.293519228718118 0.50091987671505 0.498255429945124
0.509750136323266 0.502139580596455 0.63056885820974 0.387373926908252
0.279461394652129 0.900768685797045 0.534047174427747 0.496149596778832
0.532529025288001 0.192627523137249 0.70999622430334 0.786649627401305
0.829629806857462 0.668442575065899 0.118002652925186 0.711687060622261
0.838480898657055 0.172592815442705 0.542504719103506 0.717144915545476
0.299845392102016 0.927073417630833 0.369411852526713 0.673160854716908
0.247922008432779 0.716241825839876 0.737549913128235 0.466164870865048
0.747496782461748 0.704367909649192 0.413638986188988 0.289349204059994
0.574847285902828 0.318116775332897 0.607407199582716 0.552617243656043
0.933307435856526 0.726280712851976 0.0886195225190676 0.699974202779537
0.425892973128821 0.246979113751179 0.679954840042711 0.969475220589032
0.240544831744213 0.822621087702074 0.822594526596888 0.399756826870811
0.896627586524429 0.852617981934889 0.445295856953472 0.187660170513407
0.705705693978721 0.852879063492762 0.671017323210224 0.114835218811254
0.531421809584979 0.275796413853317 0.796027313418564 0.537011027768026
0.452581289259653 0.519734934113849 0.748035589984658 0.362667937644459
0.603424898045698 0.360205158236985 0.352161423981436 0.882970395259946
0.805368397400329 0.346720281502359 0.767692545597607 0.306186339642836
0.481008064852123 0.507632228834457 0.385723870595199 0.667004225233421
0.630272725820459 0.563293064922649 0.312423231325953 0.552979885505284
0.450676800804107 0.710964189943668 0.267386135262249 0.720752352696955
0.429704235212506 0.434082800952223 0.8144546056873 0.434249727232314
0.445576394118276 0.532326149531948 0.317570415497198 0.909526263342196
0.692611448288071 0.827943386761755 0.293075510670082 0.386675806360892
0.966919973290861 0.399795894693833 0.465826389305612 0.405593323183305
0.974911290610551 0.114486208391909 0.740610723760383 0.615353298590873
0.378493966909215 0.788548935433723 0.326232488971186 0.660800885603189
0.885427836156236 0.298490622447226 0.397181855302194 0.637552628784849
0.674598578050058 0.913955483032778 0.0716801899891277 0.842099442577896
0.925837119359157 0.655268817225976 0.105008006168427 0.726779192344982
0.280238426627545 0.742794459034464 0.853293338129452 0.372094161075218
0.215128711900713 0.402557967509701 0.835652108953588 0.994536517610196
0.797770819170829 0.176232842513053 0.550725399329606 0.719530105252816
0.376947077391463 0.506621933385946 0.72299571916272 0.459952069339249
0.404828568779134 0.902822912383808 0.556657481613262 0.336844669408858
0.989210736702133 0.882182457946407 0.079938926039981 0.626516079642676
0.534050708738909 0.487482937847815 0.728739360146455 0.331692298232
0.640598448362309 0.376448969621337 0.719433461042877 0.364943266777094
0.878435696100278 0.324614129523646 0.797991308494518 0.30123785553701
0.49391294932664 0.714908432338222 0.639543473557301 0.270157696667456
0.673481606676176 0.138847487430832 0.611830159354469 0.966440147046497
0.570623756587803 0.749554879149831 0.448305782008865 0.330263654211059
0.825914172833367 0.619193692566951 0.367508250142279 0.348359863605047
0.442567126796178 0.786031663907912 0.365239550605959 0.509525418694516
0.991104168867299 0.283999978486142 0.359644251145745 0.722134298104427
0.669964406043871 0.365104391678636 0.798374444641548 0.331171764439728
0.599362473730475 0.424064198776195 0.556651373571013 0.442120514038327
0.377863979013524 0.885387699585461 0.940463350340533 0.227817262992672
0.895823254457962 0.384599850828666 0.27421861957135 0.710740168859807
0.433230334301481 0.434535663094489 0.780425115628472 0.442497444054981
0.59108056492664 0.273371081815767 0.540545528860219 0.693900506652887
0.840985050400212 0.534026129648115 0.806765080865426 0.151328765669464
0.994220748510895 0.415003324216101 0.956952290592498 0.190128167986575
0.98307103509743 0.00197415018204383 0.946515170110513 0.97176551374353
0.3665937903265 0.546483183031822 0.42421010681504 0.751836607896825
0.543807242181886 0.677055529368186 0.806764797247995 0.193615976708347
0.537826017919339 0.261142821579303 0.78586694900889 0.558828472522137
0.741907782249519 0.354780712404199 0.416064449239322 0.580357591979995
0.253050841000017 0.665320874365193 0.717902140968901 0.499522593253593
0.595686939079616 0.350279101482088 0.650361644326428 0.459494012021931
0.915399164600888 0.437305015979386 0.638507829255475 0.261392889217668
0.756229146293771 0.0868166657664976 0.846197083957626 0.711873930408264
0.871551739760902 0.550107489247604 0.226706859347272 0.572080040393189
0.941852763980238 0.666370752284838 0.514596971598821 0.193963819651226
0.734815021530218 0.037230995611797 0.971791512814527 0.955761412386512
0.381087320213402 0.805379734241793 0.564307672132608 0.376107186775589
0.717650316201955 0.275355480978124 0.995185172508334 0.371393768288189
0.564745248389565 0.520006375120899 0.320426879562947 0.655994483684627
0.579079422520138 0.3641892720809 0.457871414547049 0.646917598071236
0.38422428551905 0.52536788108657 0.372243113248928 0.961712765994074
0.630605319386048 0.64906502672509 0.319008927520545 0.474031014536089
0.530310520673364 0.470461584664161 0.68147979173342 0.369503579217695
0.32661334849736 0.424301779717098 0.860221221840168 0.557751348314881
0.441720136265687 0.817949324422356 0.274873248996031 0.640316333080097
0.159958181172077 0.670554796179269 0.744869553023294 0.652575108368358
0.357894223255583 0.462390832908726 0.486632272013493 0.81256966416066
0.631018338092479 0.50050748536089 0.494232078927702 0.401202395621301
0.158195356280409 0.681347841124226 0.851865906331137 0.590265898723519
0.294200748636944 0.631429359143725 0.540355127500025 0.606643049306834
0.398279163317875 0.650700891906668 0.290474238783992 0.888217345001063
0.71707827098199 0.610692360744933 0.133059986863783 0.870347113836666
0.363100191136404 0.697589446424609 0.52227087770441 0.475899459772816
0.655748826023775 0.504294749905457 0.957233070372972 0.203797498135697
0.660627972666527 0.334233233588104 0.8578165997875 0.350873571244377
0.294480484777078 0.722374463463673 0.533581873424583 0.544346177120824
0.444610527900079 0.298108871288995 0.554635147445132 0.976729292530222
0.655229703357246 0.804993511948468 0.781353296091632 0.108204322145099
0.601870229412326 0.960780657949184 0.728541718947405 0.124634401733266
0.502771354701006 0.135006274367095 0.934397649668922 0.98432005928351
0.493797090403195 0.488869494860334 0.484380579784195 0.534553080869884
0.279336296817341 0.34486221859232 0.775437777510116 0.968217575333489
0.405697823699438 0.599072708675834 0.340619868073276 0.773548963490606
0.742727351057726 0.962164621120819 0.651947404684305 0.0993121189305902
0.666915642262814 0.654004646452786 0.59099698232283 0.224075675413179
0.920361482155713 0.0433963667029353 0.782799010464961 0.822825155895596
0.486055189493938 0.624247396304138 0.330953151794874 0.616532886056113
0.887032515011182 0.518511327333071 0.132027550802875 0.954935237008451
0.637235754775445 0.515068715987916 0.682225010766569 0.270436563148383
0.917972378156258 0.356552517207249 0.297700086172247 0.706705545262335
0.48001098669971 0.696528926377609 0.421960297489198 0.449194375625404
0.814382138288955 0.664358834158045 0.343025983879237 0.350942098616596
0.490542003782646 0.918895494246368 0.340262058476505 0.453538237613098
0.266941976001624 0.47770151500026 0.575082097855999 0.903693185827206
0.657311154112791 0.58489647896907 0.169595674880715 0.856187349112109
0.38265592870875 0.505294422387868 0.975198452242835 0.388822797913861
0.336027480368188 0.45186371865005 0.576223322863915 0.718751998838872
0.202992976514583 0.735561844278147 0.564697430586986 0.675401880202968
0.303765669239546 0.547721133741231 0.533741084962201 0.694542624980177
0.533492745185186 0.580136040466655 0.237930237524924 0.840830550006261
0.481944152981908 0.368808975771523 0.562807986078024 0.623066088993549
0.356503037877672 0.608849862155512 0.622410213078221 0.461168688534214
0.70160585310482 0.540941613438427 0.641338690942868 0.243965347215085
0.11697031912346 0.992965845876339 0.573820748625337 0.803581189636601
0.361771407447044 0.90550086344901 0.62841608943433 0.332422608046292
0.836728308138929 0.554570806684192 0.33639954624045 0.421580060726662
0.259736129337662 0.915684203475018 0.666629538568796 0.422276550853683
0.721853934393133 0.925452623474922 0.409427355159674 0.246142317140065
0.361341346392722 0.380995689305384 0.543034647016389 0.988534674597438
0.710559273781615 0.33055906142578 0.544429007117827 0.489580597732225
0.767269178101455 0.138351502151777 0.549502886118904 0.978773104816513
0.365910224372434 0.58389682299906 0.671604178798558 0.437021770268389
0.29653125882518 0.28933885064737 0.990509908171337 0.998451081733555
0.233079008888844 0.73303045901642 0.812456920869121 0.447381640686624
0.477310078350984 0.757432818295515 0.399607166945151 0.445486831371102
0.40688289001026 0.68325616285235 0.918505926492445 0.264307026369324
0.933606905233139 0.645001346918796 0.365121169651487 0.316994301595431
0.563110507216789 0.401232538994016 0.352400918690661 0.823306682007001
0.354118780618854 0.536045524667792 0.928078385804119 0.397994205442008
0.578110723192752 0.369986391393148 0.890464029916639 0.35727598275533
0.692694460825039 0.844260486135648 0.260870038878699 0.421212120041803
0.857988189051624 0.766172671753481 0.746500913757257 0.0721553797157888
0.85515197152624 0.877758490579351 0.320432257193284 0.291294317111531
0.800112629756869 0.799766635883747 0.0893255714160359 0.698962254467577
0.165059766940764 0.490084630476375 0.891497717843547 0.823681033608361
0.317182911095439 0.870099315840378 0.762415626672673 0.321442485189779
0.638697288612311 0.973024235172686 0.26059520130685 0.432537928557839
0.550389861935542 0.439918712609738 0.443675187850268 0.582073716247123
0.260053777482242 0.529427136188781 0.857713214879484 0.540875574156333
0.58858303384779 0.660224072040224 0.425253245461835 0.379552929824768
0.553250566453884 0.707609295640523 0.206933701576485 0.70679620409139
0.494357905780093 0.427567808484752 0.361833853897438 0.903090616354445
0.554610671876934 0.781266396497728 0.65213328967836 0.204529881803851
0.53691029505431 0.488951284624038 0.385189833418737 0.617396295425393
0.534176499706472 0.509167601502004 0.672410179602476 0.340623830631628
0.5306982863472 0.836873440559412 0.198128118441456 0.668115814276452
0.570760112399853 0.365209823672342 0.462312490672578 0.648308809828583
0.22721458990703 0.746424235143577 0.642911156894 0.540663957919544
0.567325300587267 0.606999356932129 0.430158607089325 0.422398159661898
0.280191187869192 0.585630283211439 0.488245283119099 0.780272619963848
0.568802878286809 0.646132360694326 0.473945224901499 0.358039635433344
0.622584987830817 0.597202875822283 0.389246858713652 0.432291460560655
0.195965869950151 0.935844896662147 0.832244761248308 0.433191901696831
0.644721772756625 0.731850248331004 0.454672442734769 0.289724738419114
0.445796214320118 0.654014339299317 0.994293832853817 0.24295341874882
0.215808922226164 0.877021200076296 0.404641049864648 0.875628424457327
0.237229602141852 0.777009330281336 0.673943361818969 0.488000439387074
0.499096869547258 0.389590548945151 0.830903479787817 0.410167207746389
0.480177170453539 0.724020020030751 0.707730651647931 0.246210968140063
0.359993535567643 0.592999068482767 0.938967930274778 0.351141730657647
0.710649233753815 0.184044501860713 0.535267400052223 0.814214183332545
0.332433963825292 0.259409565514942 0.925316214807106 0.982572208272937
0.66294915070423 0.578724873455574 0.379504105739199 0.430870104502086
0.415340885712373 0.462011763262953 0.448682869714547 0.745457667436667
0.559757075728873 0.688773460575783 0.22312562560504 0.674745614640367
0.479146500339567 0.802396732443608 0.694737584823164 0.227679186851137
0.772588875706364 0.0284297007428052 0.936956032990057 0.981005464669054
0.364068939018273 0.576067483474188 0.397206627487545 0.770842723951851
0.337418088584457 0.531105257775654 0.88630962700036 0.427114819124728
0.768066866284517 0.687401436303034 0.337920326564078 0.359578525123889
0.560170023204343 0.598556407706612 0.335266455538043 0.548865930586534
0.530325820193492 0.466850523540969 0.297357991043866 0.961894779561939
0.583934344989723 0.665657783954139 0.25954661162414 0.59154751447308
0.722301040263403 0.45091510139025 0.421925323898723 0.46407208438976
0.836436578981826 0.264756943119274 0.348850306493274 0.906893978392298
0.391276394049435 0.505529575484346 0.835123397137626 0.401860988844221
0.826495489349205 0.431838773391479 0.482756557517171 0.38392514531833
0.433274650245884 0.382920776065207 0.458879488090983 0.927721366051703
0.336696866182712 0.422104503991352 0.528662249011756 0.937498217190005
0.946999960637019 0.352574230738338 0.321911952507393 0.65615778477457
0.332124100211816 0.756275982290976 0.508028312767554 0.497501995391469
0.543229734567543 0.720133022976382 0.604396718889715 0.253988308561319
0.453452910647185 0.465645443467404 0.520993894324592 0.568369790493647
0.418363113849317 0.988023024996338 0.575663083495115 0.306102841892385
0.916190605899659 0.603081126042193 0.354397240385082 0.352984954012503
0.923046429771203 0.773989893516486 0.156091908107761 0.519566120849962
0.436886771387903 0.380445063255268 0.909256995220323 0.46072189067157
0.203489664471264 0.569018816473087 0.77369371804719 0.64137488711701
0.533731317133619 0.212461002782928 0.601888174040653 0.937687743808356
0.527227063460472 0.334873527097225 0.769399033432772 0.469985170265995
0.337182332062894 0.570352576841588 0.396165701515182 0.892948746774729
0.268704513871824 0.596373343735365 0.45112725070891 0.967888640532897
0.440453674007186 0.812642822141285 0.340983845859023 0.533627932275101
0.367193031229867 0.453090111738194 0.751186408554774 0.511597797804368
0.359038981185586 0.301811271474328 0.889919560000067 0.700694523188242
0.711292205369068 0.886250973465301 0.195159953869274 0.494093419269878
0.503025136061894 0.391661357019415 0.764938021327208 0.427561403945652
0.407960043275476 0.818962458815386 0.441384709633928 0.448037088480864
0.42963503097131 0.818573787503465 0.377530765781557 0.495717951959849
0.545572345383202 0.475051641525578 0.280754923098237 0.975276589898177
0.109832330147711 0.686424151920914 0.78766845709414 0.746648420296132
0.121740186763704 0.601679740761299 0.986792851162783 0.735753443250907
0.65070273055324 0.135908565911991 0.638583675530427 0.97324833650648
0.227386403828935 0.492584748467757 0.634408593691839 0.890725496305375
0.514971942907522 0.532666165127493 0.523090785473016 0.435283724587553
0.709183332440695 0.459505854294284 0.28333712097666 0.668811138234503
0.614946083469044 0.4675672443699 0.512607690567075 0.424936891461511
0.275436872403469 0.653013047374865 0.457300329461272 0.754876772963858
0.743056229634077 0.318466916763293 0.711050698575761 0.378710328002746
0.396511022045313 0.736366850742855 0.409529331612167 0.533477754149287
0.601902780081408 0.197626543753848 0.816342081973456 0.595049127237825
0.565328886764262 0.21343956486675 0.561572298449212 0.987160384963353
0.472901029176993 0.956329743265057 0.190173906048306 0.746147126884541
0.804558906835997 0.0504938037076343 0.845622251725886 0.809190479422337
0.415184824206055 0.419628415502159 0.802371707045007 0.468866220343445
0.383516090863783 0.214869406106309 0.95105932773666 0.966498493963986
0.621495175227095 0.770350264401465 0.186359832293805 0.623191329640373
0.566787121158368 0.271472786653513 0.472432472275304 0.943015750335724
0.36913013711635 0.317471816322872 0.728685937530525 0.7499056696007
0.71028695337119 0.373330396045551 0.332203597528262 0.721792302517649
0.284818059544322 0.594010998685257 0.447076161053162 0.865974065264219
0.344729117576667 0.860113649702171 0.402448255767333 0.559564087961713
0.820565105077263 0.447892807277313 0.454378544968625 0.395617675608076
0.868283346429967 0.164646587709117 0.809164480023987 0.501585309143305
0.675883440832071 0.880466846820931 0.381279125970877 0.294418848462596
0.275222541722165 0.67673784971855 0.396795526280951 0.920353398986157
0.662367322193841 0.479516800224327 0.331278088905956 0.590228820862851
0.86593275507754 0.414294004749289 0.389085591045331 0.484482739476317
0.755298414100362 0.922480895252527 0.981223733650463 0.0336877450433928
0.172229782986589 0.649826834775675 0.561713693492266 0.991036980968605
0.780136802834054 0.303667187639279 0.43099523704901 0.621827593945745
0.217277659994114 0.425019783953374 0.918548266807853 0.776149369510201
0.777883386083756 0.925622253306542 0.151247323733242 0.525920834512629
0.918622621632195 0.965264357394244 0.380996953071603 0.219611388271132
0.979015926957051 0.624545491732394 0.0866771764785241 0.843683011368509
0.363530760363934 0.799625044758454 0.40303813436904 0.55458635484368
0.693161620163872 0.307659742080588 0.389376961035884 0.768365200779655
0.848689456088086 0.928345107137464 0.44528905006162 0.184974566256734
0.410612631283727 0.296486266894878 0.870490760177051 0.624609118743294
0.802879741882974 0.308699198180435 0.305156312471283 0.979046357237981
0.998742734657353 0.260911837646186 0.939846972014971 0.329083670807936
0.441689136628536 0.963041072121727 0.982128622224584 0.171384509348331
0.386324601105055 0.266554715189504 0.852038409670848 0.747873272405228
0.949789837439598 0.294588828838377 0.983005962392199 0.293186572098527
0.785079443517065 0.343927164643219 0.826989509188785 0.297543624715924
0.398141884680723 0.854829532361066 0.768731275953814 0.24952873364274
0.818932413597007 0.310504441937607 0.398121489915694 0.640065750913976
0.598675466753651 0.857291717704908 0.796804947061863 0.118362469242347
0.29155768849752 0.966494819888384 0.51865823562557 0.484930101784601
0.786900794950531 0.308244099230626 0.842495373939992 0.328244988609884
0.233013845084329 0.453043899772796 0.670727198399636 0.935574192141882
0.61046198704839 0.839017537586203 0.334950306574446 0.383515054088522
0.0695836350704789 0.896526349142797 0.711437760711574 0.799125846594275
0.178571002466054 0.453954179924806 0.849418100174054 0.933566154457279
0.72567463669678 0.266733842629904 0.381316476006493 0.934448229289928
0.36140118569319 0.614586788085813 0.879321695218869 0.344954232741651
0.997841267675829 0.736889675127958 0.345911946817665 0.290819405578083
0.524045025793984 0.460985215260541 0.332509535652226 0.806644357812814
0.33581954150028 0.894188406951396 0.528706719691279 0.429429347705769
0.308173544249391 0.72248980167105 0.553934527014415 0.504631613082623
0.409684613603053 0.731757625735348 0.898365971209658 0.245517198722377
0.300177811317796 0.301158612829571 0.915720421946434 0.878482213117283
0.44636611516316 0.830191638775855 0.513808457495575 0.345574736111137
0.564094603505775 0.159939885605897 0.678952581551076 0.965156856934802
0.497608324665414 0.990531414950172 0.294788684437871 0.499810085212833
0.47317545032752 0.549030040034982 0.872959870214011 0.290815401679156
0.68312156796324 0.779574313118798 0.35812502374403 0.337431444506101
0.471297081259154 0.436940707386556 0.874957249812325 0.377262681909892
0.905658830125011 0.544582484888505 0.213126765581084 0.594383008798443
0.944913104641706 0.823150518961686 0.320955335506143 0.289656393962268
0.384134117474966 0.51204596851435 0.474090993007508 0.674377835117551
0.505613110816049 0.772879493010419 0.396154325517391 0.417446757354785
0.699101624134645 0.370453021160264 0.820451256820139 0.306535496468719
0.447272762850925 0.385403906824873 0.454373160873168 0.861957991930418
0.315997730779658 0.801666289246284 0.364708829055993 0.701319965513802
0.313579782532893 0.539490447932423 0.444451074623085 0.909868823265844
0.829782294593453 0.947166970252643 0.0232840089158787 0.880582762992911
0.325722422106727 0.726154515680607 0.328641685350455 0.859870017415332
0.682945694500891 0.724331841516666 0.343838690512452 0.373153950563242
0.756397971784556 0.519146903273744 0.296632967546116 0.53662847640893
0.872796023883338 0.326848042823689 0.804166790404016 0.29833416427109
0.27791659448371 0.528778486503244 0.683904867760037 0.604235286982248
0.911318107175826 0.292647583580046 0.389271111049749 0.655328699959563
0.567174182418534 0.948836628448014 0.298462672819524 0.436183097434244
0.571305240281615 0.292315248584184 0.575402212718889 0.632413527670677
0.624731354366981 0.213251278765538 0.796134048199777 0.554311132136681
0.479001486563328 0.45464157269388 0.762698002846764 0.387764345280301
0.349289431515577 0.49981207951623 0.735924615615443 0.493391678288889
0.725859216806464 0.159294996961042 0.544098762023212 0.898925818991536
0.583563961801238 0.745854988100389 0.318754447924716 0.454201651895586
0.981412409115404 0.32693202456547 0.354874930578096 0.638824631635887
0.733362742767602 0.677763234573204 0.679971901849776 0.149911736078418
0.773700148730748 0.048156979191177 0.936667840449545 0.803093223530208
0.323970964553918 0.992722646632012 0.991893353417303 0.263205547222985
0.438460385060025 0.472300879677361 0.374870763396092 0.875821351244292
0.537710855374677 0.826630139210138 0.387307863737255 0.382877658569158
0.932170325594256 0.328069248182679 0.726877168269148 0.314936412572131
0.603993900793995 0.978660395982996 0.0844144184111317 0.933465546679818
0.437224697917655 0.517583483575025 0.662486734117843 0.419790503869441
0.423408449359936 0.267432100389925 0.683449545707505 0.824836459048736
0.463020538971325 0.512736769522504 0.320326913046476 0.8892205004116
0.773742811353393 0.239065459441734 0.758783539091054 0.441787738796722
0.351982966945924 0.821980897913422 0.490241609569515 0.46285057241974
0.589429681547488 0.701884560602592 0.571717760706449 0.252247686794354
0.205037881084903 0.984520246837424 0.560725278390466 0.581869248097068
0.919248963875025 0.935262009269098 0.45282108923024 0.169407740025416
0.637169333500256 0.382260887604593 0.623295712946341 0.412763951566594
0.866405593053876 0.827594926857521 0.17449384510786 0.479453543453955
0.729139738507461 0.497611362750577 0.306599239281988 0.560186674892014
0.579789600131817 0.507579201269451 0.78515506181701 0.268708929797897
0.915381283567349 0.58959646858173 0.474378094043753 0.259641825730528
0.564165835205895 0.281759608005266 0.498867578613504 0.79252562485747
0.939254167897479 0.179850065833752 0.855825027880116 0.449656828166732
0.43130096916949 0.596346208533287 0.334844141825376 0.733142897222193
0.588664182475872 0.397291900740025 0.613375276328388 0.436025607536978
0.360933073308908 0.392190943904589 0.972565435178219 0.5294588655696
0.41708245177664 0.362301732624071 0.498778028941086 0.951786023947184
0.167633021474068 0.453826628792815 0.921064968543732 0.948725030933339
0.0405298761088004 0.886330852984358 0.767207073950904 0.889077234264365
0.532004576628433 0.593564484277616 0.417163218036017 0.474555672927553
0.309977046287878 0.290513306191148 0.858018001006096 0.981613411945746
0.647689455776896 0.20470337101638 0.854190632709491 0.528703722943994
0.244125956514541 0.981975968492816 0.372584199441577 0.813777074765744
0.959958216839942 0.875345160549527 0.547934608807148 0.117676528313684
0.651304921809974 0.858347373331121 0.499549584279717 0.220323363688987
0.163052855395329 0.471397619169847 0.919130219884699 0.883556542550104
0.339951118703649 0.593311959286921 0.52816178192808 0.580108338011925
0.832526208032216 0.578971183365692 0.40835885405128 0.33318066990531
0.755125326034443 0.738483938337187 0.441662567448589 0.251731963161239
0.433905994354229 0.883993941167306 0.443596013779463 0.402928165792483
0.160183637914381 0.887865825833107 0.564136006636414 0.696426311669912
0.549610366696083 0.155014638527399 0.745819866475356 0.863833275611197
0.338866639232251 0.936063669336419 0.331105831941017 0.666240480528422
0.874591143114615 0.437297355443199 0.605748902388854 0.284315415524485
0.464447616561758 0.568868933094606 0.425007298613373 0.556499108124072
0.392739396555422 0.966967292986846 0.750766655607153 0.246324910976708
0.338395892313618 0.581834980613745 0.38165954235978 0.92877430449983
0.490479559258795 0.679087122583947 0.336570627067986 0.555854401455476
0.603669230910905 0.751544182941646 0.149545606345513 0.759336432427151
0.295826222078029 0.746573429332953 0.730651848813323 0.393892883048418
0.887073266691428 0.683415308252042 0.743092459025325 0.0938983493859805
0.485320850538471 0.245401833299588 0.59850533978568 0.932999867602203
0.462709597051676 0.935879663761102 0.371991037357426 0.440703702657673
0.601234988541896 0.589498357010256 0.671460719725575 0.248643354952989
0.419625349756971 0.494572603488956 0.395491811258449 0.79438321577323
0.499091786052675 0.693579681787777 0.460817514012429 0.396278378231255
0.509511036616985 0.487656550154634 0.363706888959197 0.696592941674026
0.341985929997201 0.874350648554996 0.835196560686958 0.276073518545982
0.935883097694751 0.578359129356555 0.385069260312354 0.336699024251418
0.602851745870235 0.982846522602065 0.213983043556423 0.526548453758979
0.991438451256724 0.296306455316381 0.841924713830068 0.307357019124561
0.145501273640988 0.999222147709989 0.482129354011862 0.959486846327783
0.316012567227928 0.925709329132215 0.355222483999692 0.666977413840507
0.263229041273517 0.976416449875815 0.612114189655706 0.44668547039288
0.585857470432739 0.781689933128453 0.449261284514645 0.308976449625839
0.110702441159036 0.64815149686528 0.723030388986407 0.907046693139313
0.978492897625169 0.498655649386727 0.439067674494154 0.341557737642701
0.59926981162687 0.442510569892164 0.417566033903034 0.564808632230563
0.696991885063727 0.228541091864168 0.512475151453654 0.725488147085597
0.795036710987921 0.701687808571475 0.0696339267130759 0.941529013355921
0.0829312683724165 0.930924825220792 0.743720575671099 0.702452661974865
0.703111251986095 0.305424127807883 0.760601608887911 0.389991934967873
0.802450795009216 0.431998854802988 0.481198937616194 0.392386250705412
0.757654589500897 0.789464620205282 0.343214278989995 0.317668649011286
0.568651091256604 0.886181228739928 0.167744334350772 0.670858824773487
0.436092645653497 0.350398967129509 0.555992182697886 0.74923307239165
0.395345989888155 0.654783364736411 0.319163307015532 0.772666763804928
0.462108586177838 0.478533305147715 0.414602309067871 0.690072820573022
0.445217791801773 0.190941144715546 0.920165028559467 0.823175659233245
0.920486258609307 0.34001997964043 0.456710716123869 0.487222571009997
0.397083130086245 0.398206365786902 0.478630985831126 0.949899891631172
0.955154708905405 0.279896841162725 0.571702039031796 0.455940079467622
0.786038618936086 0.539809866459547 0.422701117770041 0.360334799304135
0.527370479992099 0.935778732310372 0.558817957250593 0.239832011494237
0.352925141165959 0.599415720624991 0.379522080763 0.810702578142667
0.419885332913844 0.412890331795453 0.950338004341624 0.437591877086138
0.193010710872938 0.677519993200419 0.764953873866488 0.564651575128185
0.591382825514386 0.938833832584447 0.405958136036643 0.309779043683817
0.872911342234125 0.260404531491596 0.458682763979905 0.620760410799892
0.791573469163924 0.495017358638873 0.376535825780474 0.440676000307208
0.426024993472363 0.189213210119177 0.968469636083549 0.889621970539221
0.239695574417717 0.666328440551677 0.538625645564511 0.687375343383547
0.43474051755542 0.449226302228682 0.70336923274339 0.46228237962054
0.276897388352928 0.376364311642811 0.705404681559638 0.962386975800117
0.55701217911848 0.81936548030378 0.176144236357411 0.696035131046951
0.147492140343148 0.595800952891083 0.719278637470048 0.823792746577039
0.364184884194698 0.493849398877165 0.454975929046927 0.793846005184905
0.443889357372593 0.966317671282745 0.269881412577436 0.604357102693862
0.484784007905839 0.899748161582622 0.510032401706541 0.303987210601052
0.411388623694293 0.384184920705843 0.513517709482119 0.805980885452211
0.82455792715907 0.317794345256237 0.394090684127621 0.630284670791193
0.164476257885869 0.874992666590305 0.872537674566106 0.480359163890692
0.951597423315205 0.962411775252919 0.541428490099368 0.113458130578093
0.39496767062613 0.907119961926637 0.898934951238466 0.21572005325984
0.409682954243744 0.503557259671176 0.414786271658328 0.749809506126124
0.617977590927263 0.611170093532156 0.475184494806098 0.346211908711592
0.873760418841558 0.405030504746462 0.581550489092368 0.325481746215971
0.312911998820041 0.995472128537727 0.348090133731808 0.679214864314542
0.465163070013576 0.47530740320254 0.48384284751699 0.584995263726706
0.558549089782988 0.394971022776549 0.683764520324938 0.41771471598262
0.368269662340597 0.708984637022641 0.917847731536641 0.286222833246806
0.377330972997232 0.992436252063478 0.971031764657168 0.218087655891211
0.835407386940617 0.691007789087897 0.28821161696809 0.391074402654353
0.338203623356648 0.515567445720957 0.630255046328459 0.563377364935299
0.0999228475569465 0.656620206767251 0.825433553885101 0.796338533000832
0.779683268013898 0.179586002294343 0.504702329727371 0.818171432942748
0.344615473217127 0.660577373979803 0.749506540324408 0.37348868353485
0.64436344872793 0.667795304549887 0.357421596290024 0.408175973108775
0.932745775865731 0.274602698999006 0.346622871604212 0.794150654298233
0.608967174154027 0.359773646573374 0.346487765819714 0.899375424146738
0.606150611320334 0.769486090672926 0.185381564358297 0.642029608827674
0.509275912311555 0.955333160187282 0.385610828013694 0.383785192867399
0.174541859914771 0.746575926899571 0.630388010055715 0.656806067900889
0.322523225273572 0.485207652924278 0.625253035660087 0.631789772254264
0.727588550351426 0.644557057342879 0.28228731695168 0.466763822300857
0.768388311869034 0.815161625260057 0.289802806506974 0.361399383417734
0.471920704294751 0.827519962080511 0.588225351317178 0.277625766884727
0.112292531778141 0.952971222203068 0.740343385766798 0.622717363761576
0.111126874341757 0.605605193803598 0.807380331141337 0.868641838865536
0.668142151891095 0.530219860062916 0.264723642799495 0.641467341360406
0.638607109534168 0.747217850252911 0.755237426588311 0.136525827747652
0.836869976077106 0.0142835658906394 0.960426838767527 0.986373858517129
0.435988386741861 0.49200649319457 0.652347645259408 0.449571678238851
0.411677243431955 0.514170013702145 0.354964088427648 0.957878374912308
0.389389010646971 0.29466905478358 0.67270576040576 0.84986353497616
0.291609448035867 0.488042562610098 0.53154470723258 0.87103470673353
0.555987878393088 0.27876089558376 0.508778031406267 0.796607847501713
0.777999024690441 0.353301555547622 0.634731452749399 0.368275711014754
0.915307182376236 0.496745568014704 0.19573179828205 0.695509009927257
0.445520423626831 0.45808413064079 0.841484004108518 0.388647181270737
0.446287982846839 0.810490846112352 0.616545410468393 0.285540861616207
0.73696967961819 0.452545204177682 0.308580864920854 0.608786660839137
0.425997962328085 0.814847999696112 0.592536785861534 0.314278389828708
0.142758750761997 0.798020270369981 0.573185827139581 0.794643502004615
0.309240864216256 0.827834224118637 0.6252646915468 0.406043595417182
0.066269301593134 0.692358095885774 0.992984744677412 0.817095030471126
0.533357551462988 0.405371671972619 0.916250687540907 0.350655692722749
0.311340679124775 0.634388623335112 0.818808418779628 0.400628435843224
0.424733418663547 0.984609196255633 0.311341798334677 0.558886222345464
0.522069187101512 0.686306836314383 0.390182557882035 0.451090695626498
0.0664349376802653 0.737169955172804 0.772128951799996 0.913678349504222
0.630007348460194 0.809809292683308 0.312615450863975 0.404655213959184
0.402977901849332 0.481934110036127 0.838396403443652 0.40918985659032
0.960540642632134 0.607139493163951 0.475323177196536 0.245799885376898
0.513263792796773 0.79249345935666 0.722417040777323 0.198141782522102
0.993935792480941 0.722993925174952 0.279667872722551 0.36411283523794
0.385162534502592 0.677660024850242 0.288176501305243 0.893326956792583
0.66494164229899 0.950724246100631 0.669780461508648 0.118942196328238
0.913743609707899 0.395273663539721 0.292274360239161 0.645048859770506
0.943057062950741 0.28696333324683 0.82810581112019 0.322660645159987
0.794648473177052 0.54798127902147 0.225299156745879 0.608402719905037
0.416182229867866 0.420929776051951 0.563092749940289 0.635381649035653
0.80517130807399 0.422038499464 0.510281173686052 0.376960871329686
0.849627463602987 0.849634742688414 0.394195181812215 0.233332593655101
0.587939184151484 0.202672982729594 0.966389058148369 0.560288940142757
0.244634682969371 0.651610484925775 0.59889818323155 0.616378681251143
0.371425267847407 0.563393708622692 0.543352067678217 0.546412722471971
0.773418766798752 0.110436598769028 0.979348206946978 0.603879559483379
0.98119008036717 0.312653998550181 0.717722964071808 0.33102964475102
0.352571432089129 0.578756186428847 0.381689619798717 0.854802986544984
0.0362533955379389 0.849889538110324 0.892202795591933 0.807544565312067
0.247593217803445 0.936204413359784 0.795131166029175 0.377229642566948
0.819555402672336 0.970663982730942 0.449418705472346 0.185482115910093
0.6147902278369 0.157885841196595 0.67682009109212 0.805033537624593
0.490534239234678 0.253618276475189 0.927711045393413 0.57794162911058
0.32243167690203 0.592452586609418 0.389726404794891 0.951292584052505
0.321498019929588 0.881966953990279 0.287976629953349 0.863157084225712
0.655547644246326 0.128059024677943 0.673333971033219 0.880163379181325
0.703268917724465 0.330116231193415 0.977542276928413 0.319777939364272
0.394898574828362 0.694646152553389 0.491933098664697 0.468512166769221
0.795958083813752 0.278408192190149 0.476352950656534 0.59569080265886
0.461047852898185 0.594029967868548 0.567681607382678 0.401819656332385
0.247523253756206 0.505022497506701 0.973382522736139 0.566332468021923
0.843635812792814 0.628516445057712 0.24070917621812 0.489091344478183
0.315141560909418 0.384379622941037 0.645436567323158 0.837934451641916
0.0855726276711912 0.985277416059479 0.616126428032775 0.872536644469603
0.242189892377247 0.72255462491928 0.850425738985758 0.428707215980148
0.821722197807338 0.481379619719642 0.202452277372696 0.748668433070552
0.402106136667385 0.739922698558798 0.782810653177652 0.273562450659973
0.236629596614957 0.663513467710857 0.620386960661773 0.600079531421336
0.861852914738411 0.420770700065988 0.612723687880803 0.296135056276393
0.574304883184239 0.974155104261428 0.438203541037842 0.291127340362842
0.173745316959814 0.992978709024388 0.760726379527422 0.490096053385402
0.617123535246617 0.480638223806944 0.319494482440971 0.65275196366392
0.400886084911975 0.457384206435988 0.976484077891601 0.411716379005681
0.41468661654029 0.915713971995185 0.50149088791252 0.36612874036452
0.272379108963507 0.773975316187727 0.972626577968612 0.352905434267051
0.578234765516664 0.543541880542896 0.490724350766664 0.404686313561611
0.836521412375801 0.573635962587315 0.158650492892894 0.710829693986084
0.354419351497784 0.771875141786007 0.467676693979923 0.502188215073047
0.406463106959317 0.518705798283381 0.98304200431811 0.355188186851367
0.983681128517485 0.290738576284251 0.797602652301899 0.324931676860023
0.619068827069998 0.771792475706201 0.409575061871551 0.326048102768539
0.912052003856978 0.761135087639571 0.180425287067519 0.486671651338919
0.434047990394882 0.546808557446284 0.694491500915172 0.38276390561881
0.23329200085965 0.729191431276957 0.524430708948148 0.664358207952561
0.32081310544301 0.401598568297631 0.595310496363065 0.870202871970611
0.731871138316698 0.436652529495708 0.567764204870549 0.348909562028712
0.278662784150214 0.528805469098618 0.560895148752312 0.745372301802315
0.578437906052438 0.236129088979678 0.725096139779871 0.596001856588916
