0.665984236343638 0.527284254041012 0.549342788660139 0.47567006160949 0.77567869500119 0.92250763320281 0.638566227452277
0.989806756415227 0.520972697982348 0.894832384579383 0.898972381216716 0.303310452436067 0.486401211016614 0.998553318765952
0.467255930962636 0.71881662456916 0.477287226490286 0.996166673115872 0.607470757937352 0.951724899659991 0.544514943039293
0.771285880037141 0.836771706537466 0.637229335562493 0.433351880058342 0.661242189384322 0.671264124493194 0.504490566553244
0.997153358574612 0.630347401789779 0.437857753221017 0.622188426395294 0.826301767654827 0.701434920574919 0.465873442025489
0.870707970522536 0.871869701814647 0.991610611335787 0.366906521892765 0.611055259848793 0.931541397428549 0.359668935019447
0.365217204288494 0.540164242596842 0.442375654573398 0.946080048410512 0.762565423554701 0.880464580799143 0.967049853490365
0.99233926429069 0.59531099639066 0.972855445901096 0.70815807131755 0.697579731956911 0.210980398377459 0.809606630724956
0.599380332801541 0.706006065809339 0.366425589509829 0.707958476652669 0.700964449035979 0.842699855951155 0.609870447328387
0.758786926291296 0.493047944933853 0.615068106643307 0.658371253306805 0.681501311556811 0.528250596965215 0.690251408328996
0.619069713277295 0.755523277204116 0.932934661522767 0.459192742947016 0.534380480187023 0.604417584663366 0.64663614332013
0.770050432555216 0.933911209086234 0.496196701598844 0.596983318746451 0.568211775990881 0.48537956318599 0.725700902445135
0.906571607728981 0.7025486454368 0.474226761933402 0.727822899325449 0.813135437846376 0.431368879983756 0.559527254023888
0.410844935300383 0.990454871376453 0.421387957996657 0.866024770587914 0.726331533638825 0.922170206722956 0.531905953029708
0.534487776648248 0.776976877736105 0.740725698020173 0.509624864412253 0.99217947937939 0.590016655091115 0.492338088950442
0.779760219666931 0.621485861909787 0.56643241847343 0.583231535415039 0.509960836197007 0.799397756418888 0.592366533009312
0.746934954383341 0.330424105561872 0.993295052027588 0.700209738756589 0.775619847199071 0.419430748432088 0.898511387960915
0.544541507040201 0.546557003162098 0.992147032367944 0.52953510401103 0.437294154281069 0.803934753955006 0.897683467425995
0.570200893511212 0.608125965679567 0.744670337936864 0.687823280313556 0.826574397437907 0.617907505734228 0.431678950904386
0.733169074392836 0.407832422159201 0.89609612544276 0.397410906227152 0.680607055676166 0.731431713968447 0.826539893156894
0.48899355767343 0.47481594087605 0.924437925699763 0.709992902763229 0.537324044098203 0.734009791720103 0.702644076312315
0.937587216068847 0.690844857928139 0.622294578936636 0.984987923359392 0.813743712843503 0.251536533415128 0.596574629368446
0.656050328669856 0.45965009654315 0.703356744540541 0.511579074229883 0.786539677601301 0.860812246070751 0.554769898138154
0.75289340006531 0.500093890641408 0.619676606954666 0.348302522759974 0.656073206540157 0.98311720141489 0.966742567620031
0.821196138057364 0.3831373835247 0.956437921310152 0.365020072470413 0.836968838955964 0.991177500913128 0.605341245728818
0.938148558398793 0.803965717118432 0.5672499710407 0.904594417189797 0.943965573415885 0.385122671274389 0.383431950253682
0.495702514056843 0.830041488736299 0.605153244140917 0.677239728634986 0.490596511541083 0.589749541025894 0.829933414234897
0.522123007898973 0.875078130237452 0.432125476556711 0.871344854793151 0.621003508656507 0.532411114325555 0.766083819169306
0.528242955081264 0.633146645511956 0.614159860099595 0.578861911587245 0.58862942660861 0.800273541653689 0.672101239733701
0.655102550094525 0.647645130411937 0.440776682332086 0.844210784412913 0.738348263118808 0.483120399354553 0.709716271153222
0.387747758528514 0.841105017424521 0.575076381102347 0.419542271393193 0.908590928740223 0.850246439328875 0.77278518207042
0.923433264206731 0.990321487325388 0.402191752549287 0.705827741419359 0.658229160896899 0.752020083205651 0.390220943841728
0.433032679985561 0.612887473823054 0.621690076468707 0.510221671903227 0.810661550703449 0.929471969427017 0.676167497433473
0.961973956185597 0.885072207585431 0.573980414233491 0.181422511972398 0.739240792554066 0.745075245609295 0.971683282476612
0.719049088887711 0.877510520733265 0.492727582053593 0.908963259300949 0.841039004216256 0.319453412533358 0.610079927478994
0.417477133459556 0.446552949744152 0.936000048675893 0.443862567986046 0.862094690086278 0.986205246604428 0.852451818918714
0.775562221029088 0.601932410893553 0.404764072264816 0.999288885098036 0.488018705278018 0.830834822929228 0.617741109660176
0.668441684287936 0.781099001420913 0.45493425916729 0.895472422261971 0.566341587567165 0.844489009231436 0.432650484408085
0.944352861645098 0.940234663929321 0.812732382267708 0.15253732853435 0.735690378769874 0.867262218315505 0.609371703716804
0.573137185039212 0.625372126877109 0.976712281290228 0.612920840884161 0.486870355075413 0.494081642688938 0.911602693175156
0.685119128850975 0.529957352467415 0.522568302117299 0.984522255134545 0.980261534381954 0.730764437042087 0.384490483932627
0.413420548992252 0.875559950273578 0.98325897309434 0.470254353743186 0.447672125102202 0.815413560646173 0.857205479841881
0.676259051285237 0.612639523535865 0.905495720427563 0.3809247833826 0.519028987682988 0.947970852100254 0.655154629158324
0.548348302707903 0.898493050305336 0.416394785721535 0.848635480533653 0.87449590230449 0.42731217547552 0.719860397812775
0.49266010545439 0.949398150265637 0.709159236695192 0.440115470394856 0.797620348141713 0.836108746940327 0.476388711161359
0.648199943006748 0.717422790621752 0.624142355506283 0.972129808943024 0.538831325028141 0.377536152795514 0.767183900226554
0.405973109576761 0.862868239618858 0.467789644530901 0.679208049820309 0.964834831086201 0.511195027696604 0.955226057500215
0.787373830748632 0.764360478312778 0.856313804652256 0.492250354860289 0.60281534638503 0.482080321703678 0.55862458058736
0.735702596386391 0.794578985615714 0.425004703155544 0.579622380863694 0.776169041018853 0.492908876506036 0.72913019824334
0.869806996435595 0.91318095459583 0.786627599573463 0.43686752862901 0.901272204096061 0.335184359354364 0.598578451163009
0.543667274912525 0.700865262910088 0.697745730143941 0.559550954906514 0.637802242417544 0.604122669166051 0.640806777006534
0.679887795670289 0.268505367688209 0.643340824709906 0.818803947282705 0.900966637837988 0.914873709491432 0.569474843310625
0.909783304174147 0.727505328793537 0.977652779705625 0.643000862143178 0.841633025612978 0.48044188110128 0.296694176205777
0.977824902877623 0.972392475839342 0.588805468099049 0.193064335679698 0.637542736914536 0.950445993699204 0.788602002951358
0.999120131555283 0.994647397942408 0.866320175351408 0.433741143016807 0.489784762156615 0.622603455793327 0.491371013069426
0.674994045667026 0.929503941454163 0.475596128611661 0.965282321726333 0.48094580753089 0.414556673103909 0.967819972981664
0.616090366377029 0.627191126676352 0.567658265823584 0.777723706950862 0.534940555754747 0.64064412452491 0.636841797972126
0.635016613447885 0.953917688262538 0.918586240303494 0.352721454975982 0.733439069790625 0.593864448893071 0.54937263999782
0.639488051293813 0.732554423548327 0.804133007210271 0.538471395584682 0.58145539340132 0.487469921771354 0.669447737692583
0.987175551274315 0.656903330376908 0.398269291387049 0.589678769897498 0.719010117222606 0.748225202244598 0.542472964471253
0.476747422611377 0.995163444493462 0.629305318034238 0.91931833320989 0.83647569261657 0.461036131257431 0.485182538681836
0.47035963593669 0.796825930462392 0.637682629566751 0.436726857571458 0.953471639152939 0.56586654564262 0.802480057290317
0.656057593559052 0.648237313449188 0.585074181011754 0.522013132037217 0.795037387572876 0.623969041799732 0.582959476577798
0.875818244854293 0.663553896830934 0.432095864292439 0.526199612961646 0.825579251541972 0.621932887696652 0.611382375152921
0.647158588876061 0.853870998166788 0.833547484289207 0.458878842861212 0.988795201055019 0.426041694195722 0.548251151181864
0.76256379974021 0.377148772955055 0.415482926785606 0.915787410199333 0.651585812687778 0.914051861426 0.720448748580923
0.439175737991943 0.994859142593912 0.612426251242325 0.657384137928947 0.96716315274488 0.88300621396886 0.36511034458583
0.60833709589183 0.894063605664555 0.333002761044906 0.52580468992459 0.809754818548522 0.642585562775649 0.958855959998788
0.440015373109317 0.483064665040199 0.514195187693211 0.967048186157712 0.676990935227338 0.954991808730922 0.72478672594959
0.68493355688899 0.873946886412679 0.519906248169976 0.920564333535966 0.522578649513681 0.604414883584715 0.48655576437355
0.689459728882453 0.628115522980269 0.448499924005969 0.447007934094758 0.760799274512183 0.756591715469416 0.802897141222121
0.561696266422846 0.551645801251264 0.642922901487819 0.996070314903413 0.612178195114222 0.544773261335598 0.651127936128472
0.496942950182226 0.761763110261147 0.860281043495534 0.801990433371874 0.396692576983413 0.94860461529249 0.485387250957487
0.340431900621901 0.697290362570496 0.607586077849168 0.540817953052171 0.900400841268293 0.772265999789848 0.783858398540954
0.661955359076204 0.544748619765836 0.362979692879159 0.737574739244649 0.594766172389467 0.862041465905927 0.856601603211619
0.791244774373556 0.81607828002936 0.331078128400584 0.450216603331086 0.909763568077522 0.674359964305584 0.757736183785819
0.707167257908071 0.355552252653263 0.878668573351945 0.483579707334982 0.922326399518967 0.558200332303347 0.872310071887396
0.834190491665762 0.717113787754069 0.594421823989665 0.527540609940257 0.531028371441923 0.584660285334685 0.664843918770773
0.427219749781379 0.945245205885738 0.649635501683932 0.966270233661906 0.39735957922464 0.841727321753352 0.604012624908525
0.535375073951386 0.74104061997105 0.581702675811225 0.512192853870151 0.530064538490048 0.739327495822041 0.876121987699489
0.895758098563166 0.348472944555352 0.45280831981203 0.851214844412055 0.840065276613739 0.959269660341549 0.535400938114524
0.425525373225481 0.688596712365691 0.994053364386337 0.676905197348465 0.746066178651851 0.370385766353729 0.912336935755075
0.371286471231645 0.925101547832059 0.377376099768828 0.672929652545091 0.752477249865815 0.886962496410944 0.825560903947819
0.664695088023008 0.522933864691404 0.540963542017829 0.638729685468203 0.592283792315901 0.635674288918305 0.859351221606391
0.441938984989305 0.976786054939665 0.600483056658092 0.583355317238504 0.457726327171631 0.771214500472057 0.908245460317973
0.723096854045983 0.967674689074115 0.571839148399284 0.482056179689351 0.77227941862958 0.549812609281352 0.535062524363623
0.593099602963393 0.883638590038155 0.479323753643905 0.613117508218186 0.707713153594881 0.570992354155934 0.63857073662714
0.73504505680754 0.531488396603551 0.797303685695833 0.58377915343978 0.653795364638864 0.73250549613017 0.448131168237538
0.675169572610966 0.946619094467104 0.630584017085144 0.836267382691413 0.187313558846023 0.956811819718824 0.743027893709141
0.894927771990213 0.403409965009631 0.421184818270843 0.811650698232155 0.660385948259495 0.626664750384637 0.911564881242292
0.96423891525403 0.759594176397601 0.940626781056922 0.485523673359315 0.725028388088234 0.489091240741217 0.420277680824876
0.885230791357089 0.396378474951933 0.99545333699597 0.872321274799214 0.336964354441592 0.729270106905914 0.694654929732009
0.882998372488718 0.586617202870289 0.739121109211681 0.919405668292626 0.204263277878321 0.973090199871179 0.672966405458556
0.460631001950953 0.546585672743518 0.638034307552539 0.811554513583922 0.830295270183383 0.522125201056057 0.717508143241771
0.633385463394685 0.929776727518917 0.5722269506977 0.971019714460561 0.629843707037491 0.479962470085206 0.480983505895279
0.842600031774859 0.725890164369468 0.388020911730049 0.762481070614085 0.863132589958576 0.538038769392506 0.513158613919134
0.579152435356135 0.563210377429782 0.451010759479651 0.49763669853052 0.902689947071425 0.749864474444674 0.920583046318391
0.913672644744005 0.857664870604947 0.479302505387744 0.459301052370392 0.566018803030719 0.672751421760529 0.663286836419026
0.659831141547393 0.486268042329499 0.569408608354076 0.658305018621247 0.638336860646619 0.731548463006317 0.660391751474039
0.574460278680825 0.805404904455326 0.440053149071991 0.780707768138063 0.699651032730887 0.822072724527829 0.454517169790101
0.56008812887619 0.542165239656493 0.656601615757411 0.670983645761523 0.973619593460891 0.544221339111667 0.59718421997342
0.432988509424066 0.820439000617728 0.721183419183839 0.950294438880215 0.599685935370373 0.751933288015946 0.413264928117829
0.642480672450388 0.789843428147563 0.782386467210078 0.534588768057469 0.330658284327967 0.929038978726471 0.666837753661723
0.897319432912469 0.538689379205544 0.451172652921125 0.892131126158275 0.46799729371486 0.827627505782127 0.611331882987946
0.96824288821092 0.548417182839555 0.697091820701443 0.746618302033358 0.402263111468307 0.470375922845877 0.963699254375152
0.779289589128505 0.344163242642032 0.514760991012278 0.630593654257558 0.719663078810758 0.734310564318654 0.991787053000572
0.880308017115121 0.399555167821081 0.624931688016195 0.936540834823553 0.9110332857303 0.437133195293345 0.605408550073856
0.869183589856806 0.80254731766081 0.822473204745322 0.480260540202691 0.630989735200971 0.578069802732248 0.4272339316291
0.487776165474835 0.865680978083763 0.647007848340398 0.980057344896211 0.628818917444418 0.592728900079887 0.460612541680227
0.565519082748041 0.753779496344877 0.343461992790867 0.632326880269111 0.744721038489096 0.759715048868509 0.752064701362268
0.827476719268729 0.7056925785232 0.539003754999459 0.564320617872331 0.773600946296885 0.570274148379026 0.504657736222103
0.429548043282739 0.649646603023662 0.807542990359684 0.81573815712233 0.353172165575112 0.783309228616151 0.875485754973564
0.680492908483417 0.582393012165217 0.859769818203978 0.990289598004049 0.40026189800826 0.418608052850954 0.922164023753216
0.778749164023338 0.707422571694371 0.855404615936945 0.51486492222909 0.544569689614982 0.439826323478558 0.703400384753083
0.694319831595047 0.548225005575019 0.322698187717687 0.87947396318602 0.63321991501652 0.808735358980723 0.758991857107449
0.954560645950992 0.910184442069207 0.362182726319127 0.496230939834198 0.767325531034394 0.655292079078754 0.604635192743616
0.352722363884639 0.759330812851477 0.84780511648856 0.682501995319273 0.723914960501105 0.47280636298168 0.787901771221056
0.869955511946506 0.957486741314465 0.762759825921698 0.843901210629085 0.31759738710237 0.77665045151713 0.379457515696098
0.558330764729988 0.621730992331202 0.634100633756569 0.540012000444862 0.717196563971157 0.616677908727558 0.700908158897663
0.456387173936759 0.648102497286573 0.759933956088722 0.454397737356385 0.669303208552761 0.876399269360961 0.682663900580877
0.448966626799366 0.531384734106 0.629924434634759 0.740868313877431 0.489829841287026 0.918695393852109 0.924021256031609
0.466464878269291 0.709714614447769 0.869750737360839 0.439251054888552 0.683277827309642 0.556169086123496 0.951300881252438
0.780745274894077 0.636553703664559 0.723516668661231 0.426392131117378 0.875141090519843 0.508178419795106 0.60391046288154
0.699377763526443 0.858921356608104 0.447607991194776 0.629818076325089 0.606193997790194 0.736896618753699 0.527511965538698
0.907261100315625 0.618904447552841 0.963522038045281 0.379123322513132 0.537613504871364 0.880275442360941 0.519154967317317
0.928243366505484 0.573482928346368 0.766700464345057 0.401581011889302 0.551409621702625 0.597398968472032 0.807440148574694
0.623869017739354 0.587168636164749 0.877579847630345 0.976661899874968 0.407967384189401 0.71023065302103 0.512049699291256
0.6619705344432 0.706996836701981 0.522825700514774 0.409037555130957 0.774002105848044 0.937610195531517 0.590139331583047
0.749657034719981 0.605688578270873 0.446143227471364 0.887130957581167 0.572868426788558 0.485472440381771 0.876832769067383
0.746027176480667 0.53944540515583 0.436597340791187 0.512659398986604 0.991846877034075 0.661890865958568 0.767449806825417
0.681186541642591 0.924652415495183 0.951268856973649 0.921067631709445 0.53415503196669 0.454993477354909 0.391697416373053
0.492539603279482 0.975772356561769 0.751110759747583 0.589800481792724 0.82371484698202 0.519411318397807 0.500354593392403
0.836042525779892 0.836209168271871 0.771011280950483 0.902788231225965 0.203426747445471 0.623512806102938 0.671164182614986
0.429833660253213 0.930394803625692 0.811144446074007 0.60973770465134 0.656568243205803 0.437685654980778 0.781021489527392
0.993902660890501 0.441410747763673 0.968330841112637 0.985712414948065 0.797473910442718 0.332555727855475 0.552523603236219
0.411644371598569 0.46385259720644 0.552630434122612 0.791586594561829 0.718492800441444 0.847361281228962 0.857651627704938
0.89935958587336 0.789143537113726 0.310478565413329 0.486266955761781 0.923091496723826 0.619677985718059 0.764437148125761
0.769821028655425 0.795786813210046 0.6844234410865 0.962710407749613 0.414422493528318 0.57389782270962 0.470971214687931
0.557783686449195 0.977221656933465 0.567147509755804 0.456097889742973 0.677140098365953 0.538805299246217 0.93838809224255
0.626602619970419 0.962250451147244 0.401267572867701 0.691289317123164 0.391706181580164 0.833841824202405 0.912041747321394
0.540630692731812 0.432661276008501 0.720946173141247 0.556688524888574 0.954596533297808 0.675696479654135 0.707636764533634
0.903772513068701 0.462761735928133 0.306891272740061 0.758566678893381 0.599795641797887 0.944110861687211 0.988234035264478
0.587884976438851 0.431945872053552 0.843211377916119 0.775143001559019 0.538103913241028 0.532692426317171 0.975342142616203
0.657107352923151 0.583155257739328 0.573344210091942 0.748521023387664 0.537438242877838 0.654000103452022 0.639848716332906
0.999547618041025 0.410409177368879 0.715457703667545 0.870690495663872 0.520545158632333 0.987387910913739 0.430209528682775
0.635745326684536 0.637310458713423 0.95179718435797 0.649461052490997 0.550978131093101 0.364654145598587 0.927276063150219
0.568026326275717 0.444049677923205 0.868120897846434 0.999556889702268 0.779910625908803 0.577201888017834 0.490364723967474
0.403526001123793 0.316864307344449 0.971052860314572 0.856757584768785 0.664249040879838 0.999500773797033 0.791531508638601
0.651166047544551 0.839910082478955 0.710944666933415 0.897731333042874 0.315941715939196 0.640457996999343 0.598169142308537
0.432169970283087 0.420307960410738 0.938416037353496 0.945502314656276 0.591982770396933 0.750996029383216 0.67398991213526
0.823605373442007 0.457228490333556 0.863990875363657 0.572663314312214 0.560016502585552 0.65827435941836 0.596506496125493
0.245497790805739 0.764137502267892 0.521596457744293 0.827413146941982 0.844135161906528 0.698337689121738 0.966160232935857
0.50979297924223 0.953770586239605 0.866933009510568 0.258189464732349 0.814066158185549 0.948918225914286 0.609629044708058
0.622989035156228 0.986875054902491 0.733252364462276 0.488817998622274 0.960124189635827 0.618752355104545 0.384947740744154
0.804989888427571 0.518800377032961 0.509395733696678 0.51266307745843 0.885193097229534 0.867089794039879 0.529487078518061
0.821492075187879 0.594132002607049 0.441802439689191 0.492335695319927 0.522275613630947 0.968263682736684 0.930209286268601
0.699986857008402 0.644743151401791 0.864472032552421 0.946381346321292 0.563334705999581 0.5769923562557 0.373158831981333
0.322158486522608 0.988660868068093 0.822765514821906 0.689931890042265 0.682659810076757 0.514238564187452 0.723994488313341
0.724774561989688 0.383901393198898 0.966416494800841 0.560643331500281 0.500570601083798 0.69945523931668 0.896296319654765
0.844993534028886 0.381815339659355 0.590088877406758 0.763612614303895 0.955383613692651 0.968353932189464 0.394258717644421
0.844515261281779 0.617844903500296 0.534562262727829 0.425699255189191 0.839681155309975 0.908263727846552 0.500789954141161
0.613139257783263 0.6483455964762 0.346241130534934 0.973541017869829 0.918840152688255 0.878803192966812 0.473405637493598
0.540320531756017 0.896207317662965 0.338404833087906 0.873450951342711 0.483768086016743 0.767222210699353 0.940685998582193
0.472367539851664 0.389220447567493 0.794756601331529 0.792566876011939 0.941646291301714 0.622380108920519 0.657367493885933
0.308783895338432 0.548231465743769 0.916304727123446 0.832282502936616 0.625377052499337 0.984273080843723 0.622638446832293
0.692909282331478 0.529088972112572 0.593161267619807 0.825328300174888 0.476790490966358 0.574344710257172 0.818397351280203
0.932986330473074 0.734039843236366 0.687160258059191 0.479128652637748 0.470667678361708 0.714153624253413 0.559888830848619
0.697722408213394 0.449592527264696 0.813577827940046 0.735084536229328 0.502691306510169 0.984872038587824 0.496808535005418
0.707344518350624 0.387782156351296 0.597001312874645 0.65149784780238 0.798258183265398 0.536948941141804 0.976244046251589
0.621287188293379 0.534853906985077 0.577304061955777 0.595120217457431 0.547706056720519 0.99840310897854 0.694969078840886
0.774481775368366 0.671173690092901 0.429272990044343 0.437219484854444 0.611064056842552 0.89756038245971 0.808170604364504
0.323178983999928 0.97913566110332 0.377177135571914 0.976117338916364 0.786983395886409 0.695637730398264 0.877579311703507
0.401684828410524 0.42837045101462 0.752102813517362 0.596452221891406 0.79353843664916 0.996351269252034 0.780193040344733
0.377491081378717 0.626689227421316 0.699450376490786 0.900031968317593 0.766377822295493 0.897580943627437 0.44526669043581
0.955413773189543 0.898462391476708 0.937459900324575 0.490036124872165 0.479879744745785 0.55935919396112 0.491041883295823
0.810791750192944 0.451435082688036 0.757578928420696 0.685446361459345 0.53343212122283 0.746235463571811 0.527260349897108
0.793533196873011 0.719213093017524 0.982940414447304 0.742143562947974 0.388025141022612 0.451660585550374 0.630459935831056
0.913566387532504 0.864886056556507 0.594957081040271 0.418047384696067 0.861015478885896 0.765893462499491 0.369585634479457
0.507103077826026 0.753770535993201 0.456526280001999 0.679279144763776 0.796000640344154 0.499586088883409 0.921461457389206
0.677870438933902 0.455237768421552 0.733519570082241 0.54115218177898 0.660803345562547 0.793546930552829 0.599704762891227
0.905456330680779 0.848743636084553 0.509508497127837 0.330276296532271 0.511610369853661 0.802091501943621 0.962864448933624
0.975666202528365 0.663576147584454 0.518711114824794 0.987869411893242 0.667770687945902 0.462578051613329 0.494785145438281
0.754890812178013 0.748395884275049 0.848280968784179 0.825996847974124 0.406717657593496 0.824228669563901 0.33634226047391
0.494619875277951 0.4839973206843 0.822916336635828 0.998818222558153 0.954723885741511 0.938862043560657 0.335782891061499
0.98863466759055 0.361321187878326 0.898420548994564 0.713207453892378 0.735269530617884 0.476238962155721 0.606319915904271
0.426018207969266 0.774259913449399 0.840323237807859 0.443540921805369 0.982711689234709 0.740943219036542 0.534131305838583
0.308276340791683 0.916995685162014 0.897429372043844 0.952826703956799 0.338221844968694 0.788606152600081 0.861273923735821
0.951505314718966 0.833775596541756 0.52207694617688 0.48309215170068 0.502404041751439 0.523882936335838 0.988848847238586
0.533909390904408 0.569887074523137 0.639166002542306 0.624666035059301 0.500488810059419 0.730100831429862 0.934207398436279
0.527028810537607 0.688132587295445 0.515313549243862 0.657472634395403 0.901517325921776 0.784955559030477 0.479569341399456
0.889442716563101 0.548367772685548 0.643388448474558 0.479826636930637 0.462621962225261 0.905718714629496 0.702696828560436
0.821589402255252 0.75027830096233 0.984732417085205 0.610648674510989 0.601876140472368 0.295853227189186 0.684316784245774
0.624099317638416 0.589776882305708 0.759605689904955 0.793040762555355 0.424432626635346 0.71199403743931 0.58099059119498
0.562583425887037 0.8098560875498 0.511380167700421 0.517542273443495 0.688667722045905 0.902817112356854 0.558836839851598
0.524558926847866 0.776369068093469 0.644703399106225 0.588686760926807 0.609350586387431 0.695958958955773 0.571651055778224
0.731703799079792 0.395152559481793 0.54727539884638 0.633893704427003 0.953780210835188 0.58523559781809 0.778600903581985
0.939924209291816 0.597109447612052 0.623977722980613 0.675171370524744 0.815643833223213 0.479608604455066 0.468615666358267
0.650057794550125 0.939206420484519 0.949551828486794 0.428105890509222 0.424127078382976 0.869632349327876 0.557720273060363
0.739013435114545 0.480273148747825 0.869709207670936 0.565210527370593 0.594328331268287 0.763597230523189 0.514926124457503
0.585302643794196 0.392719271201894 0.41800248764034 0.868267915846522 0.734852166472692 0.865073928082434 0.878948959976478
0.552011219032243 0.855961514213998 0.755757521877972 0.693122932688982 0.390704027587392 0.921191616700849 0.502728745147634
0.500928694785736 0.547101103091389 0.673646928527564 0.507671134092851 0.68928259686107 0.696955077861 0.907615734141848
0.807843689441686 0.368413523631418 0.601378946831256 0.589162913744935 0.544385527906631 0.947325211474298 0.838353969483076
0.715152840657402 0.490762542963546 0.327444983585845 0.654931595014796 0.81530758645696 0.955398619343515 0.771885372749132
0.637035733623547 0.53938110235824 0.557445092081072 0.55074759279222 0.523448351417225 0.825012174093342 0.973877450708669
0.503133848929124 0.523747270711781 0.901960762769175 0.774683833704427 0.532418910220397 0.558556125678496 0.771038148943675
0.629368500518765 0.885923460110544 0.446335254228689 0.779202140944755 0.356043910260785 0.991234145801739 0.717925180752151
0.92327003342239 0.731126379081013 0.78618427692914 0.30972823320856 0.961516800580484 0.396090194165174 0.817136109304759
0.561674124032863 0.435905771904606 0.831418645541535 0.625987953650727 0.790572400054387 0.719162786386671 0.554316273314132
0.676224001591421 0.662333425057467 0.515301291817023 0.959315255994668 0.657322456300479 0.546163861219371 0.5297158719531
0.472355766312216 0.622329176266177 0.692076072015558 0.992874543014453 0.659901687047154 0.512794798129663 0.637988090263955
0.44171593457023 0.871328120943613 0.536468772388841 0.832267210794312 0.513094658585649 0.982626760426146 0.562520490387534
0.516465727320438 0.872263704616245 0.913606515650293 0.299505805386555 0.690206735454533 0.609351213040202 0.943930813723048
0.953035144559292 0.575123842312484 0.960695722036329 0.424858563818803 0.816036541119789 0.563927540995601 0.489176829619098
0.53317134745306 0.558482320694494 0.666535613361917 0.580865944831419 0.776307880486968 0.683164288086999 0.612910524570525
0.855413342202506 0.590221894609664 0.794808200262142 0.881510553869087 0.357423945264636 0.545425024342787 0.631909271248834
0.565919643392748 0.593645690278863 0.752409358035758 0.484257556662935 0.592528576978742 0.945948028608335 0.612437812808146
0.612427588529047 0.838536199291093 0.723374780866691 0.380309483906471 0.483115206392068 0.690149201139371 0.998653926924605
0.382273476969482 0.707716205790969 0.80326102324167 0.392822408960169 0.969636231387031 0.891569158479323 0.663943355201405
0.67348278021357 0.362109094497597 0.791404371568783 0.92566877488973 0.509032009486721 0.775603844556856 0.61784659055957
0.432567070167568 0.555180591090936 0.914692313608676 0.905350341966085 0.48225847326997 0.808768995685791 0.600883451903541
0.884724171920835 0.892999312758195 0.374242093459666 0.727929661291915 0.869206148310772 0.402248895480528 0.632231465465006
0.601639291168927 0.581770860698232 0.631352317062056 0.746119900576167 0.507813242730808 0.698838090063399 0.635184137335403
0.411010290361647 0.626061373013807 0.709636090371195 0.681415209542691 0.881383088000689 0.806633416764488 0.474649689123792
0.601659673817258 0.931788299494169 0.622476343729667 0.980019660922138 0.800860791365943 0.392521413615948 0.466087866660834
0.832370759590959 0.367188276860007 0.834928924508557 0.511727472736206 0.922912401082009 0.847083787551582 0.474200252914195
0.696039146177003 0.49092030367534 0.952325273055836 0.44222815150576 0.998928265147465 0.954799860653969 0.422921888858354
0.621540332847651 0.27830633705346 0.97190205477154 0.624214595345727 0.758838738691916 0.673907851441761 0.828455460543136
0.97299755462525 0.561555638110219 0.46196130631718 0.827563696440175 0.822335020601158 0.332900742075556 0.89402250258937
0.917810509576627 0.554011846291847 0.608196815142904 0.695871831663525 0.956648224903494 0.475900047492325 0.478678947908767
0.9344854978937 0.787924010504195 0.882406152811618 0.828886582932876 0.410167724852997 0.371768455719555 0.593740816396597
0.944832025898456 0.853458564973407 0.521453229031055 0.953797886116277 0.462743824758353 0.325433257546081 0.974388142168635
0.985001710258321 0.839979015456552 0.966461086433152 0.475059589585688 0.831041005834951 0.657545310873552 0.257262706747922
0.512456493029869 0.615092803136341 0.987118698383762 0.604925337246252 0.678818820388488 0.428505023650277 0.832268060874212
0.430476098637027 0.959413652605645 0.870812597013132 0.54682904012036 0.763912107187448 0.799171147919141 0.403449709368967
0.899731494767922 0.613520691132843 0.980625112994455 0.84676376213177 0.740422007608361 0.734655386491004 0.176025035707218
0.933541802647472 0.746840069244158 0.448144648202883 0.640071327831054 0.836109944418636 0.378722784734242 0.709216488464198
0.910499412061645 0.628375686726716 0.61777360896306 0.748468309963945 0.295643202141987 0.937758352270777 0.619832552623863
0.648306845811709 0.583733788941302 0.632015558445122 0.888765561860456 0.455626370487573 0.753102720788123 0.555086747351251
0.532233304652323 0.970855947565228 0.5636940831413 0.933045133936649 0.760767015860611 0.373683333969558 0.631226154794032
0.542014449760262 0.920337585966521 0.497769171365409 0.448611195672852 0.945520321016762 0.734269900568686 0.607498795380499
0.545179588255147 0.654998908257906 0.793783719474544 0.585613286566445 0.544497261288619 0.61405282683995 0.678389720796762
0.806495838633126 0.839469000832349 0.62376130108578 0.502315393392063 0.510552999749133 0.484557886042829 0.794326781691034
0.464814313264565 0.84615189224892 0.65758081919069 0.516874512953784 0.540794740270658 0.920400275590649 0.650657299852948
0.456043591121523 0.781111966223863 0.670596455958245 0.763177119847261 0.920658768192419 0.712978729477044 0.36523119033684
0.505589587589895 0.79948725059728 0.675970338057496 0.82235786185165 0.477505279448942 0.474616912849203 0.827451719524327
0.589359356410366 0.961011225025519 0.420637036406308 0.900051547592903 0.533634027832476 0.710875556663369 0.57208314264899
0.328036664870509 0.461603029734161 0.901327350316254 0.705178064686389 0.765035236400541 0.898313329590271 0.689534069115184
0.509009182049023 0.727230944727677 0.981741876984072 0.907286227859878 0.891703251059733 0.447638483365533 0.401030530257676
0.937220532215695 0.532015070058233 0.555492673697983 0.469120702412698 0.557473163411414 0.694649124671371 0.907479224689247
0.811625162692419 0.896802865241846 0.581123286251363 0.818754390884332 0.416747169142732 0.470681945479681 0.646169345083993
0.633605438432512 0.601170196005199 0.430539874706058 0.955053676723352 0.554573280469415 0.966908746608033 0.574694447602049
0.830136332791945 0.478088756725952 0.602921670500767 0.875042717109467 0.573549563020001 0.678435200184987 0.509892286613463
0.796680153657259 0.518535710766606 0.764241524521497 0.596015466899881 0.500971829216387 0.708717650389289 0.582635538046537
0.666899642563967 0.550398036073275 0.421719084069168 0.759807075215343 0.641759596658642 0.798225447287528 0.645385264893981
0.553578682316294 0.755557130833146 0.720695689244069 0.649064539869642 0.492506656785722 0.672838208134647 0.581425318271738
0.952264771982669 0.474607949367726 0.929128699400875 0.629309425579066 0.607358016172006 0.87829431655434 0.359476544474712
0.660257880958493 0.940818430255995 0.642260264592151 0.615160867123029 0.501897510941519 0.748358814514923 0.458183996148087
0.995009577996144 0.779338588199569 0.98931156355976 0.778617508404309 0.604574906127059 0.355315961701966 0.425386501488935
0.39809594572619 0.644096892577477 0.938120402080377 0.699361997206123 0.507141913615702 0.799566159697864 0.634282381391732
0.873433165870348 0.548964870688355 0.561343260632152 0.677190812020266 0.521339099678057 0.536746126180267 0.799495055716189
0.747240416535804 0.750560252394618 0.369144662561936 0.504094292653615 0.920648584815983 0.530640233141977 0.941722730914762
0.363590200946051 0.634764930712619 0.677429867102702 0.624104862543785 0.88373544192291 0.90663175216205 0.559543203411552
0.981308546251936 0.452776455611844 0.471553776925413 0.588735761394669 0.81421942389613 0.816111019145633 0.571661631826558
0.567376190733392 0.555809163442385 0.829986946597204 0.621662583407203 0.460886602908988 0.777697524780686 0.678401094776743
0.69104348094978 0.748663223516552 0.477278871826758 0.764162624081938 0.452008583125584 0.6207555945437 0.738469626301792
0.969641724748817 0.716535453499789 0.757060017913324 0.511446619869068 0.265054771106039 0.761100421235794 0.845712969890993
0.480799713537782 0.901804905997725 0.698796849744115 0.526314217630066 0.528554705191097 0.981069214919995 0.572135316616632
0.699209666464739 0.639666662127249 0.680532399554983 0.526032320499875 0.989132938244403 0.520061610582464 0.528278470645552
0.991390218438888 0.409724489188452 0.657190121307086 0.826254995385896 0.428297045053624 0.936185111675034 0.584213823253485
0.791354029166119 0.464439334769506 0.860224430557567 0.588271225580675 0.419028772795057 0.62367112112196 0.962147030536012
0.424629348259168 0.78027785691198 0.292945188143492 0.82382026745614 0.712485379951445 0.963411045159166 0.924491196106274
0.5959837162709 0.989220964932425 0.795944637698681 0.810043597667206 0.760742141484463 0.35077531024401 0.470664937337988
0.993126477125872 0.704940575939229 0.938441787453513 0.385419375918076 0.806660783498156 0.619347412050045 0.409138350731041
0.991144528812508 0.615235018382033 0.388045778344674 0.654245755340624 0.466125643851924 0.783279891764574 0.839207932463308
0.369647349740204 0.578323498220068 0.44194610862078 0.936891109074127 0.868155601522653 0.724192093552397 0.873569625125748
0.404162893247365 0.888864537972938 0.907300763189316 0.713191867069652 0.410541908869655 0.866654699414638 0.579841473620759
0.4261373336207 0.961451923298773 0.521346434531031 0.597409253566518 0.853924086797552 0.570187833699671 0.731801434845485
0.803391933727369 0.428812577090505 0.765302654472717 0.764853824342874 0.69224283527974 0.396697855020965 0.743045378150413
0.704396628205224 0.517550979326679 0.932129298552192 0.96450009693171 0.815924054310317 0.634162318756962 0.288470836154129
0.990428259935416 0.824365619832131 0.547786788651862 0.58113680979658 0.492514986809067 0.611420694287589 0.575049567327363
0.515347751619528 0.55750964287811 0.781094638651896 0.674273825288609 0.596301367514728 0.499869757534187 0.953154097559726
0.535637720212401 0.539514829646841 0.56359492497026 0.586684618793068 0.971508888520995 0.558190032467999 0.877385578754359
0.968268126844864 0.555163498144801 0.587611821437571 0.681677581453814 0.372611044694201 0.645583050011096 0.897568914888955
0.37776681585261 0.734821295422471 0.426400573752894 0.575851944301304 0.838548058168674 0.967119821636644 0.919747843704493
0.377171959116168 0.584268819919131 0.995503936157147 0.612792683492701 0.867845029908072 0.963548209579946 0.479894791695289
0.949017562532296 0.780743322195648 0.969153619035378 0.902775548734444 0.652316982903449 0.272051795442819 0.46322151843599
0.497939130450727 0.966553511808974 0.535233024039333 0.537853261679421 0.686227367724307 0.55036360515771 0.871150810327917
0.505575143991162 0.699486065163958 0.442223247868015 0.902599152454333 0.590005089562533 0.862968890159484 0.602809548503834
0.637007358604654 0.882003632939159 0.642097217782193 0.867364771162049 0.517530271490533 0.52434324385885 0.500399854269027
0.390302676379349 0.623139125706106 0.683548942191259 0.395463798090943 0.94469453587452 0.984829350274219 0.868277106719747
0.767426395465263 0.591492779979926 0.452519527598863 0.950999222267262 0.740597644102098 0.456284335317615 0.662392062415861
0.733348414757756 0.578036353495009 0.531708044291638 0.946733581540483 0.475081088109402 0.643762408010119 0.64466373673352
0.659693279385258 0.711259319242492 0.461048077763107 0.629601635014309 0.841243357382408 0.470172870391309 0.740701768095845
0.54693706418131 0.47403897601199 0.480359634690378 0.933866257007336 0.701233988285137 0.890202318130788 0.622663895828086
0.670336094209038 0.390635478638428 0.920414889421773 0.480021828218063 0.926078677607259 0.76202765797549 0.574335457318709
0.851454825831002 0.803045743034737 0.415491387597097 0.598622395127056 0.404065717590427 0.770642115685608 0.830747690770651
0.628715947364119 0.666230013596138 0.48380034619496 0.532683615116824 0.913342479867745 0.737911319787413 0.564455444099607
0.799881439592489 0.488946351459992 0.868812068228971 0.998898907159773 0.703092100373865 0.573655814092011 0.358406999314503
0.505877542736672 0.468294896942477 0.65398630094332 0.785013256265161 0.863368869183595 0.703448768801481 0.552141537915699
0.509845852042445 0.60241026656999 0.841433909330276 0.398955348679794 0.794984673066959 0.972697480177429 0.584672749203684
0.455450119842336 0.980248452639769 0.492638362610715 0.829285823054248 0.943149448720805 0.56916588539503 0.522856286215199
0.519301889386968 0.935760678185878 0.519887046583334 0.903750726143699 0.82290100125858 0.822212771687967 0.32025158233101
0.861950533634787 0.580011392782763 0.507684083177828 0.990722720430744 0.50192892325953 0.46347369820933 0.838273023979428
0.60339558800973 0.953953315982689 0.336512793967119 0.915045027054923 0.9300058812437 0.915296937053512 0.382684652911937
0.669894143838079 0.671013251421781 0.722281830845561 0.861407459550745 0.364163190287829 0.537794578228568 0.738198035261372
0.532732772048378 0.796757924137164 0.733067409238312 0.478294091659286 0.826969413960202 0.526159239169209 0.622562212883982
0.383432474066066 0.998716849906617 0.496573844844867 0.674070002916239 0.553929023813518 0.815153135193777 0.835601388170114
0.501357169160742 0.58059680239056 0.636705501899553 0.751238789793855 0.535426931117935 0.716730524399649 0.707559372013894
0.531678578001179 0.70290184296903 0.637008320215975 0.804315086235611 0.557569088932496 0.67558115526667 0.52951143708665
0.834891086757171 0.553664541366551 0.492470386687597 0.902411071534785 0.9745766470938 0.306152181259392 0.843978670233451
0.480349484426095 0.916774090902534 0.861422618968812 0.650020381591452 0.361611422811703 0.690042338738802 0.721192470286742
0.964615239944753 0.412365993989182 0.980303029043802 0.394556820383341 0.876227103877017 0.481342760317263 0.953527241997669
0.459654486412863 0.516321188398189 0.694456233582531 0.882721219294997 0.88963711896588 0.430454971644095 0.825619029941892
0.91163513037681 0.947273851652132 0.529046555432453 0.997227084460293 0.485149685279393 0.604192495659836 0.411890877450153
0.919957046635887 0.979840501209384 0.337203376243298 0.602491855564104 0.562501628373729 0.6089196300493 0.773006718309343
0.595871196945469 0.946066383070913 0.407477926875441 0.988956176803298 0.654058369786458 0.486681583510401 0.684729807761914
0.644997973958483 0.640471640186839 0.807086664441276 0.692468938296985 0.687810030572249 0.435247463210825 0.556700996812771
0.421284987057608 0.67597867452115 0.662457296559058 0.562707403431981 0.548238876907081 0.878095059080441 0.81028891489473
0.58456413753304 0.444188458080267 0.491558672692358 0.705094104518103 0.976603622661182 0.585410672839435 0.976066699500991
0.894234550565197 0.445190243572164 0.622225516398855 0.478657088628007 0.919091387345088 0.849324184139142 0.512928745363346
0.802386165029457 0.981845432169493 0.38080515342018 0.335790288816201 0.85108494076576 0.770551934655658 0.752572685670619
0.465648749500457 0.762300425984815 0.70081409931531 0.515223908881167 0.557045065205094 0.629545861235356 0.998500424528213
0.864332438847908 0.456626392135785 0.456928268769724 0.841344234943472 0.711294223747418 0.847281952660559 0.4905227670879
0.587861607539686 0.603327320547332 0.961728602320464 0.356219503980866 0.9865651780774 0.94866026159612 0.495957897868034
0.533357532369077 0.59716344868169 0.699434569583196 0.553877767376078 0.779021082588057 0.773278388717483 0.520032787620647
0.852925187269809 0.554169765877 0.528643125658127 0.615098647374212 0.53545457321475 0.605242642225252 0.805983963303753
0.753288013876259 0.813301552181662 0.43300582101849 0.605906589664574 0.989474373467065 0.94218787107223 0.348822728167431
0.516293251988359 0.53356352254714 0.914532617906912 0.695778842167829 0.423787996952698 0.669912457462813 0.91264125710179
0.526506883462683 0.470941447345777 0.696126692825947 0.794729590183191 0.951807383400254 0.600759800161395 0.553109495475635
0.65744823322752 0.521598026672101 0.540201275300706 0.687378402119534 0.422770778047151 0.916887198105821 0.932610121044774
0.742727547284052 0.790627523149695 0.542297836754828 0.799689777759262 0.857545515240508 0.212759020400027 0.982196757373252
0.860366772024039 0.840544989323684 0.593964204615 0.853010969877832 0.515207288437903 0.481453823480291 0.485518019034578
0.735473049754465 0.498367751851572 0.667968943625865 0.816656659803671 0.672515770277645 0.420372000950331 0.697813568436781
0.809782520685565 0.168366514846142 0.711107966884878 0.961329228364904 0.712332545544574 0.708988567204521 0.859256249917354
0.35968627027706 0.806497548491851 0.528223411381586 0.641382613583861 0.769685823114405 0.892414751968127 0.630194181073777
0.86654487299083 0.418237901013387 0.635112330295706 0.911045645971021 0.838513624277473 0.458006840229284 0.572387715479932
0.512046921380142 0.772435400129789 0.676287840696034 0.465742673812273 0.616572454588003 0.605715978988537 0.868018480539204
0.401451109122215 0.742842497033499 0.793255388481508 0.508265254586574 0.854249264524245 0.541397951557211 0.756066127955501
0.66533541484323 0.650210950771734 0.593657340029172 0.701334402557322 0.870583894838689 0.536399543386671 0.471173158371606
0.720503908304334 0.949707577895594 0.668782611753929 0.455070146027766 0.761210905418988 0.522323182206394 0.52302649022118
0.497627656148474 0.40219910181835 0.924191691505156 0.905270951518509 0.839288987702861 0.46186536757374 0.754808829862979
0.950948085034296 0.581972026835735 0.645008799742924 0.416453684517508 0.811101205432006 0.567768822348211 0.634220116472037
0.507248337485882 0.717926642150106 0.555542166314433 0.589783674481185 0.843409542384234 0.551212714426731 0.70694775017807
0.548547554196781 0.3761268368913 0.484411680176413 0.875796523137701 0.983233997137316 0.9815457462487 0.646314422128445
0.846453704772084 0.662700360521533 0.518842587948001 0.509659682699305 0.377518628884688 0.961374756913878 0.958389428058562
0.812131862353768 0.738644446341274 0.518455744169359 0.893306262942287 0.910776559355942 0.341723245047458 0.539737786574828
0.513854517216623 0.517169824223191 0.530981069773728 0.651499659527561 0.947022038947913 0.6656886050402 0.726987960793949
0.635651066449282 0.597274658158754 0.649864604343123 0.593706180955697 0.76031114794514 0.788572258255092 0.438537396441067
0.997553182708884 0.435260034908615 0.563028313544065 0.939952458893705 0.501375198379143 0.840580071277422 0.539053781346111
0.623686819812274 0.578338382946311 0.657359792885198 0.705992065662729 0.981335091915243 0.581564247483397 0.451082851098842
0.606079457629434 0.855916675408593 0.715746029875555 0.434636888615543 0.474143151825958 0.766916814170036 0.695405780850718
0.518362530421682 0.421807042903106 0.683551452794318 0.683847396630431 0.964900084768571 0.851999308415938 0.541208226035834
0.144643509764704 0.729390110790096 0.960911266884052 0.760770435473519 0.659602313325244 0.866078142997847 0.949292998534825
0.60036743621047 0.653159675710112 0.80683784528182 0.422036477719275 0.903466313389333 0.534564641632253 0.649723927689286
0.590440182479146 0.644854195303652 0.566900818857049 0.593168811815945 0.859767105353354 0.979340666311599 0.422978662367241
0.589829944865226 0.846733008234439 0.785788520035575 0.640022867227211 0.423923559603811 0.543049504705464 0.696467727401947
0.452969542879566 0.624741582092014 0.684536750205811 0.729458531026528 0.562370646264463 0.821174608068489 0.595363028979893
0.704368039910621 0.792252351360762 0.89641739610734 0.685010647518565 0.613119710411335 0.408669692916054 0.489953805911152
0.533737063464699 0.593937242482736 0.540162045330324 0.673630273136008 0.679933829848743 0.556683385304376 0.972218825395539
0.569036580339811 0.64816858716626 0.998962487583992 0.644292768037152 0.619518140426993 0.586810122929178 0.501538209510908
0.829081616852632 0.918886787548126 0.864385508548797 0.472001368022314 0.824726296138168 0.213892602549291 0.864545225946155
0.591461596591782 0.620683546982113 0.811388802110924 0.236524976596335 0.734205648801974 0.993293737770793 0.992550503483557
0.640621250958227 0.473075215997012 0.514743498550628 0.985098713174663 0.588698748478862 0.617695599043911 0.794632301226821
0.826361527513856 0.611776929903843 0.54443047710205 0.410080497121046 0.878865099516685 0.741224685852879 0.573449192568655
0.466049770957677 0.801864074285263 0.986199989269833 0.764503773126776 0.536423551823176 0.668055653256934 0.456952836265378
0.563619412310311 0.40372541238652 0.619248952216527 0.769175322134104 0.676869995083699 0.835836662227172 0.647275454486162
0.884162514169472 0.653121567100831 0.454662181426264 0.866780921220249 0.459470672873352 0.506440506609069 0.876131346387017
0.97530140071143 0.64298858068083 0.488491933671738 0.507446284299155 0.893208935531276 0.691611325798575 0.488946915601488
0.692918301268478 0.505995053992812 0.915642327163695 0.541482494890122 0.99263265264935 0.384287705430075 0.744755966427213
0.664858343702481 0.503333792870676 0.566710123805756 0.836958381060506 0.652728797673802 0.6901694125011 0.541646662850486
0.647765081153546 0.554167687260983 0.626884223443395 0.628379004863415 0.552653987276287 0.698418008670316 0.670187308420241
0.599696541525494 0.808284541351919 0.49399974396216 0.517578858505815 0.473384706575182 0.999034960627681 0.807876840001275
0.594204878185585 0.646449681660335 0.853477209776281 0.811777535563669 0.961141340937559 0.637096334319961 0.278732503579999
0.614199211501204 0.499664397429938 0.660506122241783 0.782298665010947 0.401186870647747 0.727590378590465 0.926597640486769
0.60123293940192 0.592125506082545 0.935252367137511 0.524879316662932 0.705505473336304 0.526610857474653 0.634121601619049
0.764881059623922 0.55360102753097 0.396760837801113 0.528697131128522 0.801177857869436 0.734496677997358 0.777736863060248
0.683178612713535 0.562683201809036 0.770528797631888 0.530983017357336 0.615389136840112 0.754901842816776 0.522772966881401
0.781643146009777 0.837171249966936 0.513941483219338 0.484393218550154 0.8563041143007 0.456503948783431 0.671872917284832
0.919618642319364 0.864933545834359 0.388032546403754 0.995957348296785 0.643134230617734 0.325839040795411 0.862416546306527
0.973762342180968 0.35898054824685 0.993608303775084 0.785277016153549 0.550730882674295 0.425145303500359 0.900209357435703
0.622840457062854 0.586897231558068 0.518150027082636 0.802787855392797 0.45539685445485 0.655391896560404 0.973972622066166
0.413779843664162 0.56824968725142 0.658128119416946 0.783264501016873 0.754817569019543 0.976589247127905 0.504596680791594
0.972126949095001 0.709085630528598 0.897211084027796 0.310711852023753 0.640332949056494 0.555061724957698 0.681287348307255
0.507423308830624 0.847799506414254 0.598986715203231 0.684516965320517 0.887116735104126 0.452755286387096 0.597951986394669
0.51595498397474 0.988740521383648 0.500361104375057 0.881600504829637 0.355997494209704 0.852357803950369 0.74430734346496
0.337117509320354 0.883975055427293 0.541148037210935 0.985876941733072 0.492879949034603 0.818703024676753 0.78473018812533
0.907141876603486 0.932967398296688 0.678850509274731 0.869557567513972 0.693861757510997 0.485184003661809 0.287275900476031
0.930782464717933 0.812242142836818 0.638436632328718 0.843720561133743 0.346586355237493 0.542197154495008 0.589790600406909
0.407387007941495 0.486760889200469 0.81452175915694 0.55410291424098 0.853518246815747 0.646200873194609 0.925579964187323
0.41880574546177 0.462902770443138 0.983643221061197 0.61171027169273 0.740866190057897 0.878006234751337 0.624939288976767
0.847423760449968 0.93615662306405 0.391576563174488 0.778041130730683 0.708709128835855 0.486360493338526 0.547756943897094
0.636615260860241 0.758456763725657 0.92444304005058 0.503924534882112 0.622770432476143 0.393788567709085 0.780878508978967
0.341257588954798 0.986023518470783 0.346717226229805 0.877147739373753 0.980099323336308 0.730735188822248 0.773963591564774
0.637232274754478 0.974556472910492 0.436697279039826 0.493772885431076 0.673166573779608 0.915606199177201 0.575460301772328
0.510768863556026 0.749413415575514 0.688283763109475 0.523230458821515 0.732136893760912 0.584050791345908 0.641365557650333
0.996708988122508 0.498654250568876 0.94353456590247 0.482375269350364 0.704585251394283 0.725160946429706 0.439008446873714
0.432729235101421 0.878287268270819 0.94699692004625 0.531694123879212 0.381678461140644 0.93218905678576 0.766868447661943
0.78174420931113 0.677782859322893 0.98303741594518 0.460328568948344 0.796284002734708 0.416372207637356 0.58180634417342
0.796728434372954 0.677483837523385 0.961594648879325 0.506662507328354 0.521531747008524 0.522648630355674 0.608833866935532
0.687326400272618 0.498989065777002 0.56250427158136 0.682675219523208 0.813868819311651 0.913811730248707 0.436925847808516
0.802961777131443 0.326061416830992 0.921241178769843 0.434774279267491 0.994137187694677 0.707180236516849 0.690933872623758
0.711693480010943 0.531930164881905 0.633330312719708 0.545293071809619 0.522583780637854 0.64908482608458 0.925721981208268
0.807709049695937 0.545579839846773 0.650736503970736 0.589150716008554 0.522552633967551 0.51298387095963 0.975429949413574
0.591832420368706 0.727702123760926 0.574526650263441 0.624963862860092 0.728938481565248 0.542920019230548 0.606074927885528
0.501109410582019 0.882891770926267 0.441811085453688 0.81260410668137 0.940825188230427 0.532477755861257 0.589362629311669
0.530068755735922 0.705495109441887 0.940161571633983 0.72921833814121 0.393563097675715 0.900998286464484 0.512187440291044
0.653795434511576 0.752038852488976 0.837642797754391 0.772298086437197 0.455527013526299 0.343608251376342 0.885332284674416
0.866212589817939 0.632982513858802 0.555766456826759 0.380743556691141 0.865696264673369 0.839753593771028 0.527918750370663
0.969374443562729 0.495013438564177 0.56870721520933 0.901463397251332 0.925702193950332 0.47862841884369 0.479443345881386
0.762398444371797 0.755345666190099 0.404629811793614 0.432668346266201 0.996340579648215 0.552978880438853 0.913295797755558
0.742714884996593 0.42582109072099 0.926067384460472 0.538497151978498 0.606584664169851 0.521262659499307 0.958684485863622
0.0431390694902897 0.855972974092368 0.874875932145593 0.85286121099354 0.976465015995902 0.907719157830241 0.868478630702314
0.935395179012647 0.831449263404885 0.325694766570243 0.716872021642762 0.581420825803887 0.740990274581668 0.563796717794283
0.623747088021837 0.492505169078299 0.783244659315713 0.745214498450248 0.446601678849122 0.736914712367732 0.663071754108647
0.90645225480663 0.793597739336894 0.910966721923493 0.504722591909228 0.334428213076361 0.555145943875594 0.766463373765116
0.993933501618997 0.487600683686851 0.491161214198898 0.726994791343707 0.522079623331935 0.983071697112717 0.581351065357841
0.44796336462764 0.757842979798012 0.484913101663434 0.978918789060483 0.614866329930774 0.996551035095623 0.528283176788135
0.606301778178695 0.843955560128746 0.962580240142552 0.544143857012803 0.52960482590222 0.631402223019913 0.495707584447363
0.443143183468993 0.990918623258747 0.600670939805647 0.356073192440582 0.667260960919154 0.985291806471591 0.930783068655472
0.580115352061177 0.785446543726114 0.580550865477028 0.864425059569505 0.682287229834625 0.461006712844292 0.561947048889811
0.515124135675054 0.660490677128636 0.466791462095145 0.771709923273626 0.82824346322647 0.557966148245802 0.702835268191011
0.704135186997823 0.828814195253764 0.722701141685368 0.285197376654164 0.711746663934241 0.915289228369662 0.547168811881694
0.735355372635185 0.902066598697907 0.475304718622429 0.705939491391214 0.605730543143332 0.828515808542586 0.388656956722872
0.357398829703901 0.555687842661098 0.887446577635012 0.574795270655611 0.867102830059631 0.59651062066979 0.874629465098093
0.957693152196459 0.735663291870744 0.741586802179637 0.407594337653777 0.903019088028441 0.577362771591492 0.432032693147711
0.364351078991711 0.84940468561774 0.410855859239492 0.934896762685881 0.921074635639337 0.888745869870382 0.54907256038745
0.40180654233207 0.83298493331608 0.387913870860501 0.736010768131912 0.591678615180474 0.951063690993294 0.971544859226529
0.832690903435512 0.39203517706226 0.896120867843195 0.853839165748076 0.436392144942297 0.628999903263794 0.660975383417119
0.809186356602131 0.601555388449133 0.664619733865594 0.929483466748893 0.563196570939077 0.547301936750662 0.459956697536126
0.443052886118319 0.626891918135785 0.846157947505075 0.72576020377537 0.913642402745478 0.506892013163356 0.551544531361661
0.518098910670554 0.907161704910856 0.998948147914022 0.653490554795409 0.686204528723085 0.524242104764077 0.439402714610556
0.836311585745038 0.516529929955907 0.497458577989547 0.530196178791019 0.559599338942477 0.826811046424658 0.794446777570911
0.422751493451214 0.495752654880322 0.918015744179206 0.983057834738611 0.75594554779945 0.646054627906645 0.530244298176696
0.508228246795232 0.72933959880736 0.750923401461316 0.876547570254263 0.577965471295624 0.698653611476416 0.418019719980574
0.630507523738147 0.410091436849033 0.961179240960533 0.932435967087674 0.539685212674296 0.606398731870596 0.62237639702015
0.586867111846141 0.613270290683214 0.371247214744852 0.782494998742422 0.552532406338628 0.818375023065777 0.937486173563093
0.523287303366821 0.355002811050401 0.64906215629049 0.787139099824012 0.838871369079772 0.60539520233775 0.918875921550172
0.393138671511854 0.620809418256352 0.614929195325236 0.814120081519302 0.6367928573236 0.596225174456214 0.899255651467763
0.63300044374817 0.621687936340823 0.566328448184392 0.939707024820024 0.526898923582912 0.446471704944784 0.983664500101239
0.929244841705062 0.492412901564904 0.427644158548585 0.53483156367207 0.851687724733642 0.588544697181647 0.954347349851912
0.552674332561556 0.620443671663471 0.579205013049228 0.441569251812464 0.700246749867469 0.768053818622779 0.847447132816975
0.969267930861205 0.394920794044552 0.778194507967774 0.613749786506264 0.582915234733245 0.796615366253128 0.531787676299326
0.72908428010715 0.36980315341901 0.82459408821315 0.825885022002856 0.903699931424716 0.343581437708096 0.832028824816226
0.866799083700462 0.498335507564342 0.954438170949544 0.803524644299214 0.543191448290133 0.481863636917844 0.538727343538777
0.873693780231974 0.535237174753435 0.46327726088084 0.657857629753797 0.470159356911666 0.729002016510436 0.906519837463726
0.635813830710239 0.569750482296184 0.836603036703435 0.759824045572719 0.572958158536632 0.357960693536662 0.942628190635638
0.778336928076268 0.812158289080944 0.453103295484755 0.557351398698365 0.809681320783353 0.390176750298875 0.888458128912959
0.694732642636963 0.760242213415476 0.678012314404567 0.866515693582256 0.455563651650086 0.449683148488352 0.641427357285213
0.509608806738461 0.638212324179729 0.828587940143149 0.932939497794682 0.620747872555949 0.807892541619075 0.356564301395023
0.420029561801154 0.847581182791769 0.88054813285517 0.617202719848559 0.593891009462337 0.728966377188352 0.508861982910477
0.556938670117297 0.888179666268125 0.492431697297652 0.557339657741925 0.705602458076057 0.574855525740222 0.735044581625509
0.33983797645314 0.639699919272223 0.905932217309023 0.669508348183367 0.677215662199637 0.578393434799801 0.81464992504976
0.376193923474082 0.980311002984131 0.637403307937866 0.695885699863964 0.90218374908696 0.449770956899558 0.727609774715931
0.561233485980353 0.595307841527153 0.903318804828466 0.765249643509141 0.462404428536634 0.46180151870069 0.97577984427494
0.570047452992461 0.633676745251455 0.544488432773216 0.739788897918316 0.444847898476128 0.687665208830625 0.999227195362189
0.806389790550027 0.417340380418933 0.659346627784226 0.526040165681922 0.527940841562076 0.848851868341493 0.808546080769791
0.678009985355384 0.838946324984718 0.861698169462548 0.41088968114149 0.614625573453344 0.718784109890565 0.474062784515642
0.479077249208347 0.640768460140938 0.684008798190997 0.616619954641634 0.585443329147797 0.831391680689435 0.60951889803773
0.618724908586703 0.915373550793108 0.358957549934461 0.438542388815457 0.901526729351102 0.8113236405985 0.724315682001971
0.461869819837423 0.750588467157055 0.781106255392031 0.324522099428591 0.645382745787518 0.903960997079094 0.904878794020336
0.499620308900917 0.688949656069809 0.803474951272614 0.499035260629549 0.539324936869915 0.6611005176788 0.809722017828637
0.527521914423688 0.791966972171155 0.886300520558871 0.3741164707418 0.621664853148954 0.707219170196677 0.683818317232801
0.556211152773764 0.623606031440404 0.914501346044262 0.991783875498325 0.271010890950712 0.650224436451858 0.984720961692522
0.397653901451077 0.606917778982704 0.932522249711249 0.376981337069441 0.715854483585238 0.904307258640656 0.991983224357012
0.620752281164905 0.488170460847852 0.506548680985299 0.941721596648571 0.612930790819701 0.576776470076006 0.864462606272851
0.532286225437248 0.95760198391207 0.947859309525847 0.654482820230912 0.589594748381882 0.387160000866121 0.663339748257651
0.756409310015042 0.609286587683589 0.486662526645015 0.679378868851856 0.451977605739165 0.66501498199279 0.904345271947206
0.955788224334546 0.501173862684643 0.679509596897467 0.588044570702564 0.717155912890675 0.596399479869554 0.516365559587807
0.77155724434054 0.502279543383672 0.715992835193578 0.723310407475017 0.588757891351731 0.75954990227688 0.437919282701506
0.559802423197703 0.505275729257416 0.954563360927883 0.436470924175138 0.941834123753704 0.92928256223754 0.516822748173897
0.383378142000874 0.907449011141755 0.838870375684129 0.982378960036394 0.541923541380193 0.827584721456545 0.412311756455336
0.832502245183189 0.874046302604377 0.459677178388553 0.74925184615468 0.495025360408117 0.563927254179053 0.604907664268295
0.531398169810274 0.625923812313156 0.611144294620669 0.968330265019883 0.636485386684037 0.833326013607157 0.426986468751032
0.575536865879572 0.90779486296418 0.743674536607042 0.632809491065115 0.430574719610823 0.995137886936571 0.464716096494897
0.616487056148602 0.866635962001146 0.50570441451761 0.815207365907274 0.551687978280404 0.611132396662353 0.547834399715225
0.592476425603212 0.655326001545896 0.671775037789951 0.619481767695499 0.523860170583967 0.523496569858716 0.906010830018265
0.51459886170429 0.487121339494219 0.563326616722053 0.880060024286742 0.773149704194058 0.65075130640842 0.649519948614973
0.657513406416165 0.424501443331656 0.719952456191948 0.802814170248484 0.689933372252407 0.605745540167935 0.572662225517051
0.810334049528245 0.401744754768998 0.385793668439187 0.610061678484806 0.945734027607385 0.857230989026826 0.768724427974359
0.94576327553831 0.841981142444691 0.515195083121927 0.476544678060067 0.585180453626575 0.709351727224606 0.545582282080229
0.702507952937026 0.444667889780784 0.825463850221278 0.499757653279365 0.825257214665825 0.468557106894673 0.90287705418852
0.877833415594766 0.924399983997842 0.532420836517897 0.461597694715698 0.438508646981968 0.840437333658769 0.639278690990933
0.789216418248438 0.545536193590977 0.577043541817248 0.429551482500584 0.876473957041652 0.755712534175069 0.587939076780737
0.825407905382983 0.499532626619525 0.989326267376502 0.50727841405182 0.483111711281815 0.542871067732341 0.995400530324109
0.643941795774687 0.91612325366424 0.437280100638341 0.785062720369068 0.731439005978421 0.53559278271499 0.535740959873729
0.81201659474952 0.469157505430562 0.807410725791045 0.399259300022231 0.77453110379534 0.721055496901659 0.604725147277126
0.51669066131449 0.677960814123664 0.845629768174638 0.47814688102522 0.865457226739827 0.51747819184139 0.65998096162602
0.700558021282151 0.861431797832929 0.950432102329392 0.40773185429053 0.455771473744534 0.575519119674244 0.751955416757829
0.575444403812494 0.468196147214032 0.903860101944503 0.814759645576443 0.718421340116121 0.400889398160353 0.7651377338436
0.600882770123523 0.330145537548346 0.476932011840664 0.813653441721242 0.87812076849763 0.971721876815844 0.739191494372762
0.439334768329055 0.673767337773087 0.879384544800163 0.873083958650335 0.83564768186256 0.493239091558727 0.485458771617475
0.54512614835628 0.559477476393508 0.638811003717715 0.992163590137387 0.6789639056373 0.458558249792861 0.731136759336257
0.61459827288883 0.987572604221778 0.692300200352369 0.156439320709793 0.834606098114162 0.926696693726291 0.88905512749806
0.432710619534461 0.634176886768653 0.791354057677887 0.383769546221736 0.850431197312372 0.68706511360166 0.971999332812417
0.746715410137473 0.282952887452903 0.882902057523806 0.475934438801584 0.762941305582642 0.987112818328347 0.722563862646963
0.830370309136326 0.960358556722445 0.30936559676953 0.357399400420981 0.975499921051019 0.737524108194676 0.898762325194438
0.875846849818182 0.475814715468856 0.967930251216337 0.788385500076539 0.50870671866523 0.697867397658743 0.42436694002703
0.556556760907457 0.559041688595559 0.812735867686909 0.752953488529352 0.666008043976213 0.553687712214492 0.550479430605521
0.384371135477882 0.674705326306279 0.589790396678692 0.968802687055422 0.837979904037682 0.442847659637411 0.903718934496091
