0.569041343215167 0.632060682999202 0.804051171460968 0.594992504270112 0.608655172688481 0.798406109982307 0.834513956264459 0.637494542828103 0.825839966422285 0.694140791635109
0.944985930060428 0.518085611339528 0.724214189042361 0.929527253343005 0.71353316766345 0.496620532239728 0.801526140104027 0.895757417160646 0.808262167485319 0.488891564914314
0.633300837155028 0.969794513668662 0.906367516488169 0.866082383728996 0.601783563260101 0.944345400168642 0.614165370539769 0.91514619308939 0.539136194214551 0.445220187502475
0.766908902355436 0.776402371036649 0.96946972917526 0.926122668034213 0.864375342627 0.674961381203925 0.843919421802652 0.789005466875264 0.409019288130788 0.410847651444029
0.657538138237201 0.733220984853751 0.501822543754119 0.918878268415921 0.907664572347842 0.861678133424534 0.533189749229416 0.845898778802208 0.959112819120567 0.465399411769219
0.586907161402318 0.870132143796444 0.804288963987896 0.523690701499886 0.821477023219976 0.866246122124061 0.6454415519401 0.520896575651918 0.677172537714439 0.804845237398342
0.390493193280574 0.765607655526759 0.877060525129061 0.944216998498356 0.851547141665177 0.719628383139858 0.471107312419819 0.869891167596321 0.742536274349609 0.697104018320832
0.893795011541145 0.888904376768052 0.644951566004052 0.618857943640025 0.824691314058961 0.92091601865724 0.41092985761068 0.941955398324044 0.687565212919949 0.530879664447994
0.472865183907402 0.541486490223368 0.831179532619913 0.837728077244059 0.708912854826521 0.579472126431442 0.812103875764461 0.795952749782943 0.793354416868829 0.724602704245019
0.833679953356364 0.508873320450112 0.521036537420532 0.938370095045712 0.615212807344662 0.742135442352297 0.808430468179296 0.894224495866162 0.687172925591705 0.62902217310744
0.639605101105721 0.61450182180853 0.856474358536933 0.84547188962099 0.736769913124078 0.594357217724356 0.713579343061837 0.561276333253877 0.623210277238851 0.836579573810858
0.617115049169998 0.515631539235009 0.978050313609194 0.877750870857447 0.721405339813826 0.672462906489343 0.974153093110891 0.724866956560631 0.583524592043563 0.589334541986778
0.581099891617194 0.559629615180913 0.898736424039338 0.675754644771896 0.857601708682351 0.603195522122937 0.98033581354571 0.81432263155 0.56919895436435 0.657912455897395
0.561166710924367 0.555222731475646 0.693362929488823 0.859454215348777 0.631145368208237 0.652431534066533 0.92227914576352 0.893034141522808 0.758763958567475 0.595915252015688
0.60661833300986 0.778471624554984 0.653140645393641 0.776909022464672 0.53429932660888 0.578313052719988 0.815491466439166 0.577894063586235 0.875781149311412 0.938755369778574
0.558384987971654 0.658256222509752 0.71264805864581 0.576623059162835 0.636672845548194 0.843023492034638 0.946075700404673 0.862607584367253 0.564897563846101 0.757881602634394
0.970022949329176 0.912514936244678 0.548269485648159 0.92876916902198 0.634337052499022 0.571881833939944 0.672363336248003 0.776976129386992 0.501228901519652 0.756154030355963
0.650740764832729 0.65389669495219 0.61268423506107 0.620696267377551 0.561520780841916 0.951348161585804 0.878147233546514 0.942713965456589 0.596440506399132 0.702133272758143
0.95737729043849 0.497909588101237 0.849549159735512 0.491520454294659 0.663752195705066 0.680591973309775 0.830024135195343 0.664838684780567 0.689592304875548 0.88936679189108
0.473916472456994 0.576255069505233 0.778294271915549 0.845219903087946 0.963466023307227 0.42390042918124 0.717397866828572 0.779961725188758 0.935953867054155 0.929587746013086
0.701901823469324 0.678898281974596 0.75702765590786 0.751636591986721 0.679078488423537 0.482456090975961 0.989455894758528 0.725661475107915 0.509137237778957 0.987758623213267
0.80526526198985 0.984675861631227 0.784679337563163 0.550432320617151 0.859033529121772 0.681882848815504 0.63552164393229 0.525245207778167 0.788011974663996 0.565116232629248
0.88049199090648 0.982721420517974 0.722005778223571 0.417198677706481 0.669604056808403 0.897531152474862 0.776914512689311 0.616924907504863 0.544795367444372 0.787644507450536
0.524668801395897 0.644127058158291 0.96692909124391 0.810443567411414 0.560487609181053 0.933167813752767 0.786760175782276 0.52938976151981 0.631401558472537 0.900292118347563
0.935165326650001 0.725231409314279 0.531451813141165 0.715352709260585 0.97179973333274 0.66518134705871 0.306247132881375 0.991290512725669 0.843269460081713 0.969915787766753
0.670125794431585 0.996586012233812 0.603045839088513 0.732839001984879 0.706698323825764 0.698836159444017 0.70213269556866 0.942446337118122 0.517115536706929 0.599645836405359
0.600570113764594 0.592504184844394 0.583006336607192 0.789822774775238 0.60330848200544 0.751527124795931 0.840755688322745 0.7950355445489 0.872238736328235 0.60814582324063
0.563706151892245 0.978830826334177 0.743548947133976 0.851439265949354 0.714093963765377 0.595510259547431 0.606692033350463 0.586688398972706 0.615327715825436 0.949825346047247
0.501075282385574 0.929956924709365 0.906964691446409 0.654550719201294 0.617267500390476 0.902232033461609 0.700475373952157 0.637142893261574 0.517338096387936 0.911728921731517
0.885278984892174 0.665391003562205 0.512760070092921 0.762064061616587 0.62606038254311 0.898866286241568 0.738888154507732 0.804354604293427 0.602874207712496 0.591790040609791
0.584395856515014 0.759590314203874 0.71494587201342 0.472200410123412 0.993928200206619 0.871955320416671 0.685584456273642 0.976236706179391 0.638201348968222 0.596396584433745
0.571829668560905 0.831879296140526 0.876682904325769 0.588343934819769 0.76755391890427 0.479910024073589 0.87639190712849 0.831137886951387 0.691778012838203 0.625274976507447
0.401228560639753 0.832294634391165 0.928587628716865 0.734682040604012 0.852894171803435 0.49227554176103 0.961887209367062 0.812804546298023 0.833366087081223 0.559354458109992
0.783245394648137 0.686236598171789 0.510823568069789 0.652999117224597 0.884186947295395 0.638738683414159 0.883468547728364 0.644481193891912 0.955925107503338 0.542803570139354
0.981714411522456 0.840156146283826 0.62458280814982 0.589912538769835 0.622852426578502 0.572164615267373 0.966923040222406 0.503521217427835 0.702508857799631 0.939699661517303
0.455752809752817 0.827343546114988 0.56235638721745 0.464105286241199 0.9261891488147 0.760240774212213 0.999027404905909 0.656860666720522 0.884478822593192 0.964694897271161
0.553975183559658 0.540590795706869 0.823678587399132 0.892731814023298 0.525470708865255 0.51365051835544 0.887596732413059 0.82866186871729 0.883034670457063 0.826727563316384
0.726337890780594 0.885331687098689 0.963098094027336 0.736213166001256 0.625244243448885 0.450247556706516 0.917669464243431 0.576605688495438 0.901881730457462 0.549803262325575
0.612855107264347 0.554176533138918 0.906813798289994 0.784260274538815 0.702351221107252 0.917482574313289 0.558273042358538 0.604272847374512 0.630328953790791 0.888870871786534
0.971643799225233 0.892222262538679 0.664465889802641 0.875908376663113 0.550104550770147 0.980783580710323 0.519804294295946 0.532085137536305 0.885115423977782 0.559441117454051
0.88171551163635 0.688598653046461 0.702705004391495 0.716872918846082 0.582003596233876 0.659433834478846 0.921199919223076 0.575818995942277 0.627382415855476 0.676266197587108
0.989215516258236 0.882627439739106 0.531022742032092 0.710251978728423 0.663865011865957 0.767536075116552 0.667151944523473 0.678498575988015 0.699914307314896 0.540668780251433
0.837046563355309 0.819029562460695 0.683893953546832 0.404808933605634 0.990975922048614 0.646548149426366 0.715095023068504 0.836784992485568 0.538055042433894 0.799232305719323
0.453527421645 0.50831295187322 0.700941863309511 0.968850352000504 0.817817561259566 0.636537630529223 0.683433488820637 0.806871846255492 0.873633936396831 0.775436108617588
0.826347329730056 0.665501033603598 0.567977574112658 0.920507972380452 0.949081054298118 0.720946699473133 0.773104192116054 0.551334747350406 0.540246016976324 0.653051289640226
0.523891010676096 0.609306146644254 0.581144684451817 0.826202708958044 0.647804191528305 0.891072128010486 0.645898806189015 0.90639233077499 0.626483516399486 0.926098132771037
0.571936083963141 0.966721665318108 0.527065414116387 0.763929634921423 0.607201802907201 0.808261053056216 0.802837141177353 0.848747752855395 0.645127328577901 0.603114372983074
0.98601736067997 0.756864930807072 0.855489375412319 0.897485181650346 0.611184316939726 0.711208726560384 0.53641292428744 0.710418857722341 0.561296084028565 0.571645194145692
0.807764539859767 0.891585787441311 0.594748649110628 0.408806762379993 0.702131459809522 0.658226539914759 0.753410549119983 0.687074003118544 0.972766017997602 0.730652096842109
0.667246484991317 0.730369413380211 0.964151535646083 0.493898898748723 0.691350442710354 0.706717512458443 0.987516873037355 0.396772060243602 0.902424409208001 0.934341264628643
0.996702597165222 0.957561718454878 0.566248622918806 0.781650877525215 0.680175081634297 0.507475832077918 0.832166260506811 0.782377296556876 0.654409910434379 0.528255181881561
0.866495922072684 0.738626749264059 0.644727011272033 0.615761781122525 0.663812898850742 0.634292514153304 0.588242911644848 0.761211907520128 0.629301915724059 0.828949350131389
0.5699592184696 0.551254667208794 0.778387036556462 0.800616922826534 0.684333687656133 0.514471869281725 0.971905328563165 0.794782827672656 0.86557787629151 0.641571285611193
0.916885426509899 0.687127210726784 0.681350500351057 0.61140968222085 0.587612597678982 0.431860953463708 0.896449801882957 0.880769224282964 0.926848125610399 0.654272531058619
0.819300413340172 0.974681093765584 0.532813623279451 0.614525185032896 0.491042256076967 0.817372320467705 0.718613359487574 0.527965272828839 0.935177325801714 0.964438642241208
0.461033818500959 0.985786029043316 0.530225961454774 0.644828177010967 0.761554337915611 0.683311425497009 0.947241498881706 0.917442183032552 0.647036032139767 0.733264278890843
0.566243205295337 0.787987572694616 0.961643969680124 0.562109398609787 0.833909681995023 0.733751174309815 0.725695475156576 0.702550405805326 0.550950103730467 0.668568353690226
0.745054612586041 0.578135258177663 0.650148535005388 0.614684870946027 0.974204368270619 0.688603992516944 0.671702311730848 0.677302853687911 0.866687684863798 0.601438447681856
0.852731436343073 0.623171897610629 0.98533995601903 0.45339610734563 0.686173419467875 0.418712928019634 0.749797097365159 0.974527799552865 0.924536754822843 0.82112851121982
0.476800034513988 0.741047595866386 0.700618341110847 0.986788624046094 0.524729577029157 0.512181607499814 0.886514077531734 0.852790012250574 0.866779152493433 0.769229243488989
0.821625616501366 0.58686782428653 0.69115210428273 0.936521686403821 0.606949741361402 0.569750099203992 0.61624586119606 0.699488528675479 0.921309560947903 0.661299816770202
0.496635574215152 0.766448060529174 0.877263652879349 0.632337914231 0.885719019144592 0.675890262611885 0.726797302967486 0.837313512446884 0.813382264449517 0.463531850309912
0.518267957354532 0.419344506223121 0.949177735099895 0.887647077982731 0.654045530558562 0.792259547453134 0.716917545460675 0.612445361960248 0.93140108750541 0.867008721866797
0.941505824236215 0.893755131555635 0.913136583475766 0.830168802224478 0.852380762875683 0.410729222591158 0.50205530941268 0.953645131163732 0.435576752277723 0.894170935620951
0.55257651602213 0.676192819152714 0.566987955081479 0.585769282675196 0.667496355830552 0.954065431078938 0.574953101749123 0.815836935498292 0.99214806364013 0.907461324598748
0.700160774288418 0.610921057812632 0.679178850107998 0.879322288895068 0.567449628490934 0.556599402744268 0.956022142729948 0.826560397283555 0.705144757316425 0.62775569863647
0.52318061811776 0.718874592180075 0.833190606773422 0.707504375433081 0.789172537816903 0.526353916604368 0.728825894335212 0.53085098792834 0.877174416705124 0.947831312735678
0.491796439525134 0.789193569174465 0.494013224780171 0.814201002603557 0.611615979256773 0.875127619677047 0.648466269869272 0.921691287651835 0.726417216762101 0.810910366115058
0.94474378848351 0.746292221080175 0.912974244208184 0.573940543166236 0.589865724923157 0.593930719604427 0.848594839252662 0.424390841323192 0.869558395333566 0.802232084198409
0.643076126892207 0.597739342458713 0.921051694908138 0.659227216693918 0.984676629690829 0.680989487489045 0.575480171429812 0.600675480668855 0.621022970518396 0.944057804405039
0.408930662706527 0.878042572009616 0.796323879010182 0.683437878729054 0.9634097111147 0.408932515309982 0.892048588529149 0.863180767755431 0.801977638635158 0.728370841891263
0.910835242946516 0.673420839936895 0.614795422361317 0.818560638003659 0.482295023503129 0.730986322511314 0.737887167526801 0.955789123961934 0.467093414237549 0.904821638095351
0.56346650990812 0.731742900822605 0.794778371829326 0.670084216397033 0.672825361066215 0.651737593142545 0.544260455830113 0.711967220772409 0.93612667316905 0.74811682166538
0.98661933574291 0.799998246290473 0.492132359486321 0.73390021934645 0.635587916990463 0.593464715260631 0.516609825223975 0.896270291033027 0.747213048218247 0.842877874799871
0.767200023820151 0.995022750440601 0.934043389093642 0.523646780676572 0.59977270060518 0.994935747311658 0.876322979190589 0.49334817034399 0.719864161518216 0.54851242964251
0.78557353867064 0.821614575174769 0.867740804573489 0.632578641144598 0.804560474307613 0.986741477091177 0.412775943981691 0.418391311699784 0.931555002255008 0.791310971654285
0.560872820146733 0.585524927552948 0.819002474486006 0.561258148422239 0.546008472627429 0.618248629762562 0.920703854059535 0.997855801339701 0.783969476616653 0.927067574566411
0.776990955576856 0.590522260193764 0.674305356921068 0.503501124430808 0.805401077719392 0.554846361028566 0.615324101036813 0.890782418203898 0.923086546947177 0.832200705551094
0.50562860447101 0.857408231942917 0.914276134954812 0.688912360858413 0.564656418032994 0.550291513452937 0.621281976757932 0.715078721192248 0.883456475321017 0.965521251801094
0.751189103692113 0.903968148238339 0.662718249414604 0.890406011295707 0.493297037283618 0.750212971510121 0.775689075916378 0.365273837227262 0.834322428695667 0.942397937055099
0.459291212725573 0.831760367435005 0.995877911123819 0.86771207179167 0.849191348356611 0.510591541810965 0.622217017973322 0.939392511469778 0.554355690523569 0.766426975591878
0.526036385878573 0.692626765463181 0.751055250585519 0.823020430081776 0.690533066301615 0.588722909815612 0.724074349272495 0.689882733546582 0.706986481515039 0.746028156895771
0.782132529634041 0.880838815039213 0.837927702234525 0.921582547690761 0.651263355744121 0.614581022137721 0.680731891806881 0.527510059808481 0.639135659868022 0.575322858147646
0.781211333402316 0.810685526787647 0.555882743993324 0.531512116628863 0.661658326933349 0.971575621518879 0.849764669594528 0.843272393895984 0.629891491687082 0.552593051368286
0.587953697635378 0.850874368074826 0.881992743976142 0.595049514873997 0.534096254134413 0.489978802848819 0.709160939948799 0.84541519995406 0.862058279908044 0.840723123527772
0.903629920427908 0.499937617922459 0.544695992081933 0.818749415808093 0.473529516741578 0.894180230696404 0.581847559989642 0.876631572673536 0.913115972819714 0.879551469691272
0.754239596278621 0.556068207520445 0.798808694323878 0.818007280611509 0.547595776557648 0.57986598897039 0.692303901383511 0.96855608236335 0.568515797274062 0.92318397742645
0.729060371946709 0.921013742615874 0.996935178609709 0.917500788059709 0.74534750564587 0.426269877469208 0.893112514351906 0.459586446346726 0.743789523718765 0.61217571260002
0.648560163500431 0.841840023756772 0.820177760670081 0.633896791088648 0.573330291513592 0.992699723133298 0.530239466107318 0.985675950416078 0.587212205702055 0.66573419109952
0.71979070337987 0.833219439942353 0.64707126179552 0.666438449650401 0.777616319221767 0.951316859587597 0.858482967861966 0.641450358023052 0.555469021218501 0.490266995504515
0.537180733492401 0.975672169077366 0.697450967820187 0.673630105472344 0.610622489138288 0.572471773932936 0.744682202267585 0.928365590207781 0.948307767514589 0.576010289262128
0.593649835722981 0.956197354789543 0.581108331539614 0.660472048882917 0.912311719404353 0.497800636346058 0.892968305261957 0.557736519540276 0.754439891245745 0.877666682695092
0.967661692751757 0.499360326579935 0.519614985859496 0.740088680519067 0.4741924436234 0.81029176005165 0.947197050677139 0.997717908728159 0.873263871459935 0.655511557298426
0.930987605695584 0.879113823138051 0.742978293263655 0.853741921614397 0.562022721801391 0.716714604175616 0.696447789656791 0.583303795070071 0.560864457143538 0.596914611854228
0.66681375760867 0.628192589106638 0.838703944920577 0.879182095213267 0.896312055954744 0.708301032643567 0.735917073876481 0.462201620110186 0.68160290219413 0.60763573670087
0.947710532790373 0.614949004719645 0.597919092771185 0.629195711353802 0.681246849475035 0.862211415536614 0.653751485018722 0.623131924072148 0.675511275307876 0.750927946157055
0.56398115924875 0.803453375739844 0.503984407008698 0.517887159290413 0.866824055839441 0.975770585447469 0.864068877597689 0.616624175987299 0.672163205474339 0.960775232545656
0.817642804273433 0.46675885936952 0.97594533515471 0.81550297425659 0.855572632310781 0.848122409237273 0.584498901938213 0.674800877193621 0.838732350685229 0.452777005323026
0.861504129584216 0.5413262310177 0.482187727339544 0.517090646522126 0.959869728023026 0.844079261908265 0.996021073529728 0.844940422068187 0.735425047205709 0.61383248631614
0.875876141791126 0.626007687979939 0.633182479688367 0.800453600648726 0.601248057505368 0.94435673755177 0.809912987908814 0.591238332123314 0.610565025764668 0.60837377140478
0.944256409318683 0.904812739568756 0.503734820072202 0.907421150900734 0.631302176663421 0.691873848166004 0.653774302786311 0.610585773108224 0.571342032093895 0.78357696957842
0.714536735930803 0.785185622293562 0.763558799965692 0.440366053481953 0.800813080659904 0.785380067463572 0.994650928582086 0.765396523334842 0.485407636743093 0.687492297055503
0.870073377662286 0.588375943482251 0.843415436979829 0.3960848976783 0.832867371468319 0.729850081336113 0.868357485691597 0.594549954819261 0.851643970255219 0.653865291585503
0.812026305893157 0.973425915120153 0.618844554055554 0.471644950129075 0.893428017311519 0.557619608389872 0.491440839287871 0.793066689348124 0.826716598446726 0.968659530815898
0.873493666952281 0.561049380314896 0.606194820747297 0.691499806129639 0.655360504074096 0.881971036198849 0.875621190866701 0.584068407702031 0.640949731860897 0.698387465080045
0.519387846589847 0.916391950021092 0.485645751312316 0.938417582289363 0.975229519607635 0.921340425670773 0.795641368673916 0.461524974335139 0.633269131777662 0.856268562391022
0.714221411047772 0.847223285184743 0.790912710803208 0.439226757324402 0.601192977562952 0.980312286744645 0.874880979246936 0.642643920719102 0.748699756290029 0.58664645536548
0.771254799974383 0.813125399366817 0.557185878199068 0.813845973729337 0.562233547569115 0.897363205959237 0.758019084799428 0.550350427100546 0.828348248364685 0.564525264560628
0.635561965094797 0.646026396281974 0.822469951654142 0.630559548667158 0.592972700422556 0.721315177880764 0.760716905992235 0.682218643510917 0.586740635747905 0.960970562319464
0.982499193205972 0.520352220780975 0.953407574330038 0.692386631265552 0.776617358652933 0.54814054334539 0.824017954225711 0.878032946636886 0.548049462142698 0.589325936217093
0.960839065997635 0.676475088043497 0.724714291437532 0.852068959171881 0.745252696287131 0.551326361150018 0.88327546807384 0.569497890541019 0.530251295801086 0.667874289212752
0.874609031359494 0.847935779494095 0.571407599593878 0.85401338135657 0.558957650629665 0.64317597246138 0.649681995340648 0.7937727618536 0.644205651383501 0.622552914834309
0.696215331571848 0.562234775554113 0.611241687673483 0.507722276751741 0.908719073981359 0.783371046581326 0.568893770214443 0.914992364061872 0.879366068305079 0.755634770545367
0.601446098130065 0.622524435387769 0.809006187610127 0.765997894224107 0.698565803526252 0.86018124038922 0.877675463089392 0.602937529688457 0.52204910780947 0.690225000690399
0.541736412628664 0.978436086857293 0.652241898251886 0.50649759161612 0.634845760768267 0.902189674870213 0.727321022961336 0.602942905293509 0.797454752762829 0.904543510212728
0.956626169518675 0.635879806947181 0.573949844499389 0.764721412427687 0.667218909100439 0.794569475765466 0.796752636734461 0.602584778121001 0.57363599601795 0.692297417668088
0.657564247875845 0.649656577678533 0.787746994849977 0.551557983493673 0.817130371651627 0.936894254501404 0.631156903472193 0.626115556487273 0.608101954834303 0.783197922309705
0.508048959257516 0.718935511795278 0.738164271606162 0.585688598228751 0.967630730224637 0.640329338090975 0.879720638042919 0.763586199654144 0.532566827533859 0.860314977936014
0.57455203071122 0.883863161471651 0.641865724564657 0.514354815338018 0.500633397442717 0.673241956482663 0.950380626861832 0.748716180210013 0.891814131119885 0.910852872841432
0.840286782906382 0.661868084432991 0.878733469735332 0.566434895106638 0.746419155651635 0.56885464410521 0.550569655223335 0.945702527598934 0.570537038764642 0.866170345219623
0.564846969320305 0.730973968067625 0.611031054419343 0.691307087831506 0.834701827488826 0.675369541354224 0.899251480588492 0.772403338300515 0.763857832018529 0.508821182471848
0.838848834918154 0.821322114908022 0.857005707992352 0.581237112693898 0.585369369049513 0.611582860095196 0.595804188922194 0.999868667805425 0.709738361520966 0.580616800965562
0.886494111948623 0.460607458128603 0.755088286848712 0.798715376260846 0.699170052098498 0.976021418398201 0.882470937007699 0.497636592316266 0.798264648270346 0.555340584195424
0.78979800583671 0.910667759247999 0.832406409034472 0.66912106938185 0.496682685765952 0.567591139183691 0.881677415886361 0.674839617833978 0.577480078203589 0.732216393564672
0.798555633064845 0.632896192815065 0.688242556608811 0.493629770325746 0.813723903171022 0.893631987267956 0.938951804644245 0.971435366467067 0.645081198233113 0.457295352797544
0.842544818628172 0.931060341102046 0.8960001884978 0.924538420189433 0.559359266227965 0.750880688616114 0.553376619291988 0.517149636108164 0.490486068821226 0.925846599970875
0.760017765580957 0.533899679328793 0.517826479489161 0.75751393089502 0.936360880288778 0.512716438200732 0.667596239883331 0.966761094407904 0.722177338716159 0.940079237515337
0.738619591586927 0.530730686625426 0.714486270193341 0.770891189557742 0.732328032982267 0.772643652177095 0.814822618424254 0.51204292247706 0.656164252168493 0.748002634475966
0.526584036992895 0.653548690187869 0.743418573349065 0.524945287354955 0.92129477746251 0.959756278254672 0.849328657763766 0.910688371581576 0.577464508281529 0.61619135484901
0.694772121040581 0.719954907106634 0.89040339542263 0.771807404780249 0.894159232688479 0.543699425638552 0.763655971425254 0.622337297973713 0.805300705286736 0.44455468522094
0.432899324517354 0.886360897709637 0.923038724782604 0.511746330311435 0.700248699225321 0.730056709733723 0.749945188347705 0.637198842671298 0.752524274179508 0.94475736506517
0.57887405128364 0.561362849400088 0.644289210198701 0.791541841361151 0.945162326177441 0.950966004233502 0.801594356313799 0.646115098597272 0.542525273537191 0.715445147473288
0.544737376464627 0.609884687570753 0.827895865692212 0.551817172795035 0.881306863254232 0.634800654158393 0.984409320398737 0.578144211855494 0.886685896860907 0.732503789172078
0.631403248506839 0.782493674841379 0.890604805416079 0.651282001234285 0.673621862682779 0.735494097307792 0.659099790384975 0.610998000157085 0.686534678213823 0.624535215757966
0.845715709800566 0.772104725603154 0.663665145792341 0.608025003815523 0.76344388703573 0.550161562442585 0.78005442819513 0.515970417411422 0.667566613610049 0.922485435771461
0.753987988343267 0.591472803216842 0.984870402409088 0.581063464599477 0.700487310567172 0.587269679844316 0.698871458635412 0.902915597151282 0.567327721902984 0.777550801415629
0.922161962673332 0.892748262851604 0.626306778830114 0.473262136714642 0.732001674187196 0.927648966755074 0.801300618628983 0.486217257358053 0.659088866796263 0.738071424867775
0.629448916610339 0.989151073373531 0.63971738255851 0.811447538321725 0.475917831493236 0.715765361456906 0.574523096160045 0.999159844650133 0.950812819471474 0.602109976539614
0.762467274344629 0.607889378501984 0.504628019065318 0.684854383164438 0.617005188116961 0.937994025609996 0.512252353448182 0.834995087597971 0.837451131959725 0.94485458930101
0.875492380502089 0.580295220212537 0.887388791954479 0.630035121570868 0.484778513224175 0.833257997548592 0.745538606886612 0.728868394436208 0.524446521237952 0.966528818941106
0.733783938846368 0.776185831338725 0.624875208327113 0.894825579142019 0.751217009126874 0.813636769660795 0.577237455070009 0.565340357516903 0.703755364915341 0.58141467969604
0.645348603327707 0.514016465561294 0.641406408950387 0.983321861318367 0.910485094516015 0.93845620963841 0.529872641339147 0.71437711048543 0.57064444674329 0.89788265907899
0.712215596093062 0.86877498373393 0.556623303061695 0.850244357924606 0.775999486326385 0.616502065894001 0.618185864989698 0.7432349872885 0.636382801645188 0.626133959449183
0.75474827287502 0.754349190214566 0.609922186197131 0.584573486018207 0.627527328908915 0.696324823611664 0.824209817272185 0.757825151557867 0.628499513380434 0.689759093494352
0.780747801236921 0.67806421836186 0.750595299521623 0.622167505678789 0.67772089652471 0.866057036187563 0.454349282037637 0.665155151257882 0.945527608826136 0.670305946036284
0.449984734701359 0.494191225030596 0.889727550386269 0.545762056827117 0.944430317339552 0.954369642387346 0.683372217562658 0.992415635866224 0.827983875396669 0.703220237449082
0.520604396302933 0.967658772722592 0.719790430226358 0.99740335480938 0.75462107390384 0.603495896723109 0.58741169097789 0.596526973729516 0.928228185287229 0.632559332312177
0.946600039482782 0.352125813053002 0.877993698669335 0.773322140576215 0.715092936148273 0.994555161067308 0.807338511283096 0.605153314286124 0.57706677531229 0.759079796851777
0.837781729781775 0.651653347742779 0.918572236227409 0.603507418825663 0.636609329479051 0.843611518705736 0.570053328134999 0.761898317503936 0.664048411745632 0.578594213352226
0.940589433612766 0.586435818581359 0.45910926380578 0.975615309968546 0.986647179161314 0.486672582841538 0.942829636682979 0.596295146728168 0.730003029953288 0.828390288800263
0.860782005149324 0.713829582065399 0.671055432403648 0.744648153233935 0.720164068771045 0.559361931500226 0.758837645843288 0.640621681531689 0.651280273099404 0.620621314494647
0.60124853909843 0.794430804636919 0.62836101801523 0.733398256652429 0.689237117428392 0.649324691709313 0.898756991840599 0.801166304508786 0.586745693818874 0.613430849536704
0.590705502803402 0.570316709856899 0.608513383697214 0.905505569148971 0.562917647667218 0.735313378510381 0.827320775480866 0.973566239300357 0.749704647569652 0.637515925204313
0.867526130896857 0.733210532502711 0.873212225988595 0.778448329228829 0.68726065916864 0.368564908731934 0.866046114177232 0.763124449003975 0.541335584665736 0.74471410985302
0.517732121335118 0.67571230598025 0.989552963867446 0.817726917564535 0.556595023678844 0.997276071252452 0.960837083273229 0.838434665883436 0.514866451343332 0.588520324329618
0.870834746225342 0.866249857241526 0.988462760915423 0.757126248819681 0.957292686747496 0.879866584289555 0.600671713916925 0.392058672968844 0.574014463695667 0.576288891888735
0.503621701393122 0.642610885605633 0.83622750865731 0.792563033075394 0.698898655058742 0.497140912312849 0.874865738452361 0.753271866666181 0.916926813034307 0.640742028845578
0.527459140900638 0.696129536890101 0.509675620963084 0.680193526570119 0.890800128563301 0.500825188568261 0.820353701547814 0.91192191103203 0.92938990773774 0.811433647533269
0.685471893779714 0.774972021976125 0.669686698054735 0.927088221070549 0.66762087190049 0.851326088541986 0.574775999714674 0.552506079834415 0.905139488523818 0.538083468395458
0.911211614488857 0.903310503763424 0.764656266659262 0.963812032378596 0.712419658989137 0.998425071457254 0.602223431405213 0.532664782834223 0.508210410069081 0.525783609872213
0.759897746793835 0.656453460323123 0.861818575791009 0.845442651766258 0.402126500802141 0.847734023103029 0.726032330945212 0.935533132210489 0.544798209122106 0.661940799148923
0.610859420056779 0.476261113522809 0.984020923354716 0.515034591295418 0.679627275961679 0.720974166955241 0.971898843792734 0.699723937006773 0.953380381430708 0.744661922804007
0.875809078604438 0.63052777185662 0.552468174460038 0.814265767962207 0.50635650838024 0.765828015240286 0.999955273263367 0.500026772825731 0.750619124937086 0.949005080171094
0.957958045216874 0.823607677531903 0.971627849308916 0.452669849326025 0.964328871160151 0.96926426077374 0.810587462658937 0.540321871924511 0.727725353702732 0.414157648344771
0.824434230951439 0.809612189244587 0.351942511405774 0.710833719637118 0.7115059868116 0.651073515172592 0.715348870399383 0.811876535248026 0.848016517833465 0.708728088982187
0.785818106538368 0.483934724673933 0.958375687748362 0.441079865741456 0.757152905391993 0.919433440077725 0.772199831019278 0.942085026726174 0.570321529173132 0.738576747553932
0.801873126700355 0.579421893495186 0.843408718967938 0.542860944989734 0.804943792260397 0.651460522284384 0.787537511037669 0.553526459185626 0.884294225987646 0.63535029989431
0.416071307122333 0.537048235256499 0.892616187671464 0.659166324253706 0.859100868376966 0.739984207480957 0.823747093686342 0.731778698773947 0.644304087363903 0.996005735455453
0.678667787890106 0.717038055328942 0.448808276627976 0.982241816807452 0.886027142562309 0.822247538957591 0.7476321768385 0.440954010828347 0.877262219792924 0.723091658054653
0.931576031948111 0.642289749718335 0.690928280883198 0.574186486265538 0.754434739189572 0.988843896313214 0.58370984887947 0.827701709454649 0.611839197494295 0.579953209761439
0.998230761636692 0.383461357993029 0.771056542728559 0.436349171973367 0.721701093762963 0.889633462716782 0.907511151005021 0.859659782973479 0.63842666774857 0.966181098749143
0.731637032716954 0.580424014261141 0.794651336292212 0.744362124088832 0.846221204010477 0.554636407832762 0.68484241857429 0.67232291295514 0.594787646682102 0.77300167492793
0.592544187600553 0.718764561677759 0.958193361895994 0.55315002353444 0.827066496638882 0.609358650464883 0.53330826184728 0.7208644536226 0.810297495143551 0.801878420899745
0.917020521777625 0.602461434135587 0.658497011338517 0.864300808275662 0.663512901919013 0.7276024646681 0.674251458855178 0.609294187222346 0.649458832977141 0.638098501604081
0.803265274676919 0.6042836552482 0.481494350192806 0.8591743098218 0.872300468503769 0.955271188774707 0.518395965220168 0.562939567160442 0.729219103341705 0.962189428872228
0.558015576111936 0.610408186972446 0.755619068841672 0.836240196269468 0.885767660800533 0.967932273209921 0.9541804351465 0.650959634086539 0.505317881349026 0.571499940563927
0.73257196063629 0.534206672860854 0.61417220357425 0.975525497515306 0.700321540605824 0.916692406923381 0.549797730778657 0.511242138491756 0.922060976005495 0.867076810000505
0.622554989491551 0.7056609511231 0.942788258300414 0.584887022362214 0.499186183650688 0.776415910081697 0.976095496757316 0.824725191160924 0.756436316198242 0.54846091543476
0.775929951680153 0.845635682584678 0.775134994446321 0.592774162565915 0.946679113075798 0.622446658660391 0.683543264348358 0.607085754745281 0.640980106845822 0.5748462376088
0.751892348889216 0.933660222452117 0.501684811676214 0.564795803129157 0.632644518689574 0.973192509179516 0.696492856881479 0.821023377346364 0.69211222339205 0.623558615573338
0.939143403533826 0.800088906762797 0.8110840323607 0.94063399633394 0.861816700429348 0.576300245176829 0.244809967247866 0.659420708444035 0.920886989514552 0.838949542389855
0.721908871711338 0.93202853018629 0.704524248813485 0.489763646246488 0.885822866485353 0.676136983596716 0.651269408658947 0.695357290996433 0.51292187956536 0.971553992830662
0.666931966740392 0.72804688858107 0.610941525588131 0.780215710800839 0.528282353717065 0.934514947798617 0.819994818199245 0.799604399342725 0.709525249335691 0.518654087758364
0.868219789711684 0.54844596081037 0.665184078354924 0.90915991746189 0.649775338508558 0.893825004182413 0.543427188306166 0.937495620567083 0.448052365491231 0.913761148166663
0.589457250004136 0.766090361883345 0.817574349915972 0.689354648363369 0.714543702562033 0.690960849537863 0.895020846593163 0.678921948166748 0.468947734329921 0.72826016456505
0.737477203297778 0.72160051301424 0.947834381645656 0.636895626258146 0.5824381544806 0.56820819391915 0.53820363470767 0.718388169071659 0.930943541396225 0.753266318744461
0.847992853850664 0.418865969731219 0.9382601555093 0.841153867853619 0.683149456222002 0.541177026860986 0.845677317456411 0.75306111054827 0.540002557435486 0.946817071555221
0.893806950647082 0.491255025246508 0.970431883534779 0.81015010809174 0.411713356720547 0.860212112667853 0.525749938171657 0.714805614130886 0.937034040948243 0.869046447231197
0.471945949152216 0.58738420842352 0.54319645667456 0.90626688679405 0.968229595711989 0.974449396261929 0.771878616416297 0.914680116154927 0.600307533566851 0.664267001431038
0.534891726038016 0.681532168791591 0.681887106660817 0.981464001095747 0.673685565906039 0.693089737056875 0.904601826678817 0.851331632473674 0.556197983387758 0.610288833248806
0.642505313139433 0.827529227121992 0.497199969809622 0.59220051088603 0.631848466037799 0.787005792051626 0.771614323013546 0.691697793110603 0.700520920113102 0.925548568887801
0.681319179226024 0.751520399718215 0.829919332458353 0.786767603737009 0.449865939101038 0.635590915052004 0.889849746487494 0.998730275170197 0.442503738170087 0.937336647320763
0.520791400602167 0.970370124827171 0.608114266593982 0.301249778644653 0.892823255818812 0.823608516707582 0.874841770561827 0.931396369191176 0.913529853724522 0.760822341669298
0.582264188539671 0.810026358424292 0.872639904459173 0.501399286388019 0.606745428023221 0.800215258019372 0.978446585584151 0.651497548059762 0.725866421045946 0.635373187383187
0.917214687776376 0.642355002103326 0.57903214965393 0.925744630699139 0.706598156415013 0.681935942589735 0.575829671712005 0.589691444783068 0.709254280410169 0.750094380044749
0.808217966116192 0.515579103008423 0.678248483553167 0.783737819102827 0.679047410718454 0.686043558300078 0.803807948056834 0.544482814549819 0.996143364202249 0.638501225675907
0.891309097329171 0.580286545842265 0.563216156248551 0.846421727587785 0.678225120434893 0.562871189320653 0.679103825843126 0.920889513505513 0.922598990103778 0.566622471837516
0.869460182675465 0.606514524501433 0.405618267428504 0.604587735355554 0.703735308245201 0.850332970043793 0.939684991662405 0.783904586099593 0.683580367390721 0.759461990234435
0.629706833981328 0.545751998832381 0.858530602169236 0.788371350721768 0.690014668525683 0.872799835104022 0.718145938218381 0.609992417416001 0.591370771923344 0.715491320722861
0.504676991337496 0.903436676816987 0.84080849950328 0.712952535349874 0.64462293405755 0.720550567268374 0.823261130974222 0.615982605501739 0.809861494857985 0.532721733630122
0.833755128693874 0.657367032766019 0.625252489776543 0.597689941823995 0.900862675679662 0.573103949820044 0.699732478139712 0.737100871576094 0.952052530656441 0.553869671237963
0.962899965555545 0.671421815898008 0.543409495848629 0.934472951437876 0.569203065128243 0.982217433831888 0.745272209387708 0.900691964987184 0.568529127400183 0.51929882877489
0.50396957768588 0.973282794892429 0.523789049939314 0.525047949766338 0.855530393495678 0.926019149938409 0.921036146632623 0.508723714682584 0.9176295135438 0.857991257174174
0.931924713078536 0.99863963639052 0.880883547203656 0.620342102459253 0.480772830886876 0.924470891890103 0.783863243388311 0.67807213412149 0.587384909486704 0.508950414310884
0.394974332436702 0.712459117647299 0.957741693480708 0.618118977276062 0.999543782241152 0.919688854256065 0.812163550398699 0.483583604353472 0.861107002877489 0.7244359889745
0.866484568196086 0.957475308376321 0.40067436988292 0.659616491627814 0.804581768100281 0.94593748451424 0.741577886166413 0.751354458720416 0.725686854599144 0.489757117060978
0.929351810193061 0.743475869648951 0.863231359136703 0.520707039573778 0.487987398400581 0.991653533468852 0.799622332231769 0.570300262254562 0.628936332703591 0.763211247014224
0.844829499892824 0.690420615625204 0.781790684361808 0.743617591804827 0.457870364751985 0.674380800949172 0.915573763024881 0.684938580790053 0.892233629119191 0.501203454561348
0.684882387038592 0.863087399345341 0.613859623915478 0.615580202853556 0.601143587711439 0.678639478531226 0.729635167057636 0.56431690049034 0.90697993965433 0.773849167139984
0.947829627196288 0.307906096395327 0.41343953369179 0.773506437482404 0.93278938940014 0.977352481772512 0.794488693939156 0.984525257079029 0.862705212799215 0.762140026784105
0.709892644682403 0.881663383571112 0.679586976134487 0.499490732930651 0.884372361650443 0.718475490532589 0.48514286859775 0.686195066428064 0.71134448146789 0.904287280532795
0.738150968332494 0.920351532544755 0.585718238492659 0.742905546954219 0.629987695840497 0.586984297573078 0.99754471156482 0.860359010725013 0.597366406371265 0.554743051916906
0.684347146494809 0.905760181013644 0.574159773262087 0.734317985598136 0.730541384932867 0.566199080588514 0.717004500775786 0.996314442011431 0.681503804652279 0.555900623935757
0.695560568505563 0.685197319356524 0.745780878341082 0.623894563521847 0.791839760031223 0.666391130741167 0.79072200117952 0.870148643617329 0.576073814285254 0.544878462370568
0.587051401545864 0.737272634736453 0.675272997079068 0.489222336739524 0.973075516811528 0.659015681344618 0.601889825669184 0.966656627490274 0.671835267135782 0.900926682659378
0.720672402674558 0.649578570065474 0.550968037646765 0.820729357805166 0.51990244463398 0.941769013970086 0.82881144785223 0.591554799293148 0.75676549211588 0.723897283873724
0.73330732234009 0.919597021406913 0.897274167365146 0.62251092421567 0.964729081971702 0.525546636047791 0.621623677904498 0.858709927479045 0.873347124247395 0.396810752074535
0.591081350864211 0.987775049977374 0.740724433295372 0.453496380182986 0.475586028051036 0.789915309812782 0.929386252655773 0.737146041041761 0.73051691832881 0.969986075974035
0.572755642000576 0.66724639273795 0.614565549863777 0.864691723669411 0.687697849153077 0.858741179067164 0.704672560596316 0.964317269782199 0.607213067887166 0.576196466788807
0.654906443907711 0.951874289850208 0.784636637375792 0.813155170429301 0.678985125544769 0.682007157288111 0.970506801633428 0.544289640167581 0.618327131795074 0.51120962724467
0.753310410038354 0.814483052966451 0.60289956557468 0.658907526660233 0.607054417635168 0.748256730970068 0.796188876828059 0.598305680117787 0.853608081970506 0.565735012051881
0.772584433646284 0.992799514670633 0.604030684581452 0.61356616253245 0.561911104617121 0.622262346252283 0.895158406866419 0.633051432572242 0.737695958378966 0.694953335794852
0.824402777351137 0.983541376109272 0.871805659995776 0.514921713718445 0.607683126435565 0.512012284260511 0.620285793874011 0.677164290440238 0.817545967216428 0.791624836674787
0.923914262722201 0.559216967767213 0.563701043148324 0.972130867662162 0.867078453207616 0.614059730608043 0.796480226725945 0.786508524837739 0.684952826363549 0.494118440784183
0.765903143339663 0.873101582253435 0.555661540357159 0.653079282472002 0.651001174430268 0.55761965285381 0.994461997181454 0.80253000511645 0.559288955252795 0.753924895204087
0.609581749732912 0.939260125329031 0.828087745022665 0.757964654109063 0.610166351605027 0.910606788034191 0.673301334173332 0.694562283147882 0.520439846562336 0.592832039876677
0.929990205720674 0.705357445532551 0.964966940949084 0.609885614280166 0.626210621143126 0.567003287738909 0.572029493105241 0.651762826010783 0.823766594205051 0.696393190760034
0.701734224961054 0.91407859650307 0.789900592577557 0.485707622285991 0.560643363282081 0.973923973593099 0.777143629900161 0.516018561354243 0.830851763920527 0.702026351349993
0.657482707611247 0.891267773714687 0.714737637091059 0.632809190984834 0.943260179297623 0.568039280083878 0.566383017753849 0.618948236261512 0.96116183950223 0.639287518917075
0.881089862025634 0.993845633288685 0.896277232717532 0.711403712028729 0.373952852837307 0.510607299368965 0.96908126916139 0.556684311242526 0.916446075146663 0.763631641502707
0.993668102194864 0.834651397310635 0.791325398369682 0.792562347373658 0.606203410638463 0.450259596904253 0.592302570533705 0.983787513222694 0.682284964321438 0.598339533485871
0.97250348163441 0.89606195778861 0.867332402008059 0.997989033736684 0.493693292444807 0.44404100749942 0.655669674162667 0.96779439087575 0.75387099006726 0.525427411476018
0.437504812830748 0.866100480255002 0.550243404013563 0.703181072732247 0.803518522890377 0.764833045863144 0.883150261858588 0.864875806985396 0.548553512888517 0.786311429707268
0.927129546798246 0.624244792972653 0.862393983640859 0.647246715449379 0.763699072246964 0.636048593250951 0.659775532839224 0.555146830089741 0.601245544689425 0.778241743001771
0.969993813065329 0.552553256453143 0.703233377167668 0.858885778721656 0.546017808221503 0.675071083478541 0.694210109289678 0.981174727072233 0.706662150268428 0.55354752204713
0.631881432301511 0.721177193873352 0.552057360911556 0.642692839844486 0.808008601448716 0.753836367607087 0.664372278576223 0.63618590396448 0.697774823158333 0.843087298546072
0.720436266550651 0.676904885752467 0.984549059861236 0.534105573016052 0.648135643778903 0.783136721849641 0.770989594258051 0.534052787534068 0.600978191396432 0.976587687636043
0.599727193888033 0.911306937785208 0.572645026139638 0.551123452428416 0.997039085496553 0.875010179659316 0.950319767362142 0.748338910594223 0.487143360713844 0.678537391505634
0.531593565136867 0.915114191020428 0.944393544894641 0.74908002352959 0.579363039934432 0.771541785628855 0.531393451559628 0.622569747032634 0.711246113578806 0.81893705275515
0.741853949888946 0.731757070314914 0.761242878756873 0.858967624081107 0.72733186392936 0.937385477466773 0.559594281231471 0.903752750361963 0.555145588188878 0.447617356600193
0.975203274610876 0.652777163200679 0.787903569693056 0.750692580788884 0.369176171663023 0.741226908236344 0.652412750201316 0.870740531295298 0.642288092088245 0.796782362873176
0.666413715708519 0.734126291409907 0.643174467846493 0.684797194083499 0.801181145431564 0.569533334746441 0.61354232397729 0.689112261736636 0.671679880253138 0.88717808837605
0.95618548002251 0.598007787808368 0.874866800762116 0.699608064210275 0.803799100689281 0.942015134364543 0.557171623870197 0.579499113353613 0.61675483842536 0.588980464262598
0.572324946273254 0.625299162170054 0.557636789814253 0.997457585177603 0.796972886389759 0.546208022340871 0.672340850272682 0.896201429892155 0.679857488861032 0.884984348426499
0.489087463879889 0.589331215431705 0.935689081690801 0.888156556661559 0.65518015447184 0.815153363104784 0.833710613169679 0.729951318202705 0.650654776880193 0.578117150012092
0.698180295617626 0.725713605849101 0.623497176381247 0.770392346296649 0.747476010455896 0.955215119658179 0.885698316788641 0.510052811488011 0.691300190661381 0.525642493688328
0.772102142558484 0.926425663147605 0.512132419317106 0.492362873120065 0.801422075447398 0.8754761954845 0.44413743135023 0.993855372091961 0.833917823521136 0.764637420923879
0.809034386340613 0.938530314090137 0.67031246986321 0.584783337533199 0.921035613642958 0.688478288914139 0.48393916318003 0.68717472915366 0.565216814923501 0.851141471185612
0.809010917361871 0.68757460517312 0.523602318179331 0.452858576650115 0.813143308388529 0.779638022129269 0.640426710192235 0.705964677768251 0.921491031529298 0.815049059190436
0.359448268810749 0.970448056306325 0.735161918936677 0.807837347291664 0.600978884670779 0.573635651684965 0.778421484274457 0.989146320736634 0.69895427566211 0.969888691531605
0.954404474987632 0.961685692697075 0.522462221580825 0.466828714038109 0.789695459528478 0.866335239355013 0.794585355362863 0.698136002134515 0.561088606368605 0.690024866991628
0.594102703206705 0.802163757088695 0.897247809595983 0.966696052914653 0.535337446347244 0.524960185546012 0.868142809466582 0.88973594555204 0.543577165558869 0.675961975007834
0.559841945565348 0.687889916253723 0.970315740003733 0.513590783890744 0.939969871943959 0.707617851969756 0.548113273705516 0.982580251060023 0.78862013960195 0.635177222839272
0.494692908337951 0.72447562421424 0.625155762608834 0.931569890225161 0.91410630349015 0.498488370317525 0.840084533747832 0.72010522998093 0.603007638594216 0.943861209644019
0.587925703134385 0.599596424169329 0.805248602823301 0.611597677130791 0.875006985350917 0.747616840309187 0.602628915714791 0.612216941416069 0.72635376706043 0.863599757137554
0.73617164116183 0.978845755235611 0.71266290324234 0.785313173707184 0.696590900766665 0.471035351467432 0.616276943892929 0.845709639658154 0.997623944311689 0.491690223558078
0.579251496080172 0.727823041766815 0.799758368449182 0.733431144304563 0.997206683677496 0.547654030644335 0.702888261814451 0.682994525602021 0.558519093359149 0.777656102578682
0.580596740478456 0.622623043742781 0.79910064189885 0.985649813767125 0.602028801229117 0.717985306760789 0.780036008881693 0.528580196093409 0.957785707418907 0.638330453034426
0.919116643914829 0.878067804570946 0.86607259826291 0.767007542893655 0.88758983640732 0.814723524672716 0.648496748390329 0.38787965805429 0.910585426077124 0.405723838365191
0.512784619335338 0.783073166334118 0.530302710131023 0.756510028566054 0.633794289616152 0.590380566595705 0.676330477558961 0.956304013053725 0.875831648037561 0.891938766531949
0.636401838241492 0.583513541169356 0.750472295225261 0.726606141715002 0.655265006100088 0.898657956512961 0.544230493216107 0.807935751178647 0.603305104676032 0.8380328909448
0.849065601255248 0.943480486328285 0.675266529693226 0.939708615457875 0.512066305156447 0.987195205065693 0.625723896774106 0.726336648623669 0.518377364173146 0.576019309340503
0.626691770836813 0.746787744277471 0.652399317479724 0.688085669733519 0.753459693663888 0.744379144961929 0.587694824459837 0.534332069084954 0.84504474111726 0.796455706091314
0.609076592680292 0.536305514306693 0.794472971931429 0.400811329732201 0.897839808212 0.705958662462775 0.755923008342254 0.861404255879957 0.795467484017186 0.884306566749917
0.996685759590553 0.828978320555853 0.493337359919429 0.984709985813884 0.669516767164511 0.875222840043341 0.651943986177083 0.392198408758525 0.86910274368397 0.714848419316834
0.589561277958033 0.805560102160419 0.613682035270611 0.694003679169563 0.614972963072889 0.904306146545644 0.572705303819764 0.84761055177067 0.987970098218216 0.566979549286438
0.648384655050346 0.627576585657391 0.799666089426372 0.693314888196499 0.848260985260915 0.610740433539384 0.675045633381808 0.813275965390486 0.600665082724944 0.640833331442874
0.757244156281236 0.565202419534707 0.519112498338787 0.713832715114294 0.729498171717415 0.854602703996298 0.957543498717598 0.732409750397368 0.482441362540213 0.942637050399094
0.794681522052316 0.596030925123265 0.566887893971621 0.691248565455749 0.799784938188143 0.75154018939002 0.551764298110361 0.637814956492808 0.881932430918119 0.747238818422156
0.874271484844857 0.674884675178842 0.578278204544093 0.844633643714498 0.552935548777737 0.54032957385564 0.558489415456002 0.892147516690725 0.810495188372444 0.848788107787215
0.500877024622289 0.544539430006458 0.77218946098823 0.895586624316903 0.719592864625701 0.710967085642494 0.893891606353049 0.666934184836507 0.989771372175049 0.557092007845836
0.583959460828652 0.987557797377397 0.724561596946755 0.628805962839701 0.579909208183046 0.649102223624689 0.482383088672588 0.913539681365 0.843753974718898 0.883025056449011
0.831470927084239 0.489325570378022 0.600992801211597 0.944229293905579 0.747144214432472 0.710336645642902 0.738726626058696 0.756942029372148 0.545461769580891 0.741725728947174
0.526346644226663 0.699666390391797 0.895917559198216 0.973173058236384 0.848003367021296 0.675653954120367 0.665063991854014 0.48213649186519 0.865713450143285 0.616335526508873
0.734362671373075 0.870784241005259 0.805520272483916 0.718118303654705 0.885845053869845 0.529106080572158 0.531476254009248 0.514940202105505 0.787090572749381 0.753910433510079
0.810527105415837 0.531435119437077 0.689932966949988 0.536409995438832 0.901405115914895 0.903752947232456 0.836256277362204 0.538732342159493 0.730618999780473 0.680063617071964
0.53846434861848 0.581326077784021 0.549153627285795 0.730205650417275 0.743183683758297 0.686198366417965 0.89248989616504 0.896200373983443 0.811774696632751 0.66316486026304
0.80116161839391 0.904996211163137 0.421610221846566 0.896872152008785 0.899471685453862 0.511773651734199 0.56745166802361 0.701730763312936 0.719163683973237 0.946474800440702
0.830764672173162 0.756983963337238 0.476319116665788 0.646467473749963 0.543307036433803 0.766871351945525 0.834375499564999 0.913859319130325 0.556466580433 0.863674363301627
0.498353058066526 0.699243192725135 0.488210366730066 0.548887491163231 0.831999335578876 0.822073228629283 0.712600778368925 0.928516318431733 0.861485188150511 0.839725789559584
0.878559385775898 0.525915231649451 0.714230205500923 0.862887460511354 0.611921373088043 0.67401957277015 0.571086557897915 0.793853372697987 0.607831949929586 0.848658089614609
0.638245662515971 0.772873145777344 0.56231347185552 0.564257313435176 0.910947646685988 0.623057478055624 0.590243908844795 0.972169759108504 0.672752943115773 0.898388945868558
0.520959288758932 0.660014997560733 0.777614253212796 0.86588011156357 0.81096798326051 0.734512177554718 0.606703461371969 0.674889663249881 0.997351919561334 0.530017199959606
0.737818486163821 0.711893388826757 0.507459505479209 0.656306464136801 0.823421610168113 0.78616480128335 0.618199462749661 0.524358153089048 0.80632959745534 0.966629541525847
0.765865813331035 0.739459147354643 0.614406758494249 0.760212421320121 0.942854030456733 0.762925420721442 0.53010013505471 0.93627189977907 0.73858379385394 0.435691740883313
0.638486020870351 0.966749144945336 0.660621089775797 0.418818292942429 0.917464890272839 0.503310552583046 0.968893585577999 0.669751582694312 0.798251611076772 0.895093793742197
0.802482220306715 0.545704030714263 0.924258656435891 0.974282063807765 0.551634866906089 0.496431553410292 0.755857456829503 0.818027489315914 0.553360818717092 0.962782687277338
0.827046728547886 0.222950181356174 0.865557077228951 0.959106004918702 0.899365237441336 0.672478134448152 0.983426325203903 0.584066852565442 0.816315950662127 0.851269709673339
0.541059168758724 0.537769376452011 0.845045735154557 0.850226938574783 0.834791960656021 0.933511483402706 0.985122031967792 0.558538462779385 0.602222909638761 0.620233368429859
0.624511805909105 0.672958315067324 0.704631924784035 0.562103262933794 0.571532193818817 0.786357443454871 0.744814368189748 0.893140983948008 0.992656891685684 0.591054746830124
0.589945429085156 0.669076138576755 0.777417752264358 0.57186501311034 0.986331946414906 0.624858360053456 0.97215729092738 0.430005664785118 0.848737912525184 0.994068780637434
0.644367261105048 0.655651766490362 0.681192013400279 0.601410727922019 0.841918735122297 0.654406904462781 0.70385990525035 0.65724290806663 0.820613064166587 0.664362721908815
0.795525565840481 0.7633726141884 0.672299032513449 0.425166301643654 0.947612014851586 0.99492794170483 0.57130175985897 0.605433716893919 0.780650670295462 0.727921163755426
0.925258923434745 0.786028359387826 0.704703376228894 0.888757280568503 0.786457890735022 0.503090265726191 0.644748813516247 0.98806473074935 0.868034961571918 0.357524532851608
0.848964064334227 0.996886788665744 0.764497375427796 0.633445081608895 0.88534086145795 0.504865601310643 0.88468949608505 0.526516882910753 0.595153865844509 0.6426955051547
0.583862554066204 0.771929774608374 0.967125011475803 0.776636034242435 0.898124504431299 0.63483265487349 0.708690382639529 0.56297920011755 0.657864994893189 0.567321445699065
0.541767872794856 0.629940108881531 0.713602201203211 0.629432308032646 0.970118913111513 0.825947798739164 0.728252358277898 0.472547649592156 0.776297399248062 0.978734613477906
0.732532390362574 0.67816675755836 0.829373885961164 0.996416591182987 0.8105280783977 0.851288067961032 0.544321539685226 0.654089629712345 0.390891850512247 0.801420290066214
0.979624235454517 0.815814194353525 0.865395206071598 0.737398879802681 0.643644472217653 0.542937191174407 0.989160966696459 0.620582140927526 0.598691517422926 0.512595598775342
0.593011862310596 0.793608305132373 0.678780028711242 0.652881856728622 0.983550653945899 0.898860630472833 0.871109626651342 0.501268087298808 0.738372262861508 0.52693047683861
0.729397168289061 0.811830976051943 0.6530545664591 0.942460916666244 0.588731612954846 0.527094195398525 0.74184677610105 0.898628602808487 0.574924904047606 0.65751645974547
0.762722031131838 0.598057446531773 0.911150711635276 0.69605200883014 0.874402326181676 0.726425976992646 0.508327228958409 0.798482898434432 0.535601846173008 0.694666823282984
0.907697135364696 0.754130572278175 0.916511720893249 0.871096448728363 0.404232549624211 0.952519150934015 0.792865468235355 0.694903016509775 0.396105223805026 0.777354727968127
0.996282689988452 0.972785157982383 0.53440340174316 0.546881344920193 0.71019202757427 0.746798799314606 0.506994284450744 0.616867535451551 0.870879772090617 0.849892828386025
0.511599352365 0.767465248753337 0.604423859715976 0.912160400050903 0.747166777656812 0.83851283090696 0.966296339865605 0.846419716741774 0.437940731119949 0.664500502499768
0.797321636838609 0.5541669124039 0.664886176578134 0.697250270957569 0.628311976693323 0.773805005062244 0.566663768187735 0.880405379313109 0.647705067523157 0.798295708832989
0.71262292372639 0.546835178514011 0.667131825579042 0.90334787010087 0.580551334211014 0.576653168844268 0.646540438018199 0.938797735236624 0.913670612642451 0.682791330711468
0.536840377697325 0.650412440894499 0.774456171124209 0.566058953816131 0.540024905556706 0.799390908105682 0.954498637299662 0.853438905037169 0.921547126343312 0.62241507541755
0.751981394392595 0.781110363316301 0.676652377147769 0.991765700343977 0.527991547894436 0.714024957746587 0.753507736901484 0.685755812009936 0.739605641091727 0.495950559890324
0.620906566390247 0.897196723304466 0.581303572344382 0.775864547023507 0.72789504115332 0.676865721400133 0.537073727779702 0.868367632108102 0.719256120105107 0.637681846218247
0.992844643891574 0.642802663950384 0.619020145679197 0.556560250880589 0.523028378737435 0.83631509904249 0.654622095487784 0.609395902148483 0.972680931517356 0.939370473175875
0.644031403454232 0.50801983052477 0.725394331422122 0.783936654552633 0.689857379972036 0.921615589142115 0.908682079772193 0.724452645906015 0.433774961597172 0.955936783880562
0.710109385726274 0.914159878271199 0.551851737128222 0.551175249594357 0.465340598362002 0.964725145315057 0.848935671212746 0.976466344435236 0.568390052023776 0.90228623195917
0.564838917569384 0.651316718498003 0.715521362441079 0.464404054818228 0.620714325283631 0.710266269953727 0.917223134715845 0.722101178660106 0.908640161599317 0.967843382582635
0.635128308820965 0.796986129987021 0.519282730345854 0.982112168709622 0.660365486420049 0.598246497720597 0.752380822804024 0.539278502815578 0.841420356611155 0.863031346222442
0.666820689719166 0.657113226004404 0.64878045687825 0.594240267783676 0.714469404232189 0.756971297123661 0.584354775622423 0.765157123393458 0.692610280632031 0.85705651709277
0.917599062985746 0.764204767969244 0.510656864716224 0.752947744385842 0.780311414781056 0.643934706106181 0.512832482069607 0.993167816435354 0.912213971450088 0.534179917759168
0.710025007868013 0.745518368055453 0.631752700274836 0.552437183984759 0.638996929968191 0.916304764359742 0.929745008577583 0.83567304900899 0.573287417895093 0.595173855220721
0.494233723848699 0.524284944276005 0.626120500488935 0.837352494962309 0.853278067785325 0.969375810695021 0.791315056567077 0.468164671640257 0.992104312838498 0.947752145788867
0.641469230700799 0.596965960809649 0.819645718544044 0.856571276395655 0.436860188810894 0.777112198786782 0.732502594804932 0.60485334856485 0.857670114582608 0.797118674984198
0.702885388723892 0.591405608925256 0.756555544288263 0.710845147578874 0.828256927301195 0.65757831253879 0.631107754380367 0.48641913385875 0.962545631722845 0.767836523239557
0.958443431735919 0.615758926253851 0.500994678517392 0.947853697792928 0.698129091081176 0.723229467392247 0.842407341318237 0.611230915152432 0.511141226380087 0.872647811724869
0.530013029091118 0.935522389771387 0.814383285451248 0.524694040620808 0.871952671635892 0.849350285991831 0.554070280081845 0.853255209937759 0.762847466583139 0.554056687504797
0.667216735830586 0.979167285823912 0.601447120247022 0.754665141535632 0.748401322968862 0.527512404438273 0.58802635558391 0.869793411188834 0.994098417417721 0.556682488516556
0.525613052238811 0.672096810141305 0.801075657257909 0.44090056705384 0.981205416693546 0.746275577082707 0.551485219643957 0.99966381566737 0.780870726233791 0.963109990067684
0.637253715287669 0.916555403731228 0.752316185645986 0.744552703836401 0.74559344532503 0.606244618453589 0.545975973157128 0.647490660934003 0.621317922580058 0.796813443176226
0.619071764246544 0.872581870623567 0.868609777170652 0.716803051647083 0.610843369273624 0.878185734827757 0.490114107594946 0.75486321843199 0.650264481578792 0.635964011303704
0.564958847353004 0.614237542162933 0.932198508063108 0.931234911617255 0.62293020853711 0.855431908479079 0.826526666232847 0.395398510008449 0.735735773326956 0.844926660928909
0.701692216615306 0.730117295664345 0.986954515257952 0.917738625905152 0.652849564721597 0.567506066841913 0.52846521283985 0.498407161431366 0.81449703728298 0.876216048626568
0.622907776164332 0.567970588701932 0.968746774696247 0.653787853177725 0.776084529245979 0.779291972294543 0.507051712710335 0.786109922601211 0.83329584578018 0.632678612010282
0.891818548911221 0.703952970858161 0.608305548441852 0.757149908694679 0.624480906433185 0.673125799130452 0.868604508643607 0.59819979388381 0.557592484862732 0.74317652582543
0.60885888575104 0.444311642551128 0.556695610870689 0.816627175488572 0.496504940808863 0.967925047448508 0.996069707179976 0.96456425825916 0.814277918208023 0.866677848507238
0.671174862546358 0.832266788070713 0.630550303528624 0.607395920907327 0.542059666592903 0.874771540949407 0.575861040304877 0.711651084458527 0.953450883059026 0.71275225497647
0.992286842356344 0.90063120834343 0.626242975957056 0.786945089223929 0.528762934539185 0.692741667327307 0.360611403559729 0.896271062380827 0.829927332048399 0.79998648692131
0.920771303119285 0.588971423338458 0.770284533921128 0.471563124448078 0.785318032473412 0.605160293843879 0.823158321598935 0.838345878921245 0.682504165175956 0.635900815698999
0.63930653506249 0.646279052246317 0.738742582104646 0.880584994910191 0.569495148856998 0.676688388954863 0.759445187950486 0.934097353718233 0.736450999973678 0.509353837139827
0.714861634482435 0.846898304585691 0.764834652231395 0.722041788114484 0.738437298359258 0.747864425487616 0.909961424957354 0.504234623967322 0.423371499821003 0.78949014295286
0.703356951153265 0.578441589726422 0.951240230693638 0.949177378058442 0.477310109823355 0.852799934935892 0.791918004008966 0.942820742807361 0.498076672258727 0.631267356466282
0.700967549963332 0.913747701251904 0.516211048180835 0.678269957743063 0.980812076828531 0.688032137196522 0.850815552017834 0.608617638661044 0.470830018916163 0.888514486108162
0.843431474976133 0.823168613812658 0.490798588923136 0.975971002991197 0.67394088510358 0.78806602082433 0.479745911090545 0.687312281161609 0.659626709449464 0.779022565190104
0.792447443204169 0.528089772599564 0.877013674467125 0.863095998290048 0.680767381979557 0.564228537651571 0.481330719185119 0.921948439069942 0.643174036107934 0.921811368137788
0.857432586128601 0.808552442722559 0.528413426743216 0.528685887312205 0.893587718210056 0.85270168380804 0.624201185579473 0.539155758735781 0.708015257902764 0.836862464444335
0.711865317452869 0.592602040076335 0.566479053505555 0.717536018977529 0.812136807575597 0.549062188553988 0.958443041810672 0.928859975402147 0.841976420420698 0.538608440798273
0.745517004454674 0.925008309531353 0.902807156410524 0.871534752231177 0.657960837987961 0.588009004134537 0.9208266999437 0.532248716450875 0.54401629409044 0.571098264369529
0.926354338549193 0.774903559695206 0.593251584980524 0.69476739194566 0.576411583006555 0.912477019051596 0.771311625759686 0.717910365137835 0.484659063757749 0.682572753863853
0.979341876846104 0.917422420545925 0.807143677746801 0.99404985993268 0.788688335265165 0.936584340544332 0.487645141512328 0.525629882954447 0.72976871594036 0.41153453902888
0.731947069255507 0.627377420055973 0.641614046948759 0.561065442849053 0.730285441162912 0.985782948655209 0.98029549129525 0.591608814781856 0.747349388374167 0.594729750352074
0.524016111709437 0.717146814611696 0.430826849839719 0.903086100606669 0.916844015825217 0.773907572982939 0.617736609795061 0.870983115984149 0.629511729027444 0.955076545039601
0.709341408408818 0.442824722144972 0.684625755707588 0.897794222443521 0.72383614374126 0.636245862880517 0.877098139298821 0.826820847613437 0.889926662921442 0.52107329949513
0.683708383769304 0.699457178702464 0.656990063290154 0.930422555594007 0.577089838127786 0.623909588298647 0.458073458062823 0.919761250454872 0.803022315023402 0.832916357278272
0.678020977368538 0.811207073942429 0.755892123420449 0.702400779120013 0.657324084387535 0.899982696117585 0.71445116312697 0.540509297106014 0.559465356196864 0.686372948414358
0.988204849876686 0.673649835120979 0.534307686218781 0.818438544751956 0.691741594438935 0.662123305822013 0.511873798803985 0.872727625121978 0.64843681326998 0.762773260070232
0.462534563903051 0.969413649984258 0.801606428223521 0.656564706034159 0.752513148295743 0.904566308931657 0.474771921214202 0.650745709530482 0.809739299108529 0.779800067864033
0.609673846491461 0.863156096570682 0.758195219364 0.688180306469512 0.741508858081548 0.655244236868 0.553652773948203 0.752486411725061 0.574089709141391 0.786328378902539
0.756208968649385 0.783465103026917 0.608208995230531 0.666758943716129 0.922011761645968 0.477346598038489 0.936638477941646 0.908933252492744 0.569663490908806 0.609637747118145
0.956023212165775 0.605173195546862 0.774319790509816 0.565381068820866 0.869637030111295 0.818824889916841 0.517829649172481 0.59114089234167 0.631256808590714 0.869968536317441
0.51427920551416 0.948071334754603 0.69467556074329 0.588128070824393 0.872698253094237 0.878283964885692 0.611678994403366 0.839550428703894 0.58347363885843 0.657268007813851
0.443634860786516 0.874941414739485 0.698182647267674 0.826259769638208 0.605204865455513 0.953520873198705 0.860305317085351 0.51240265044771 0.826784313721845 0.67099264616423
0.621135461834206 0.778662033294359 0.667812388649314 0.527898670547317 0.519338820033592 0.994558481572399 0.683962848598707 0.643197090792718 0.915269499220187 0.906132769761495
0.53566845933085 0.538135059404178 0.926220154314089 0.698607222131759 0.558178079493487 0.545788691392772 0.801000969632822 0.870891840082456 0.893227025647766 0.925090698811744
0.607019358015492 0.499135863627722 0.789788885434326 0.605485571579156 0.917610744217588 0.968506922155398 0.961630764125472 0.734494012941434 0.652125939063795 0.559421752824725
0.886106415031159 0.621061510312171 0.639675873421762 0.528426960721343 0.692699880785841 0.782949349353872 0.739935195806883 0.553294851439446 0.717960382477143 0.945691818578789
0.767422990234933 0.692861299104543 0.851958723081354 0.509301079020448 0.626820367991795 0.45057344608989 0.82515877648293 0.940432069720994 0.665365886098433 0.959481554988939
0.775554685330231 0.701179131258393 0.588035394903345 0.391223506873288 0.738958578273419 0.781098838564526 0.815367410591168 0.924524255224422 0.896147516382044 0.60836844754092
0.483951856291809 0.729390745899644 0.756520928297226 0.621260584516235 0.674774842433568 0.752575961684477 0.909907285016325 0.588692241504557 0.671676141363802 0.924754014855002
0.549427827195458 0.892319022090791 0.818169962520298 0.61449840886935 0.786882456402943 0.783280915345301 0.769136931237782 0.739071474387177 0.664334972599644 0.473428852729574
0.771963222820173 0.810526358826494 0.543890669429488 0.819190483423143 0.563889911279402 0.709013407126468 0.688168324511973 0.571434613290137 0.678539976836672 0.889265510774608
0.568174059492187 0.619981217610751 0.719083860470712 0.934039956643427 0.555261600465974 0.959642204689781 0.827399848947522 0.523916542017376 0.639665828385235 0.988189184423629
0.449422159650251 0.930098126941136 0.817709826398781 0.885689724432879 0.630601238760147 0.646598843625802 0.847010596855392 0.674138206004964 0.548541045577093 0.774330889473359
0.678655394090891 0.744156761835592 0.56877916054349 0.950316974620012 0.726048974020716 0.716554116022275 0.828256944654518 0.59991162107582 0.459343610811179 0.925196167298097
0.886935672981266 0.929665302233046 0.602469082387496 0.639821522629084 0.846683080755283 0.710614832382065 0.521026939012382 0.816837567648769 0.699046155732257 0.516550537174145
0.459801923412889 0.759225531314815 0.83767594404446 0.890000155616476 0.662497459890739 0.661974702912001 0.582166781986218 0.9154580062535 0.669226527217506 0.695939931519964
0.756131535337833 0.730323534605711 0.945390695475241 0.445467190767913 0.404215139488724 0.896424999762872 0.600186180897774 0.824638010759911 0.968357779956542 0.995263407652953
0.920555688840684 0.55695099749837 0.579352907405322 0.923418753595321 0.735056490940429 0.985628769401604 0.551450064217522 0.707219511803278 0.619582306914233 0.664514019124646
0.696471515203858 0.649719570478862 0.824487459191985 0.809119950071919 0.637516033959036 0.885569486631613 0.552138428380544 0.58646995099747 0.839351282792067 0.580416674495
0.642158074984345 0.86394830175431 0.745406716006798 0.904028474707512 0.852938889049849 0.78156373845362 0.565470263741676 0.884089287390373 0.430276197765482 0.571942934121002
0.779555828233363 0.551123558428476 0.579279002820019 0.923487319179356 0.626031572678679 0.6185061332898 0.956499065024065 0.52168287803733 0.777430266744453 0.961958997079886
0.687880825808562 0.978216836952158 0.624484093541132 0.708728112144975 0.840486814547278 0.672708049387817 0.608957374229372 0.898864739763441 0.444941127640977 0.730819575070074
0.602826373024157 0.52751790995119 0.760597435847008 0.802136222012811 0.838970307697878 0.894248418743733 0.736759449735334 0.702610690968847 0.787661002617713 0.468387053134079
0.489280489073972 0.915637386547026 0.397677173222334 0.622829398000999 0.59585550987442 0.755573256943587 0.989560996192356 0.980946369324745 0.949798829401648 0.969525303131025
0.736709084652799 0.567094019167839 0.83982044987285 0.843406073565553 0.571123966679156 0.696413416381368 0.927715686668435 0.531872308538779 0.651627535366931 0.733054757883039
0.569232108752394 0.702199201330941 0.931131704446037 0.91628465621681 0.806347282750405 0.554457518083411 0.485915487768297 0.538778473455203 0.977843000416072 0.977773568010395
0.692834733649254 0.667071175405712 0.594984790620975 0.755035506509503 0.909098982598077 0.779179464643197 0.633612662422291 0.679401054251173 0.474899760989082 0.968620961762424
0.611222434838633 0.575531048139934 0.82619977203839 0.856059528275728 0.901246859583328 0.596799972782927 0.665427584831291 0.919844065038698 0.643355677680851 0.552930158856055
0.632018054665187 0.516559939435341 0.764125323045767 0.823499093643285 0.772369127734161 0.819978099408086 0.482310373397617 0.869778713678346 0.865275323953092 0.604082088513687
0.720133192490699 0.940300112468991 0.808823097463667 0.904962865894281 0.564063075141071 0.548081531745127 0.727510150061636 0.508141171876617 0.684256787640695 0.75022225302818
0.801462729580277 0.880342967743754 0.442333609712956 0.521853993290554 0.693545378652435 0.785999242958511 0.912512021793876 0.961669900484099 0.504537620905687 0.888947447660846
0.813254224786279 0.611834075300835 0.559348159168907 0.71153808432773 0.615143136597372 0.643691399884663 0.749791099132534 0.877517526986926 0.755029577900047 0.647322630546944
0.831150980705493 0.626327481576345 0.75108047638805 0.621425320425945 0.933050598172566 0.580233022873687 0.532237172854817 0.661005570328226 0.740189844959691 0.788642481921796
0.770043262484677 0.524418677976027 0.913750551911637 0.855758070076706 0.691318464618266 0.753443584346554 0.56579658638479 0.528590720903395 0.65011920684341 0.941285736393705
0.731725218161854 0.541083505951211 0.97971987192189 0.720107514562228 0.972380566807939 0.523939183906182 0.565481143288457 0.628002893414534 0.750433996627738 0.852335522127245
0.653098685999444 0.583405545346867 0.709413553680424 0.619573883930192 0.921921646785541 0.817997527997675 0.613700169768397 0.86767176453348 0.502920838048564 0.84541383281898
0.572342623022839 0.926094262644186 0.53667065635003 0.831303436060054 0.548086801097512 0.541749863245055 0.912980057886752 0.977419846951021 0.864279683946884 0.642517925588177
0.839659113006935 0.637133609770262 0.936777448338838 0.929660647207907 0.656196977946831 0.689514876148585 0.531178956587559 0.842394508751001 0.400298408908181 0.87835347465706
0.884568036776752 0.489593397524178 0.771308842795141 0.737900011392281 0.986974240078076 0.734843013861167 0.775090546121032 0.901393075707536 0.517582801231058 0.508418192715343
0.944455712535653 0.786174509054311 0.493115922448984 0.833774584173456 0.870114250495421 0.977791164164266 0.802481759635654 0.434908196949449 0.890832699539191 0.471788022044686
0.892555526101552 0.612389616188403 0.590066865959863 0.78359533334005 0.56020107093475 0.927763305461638 0.549085918724505 0.690610185700963 0.970812493030663 0.646730971126015
0.478901646628137 0.498250059587648 0.653682090542263 0.899455257266044 0.692375660523342 0.916443259526532 0.793464356103178 0.909501717183599 0.668682729122299 0.70943906798181
0.651624804983019 0.9909821706869 0.653614382481656 0.492751661948891 0.463214712215612 0.759213131155033 0.99338180345305 0.640072270413586 0.92871752523705 0.856892326819432
0.633656386219541 0.75349804775581 0.600157553482361 0.522498668587303 0.82133295499011 0.607946744888962 0.725193587434397 0.71144746657021 0.821724543508277 0.797622369059765
