0.579283248894721 0.685892330405955 0.570014381464417 0.603262899643751 0.65318259173171 0.915389472717395 0.495416436761827
0.49594656368248 0.583939801557714 0.76235432224449 0.880094216324265 0.956055924312453 0.509108835709118 0.491014771798822
0.491139684994261 0.594309682531928 0.455395708905356 0.612952440076044 0.897122728413311 0.66533125784072 0.913455221904897
0.937532844968485 0.455848212031159 0.446819292205076 0.795819284012225 0.577530725839941 0.942236771175559 0.587106372389622
0.587048415723797 0.620504347748062 0.797132684779717 0.937351397478987 0.621367086119931 0.566085308391055 0.444365946943737
0.575742086823644 0.61178045446891 0.666353804690442 0.550476919077293 0.711051177380092 0.759878016416472 0.536588698287825
0.763572262602638 0.824341659195862 0.845704962436628 0.658924549598164 0.455195295313154 0.320161121297499 0.881199395762446
0.605754927332655 0.469175021310334 0.598656432002005 0.531852842328635 0.652480060768122 0.942015372674668 0.758287528874261
0.759543892399246 0.616746570852723 0.29570381008112 0.71088103040026 0.92537571081662 0.951101996989178 0.544242423636085
0.793122769099213 0.921814366295127 0.339880674244196 0.6657372445154 0.720146675231774 0.431661281101082 0.952324835678935
0.566160490505295 0.731387174123344 0.678964685205557 0.687850988466883 0.792667301020903 0.490632856396919 0.51349407405319
0.976467888205746 0.742276712274082 0.396604822472282 0.59409939749462 0.525491527586756 0.583046239470337 0.928061286579963
0.844987590070371 0.536826822462621 0.670644222150038 0.859286569217071 0.315367435842021 0.597673935092527 0.949223509746939
0.798576026737288 0.988191357347229 0.670602746071243 0.807589143453738 0.770413333076504 0.384976222028677 0.381291534531869
0.552047206759162 0.593403317078917 0.540868880022592 0.754564740658128 0.564140791304868 0.584130584103415 0.99245283345424
0.48795767850194 0.464427108770783 0.919873138024336 0.775935746927584 0.583093300018025 0.587974924836868 0.774670515450722
0.576837613356644 0.925215353395338 0.598783141394669 0.712264094109746 0.607545949549955 0.480582853819674 0.615604918691539
0.433063178044234 0.455200563067605 0.610981932790379 0.798861471346 0.885529060387259 0.872559961496163 0.599200936035832
0.62706723357162 0.84415225890354 0.708094763512589 0.368806013356803 0.569143148584584 0.677704554812572 0.747995759845724
0.762140635703832 0.690730764126956 0.696401748582082 0.976863947231442 0.294364729581616 0.495302434619671 0.950730130930341
0.609166543288667 0.715539830536686 0.414120410107192 0.828420002159954 0.489196067903386 0.762848426508131 0.723457949423262
0.704088950677383 0.948138389291828 0.836891311340809 0.421816491638609 0.430038483089175 0.668629271999374 0.662089182725115
0.401865482899779 0.848910485566603 0.698990855702905 0.648020201230447 0.790540012711345 0.604658930486412 0.547514942931669
0.739353032768002 0.0886091560673877 0.899842431466615 0.939614350653388 0.855515629232375 0.829043932075709 0.805963373738925
0.965139512111127 0.792092667045992 0.549559226405241 0.491007111179528 0.918920795063079 0.331639335545747 0.799229432837596
0.970834858291916 0.514059365572416 0.991415719260843 0.976196115700572 0.531997161831568 0.296788520975808 0.779007378465671
0.690557210759756 0.516442184467256 0.646480888710492 0.667476321379527 0.530711603043428 0.974012458681439 0.537439421791751
0.822752964718177 0.698120062128583 0.66895319005455 0.425855708400649 0.480210654513946 0.636978393224666 0.809598626641485
0.441111055087259 0.892524574848025 0.768334437127625 0.662952918129798 0.841183325182759 0.672616885287391 0.386469176140597
0.489436646750665 0.575185322429098 0.812401247839261 0.811032834843625 0.690971110891188 0.468068183523307 0.669084060469124
0.806331544325467 0.826734943391717 0.441614072441695 0.5230931440578 0.655863731679019 0.944968796913308 0.478676154767222
0.591264197955879 0.770692994366737 0.959438939786397 0.404439795332313 0.810238257467212 0.908507643338043 0.383854064325059
0.80049243272826 0.374036227461444 0.79422205436258 0.408339405596714 0.967609093073989 0.845416734197981 0.61139466386487
0.692611135126098 0.435711364434974 0.669593985861251 0.848862824217191 0.378352100724272 0.810898793314568 0.818686833359451
0.626266106638267 0.706928779334319 0.746651424382858 0.488787181544414 0.675956277004114 0.918361243619367 0.4192772011594
0.549569614742709 0.533957927975224 0.968337865763027 0.74708656769336 0.59955717084016 0.408705331189305 0.929532167872356
0.669362367918891 0.453388830449659 0.552090172872752 0.531702837781632 0.691787670763605 0.725255830805848 0.96139505477067
0.651393154143841 0.546939983581014 0.729689622217853 0.567389023749567 0.698701099327799 0.444461911386392 0.883439560789993
0.439588820509992 0.900811660848945 0.625126221851937 0.862066646089733 0.312686388814402 0.790031367382604 0.992371316566435
0.47835160245903 0.438205806243258 0.721282029239025 0.803206892861192 0.770226127248854 0.85472473195357 0.52887574584122
0.621789216944098 0.994355845083898 0.623258311554569 0.3957944596254 0.796012681430797 0.713029284382777 0.524644244271164
0.981188696333645 0.678822826098829 0.455959453435866 0.535250536101045 0.83792554693728 0.478343409441965 0.706528620627416
0.884287852841958 0.756192093481814 0.550035238846813 0.570656630128197 0.61207631539352 0.586096250594828 0.532492471358538
0.866401049401899 0.941435374399792 0.518599269771219 0.369363171538552 0.471597853431573 0.778355200623131 0.855304502621047
0.551468133797832 0.638784202349489 0.744967633488928 0.797829188080554 0.683536526310327 0.509255479552097 0.529416901239405
0.389683814012252 0.584820492879205 0.850683765237248 0.70567284810462 0.531837181213744 0.832240450767215 0.685521656661305
0.724667922352333 0.531703822833129 0.752197949385083 0.398485729049395 0.898047176524943 0.665687843125759 0.600617142863549
0.746222589831927 0.989156999610488 0.576334975256456 0.348567433741264 0.604431638421647 0.769579847825428 0.650635951123168
0.492259440969685 0.932859956513352 0.615346387066803 0.853717704571102 0.941398071592016 0.466818532174193 0.470265949997861
0.948243480588068 0.790985107679406 0.882402862840462 0.482135407252675 0.435085344757743 0.907699545343205 0.41350765328116
0.64310966858397 0.640615900409992 0.353671436440988 0.987686235894525 0.914870832260347 0.500309956177259 0.738001900103617
0.563274586679801 0.351132549685768 0.928574672033315 0.852808167414553 0.833446006844175 0.42778971483677 0.920563930451819
0.626627944477177 0.428498011119189 0.673294441415841 0.450383139485135 0.740178624854228 0.801390219611823 0.865053426722071
0.792730407248889 0.571495447560473 0.555056988614894 0.946835467224392 0.434247681607812 0.918244204038647 0.504154542630182
0.38198724986147 0.594344835199004 0.8905683400109 0.591193877078904 0.478055793182319 0.979185984126017 0.960662800005607
0.569372027585128 0.937580578119641 0.651595280691289 0.606750030235884 0.5210481479546 0.64968191645769 0.57278302730879
0.336436018970745 0.522154718978541 0.944904491718542 0.974444004843267 0.473927761818403 0.801418070662863 0.892895732483561
0.637894532571047 0.974888279952985 0.709416206067113 0.473062331609122 0.666815192013454 0.845818524559365 0.390604610563378
0.904715701432162 0.693559309102058 0.436046399539941 0.739319214724325 0.545885626172443 0.790911923456159 0.489040919588444
0.524120343662922 0.38347535488522 0.599408165705489 0.64720072631844 0.865302583976924 0.715232816388902 0.903776163598454
0.581827463387922 0.565801388558024 0.950539885616641 0.815585605351178 0.503699732109694 0.791592543396925 0.442863840967917
0.827319461051136 0.492920114669749 0.497594722970944 0.902117082710901 0.586381340208805 0.631059045674828 0.62070925403816
0.509335865564632 0.537137347533974 0.639973291005394 0.909157888432367 0.542851458754393 0.909362686859921 0.564184166865047
0.902286087570777 0.417685463242126 0.968803810556378 0.500928046985689 0.384773660617105 0.896147603267709 0.890332383542825
0.796613504666613 0.525442806129037 0.509339023816548 0.683273846647491 0.972468270294824 0.532885163782725 0.583572950998985
0.820712710200532 0.460561568306881 0.848161324247279 0.483702540415478 0.399699763606286 0.911813622282577 0.861771982319827
0.724454891767841 0.515338291104025 0.746174732881525 0.663141064512805 0.944064612223758 0.541603093313825 0.454087716799762
0.565871866547818 0.875705101889328 0.62841056604645 0.578999938189762 0.752035095337176 0.543537504987019 0.540740618733902
0.756601094911223 0.640866017389654 0.46061110193512 0.68938292636349 0.642844973189978 0.464533748705078 0.899637724745012
0.499941830691047 0.912608681056698 0.644808284715403 0.850037372885877 0.35543752430721 0.844480895604889 0.607561898333164
0.80468040485911 0.670604234687699 0.526167622907968 0.616083580532441 0.83309584812921 0.492715651063288 0.557004130670507
0.821730083966012 0.986771904448984 0.863894716727057 0.349781246446309 0.440517147157393 0.714522175472832 0.636383267717314
0.472493542538339 0.921299901121571 0.55220821584262 0.602289157283197 0.522068004646764 0.688878249338772 0.822134602908315
0.345051271017309 0.94230204964789 0.605773336418844 0.540553195954094 0.670368743532363 0.709322979949282 0.910238172496332
0.839528999725398 0.575898265698421 0.867118391360136 0.553368663035887 0.5349285442623 0.411625465159084 0.878453088196596
0.314897997763024 0.519630452009221 0.923078302051151 0.665992806430183 0.943006833641736 0.595713066484135 0.874674642234305
0.837688371452744 0.756995858593636 0.660367039052396 0.469399070668439 0.492350488660533 0.753308129184771 0.553736487444219
0.953279621459438 0.48132632667427 0.822183778793488 0.452643456453009 0.571102052558551 0.564222271470411 0.84598261611736
0.7018414431971 0.886041831055884 0.566065972143556 0.446716075241872 0.751067146260441 0.570494812813559 0.603451267411354
0.683229900768013 0.878131423909472 0.675988645489003 0.520104349074993 0.512882678148341 0.680654994203865 0.541462059595315
0.827613258563983 0.858476478642545 0.813952638494285 0.499936975621461 0.806503534981292 0.610109008132051 0.309984501847024
0.350697722920371 0.885957756999623 0.992947734421607 0.591386526573284 0.745401337422264 0.521666150215569 0.676329698861557
0.470352989779306 0.441817405710227 0.823763878611971 0.955900089124275 0.468544028781909 0.905721043559753 0.710918190810543
0.676995724875636 0.764228249614232 0.560037966713677 0.547950836399284 0.666313751370005 0.472799251595918 0.770048393605763
0.997846091695532 0.642162536201828 0.634777715113876 0.389521016530511 0.632094418781194 0.574270900010442 0.778017973078318
0.999006216384403 0.96912296653478 0.754407095060778 0.412254769185793 0.778004541494329 0.349075042081678 0.653157088209851
0.433754962417179 0.569341837960203 0.941082390164371 0.90946047823279 0.575091901020115 0.552296937290524 0.681807463644086
0.815373136507195 0.683751633168674 0.645880413917997 0.458756871603797 0.86449232125152 0.935414505495408 0.348063293432463
0.903688682068068 0.527084217096445 0.305046133391362 0.744730605071695 0.865704550492703 0.768382011082514 0.616243187592684
0.859500451589986 0.520425475348279 0.278330544912737 0.632392395814884 0.91743853832737 0.896032351383129 0.723051751714246
0.905105835525834 0.41517995055756 0.468235399601962 0.638741758047834 0.612546423927014 0.815765169644567 0.772762781709956
0.563820052192996 0.744409598313096 0.587440472032325 0.943318806846535 0.317442658716949 0.976308773936467 0.676647746891082
0.631517510896751 0.548241283057032 0.462410827066592 0.970945228399875 0.431648754880448 0.85520604190147 0.837827282961736
0.489200624828976 0.942733830736423 0.634682692619752 0.618332443119392 0.380129763899369 0.857523047212134 0.771660486431209
0.542778714526484 0.496144763080033 0.809369976452084 0.877963798253686 0.697241601971388 0.378464529992248 0.911247716259721
0.535081048798208 0.843362050863269 0.61824752207981 0.73724362743225 0.649854234209139 0.444424190027489 0.663440171659455
0.404772273790531 0.648537271696895 0.844918601985828 0.806580777234551 0.494463677195616 0.56034690620031 0.891120009837408
0.525119782784963 0.988466110004683 0.798044958200637 0.308054114949153 0.664817278508077 0.623561368156693 0.973031470162421
0.591962102694155 0.800201536480025 0.601309698248555 0.926246022383465 0.814530498696638 0.553523941978713 0.371150068686958
0.471140947061292 0.572836800923903 0.824673948445567 0.624281752944995 0.568579480669819 0.78516283307925 0.634407870480727
0.36378154965011 0.92205662834409 0.573568223292409 0.636525744091694 0.925195938520716 0.677413887048254 0.593139002272164
0.49648909845812 0.487241591832716 0.320131870899914 0.89995848045628 0.907507420007347 0.947842858864899 0.99283316258842
0.390235786961098 0.895026104058761 0.832977018958444 0.439375097981428 0.521677241651371 0.968212431551774 0.787472312282533
0.468703082034487 0.974768770889814 0.585916560477607 0.808830510003171 0.927784445712128 0.505079645873943 0.491163230459682
0.700745413386652 0.862386305774338 0.558504746034379 0.475741508657502 0.690081813052925 0.721351023555817 0.501954215097039
0.81388080584576 0.820241855668181 0.510781053757861 0.321651040468095 0.669732618436434 0.982311111681805 0.647629844114626
0.610819420244048 0.570348089156912 0.48130923736585 0.564029178945911 0.860222254880059 0.77721455220592 0.631685088521374
0.918646136936168 0.559168929682802 0.806759193913152 0.82058891826411 0.724504108309607 0.370921715584974 0.492179464022958
0.335019864153236 0.689188507252727 0.78571465555643 0.448789125810934 0.893377430940391 0.75778788875422 0.796503269876764
0.625055057224495 0.949050851322193 0.885554224762343 0.343073016445012 0.496189597052277 0.9726292934455 0.603017003830093
0.462404717143207 0.757323958704112 0.458375307977516 0.933169861882921 0.748026207936777 0.72296265285398 0.537360191010914
0.923683542531692 0.484715442022545 0.812000232774894 0.582388387161849 0.456610471667933 0.58353819334814 0.77594278615761
0.64055860813604 0.586501805946604 0.553835428070231 0.851048689668201 0.992205090372773 0.393182446280315 0.667910392941595
0.652538410590444 0.617021680306782 0.502846705249167 0.551784753657083 0.921769607895826 0.543972228106175 0.734559946490974
0.763718009422122 0.666142621998606 0.535876850437631 0.732379709380846 0.80285014340785 0.55382696971794 0.445256171493152
0.994013979116395 0.877239002138592 0.654789944058023 0.168009883695778 0.969244192785825 0.597444611607948 0.897434858719905
0.584202211547785 0.617306659963938 0.422186433911476 0.968594818325898 0.769204322924313 0.690925178191092 0.556142687358498
0.713000455468035 0.648926773666919 0.799125440582074 0.581156599231677 0.470529309451878 0.554594498074103 0.683972794040384
0.613149701050688 0.928628728759127 0.711313160086444 0.208670556833956 0.713794222539679 0.875980820379454 0.803999732862138
0.927756434984186 0.399723059142776 0.870507721978153 0.310868651129984 0.996729960039644 0.626440394754611 0.943248579808346
0.261309298929404 0.954590497951542 0.923236982551583 0.582295335885254 0.655367133875349 0.945975111720847 0.612425778672425
0.615437549289457 0.813524651326228 0.607934445118387 0.576144009325847 0.795770003269061 0.538295898730501 0.521367785254997
0.46975458742931 0.488823645997762 0.977017607202325 0.540049916701695 0.511346808242612 0.918780167646058 0.991187221232294
0.487891546832057 0.995016901848578 0.637990164631472 0.548738612843151 0.988149058053293 0.628844424434124 0.485087158457069
0.61756478481395 0.379151873616542 0.731248237708418 0.687899414601037 0.675649490055593 0.704349863619425 0.674355456720838
0.810285996272827 0.66820321832828 0.446695651504013 0.763443735828524 0.6054470993454 0.718908803880532 0.492919461694763
0.916500154732527 0.513493886184532 0.791951844086998 0.856070198883193 0.262106993408238 0.624474551855574 0.917330157547912
0.779123345558463 0.939621810293292 0.533230758953733 0.90529342049324 0.373507514439551 0.42976820383998 0.944610638872753
0.71531386891256 0.573998681876648 0.321102605384821 0.631492810597508 0.891632916205118 0.748172687577653 0.743841762703284
0.720833032545517 0.631942888417128 0.49728526514308 0.571248189326408 0.797484034928432 0.765013000703171 0.496196525270024
0.684419712778328 0.532132104269962 0.610660976139399 0.584460615362112 0.640236600980936 0.684195578949847 0.642105150710855
0.775472529081804 0.690081781066269 0.415517802583723 0.725854641951411 0.401656811764209 0.865155522916302 0.753899630167432
0.746731866871706 0.517557978283227 0.926511868291126 0.242583868654374 0.875550182420929 0.868584049520681 0.697895154353559
0.976936239774188 0.50598747838899 0.585004676416631 0.601369792663871 0.479296239539688 0.617372597017091 0.917802706930755
0.929290584628481 0.592432909434656 0.56671643192859 0.915802492732227 0.551604018666878 0.538676940335255 0.530758640760446
0.540144032113005 0.589515490300275 0.610703860344705 0.910047295049612 0.623857766341389 0.545198003893017 0.665240165174645
0.818029319250389 0.562316094727669 0.469869631524401 0.584172759764254 0.561269221398607 0.956541246223731 0.643635566113896
0.643354563130688 0.998222004557303 0.811417981662279 0.828548689405952 0.503053693241293 0.511534390223052 0.432295976928229
0.404615102242724 0.883323007242696 0.86249665637211 0.32615495646251 0.803421613158281 0.658881444143702 0.937357687207453
0.608631163208526 0.999075655830137 0.483192412504437 0.536957348684881 0.730099690971463 0.556874534984104 0.689960252246311
0.492754053411512 0.996739336759798 0.774406837991463 0.531587134733893 0.490127847741812 0.835319222352723 0.569536690903789
0.701304608874991 0.528090460857452 0.652619844514275 0.715015865561767 0.543143040594947 0.518913770202433 0.785450986899305
0.560192509408571 0.944458174175376 0.426227238346289 0.612779365880027 0.75739086195579 0.513584713197333 0.830086933398689
0.81188214748871 0.461346656299738 0.419963125886834 0.542659137263498 0.960983088729545 0.790994675724535 0.710767802817619
0.864967403377809 0.892955894952936 0.721180403218883 0.808232958558628 0.406662115373023 0.454265437981715 0.546219508818554
0.629111466745347 0.49350839837481 0.567649207920549 0.556868369800941 0.755025432701889 0.847260160232727 0.626806877054615
0.757194347828974 0.446098503304685 0.956956086892883 0.576563964519879 0.369639429706042 0.795808394561243 0.881513577483257
0.375991917335621 0.472390533690929 0.683338699844138 0.574654558560972 0.836454943548558 0.99321945293007 0.844256367857471
0.545563497378675 0.506473122846083 0.571374724937482 0.803233550826425 0.752930358082934 0.55376240648297 0.74055708364978
0.412399065454187 0.877115486892646 0.597141109533599 0.960237326095127 0.932195668821484 0.321163219638481 0.898356600818292
0.95849027349376 0.485503092140624 0.77803936157545 0.606981594121992 0.455373497167089 0.818609414481373 0.552429547515706
0.632681598631511 0.608311217096187 0.491314558151231 0.980575601403077 0.801974723634357 0.475411111675094 0.628366589876466
0.556195595397291 0.512866661710262 0.656309402135427 0.595342573006954 0.987740157959245 0.467358010745107 0.996820620104959
0.871467252462774 0.964739873894044 0.916862365111151 0.899336607551313 0.475648029401381 0.182458926266836 0.852105865255229
0.51870918864668 0.457656693234046 0.771538897826287 0.983531658536065 0.452108767279877 0.823998116007914 0.699008729402839
0.707128462451832 0.903691163718452 0.71754886389844 0.591684455570353 0.508880432702493 0.360996642291044 0.905517610664656
0.986520162053508 0.491181692314366 0.699376616247599 0.497934729459717 0.656519424435674 0.794079152729986 0.512049215738891
0.421518687941186 0.565795255410199 0.810504942480141 0.966067975913486 0.691151835783701 0.417471496818474 0.929012629766498
0.470661127371822 0.690739955453012 0.933962101535137 0.641646915326339 0.678905292192799 0.536686086714189 0.583323804595538
0.474908016614896 0.753210969260885 0.933167078126802 0.707128712573845 0.742097538427182 0.943096157183231 0.29050607766229
0.743960659944518 0.879526992789265 0.348576463198294 0.922239804233951 0.982755980825884 0.90224065866944 0.307413114823797
0.796309805444155 0.895268405509052 0.384906162884461 0.711366075661302 0.67832105063901 0.591514129530649 0.535722524576716
0.549367324720012 0.527649536600612 0.879101703819759 0.840166171376656 0.7061672613222 0.887302955905847 0.340747636456078
0.913233332645004 0.636682660574761 0.418435628622272 0.681468572814449 0.882786456700072 0.828727529071324 0.385411199160529
0.35043196779325 0.941963170267066 0.764710958549539 0.631002505435293 0.833511089823101 0.773950844850508 0.448315093416358
0.727458310136004 0.785707694288235 0.522905059596167 0.782554275144252 0.587641613132201 0.550203435958334 0.517774719308566
0.886152096633552 0.873729487877116 0.410728649533593 0.784125944850648 0.718210256429538 0.596871683551803 0.420919538063755
0.405259070137418 0.885925311079536 0.840317362686425 0.653397071995308 0.681607202444101 0.416901408856115 0.784918348519471
0.564496317972953 0.745931540345404 0.692745196853633 0.462989374483262 0.413879723854824 0.862588156488937 0.975899337568682
0.597447427268713 0.840184000343386 0.512243636759185 0.339852718778669 0.66990238445062 0.892898019635009 0.864817531958211
0.685134303956512 0.941966233234873 0.890712626828846 0.395498826951648 0.383440625533502 0.626194460076106 0.984181235879418
0.717256088746992 0.861481263478632 0.349457412370715 0.69970909203783 0.958247288587007 0.527105206785249 0.597364459842693
0.663433764878975 0.650386627447073 0.802243161402223 0.588555320719823 0.697726426056741 0.3184970560048 0.983159821559207
0.959713738972389 0.910674094158767 0.669021935391582 0.485017005019926 0.732758865993677 0.439251289747202 0.520638971554512
0.448850550604448 0.628343665669232 0.7915614235823 0.588323633632291 0.573571099849256 0.595952356283518 0.990743783633515
0.820932413602819 0.976012334291903 0.349150567731563 0.430947468876567 0.58258927390459 0.822618330128796 0.880678360437688
0.692464188948892 0.81390043388796 0.725769712006884 0.783897781355261 0.323071895363748 0.640518121726349 0.598219740399679
0.880698945431006 0.808566776139672 0.403148028557434 0.446676184360112 0.893394345686118 0.972141611471034 0.475995989453437
0.475334959263182 0.717246063335212 0.689305053590432 0.528117548310622 0.746648388250666 0.901206565260092 0.498377406341498
0.55016375578212 0.340553689573318 0.845116058602288 0.480449072714344 0.77297125008462 0.888164648340924 0.93067095458998
0.48399920645676 0.584576099091748 0.891889666276775 0.495137326321966 0.798063646363342 0.516591048390028 0.858121549666217
0.674218452750132 0.782692752297198 0.805896274918628 0.405511382370225 0.556150173049563 0.710889513023157 0.581713700413738
0.903313789049762 0.474180737248185 0.683170626619303 0.669337972560119 0.559501910115192 0.688423074373411 0.538124580077394
0.628407185572485 0.507331904151098 0.864930625458321 0.896628827332902 0.486974275738075 0.50150174589689 0.71969357976942
0.856729910231761 0.328556002262949 0.885416599604111 0.951478991100866 0.629966698970334 0.629900921748075 0.510862980611794
0.269028311894426 0.740794134687686 0.958321189069058 0.66295364000901 0.668480943149059 0.893320981139826 0.597669240062753
0.438138841638319 0.91406361283681 0.53594788055658 0.421381220785791 0.767065971207355 0.987022214697547 0.731008865972117
0.453652896352724 0.762518304988036 0.749978863424368 0.588962112275618 0.56030037235484 0.645917673844966 0.691885546031456
0.874151809115286 0.752119222667841 0.45616606362967 0.825474742091728 0.377154441342764 0.574235101528598 0.834801336643289
0.536046376837901 0.630859888069318 0.906398724416429 0.568930516200367 0.920273836832247 0.529793917224819 0.524131853038912
0.708989601985154 0.71966455379356 0.413877655641533 0.671891357825289 0.674728717411926 0.651495870749922 0.602163643138749
0.649160126227421 0.88738824128148 0.519412994622958 0.508503039578531 0.577807481990226 0.890675014115141 0.55111430394076
0.511092754911213 0.811299936314617 0.670491146786982 0.506179168443698 0.76573877110777 0.437475729394629 0.959812747569569
0.708456207250967 0.49178807573235 0.50660717758897 0.760882884868349 0.624170301610427 0.839903904933768 0.564993490693505
0.748251824613609 0.455830903765221 0.81472537186639 0.906874893076643 0.961613762702945 0.423566047422486 0.486429875649732
0.864308412772386 0.34562943504264 0.994937999277923 0.64127916361386 0.822210360342519 0.693906519825581 0.452845250418741
0.858064717319072 0.677786636184468 0.26461401597828 0.71093532454336 0.675296714369795 0.699640037497743 0.763285697848418
0.673200205503335 0.545149683598467 0.491297091222245 0.752078877423044 0.73567990928326 0.845880918325297 0.478030891838572
0.987049649222812 0.540695836237643 0.791478705512628 0.414181195620013 0.446368224643895 0.692933214582092 0.962463106753719
0.627843512436772 0.511828412232513 0.750039928613046 0.535817966995639 0.613893247852856 0.557456965077978 0.982103329982101
0.658138352204951 0.498977010671715 0.486744177633132 0.835039974013215 0.600244854894667 0.661265143385329 0.741315347497374
0.512527166579701 0.680173206318886 0.915656567477822 0.872207860008501 0.754859794674289 0.496293837651268 0.431825031515471
0.490364134008213 0.87076533714139 0.337467343502575 0.818670594816714 0.514480351601782 0.944688830657531 0.886196847731698
0.521514003563705 0.477703157161659 0.561726849852104 0.63420555563956 0.685959940348133 0.888165395255276 0.752532645334
0.916407979944113 0.89538801673605 0.668583708696512 0.663362242715165 0.266773651603706 0.703986835202548 0.634401452883808
0.540197463480083 0.532427659631099 0.673866008496516 0.903912554768058 0.897148391802108 0.462381509911551 0.606617918312581
0.729877657430692 0.994218717517937 0.468899412664078 0.577765880218482 0.328780907427888 0.908660925559549 0.911834733094437
0.489888257139038 0.937193729236319 0.985720412796362 0.529170360195165 0.585215652200777 0.540559231048539 0.638302542910905
0.658584159567009 0.664015703326311 0.872345437160972 0.410732318110175 0.626628106744561 0.973928041804552 0.483345985906048
0.482069433591977 0.841695630714746 0.927330279190465 0.941047792284151 0.591189597059302 0.496154140090862 0.47374454128414
0.882158991936688 0.936577646868728 0.721352134273203 0.580413495179859 0.493550933904955 0.500378249076721 0.528533051745463
0.852920324410285 0.805072362429613 0.643959724866301 0.496530777017352 0.684146816274845 0.521551902155385 0.518908498171944
0.547024592250587 0.357346491446629 0.773729431627783 0.441084738467922 0.971399634791131 0.868099090888033 0.996954098049182
0.869245871509262 0.93100867420811 0.404413853439576 0.894497197353338 0.90812599163942 0.232525531376935 0.878213456791751
0.721236765198825 0.990696521238818 0.954409311084901 0.575247501397815 0.394142522566584 0.956703318871992 0.391088329342514
0.68544383759598 0.641548866014829 0.969490298971291 0.470931716015224 0.963887749630472 0.819926220358253 0.323248602866808
0.844145147536671 0.670926497253525 0.332406959240478 0.815017737157236 0.928228594674004 0.778180025157622 0.422794877660217
0.769966268749404 0.668499992087138 0.474496877728239 0.909782088583249 0.599832987619858 0.554903914614154 0.558802469227356
0.953859698580957 0.391918729683033 0.673580109213876 0.844370106970488 0.46884836021762 0.804887447815788 0.579112057542494
0.531641780423623 0.949853590413599 0.909134047095056 0.623394288071725 0.212058908857574 0.994513637735328 0.915405858211714
0.822552674214333 0.751611149106462 0.347057830437997 0.988169023663049 0.963064862055709 0.421752298901336 0.619727244876748
0.424440473907113 0.845970887340092 0.559759943398633 0.728206094115033 0.452338705185037 0.731593381427263 0.926869822013759
0.671457226307627 0.68738865050438 0.471915191533024 0.656657176287729 0.715429422119693 0.867516440363313 0.453151188056889
0.683935941768311 0.600874337282818 0.539153209088787 0.502628769757779 0.855808631521779 0.967237384766799 0.490902984306212
0.907641793841434 0.923070578276995 0.72650297459756 0.614442375295324 0.554553995223079 0.926607474914702 0.252813333198106
0.687154112369518 0.628558715605694 0.544804189649157 0.589295084297376 0.551484992186523 0.589666084454651 0.863115249876976
0.833087801632122 0.82784908010069 0.701548127002573 0.458735262104427 0.542178552157752 0.462294918551693 0.751532478763752
0.699734377542535 0.315952811953352 0.819383999065228 0.923834114669699 0.614753058383839 0.739786990080757 0.567136739768725
0.441242684372106 0.550540195754427 0.904138433576777 0.965274603180688 0.81971679647474 0.834781501908657 0.355343759889366
0.514328820495549 0.442485250349781 0.700374646905866 0.895417596399998 0.636768992801451 0.574227882839596 0.80158297043866
0.823017118730916 0.742107252448648 0.450567256861884 0.407433815545578 0.67776527595421 0.734470738674657 0.726474201753999
0.934522705190801 0.874457958827194 0.280464948976351 0.374475136755794 0.80157669202591 0.974817070378044 0.8241196813665
0.536986018203037 0.521942198583601 0.817977472508575 0.494659898969998 0.641952410527371 0.852996427202632 0.655369986507691
0.508614806702838 0.814177091463388 0.90448819208223 0.596310994362841 0.782829381921023 0.612165315716891 0.404731741096939
0.513145872197376 0.808849092924055 0.705164371161552 0.418541835742952 0.577568427598906 0.721160108231565 0.787367393024596
0.560294702486769 0.49157961642918 0.706315269613061 0.642900938005598 0.541582147608779 0.779730152994822 0.72480593923904
0.626346251038527 0.458254068304017 0.754372956724157 0.875746992830489 0.706840161639348 0.681429791040943 0.448916432530485
0.443079543580226 0.570547325568205 0.944465092524291 0.531207344641438 0.964919512603213 0.725241290485296 0.546308103524076
0.481642730013767 0.602579639281733 0.826218779379741 0.855199479949631 0.870913264554723 0.427287140138153 0.578654192885698
0.446221103653821 0.847561106407613 0.794292537760148 0.475322132728212 0.933385159010327 0.873525008035608 0.423757488010966
0.395487244680991 0.64440249387822 0.416069183545096 0.947802894606783 0.94258641350286 0.765292559040112 0.674375825032807
0.799944228348579 0.836418492504657 0.425351980091875 0.277119249296702 0.83425996422141 0.939088011622802 0.77804995533936
0.467110671377622 0.929933483809647 0.784387984717176 0.623466052544887 0.857249647032584 0.663224526505587 0.376254932517155
0.710703492661541 0.633804028189766 0.88406804550366 0.510302629274118 0.836240823083915 0.996551371535847 0.291384909107895
0.86080222721309 0.412630550204402 0.661116231468129 0.665337168234069 0.885554520716477 0.385365959383703 0.866183265824957
0.576332782534133 0.556700459187049 0.793771236089841 0.531619371107472 0.579992566388526 0.703356430067986 0.687466421798908
0.807021340841744 0.441586453043672 0.451775201449844 0.835632052203468 0.454960251307684 0.837842538436166 0.998289537629032
0.446082131886498 0.85207440614708 0.863091191982979 0.844009968600068 0.590216155051795 0.572722319971924 0.473001814966739
0.673323117871619 0.463054081082098 0.960409818815426 0.792595933800485 0.469116464510064 0.791549692498131 0.515130319811548
0.350412932941237 0.549300712671909 0.969291118629933 0.500801911889081 0.832984772588113 0.873744441685146 0.715517178109982
0.581315685777613 0.428457314739755 0.622720500043368 0.581511071067263 0.891983105065497 0.5990532122658 0.909757975215661
0.804164879918645 0.756144750385292 0.495192449718729 0.400207793797304 0.857992922915982 0.549252440437028 0.746499512541547
0.726720918240323 0.949467027727905 0.400613681226646 0.886227233760937 0.625827949989168 0.409532326208485 0.751202966429454
0.485218212084081 0.645053550563874 0.733853639556885 0.353271669726114 0.961184168376607 0.655887477976744 0.998898224618505
0.964785795945588 0.828890980073129 0.947545516097056 0.992096703229453 0.362935742306422 0.524411638270409 0.421525653198167
0.536599313088221 0.724620319623088 0.546587062403154 0.535708249546702 0.600017349809547 0.761552453644226 0.732731669160849
0.647016114336882 0.890197034420058 0.542129430573642 0.418329106608953 0.674860260650433 0.946030089906513 0.545323634496956
0.620797234269387 0.908925959141242 0.267405729007766 0.945055769757578 0.864753984748638 0.952861846342889 0.463638128643764
0.93046672884153 0.790504782542242 0.899102964760179 0.934483904306486 0.679815908848632 0.963456229212512 0.0873385029818419
0.800683296171713 0.467198505013139 0.58437179989981 0.944427869121852 0.541908948442027 0.826091182588633 0.489638688990808
0.750995850305204 0.740121139777857 0.365860062189557 0.608241156809686 0.494651382369531 0.801438336478902 0.858410805712181
0.684270151816678 0.998354621887304 0.558590531936178 0.601505267709636 0.579368516128105 0.603424529469591 0.539056796897102
0.39043616822089 0.776236098386544 0.511075810895471 0.900096343323255 0.935458949959434 0.861335502971168 0.446880972903672
0.857428085609143 0.499295238252124 0.719690084860047 0.513796140047377 0.532241606991618 0.990999803759467 0.558274710856194
0.679151343457829 0.755206681714662 0.575647381514537 0.72532530270809 0.517435233008265 0.705533944615323 0.488109362603234
0.782225299744254 0.352579213415509 0.681516551368828 0.677326230748154 0.654246094786932 0.940218619645944 0.547505955614312
0.384724644645345 0.835608277508103 0.673823457304681 0.547039364448729 0.660610862915042 0.96273839669645 0.592233264164861
0.947296495460153 0.285401046271586 0.54686169695006 0.816906756518696 0.721152627615717 0.932546363912373 0.593296953130507
0.890723554259346 0.326125515327681 0.693129798871197 0.783543587900133 0.862203427121042 0.402021053335572 0.872084314945965
0.571896097595915 0.969393850138614 0.742088776778009 0.666952217085452 0.465241398199804 0.765931131539588 0.454476132339512
0.575640053214253 0.50139991403118 0.722743881826029 0.944379870906934 0.71573069411163 0.436736061657126 0.694587600934616
0.803145337935654 0.514166981342559 0.646597001231715 0.358659705415485 0.830500847501461 0.917625233310146 0.608224679025555
0.877597327048389 0.374983844266766 0.730124622142323 0.532323146987067 0.904964132780322 0.695536995460371 0.551571081310146
0.995456324434271 0.390877747478907 0.881552677711962 0.31221999466429 0.797062500213591 0.696098522707448 0.908684087481795
0.544504141537884 0.591917503889741 0.801654322128023 0.560839908534467 0.553074369477181 0.886926803174934 0.574251789942328
0.497574973504297 0.603439494138402 0.899934634714778 0.833924686627468 0.93048340761771 0.735279277251576 0.308765486082152
0.342222655783418 0.670207972486985 0.82651534652027 0.795371861932839 0.94201884758559 0.64416066581599 0.49343002620112
0.533026891710028 0.453752758148463 0.973732546148351 0.518618152238822 0.757014558815681 0.910283465312283 0.571000439168213
0.67378391404782 0.590943851313959 0.50099248492281 0.65268884573126 0.936880889453923 0.621317368882871 0.542574555496453
0.614217586685718 0.339370231087508 0.882662434705643 0.863114336941837 0.617246868962296 0.534474416119206 0.862085459587339
0.903227547609136 0.567898425298351 0.53877788178369 0.866527032394364 0.747619807081244 0.46774603878026 0.524192890791442
0.573193680688596 0.55214423361956 0.636839737901046 0.63660045480298 0.787107524345952 0.594739100003001 0.62084650912596
0.561757543769784 0.748557979594767 0.456621794287569 0.608437493578475 0.816372813481426 0.495877330349082 0.909001212267533
0.587805602276592 0.458133207250912 0.67359727155837 0.96408252129606 0.505618358050437 0.570879141122655 0.990543173349942
0.458053529136653 0.45200030845174 0.640700600175624 0.654699146626933 0.763563432876516 0.703562029717012 0.882170028308522
0.558421848224597 0.487812220677319 0.517069114474469 0.951809162890632 0.875079389996599 0.786030111792265 0.504278762056645
0.389696279544651 0.876117731357654 0.645413905802094 0.793676379800819 0.379647877915868 0.852208819326505 0.807119650029842
0.830892203291269 0.455911143336491 0.62326715827825 0.513411966016212 0.626530908220457 0.770740586845014 0.676526230948853
0.711950250483507 0.935273552363712 0.42325805031487 0.74040943835412 0.608024534986382 0.955669593449925 0.4023300723308
0.621365319782036 0.87416777044678 0.997865608806012 0.535476326056605 0.878133192462495 0.372831925143001 0.534356448811916
0.567998329190544 0.542002827892811 0.79629359874386 0.468367671211648 0.681164369043878 0.779375611761345 0.640621876596344
0.721478958680799 0.420669756698381 0.860388864438731 0.727774106082085 0.886349978635127 0.793872466329351 0.33833588222342
0.670568470073584 0.534825955723984 0.483966880977713 0.699142774718263 0.590255474110822 0.939345681596061 0.616968404889431
0.864049461595472 0.660661430794378 0.587371854021001 0.692056319868609 0.500491369482581 0.99468771403655 0.406924627701905
0.563358005103604 0.781564187858452 0.578171978771267 0.865895314465631 0.890125455689059 0.48165860373835 0.466186924546688
0.748292376492275 0.384219092751215 0.874864470084931 0.38015620977613 0.988578523389671 0.811024803149357 0.651073293860961
0.654085231948193 0.514218467267418 0.923923723998727 0.779626340878422 0.503569144148009 0.478425992335908 0.732560126043124
0.665649784452651 0.608815134710449 0.712371387265567 0.775785053171169 0.549305144499614 0.598266582778067 0.51248981344025
0.619214354710537 0.527406811192439 0.576211934836818 0.808093188748756 0.839473435198015 0.785408001520993 0.413983858552963
0.308980444415436 0.903485773986979 0.848902920225193 0.759859568583835 0.877075641090623 0.772615818095374 0.395132031377189
0.493359128287774 0.533776534732949 0.93260253691687 0.5584186324901 0.754049653391871 0.521157413697495 0.808604101586339
0.686451777359177 0.60996527387708 0.786258947324384 0.874325232812047 0.898187852261558 0.261503881420062 0.636215985500152
0.769023773002574 0.710895404730836 0.686677131404751 0.921647376359405 0.904044670269794 0.174569898976948 0.738818291295873
0.912175531638179 0.569277139453029 0.617762226518215 0.886318176750471 0.481197805437716 0.524183179764958 0.609899956108283
0.385709230894847 0.323139183944137 0.885359516155554 0.922889195804237 0.772934601804327 0.972372815945318 0.694883934110258
0.958261913993819 0.422505856208596 0.622914350452599 0.938816855359282 0.542653332312498 0.580467372167411 0.634421169213149
0.760596761724247 0.975620421523087 0.481979576074913 0.60430994171147 0.482929151385064 0.953544867520193 0.502349920121199
0.724743240085147 0.546541769092807 0.500426928305659 0.631213252029942 0.507866608461482 0.733825807248282 0.858619472525342
0.783902881081716 0.70753518699454 0.496853856195957 0.734071323290175 0.542985728356353 0.505343735823452 0.69942488284572
0.945376369959087 0.99639008534296 0.433454106715275 0.871909554006495 0.313030630899573 0.792326449221104 0.619780854993641
0.623673948781513 0.602428979703167 0.954737099846503 0.477849016293077 0.64944831250545 0.924402110772228 0.455000843471248
0.587164974818829 0.812623092231101 0.491443158435854 0.557825902964951 0.89838438240222 0.841427031037053 0.447878615698809
0.736124039869157 0.424885597077584 0.792895819034329 0.743306468200783 0.875846171369958 0.523029756627143 0.502089964000983
0.993469673873217 0.867210830575847 0.762052447202878 0.445292661839425 0.613697604605979 0.445905621844312 0.597812230615978
0.791159298279501 0.434604778254667 0.560246035260003 0.858732210080325 0.539235813099958 0.574172658266142 0.827543902220539
0.610237131073751 0.756210213482559 0.272445111861456 0.98811632803799 0.652641414127869 0.94016638975273 0.63266355886155
0.673338416790678 0.791245363986265 0.526537932968109 0.572222124691572 0.923104695062566 0.378340496896614 0.775990967244002
0.787035972188487 0.461176115750511 0.626846629203186 0.983692182373437 0.698958882342125 0.628948248314336 0.455481309211407
0.490620531897223 0.25800286669326 0.966745027436948 0.936800676137937 0.780843613964871 0.659824617320651 0.854659188862521
0.871296944858633 0.755875971838091 0.685472668327135 0.542803225351896 0.427497790979632 0.647980293156161 0.594776609740039
0.907493394372185 0.730081492617825 0.339991373734965 0.352154587170516 0.80088698652243 0.863546011594508 0.929248473292443
0.482804564281716 0.519401863663473 0.502973856378981 0.706905095794963 0.792172191527009 0.923150771458801 0.6543173414731
0.627439979747871 0.599515515993216 0.558462792550996 0.731279946472483 0.759472687902711 0.689239008655478 0.471587419676934
0.449572636212381 0.738198215684606 0.711596036820961 0.397201055375877 0.623017975268358 0.839653427976099 0.881173827903235
0.760138588647339 0.656186420293498 0.691243635869284 0.661038743617169 0.587348964794861 0.473315445972925 0.592132369846672
0.478233056022351 0.970746077227175 0.573908237010602 0.738797594761903 0.732326986994837 0.371192015292444 0.899629418344785
0.698180348483555 0.272533569918115 0.519712496972252 0.873493193196843 0.746260750554488 0.964279836193149 0.740466001227798
0.797836265552588 0.888841904250466 0.947306469888072 0.449802103610297 0.555804657378812 0.40345578536105 0.703175360708133
0.642076990501611 0.972204782914518 0.709964215942628 0.381455532401847 0.364430297432775 0.978884466109929 0.997587914620845
0.39212673402769 0.995853767963223 0.849334150494835 0.975220768678961 0.564116593238722 0.360613763406164 0.908623914897647
0.692216794807293 0.355957873084448 0.943329010820219 0.749632157371698 0.871954374965623 0.682757513674657 0.445432508614054
0.978705502129265 0.320335128894173 0.705809014474423 0.3860462152291 0.96846273377562 0.760395620528193 0.874661403697297
0.467536964216505 0.931739324243979 0.828744504658232 0.490980786223827 0.980705076650939 0.817996630450005 0.375582615234898
0.734569838411409 0.727379628547153 0.611794663644383 0.506446217946092 0.589150042255439 0.492168677410585 0.814970533558435
0.973037407185793 0.401853229296082 0.96245832647913 0.519210845957808 0.58216364460102 0.997023151608874 0.515923776797073
0.522610930763321 0.65876412637906 0.475364104703862 0.669136739797414 0.836104412058508 0.610649659383987 0.695879984121508
0.511865612774009 0.923877497924101 0.771953995994299 0.577396224215625 0.476022888717885 0.644155419925602 0.647645242519477
0.914346540097069 0.623592118076098 0.430319386285935 0.737192659366174 0.48066965914926 0.569768963889843 0.949263977895426
0.772466971537468 0.742016464552895 0.649541755673974 0.414730547368366 0.50545203517083 0.600924665529239 0.888317006229935
0.77486115821204 0.817757980791007 0.553966951161345 0.569559786390789 0.796717539261909 0.423233230272875 0.602643202273371
0.744823761709097 0.178225146226851 0.789903637735435 0.774725795548381 0.734436418878074 0.79010342912131 0.776166038312378
0.774003402476453 0.951047453081614 0.608276972126599 0.531854278313552 0.435386598568069 0.529336567742799 0.816671117339116
0.801906912625702 0.650994230755358 0.521200058390754 0.700983537488024 0.771280756310711 0.824051376371743 0.338922499067014
0.413012519589431 0.934551973764391 0.903982517380835 0.702865768449823 0.378745960475123 0.761756611600555 0.666926957810073
0.843415947152594 0.973323321589051 0.731724224709733 0.524417543415328 0.549170535736762 0.528219780027263 0.499205188925912
0.738840743862482 0.687428311597982 0.755116520390937 0.573172430543445 0.262647982624704 0.826283341577623 0.865539541244569
0.482404229896206 0.958874579667571 0.657461844214451 0.640595250839943 0.866324007324744 0.603269162260105 0.444451147014181
0.257021028599457 0.759642069010215 0.643143804693351 0.579291023128981 0.814840432442704 0.786479377650837 0.922586796397996
0.480630198594268 0.617031112465684 0.715323044957261 0.984103750707293 0.537534141586332 0.687921164217411 0.562932143537401
0.89641174185859 0.332773894977451 0.76287207936492 0.478837179530026 0.891086764450956 0.559270580276338 0.899332492436664
0.720192157381289 0.620865895638138 0.615022615609726 0.487936478198383 0.892630766707602 0.623404085527359 0.537187262262957
0.834302258424051 0.941347531379056 0.297612907608124 0.804892539834857 0.900900025627966 0.792202229486587 0.379767076462713
0.472585066626328 0.758133806663709 0.744175902589436 0.41336539156777 0.641934063664145 0.986749670972585 0.645936003008377
0.480855415375551 0.577331638570778 0.564273094389272 0.96895331020573 0.407859622673248 0.958925502337681 0.906719871019163
0.932606931156429 0.923125718428952 0.258314519141761 0.819566407627494 0.513232207479016 0.650615157485406 0.781179906503727
0.733001061945489 0.97088137804339 0.430413194816684 0.920678454733118 0.331561843389387 0.965061224190434 0.613849317645841
0.597824381448812 0.524360204805142 0.562622988348479 0.870526626114695 0.727122773453784 0.654767023396069 0.541402395011553
0.65472274953781 0.662305793052428 0.494846243217174 0.921712683334319 0.546396570747718 0.663813959703118 0.567958455417909
0.640886064250541 0.996212304410734 0.559782755580154 0.61858580316914 0.681501334117735 0.942880327749742 0.34650878693194
0.649641237438686 0.816040494160232 0.444141636336477 0.457574807902839 0.915317249004032 0.896566343324597 0.528476576847055
0.511449166420735 0.974653239360517 0.885035360173789 0.771572092462364 0.6939533370289 0.326039084115066 0.616083900669051
0.702633234775152 0.334216373493089 0.815829268494018 0.985369363468177 0.763578098436824 0.460692022806493 0.704324762716013
0.76874598384333 0.80969603616265 0.90245035547767 0.451595382913337 0.926993052175399 0.934563771480431 0.231605238346023
0.675032632399881 0.552601531748999 0.836692317334306 0.508756368016929 0.597506126505331 0.577745184188088 0.706843612140117
0.85595541024492 0.905013243600375 0.613751613006604 0.630039410237694 0.358002500866415 0.517950290552382 0.800908798370229
0.960310980005808 0.567245742010301 0.52340047552572 0.771465949552656 0.578863039298515 0.487625779357858 0.696866476131094
0.701100919393419 0.70038066390762 0.883521561159272 0.459296110637174 0.5643677014957 0.760286332240847 0.482581863137214
0.988924382373315 0.868337947875761 0.616707810041713 0.69530408294124 0.914401959471821 0.476487199529656 0.320737714008236
0.562862402818133 0.729479551604896 0.561519879440681 0.697598012915882 0.547426672507994 0.5146178789397 0.892300371356929
0.945971238797759 0.438367706876179 0.788984776660804 0.996042626827211 0.561149765465737 0.65454086394552 0.429758444195949
0.409351085485636 0.939747708583983 0.585728726732685 0.724221586492498 0.459991945886878 0.745996703956301 0.790948027890713
0.751742090509635 0.481028952064561 0.587102199029292 0.853281586782343 0.468611881300682 0.573681416904768 0.886398468454051
0.455325590280335 0.958784457274415 0.691688779257895 0.617170821208294 0.968628881284382 0.594205203167603 0.457447225388318
0.607391898580514 0.684200421286941 0.974197850368602 0.60851837133437 0.429970621974735 0.493802630171639 0.894944684841157
0.444588930758118 0.829788419679724 0.687726113026246 0.674700224129604 0.700997520005851 0.471914490165305 0.698445944014318
0.488137575905865 0.719476245999175 0.983795211347293 0.608179421118538 0.493400941621901 0.574346213034413 0.739820122369627
0.402753504771254 0.819244027335085 0.873710185105545 0.4702521680076 0.708607642104084 0.811020636172129 0.560205373789894
0.656165222194399 0.674205050722949 0.678834233784565 0.726429123703767 0.552049340819988 0.472205667766617 0.65587767777546
0.708856673686267 0.933755030993616 0.33959341039904 0.989429422005356 0.529732450217612 0.636045579588241 0.652172200074209
0.551139701118324 0.738319075543263 0.456216468278259 0.428782598789616 0.742607535313426 0.813150654309857 0.916969173292437
0.57718540841361 0.538186315158014 0.576599782866535 0.696995012127119 0.99207700736585 0.464698749224942 0.775799259153387
0.885248991707258 0.679812407722493 0.449219359101291 0.803647647470006 0.360264758396 0.846901237201242 0.6687929037689
0.453066446307149 0.993112940651465 0.568621385098506 0.578004833537924 0.920657417473179 0.436497946086272 0.886778905765147
0.618107104106118 0.55623125900011 0.529611676358652 0.502440137485213 0.802124635605454 0.793460388607873 0.673529698341456
0.725611986827276 0.560122554026115 0.684416348405068 0.667788568679785 0.424303307297083 0.844495374930446 0.592994835303408
0.407355590357432 0.972689565240853 0.972854382066695 0.741364264063611 0.917432674421251 0.28873351674714 0.739846118721588
0.675566819831282 0.900122238946275 0.468654235730075 0.914216406234313 0.559665884551732 0.491597636632799 0.622225858507234
0.923420851252998 0.657032888936238 0.751878084940769 0.573354148494603 0.483185094438334 0.513808690086576 0.640224527072381
0.557903239646984 0.575329599567742 0.825621655297954 0.938235786638814 0.539731365789137 0.571404382853341 0.559044830336162
0.525624998031868 0.542618537412056 0.816240237923251 0.619086195339317 0.436394137412782 0.960342876433173 0.739839813467182
0.611392127289194 0.612328633960482 0.797597079084763 0.618524900953795 0.483314917686608 0.630553789146272 0.670226346362341
0.782985545485588 0.663734829005853 0.648516487642942 0.649321757055208 0.949014846227314 0.414949213984004 0.501571806925782
0.436369140033952 0.801292074501438 0.606177157495268 0.895040415694931 0.91245044457747 0.497968136267601 0.534144280313441
0.551295242509465 0.562863520486221 0.535939414294634 0.615523525402148 0.697545827761226 0.625660886739659 0.886893615838538
0.582225002680883 0.797527465881934 0.50123214823378 0.887482116023894 0.547282043877545 0.638527383886921 0.567075895360926
0.584067711447115 0.737463880541219 0.473036132861232 0.986914986302157 0.520144636136218 0.50936466679365 0.903933449910921
0.916174612479519 0.643073690920379 0.669428526960825 0.398252052935154 0.489905565468011 0.891435118352509 0.650405723670781
0.71672275720479 0.537567672733595 0.458239628220395 0.616038367076551 0.589101212035342 0.730288171371612 0.847038482053788
0.689659151970361 0.879583883586543 0.352378731251702 0.961570129697082 0.426858534262952 0.714541848503745 0.758502881419631
0.86466514760032 0.643173082217065 0.768364530792646 0.727669919538307 0.560925834640039 0.580907228678382 0.401572484346079
