0.450015884359833 0.750182076595894 0.64629308650707 0.517878536049866 0.871372690091426 0.506197485326104 0.868954654096883
0.555504119139275 0.450267613589392 0.844801011255023 0.399919322439035 0.703084879637977 0.837495935280319 0.961685384125075
0.589775633009766 0.71876930745924 0.817847150519511 0.484827858601493 0.539137131995926 0.591236630891392 0.726941040389513
0.996431129581335 0.633293335524767 0.669474549428238 0.783750565092309 0.316084819097873 0.592415225230363 0.724977690855056
0.945030631972343 0.395616442834033 0.597384791639948 0.756561207473473 0.419131772467989 0.85590260561015 0.771602373325933
0.793584770796475 0.597794318946912 0.498681333142184 0.912382212426518 0.625020572853741 0.516280949416702 0.597467553901596
0.993966617215172 0.44100009843711 0.461492385551738 0.788521271380169 0.831597377992976 0.575554287103895 0.620190312692384
0.507184326360001 0.383630825031494 0.827016636793337 0.983447960141 0.969986876073114 0.934651990180693 0.415317703364965
0.413402738054577 0.617011734723889 0.551834436224554 0.858927460089585 0.830471749416639 0.528460018888334 0.806660854105167
0.69390638149772 0.691740254271074 0.55866365145614 0.897049321497685 0.394491330352162 0.656686511423723 0.651573378359091
0.482404404809858 0.458035139669869 0.777228650335617 0.886849730864415 0.524965638818978 0.710934336396603 0.741693534356523
0.529639168186534 0.800823417868223 0.865314653852014 0.60611914347936 0.374317479806922 0.720297418833855 0.690008136494769
0.874190912853739 0.726389004453355 0.854326403719673 0.697853937400709 0.867303715804289 0.292045054655087 0.472754754945829
0.66940243588297 0.625543077681725 0.547673534306914 0.752011888827021 0.542647172127073 0.882943764330569 0.488613494892746
0.883725938110181 0.627857314084125 0.849297263791169 0.548417150271344 0.987136316564084 0.445216700614092 0.440176996406877
0.897857861790606 0.369998749718785 0.638141839375102 0.871748290356259 0.505550118514439 0.624298326514897 0.75578053712255
0.497508140929508 0.441813044571698 0.701569679525064 0.662899725550095 0.861703920025056 0.590660177184314 0.784252214691838
0.796786048403189 0.450716346528338 0.872946170449041 0.456238571455395 0.789108124859957 0.64006117586373 0.586308023998392
0.576447997795149 0.914504096146759 0.550537635218373 0.766261480978398 0.74797611067195 0.558668948163511 0.453781269896449
0.322558426413372 0.87303176912173 0.430318564745505 0.755936842248413 0.894762085550379 0.68764745613628 0.820531089647883
0.49539693157272 0.544326191709421 0.577535576016827 0.78631668425177 0.786448403398028 0.686690324119908 0.587891837741833
0.791526020021965 0.399345167453058 0.500032996796252 0.90735109558083 0.422314451354412 0.958157273680037 0.95840503434702
0.893617426366798 0.337146476228382 0.968410108880673 0.357203763261552 0.991527171611393 0.650109819242748 0.887625165390835
0.258646619453724 0.916673728844412 0.870470902763657 0.736350466821982 0.750631951444428 0.842934866147337 0.480087358876997
0.916676626300513 0.697842874120742 0.892798174078874 0.539141933939428 0.41854988240365 0.918337645949454 0.422831983890374
0.577658491789965 0.53604351373444 0.964994978761343 0.574719386903559 0.827578481091824 0.522520259300936 0.591873800220156
0.44512914138502 0.938427266634453 0.948701832663879 0.211736299497944 0.961196315156984 0.796527173369627 0.853613360820801
0.645617787805822 0.669284530766675 0.508348604317671 0.946940695808364 0.590837038552577 0.754782733631129 0.45874377166945
0.619249224691342 0.713011709248904 0.871437917194512 0.592581010919708 0.723527265330153 0.480427960803981 0.506283634720303
0.51680572068986 0.976056583385243 0.57815710096706 0.469648073739595 0.556592402652925 0.883975005032271 0.689108849840072
0.49178567696859 0.646492532512763 0.532105691637844 0.730049205800167 0.516929702257998 0.699344192749296 0.965339789158952
0.590677027826062 0.567710706175005 0.822945921498868 0.589909058998863 0.607417066849145 0.460206444125591 0.976346206963154
0.499175759629549 0.599925268631035 0.92615901029934 0.621758550227587 0.964554027385179 0.901934351000145 0.344467456945783
0.705628135163144 0.296753638899878 0.891557206267345 0.585113071944814 0.785422238075984 0.865699623571103 0.586697990342374
0.789404798487106 0.856336414233235 0.899902100458604 0.658260690014583 0.405124866388091 0.559924228960087 0.489449335622497
0.416104091839964 0.866959808143814 0.643454761066338 0.670684639734143 0.983840238966327 0.541911294481063 0.557635487554821
0.4996748570316 0.768397195826461 0.934436117572192 0.72949998041303 0.776969577473053 0.448045836787657 0.486025252101761
0.726520540728038 0.555436828085506 0.587881073732568 0.557091411521512 0.601152110957617 0.563420196073317 0.891000088956069
0.404343173673983 0.822235614895246 0.783565106684025 0.494906252821712 0.547739889943268 0.75810619178723 0.779597662090347
0.630224850503338 0.189483463283673 0.620285180039144 0.779872483335329 0.928528369053825 0.989185613919426 0.907996361719622
0.448574790697339 0.961958223461287 0.916137294593044 0.497841559028784 0.78657855182375 0.76091534934609 0.423305259373272
0.643615028939479 0.663582634934985 0.909292381304565 0.507874237440684 0.679047010657287 0.504626697910009 0.598761989799877
0.604533220674224 0.71866681888377 0.483286945349407 0.509692274805365 0.706747599928717 0.716577360689928 0.698772081639532
0.596903937943894 0.543777992949348 0.911203050610595 0.47806498796578 0.641029239819711 0.541095232723088 0.901916372744391
0.849263149302492 0.904008805744621 0.469278636785415 0.420447092195773 0.704353489125186 0.4891925868714 0.953242311317212
0.486261802429077 0.637795133398442 0.63631575686967 0.526881985801807 0.697434839892205 0.622393374915816 0.878998448406311
0.424769644748012 0.320313824771231 0.782482853340853 0.938801664755752 0.962621091343407 0.649396235514291 0.821793339663621
0.931641128323858 0.471599211429338 0.765046679244461 0.842849554098078 0.417336449104061 0.469161218679862 0.877796397664697
0.789928003815415 0.447113589502391 0.397759914606003 0.923490597360319 0.945252230030162 0.577102020277833 0.684089340495317
0.495454141110288 0.729100343185935 0.728414028004035 0.56006885253581 0.684575155803426 0.674235282198326 0.553756777283649
0.77024212781514 0.944576388309446 0.784684031604972 0.566842235275953 0.525136042082458 0.595685210460082 0.433266640756151
0.593079037795881 0.704883768778586 0.99835120655771 0.463235006721752 0.650711032470629 0.512546176493154 0.684423779142736
0.42717184378291 0.545090576795583 0.972355516489857 0.63161389493928 0.499517000875842 0.771737824298874 0.839171125147627
0.955140474125419 0.738403927261452 0.616393554939436 0.36690705272048 0.397544744882781 0.88114189247751 0.932806630261448
0.818442170871044 0.596612614449862 0.787151944583118 0.649535604490618 0.438700928697733 0.494876969166593 0.74313454704187
0.455564764433239 0.947503862123706 0.522724538945216 0.800472300802151 0.669055418575973 0.458977528101558 0.823927201884644
0.404515096788727 0.806977091774072 0.908326297606155 0.554109543703575 0.749305284500693 0.518523137581591 0.674040323357195
0.961908936326927 0.861002939129442 0.839601474882239 0.415719611115677 0.680459119687302 0.368230438778339 0.667015802829012
0.785259016854994 0.579279354810495 0.770984739389863 0.774512794082539 0.450070166549352 0.601253524490396 0.539384752972655
0.88112226704538 0.773303045710699 0.394757188118435 0.919937389653309 0.756711543907855 0.643004562449494 0.387535570572364
0.832577590628864 0.467832242256888 0.753807458929554 0.981700941926736 0.843881810009341 0.335011531726976 0.5984541875802
0.458048600131705 0.679213745902941 0.976788678149807 0.990976835403268 0.618027312991705 0.329351289686363 0.915786876698945
0.529780080613293 0.617803445983358 0.4456995422143 0.928439035121064 0.762611674174697 0.638094147154889 0.635143879382248
0.4809119889703 0.598499657954705 0.904098169896604 0.420445942160618 0.846456003327596 0.892879591037082 0.565012064262756
0.769328754553262 0.445815607815284 0.688889990641351 0.910415911348605 0.519157764938702 0.569969609494537 0.655441881037114
0.730666783622671 0.404760283819784 0.826753410639606 0.883503157665294 0.617961459215633 0.662279327194925 0.480813420479678
0.467512812962774 0.602030435781241 0.998544253329102 0.752065963975146 0.569125218846017 0.824874665831781 0.470583097666172
0.399669404150515 0.471071840065092 0.54332090945326 0.99734204987095 0.994769076441026 0.843368490165454 0.644030157964107
0.545597328296684 0.974461808214704 0.875718726215147 0.926215721923328 0.902703394684517 0.23264144867054 0.583262333955784
0.481300070634468 0.635578959597283 0.506624137163248 0.890426801523189 0.82387488790959 0.497704174007662 0.756277804015595
0.569272872098392 0.589997267759343 0.869175814417977 0.698089360316713 0.497293804930384 0.652852307082903 0.593943526466303
0.89066551748784 0.941070754941679 0.923334757539163 0.843386085452478 0.869211007098797 0.0554067050370484 0.788326704976512
0.601250690421178 0.755514050624638 0.761034323111778 0.655423494929263 0.500986254058233 0.810135846867854 0.43402744694852
0.731063851727892 0.499246077434785 0.603303982897556 0.556529892507752 0.597935407299512 0.71184335856097 0.720365945823557
0.794999055034878 0.458550486010666 0.712962708765632 0.282934873689161 0.929358645577699 0.981706863550038 0.749182547182251
0.78494005526636 0.571549962235087 0.564510977524836 0.637373362035774 0.626454893378343 0.590455052321298 0.623479074681551
0.312220302619109 0.996575717960688 0.911402247086322 0.735425512216962 0.965631853857192 0.470064594342423 0.591239144343051
0.463472205895861 0.616840680491981 0.799235139713454 0.492244333954872 0.971828403571782 0.483870229959424 0.995424179457313
0.996616519295858 0.68348335719898 0.687084658358627 0.978296830806454 0.825885982672297 0.32972588205656 0.432694399740433
0.514513757714301 0.960049549924398 0.700300234472558 0.47282491657726 0.907798771629676 0.857300432440702 0.394930318924767
0.45127419361973 0.958051202217846 0.657439213928808 0.719193497606724 0.437999542489658 0.735286765560154 0.66085033818761
0.436422650381985 0.997625285606219 0.518979713228425 0.52861055373033 0.831587443810372 0.999213177206191 0.552313729028448
0.540295202530048 0.711072626924016 0.513127991543175 0.873508364351274 0.513250873319598 0.752657324452259 0.60751449161606
0.740396633838956 0.415004600787156 0.834749458834951 0.928310042136306 0.470105552938212 0.781860077652216 0.520869398790888
0.868077461315904 0.816447240118646 0.405607581295839 0.490058520735094 0.923989001645019 0.471245119460381 0.775940247090581
0.925738877660796 0.893873876922185 0.339020432920227 0.712110620262299 0.764942059159259 0.364272126626387 0.936391163269198
0.95326445728961 0.375943400054413 0.951945540259218 0.687089612041241 0.548019483574082 0.460690940152382 0.885954579854876
0.606791407487336 0.930309082223452 0.417945447308433 0.483166066841787 0.748135568698517 0.792271413253473 0.64217531600744
0.537270277007546 0.617988660426267 0.747544452310517 0.540089600828601 0.6274352958556 0.77801746608146 0.579742392178183
0.286255101820793 0.863674267409585 0.868831546509705 0.497564689418301 0.964349351954529 0.590974875271904 0.816248567130541
0.966730902995272 0.754363327537456 0.528855722072989 0.411473357372051 0.566384043770361 0.791777990474295 0.627392901474137
0.541952170752172 0.945135336045041 0.88454513874325 0.634411081064543 0.424676886251365 0.581584008411345 0.633764631823049
0.877915580462385 0.659287650047457 0.625768906884561 0.666725405352202 0.597716173600553 0.377980871311698 0.737036981369595
0.51158320214632 0.61067960885725 0.591795974605177 0.969352919368095 0.539746885641637 0.55180376338538 0.827964832307644
0.865998313690195 0.752891530830757 0.663704047999922 0.962131890554555 0.486942074767517 0.505343126105858 0.45361356719647
0.826784025890143 0.430311223988155 0.883935279185635 0.586159920649106 0.613946365491362 0.44328561928336 0.958191105128355
0.723306348193522 0.913766550499523 0.498750420019147 0.491855621092723 0.664862780003401 0.701858316395908 0.546858582491217
0.827367909189278 0.432493680635645 0.74836676049247 0.297456752505765 0.828308148247542 0.817298331779751 0.831505355128443
0.459779618451153 0.452732035117847 0.778489238917911 0.953811549576912 0.584771798181044 0.950871053308214 0.572646269752487
0.87941533330526 0.592997381048441 0.391175995260562 0.936144765332103 0.99128394424599 0.939052769585674 0.335715789695294
0.924799404212396 0.490105169544778 0.549132621036947 0.981522592912368 0.65199229224735 0.365198687197539 0.918469313190968
0.782454098282081 0.585688563732293 0.935860646207127 0.794903532998221 0.734210573670337 0.624322333226117 0.276768592716944
0.517343014566364 0.546121582396956 0.833125843741607 0.646827633348794 0.62453122209605 0.688095342261401 0.587449890130194
0.476624375579866 0.64556412590453 0.627822109061671 0.699419524514702 0.627628229710351 0.79318023361365 0.563934625206274
0.750732480494823 0.882587598002924 0.882099520138421 0.410784507294345 0.305096877035634 0.917678427512926 0.729191174481552
0.400454645977333 0.831793222280411 0.678650339359019 0.367636778045872 0.875801595999713 0.70366227391416 0.923438207526184
0.493024175600688 0.752201912485854 0.84686105459627 0.45190002487888 0.426934857879395 0.858827085414192 0.90318547089682
0.513133633849541 0.820682358140166 0.833883868233919 0.984914990489997 0.634808936654016 0.318953220868414 0.674738612849365
0.989905489330384 0.872082619440902 0.778272486978606 0.663065123342681 0.331566165706353 0.405382430189904 0.856915415536356
0.586166473757419 0.526863976038642 0.607931418179591 0.851338373140646 0.738685986862144 0.813156589342943 0.429149240459155
0.463206051677202 0.802525702834739 0.593635641243733 0.782490731191721 0.574762615993296 0.511457444210039 0.797729825867601
0.569323912215976 0.913302192819678 0.855942473892048 0.445297330428428 0.637153592282355 0.451949162447827 0.784276243663892
0.912523062899499 0.543006572550897 0.683555506327759 0.558431182824994 0.555672974442736 0.750212499767983 0.521915955135192
0.986768702923458 0.946562478639556 0.439990334957046 0.728727033422363 0.721284554321025 0.589756623411157 0.396851934384163
0.373506391241597 0.828822078318901 0.784186746444482 0.714024177335908 0.48745331209027 0.970211528210208 0.568427427404863
0.567666847737382 0.975467693097453 0.828402812837248 0.684279640400138 0.542923201445404 0.620354606736621 0.42527271957767
0.478324240998606 0.80639460864426 0.373576812699986 0.761237708704516 0.560760549910993 0.803970453648063 0.902025329706638
0.511668272608952 0.665791583150964 0.775366085817215 0.605412132035321 0.478835421149492 0.703410468122648 0.710001709458673
0.374516204016493 0.475101450735714 0.85087263446143 0.869339800920987 0.724780896977413 0.53429420539689 0.963764197663117
0.706071267061842 0.514774884049196 0.723260722564742 0.485069832173086 0.529385580335208 0.699203089835733 0.843577277131943
0.616285086048799 0.527587201568613 0.976964717693208 0.490421826982404 0.584889740019738 0.92300656222647 0.562799866603776
0.684877830357887 0.85261375340719 0.39719639564179 0.57779705262866 0.442349224981046 0.900835280283915 0.871392963631743
0.917828547578323 0.603943012616634 0.882803577254685 0.519785925083008 0.781609220061395 0.501611808703308 0.455977175191277
0.472500941285665 0.631832695118826 0.95871174997451 0.844494437200276 0.456975636513542 0.983647019210527 0.485055343071099
0.898236605076944 0.749120977777546 0.641813830887054 0.32420002735384 0.731743386692504 0.520590850513636 0.800234513252077
0.996771095176536 0.376587457534588 0.934277496019792 0.796945156740737 0.47111915087749 0.900790630745262 0.47441631717346
0.460652296619617 0.608461056237265 0.606171345557719 0.486935396502678 0.987249603940125 0.78772834056621 0.696284369919282
0.958014132132436 0.473542264645089 0.439368304326595 0.504232527484046 0.889305809893004 0.618394787240945 0.944228926336633
0.540675692007579 0.531876477111717 0.575288065964511 0.780553800888901 0.577049264984656 0.742918258389301 0.68957071647497
0.663599997531172 0.911280687093503 0.891746606665547 0.467323945024429 0.414547464971125 0.54451034357157 0.817583314199098
0.823743051228146 0.85851004368524 0.504678365537431 0.387450153823244 0.577521282709156 0.692840047097356 0.764377969147674
0.632658248809561 0.602087184697564 0.781740096513471 0.706251329840506 0.646164214404664 0.688855765515535 0.407725346870881
0.708164822307785 0.607139514194151 0.628165141970911 0.552583076164444 0.456772502600088 0.644165386056963 0.981685635080618
0.410134223882722 0.630744894998839 0.818710936950677 0.917089486001007 0.53341154972419 0.630475067256162 0.651122230526013
0.857328267116164 0.733994356548856 0.448533786786073 0.644324330981566 0.672316403056086 0.687706012182649 0.477160125940187
0.843125739249621 0.496360312191839 0.448339410028162 0.697017576866113 0.700125009382162 0.9062623854276 0.523661857984698
0.5754367735146 0.733012582940052 0.681065075524873 0.785713354903117 0.534194895214124 0.540013499200791 0.584953548420119
0.595406712066027 0.677662308848102 0.639319178757659 0.965632054658223 0.409518227831929 0.94220245421047 0.50087917877478
0.714844324621552 0.593860299020784 0.773724819680627 0.487384427903602 0.627296942416337 0.577035126566824 0.650779798961832
0.7686074203528 0.452387908876718 0.518935876409392 0.734108134340752 0.720598696411253 0.769403964009444 0.538245004089401
0.532583992535677 0.974573834444717 0.839914026154797 0.75769604613307 0.227200328188771 0.725221599307392 0.845680335825205
0.826958231534782 0.747171536269332 0.358046183296447 0.393103661357893 0.694030107279937 0.847151970617001 0.906585063725479
0.991027676305083 0.527940609330001 0.851936010390743 0.44468319511999 0.607543084281343 0.560917212124902 0.683829784794549
0.771178892928407 0.818659571621106 0.85095303864111 0.584799819780292 0.723226284328085 0.354526535999235 0.523648573810146
0.536386046727327 0.47204325640588 0.492464559591738 0.94252453347294 0.732071523211138 0.706306613730419 0.70438766451893
0.948847344460345 0.512364768031806 0.47631305315134 0.71722088626508 0.545240901594507 0.665540121625235 0.705527602167625
0.928605578329768 0.503896150587639 0.488387267186518 0.776949502457033 0.374500793248297 0.860476573675107 0.837001073067585
0.70388051607599 0.494063803922503 0.562890948211165 0.65676592656702 0.847895562836205 0.467795969151053 0.797290912484667
0.843051110138811 0.433731113248608 0.629120481122866 0.953382953094337 0.484768088621588 0.707068722205497 0.595390099885127
0.934588445725979 0.944427283845687 0.806893883627486 0.613136514439185 0.901824943472189 0.764694539648064 0.139376579594608
0.858436533461854 0.724411913069539 0.858486693808844 0.306427688018183 0.560791384494615 0.724751602951857 0.633562371616905
0.573739634732462 0.642795186945154 0.628896627689623 0.652424109713005 0.545874423150812 0.580079005928479 0.777252543734202
0.84844615077249 0.781758472340727 0.861106943063991 0.603265606728602 0.867663739643313 0.401800734391983 0.385705804080281
0.423394127137531 0.600828713772265 0.793558435277842 0.59561144243394 0.853131113768461 0.474248972063425 0.936320227879996
0.642823690385848 0.352474936854415 0.665746338992223 0.937514520572635 0.602766678633212 0.661702651762175 0.744525883926536
0.627114501661675 0.967632937740612 0.665919740114505 0.695245800897286 0.7875867568731 0.295320026066144 0.662760048371087
0.637374334669691 0.531302172998186 0.784473545099144 0.588773725783885 0.429121656420515 0.686536167358507 0.904581894289499
0.454969186457122 0.854450243423146 0.94003386378461 0.849207555253595 0.412475867275256 0.583038278035016 0.630702426698955
0.83017408741895 0.60566524650486 0.634004090573079 0.429095329533395 0.838724495728495 0.49340584779284 0.729580529925082
0.774732819975112 0.533000386855953 0.989680917523132 0.456725000360364 0.746861254565346 0.52606863758651 0.616305213078158
0.784622190243547 0.681857700269337 0.45284110287081 0.919674613317235 0.781682174861233 0.915138098308853 0.298787739267722
0.509160043663596 0.766765903673254 0.563600912068593 0.550402741426289 0.91579671119302 0.452028145458323 0.931204742211352
0.653692132986642 0.688923699079615 0.410787940973326 0.864842482455455 0.503834044298883 0.600894375951559 0.888653529668899
0.737796590840204 0.829350335271007 0.460851329293089 0.484141288289554 0.96148582141822 0.446276388748798 0.807014547254537
0.562561865985168 0.763918318189685 0.503650993417079 0.438952075894101 0.848164705911591 0.926103160534043 0.595943680250051
0.547498131058531 0.755227711079794 0.874671080232659 0.676171800091132 0.480509208675773 0.444375111814402 0.809824172532244
0.952627696623952 0.945933901196421 0.49670631599189 0.505332202502854 0.86465847941459 0.583060839890624 0.448025028499666
0.914772988246743 0.927690686820251 0.553937951932048 0.31004655654803 0.757674351107579 0.962719259330707 0.497616639306901
0.707002423891688 0.604421801771254 0.795106433662536 0.603207764465134 0.644131724919779 0.651388398175394 0.443158389092355
0.546950684751027 0.53703672097775 0.642286030123508 0.852344994575303 0.541005773434011 0.530988442328143 0.998420725817044
0.788640022674053 0.482578839728662 0.4898624995043 0.58346101359619 0.520050123277679 0.847693001659217 0.982450060610546
0.643287002093296 0.548985965625479 0.539165383639629 0.559329826919367 0.928517111294646 0.611710811726744 0.67303649173778
0.476211909133568 0.997660289550646 0.720984637259115 0.879180372202266 0.407820621831073 0.856845922767361 0.488117102495077
0.904857657721625 0.987816182006702 0.419550331941749 0.665785242364301 0.58035784593164 0.67856346873405 0.487401534521367
0.379919060908556 0.616668519370597 0.627014364070544 0.847908435236129 0.656285690229178 0.968604344728531 0.567355501201319
0.392095518623101 0.54746919322246 0.64459248631194 0.912919503985776 0.91830537035335 0.491844254391837 0.836066408081048
0.533790918276719 0.624502712242045 0.900583626583176 0.784092200400751 0.898362145007951 0.24288211413805 0.960083347903923
0.463235180237897 0.708791643164281 0.752867520708315 0.823990851716836 0.482226968543037 0.496799153029321 0.88283544017735
0.617974825038374 0.953842813277155 0.577068909522433 0.519365533661857 0.538127679294124 0.99125972067026 0.521833032124046
0.637691199666694 0.978018974717292 0.717180048355787 0.356729619236347 0.498777519634918 0.922120637821055 0.657690067284066
0.876988540509364 0.484656593670002 0.724669586915896 0.442271846551749 0.554412910173669 0.812346709172042 0.685897767136465
0.580847707735059 0.565759875428875 0.815260269538019 0.544671913959553 0.588310088961793 0.622646334764312 0.712928467737357
0.875033568156081 0.513774792379059 0.750133187437327 0.725295467370951 0.556106791943319 0.556822936310799 0.534569721461996
0.443130336269244 0.998825359954622 0.768961372161869 0.438888399112463 0.882752200621176 0.846420840477676 0.466768233378302
0.467558218866456 0.455644027556329 0.61192204233237 0.567834427919033 0.9232418706473 0.75423917442952 0.87146771517674
0.734605330042674 0.634977556592777 0.470286806344149 0.771516506075404 0.437233164619589 0.719041846639787 0.739463024707573
0.816601166424727 0.362813671868786 0.773026408181242 0.711718709737629 0.688437032943182 0.939790008295461 0.429878423627787
0.535115792640927 0.869562562311689 0.60689993746632 0.708230791721257 0.801131303803197 0.516464835716597 0.496157956192368
0.432774325668556 0.861542063040206 0.564330531107257 0.840444622936239 0.480388271236983 0.607523617616344 0.859342365298644
0.96375898219099 0.865690622134139 0.299118656475333 0.990099690083082 0.441197694308164 0.651053906301721 0.764858526299042
0.177266002498187 0.775132665915004 0.696856724713373 0.760995182258401 0.942657651946062 0.959468713749332 0.655626114353133
0.937410048755779 0.519443994174195 0.90687512950492 0.578250323218135 0.908422939612816 0.455111027764395 0.47720650171934
0.298654520475299 0.607759980195935 0.673402202002579 0.919326136611403 0.669484538711303 0.928914104806478 0.643918244391512
0.534560937116462 0.642190455651543 0.70909100831378 0.617598965583391 0.575703165610587 0.673417606618465 0.62879068868256
0.72276492760919 0.742073338757302 0.621158460539672 0.943989870552758 0.753785957003061 0.698330769070838 0.252784619017383
0.939833326411016 0.674214462946772 0.596057474600961 0.501774986697182 0.528644625222795 0.606558615575362 0.680822909311312
0.993966535316696 0.57679210651581 0.856062165025095 0.748834059325617 0.629649439264201 0.316412507397256 0.635850513903628
0.8687503021886 0.394834072105697 0.375384627877797 0.700115585345915 0.847568791756031 0.811198889768538 0.721447385894311
0.73050174128721 0.517668299021521 0.84162318466295 0.913446368808537 0.978503130289498 0.238619055684695 0.713662761242216
0.760728918180252 0.762430952343065 0.60947028628129 0.76469364310813 0.599217305533259 0.627678357436091 0.384226028153401
0.644439108594254 0.773778833271992 0.484965022725989 0.627375246425527 0.903818896630136 0.389812316343422 0.808400450148576
0.468752519749224 0.78458254483808 0.672530924859899 0.526481922861991 0.435112720398452 0.885770614373459 0.911851948445138
0.740635350728579 0.396375868252298 0.409052808723657 0.683415615508804 0.687039816971781 0.873133727364185 0.930110776184621
0.988717872496508 0.537021979145115 0.535247199991327 0.476915183951241 0.525748760847005 0.733547538824054 0.999845071781965
0.854581935535634 0.78350133183921 0.676731554244008 0.451674332861235 0.399698894748329 0.817973268855748 0.634865449279397
0.926625044456128 0.562090590541929 0.87488879483334 0.590377213266328 0.484887825627035 0.931325101763174 0.408940755844033
0.537203054660488 0.786600235932835 0.645097216448602 0.724492423702401 0.50801094146351 0.519526397676835 0.744048829927336
0.314034023344028 0.721173063687782 0.922349993687123 0.841480313950605 0.433373799395998 0.969518311130676 0.686067173515863
0.555794639546501 0.524104187241553 0.656353886027282 0.95680452640184 0.696810449041024 0.890377931531525 0.406446825592329
0.554421479717861 0.56036765598742 0.767093339932095 0.65841915161859 0.970357898240092 0.492438400911909 0.577196540919272
0.824446840361617 0.564238706721456 0.504490106667606 0.9719427120638 0.53000885066839 0.601299979776729 0.608691258660772
0.537801071184478 0.645010993609048 0.711493349461139 0.479377549146033 0.572794834992162 0.970789005463784 0.649694994906102
0.525732508169123 0.430604318359715 0.690667736539661 0.492472703566192 0.826542054682738 0.872654412976232 0.773540421375417
0.477397525411311 0.57091964659053 0.635698291073288 0.993622049689801 0.608193719692856 0.547335628407747 0.772836851805644
0.51453084172576 0.65613579643383 0.635669059747584 0.48617134209242 0.679642758073498 0.919946382958161 0.625456493713008
0.951144358718865 0.564185849187236 0.512901336935512 0.485172384901883 0.971665359601243 0.460487794601784 0.88385225004608
0.983218706723113 0.516848130287826 0.836141259263821 0.709257461635429 0.740014930013477 0.788510507580843 0.263398543010092
0.972394842450614 0.527103953545664 0.830518157135781 0.713221701481488 0.518989045015496 0.517006538157658 0.552800744672855
0.389906231655117 0.97292004187749 0.738326447552965 0.537253376817531 0.851760952323487 0.71116606534577 0.511077790120033
0.726171608637952 0.59545808445423 0.565608710214063 0.641679987158859 0.527815007830862 0.654267765594296 0.680961786506166
0.50627798994746 0.963712684775752 0.601350723883006 0.529454574841875 0.606015941830705 0.641413034534736 0.698703609108042
0.553583091287114 0.879641862584889 0.843384226146221 0.434845381785536 0.652565407861252 0.530454317494794 0.68201623392012
0.924670086609027 0.852695571604261 0.718921444791148 0.460079078910645 0.32338922937036 0.901515853391848 0.633113379597908
0.578521575964635 0.889323918219973 0.476518605440161 0.936864938390517 0.41094116725015 0.573084252567915 0.946702976690738
0.710367056416211 0.618908321093628 0.565781562444306 0.562818881946012 0.558666593704939 0.585931241938059 0.841946854355538
0.850667117774844 0.996246089229927 0.33009902903836 0.636924110914382 0.852997389825367 0.624783808654936 0.515544399698026
0.456260424694762 0.884482104137193 0.725023711145901 0.929731800085129 0.558404550932358 0.951715215011795 0.357259500628403
0.720096921450576 0.62421766059675 0.954559884263394 0.567310819005334 0.940727683297659 0.470090152078038 0.44606903490485
0.656324298580218 0.518338644418239 0.512705392567312 0.774682793657802 0.475617903340254 0.70705160711742 0.9705020560687
0.889384782274964 0.327913543460379 0.888439569634468 0.840845995524059 0.801544172688612 0.627992447348183 0.433860434914017
0.930199195032685 0.406533605649153 0.588861907199299 0.850894191738613 0.995942236898559 0.337216404394893 0.888825124473115
0.598036965302221 0.571318858081593 0.567540902568124 0.755155613483343 0.575015014901489 0.528809441671271 0.92889604144318
0.757052863850578 0.446395269298401 0.828964525191653 0.468316805395989 0.80416205623711 0.539002093784118 0.732256151589513
0.967379850229127 0.879578600672687 0.384066308860023 0.946735508252318 0.591791138831247 0.389500894768109 0.749242023806037
0.601394252682994 0.936718087318154 0.50792856912551 0.727838681359965 0.519763841286004 0.68594375933217 0.562227580987972
0.751996224505694 0.386984703030668 0.700708903179604 0.661289019019264 0.588327775500218 0.804099357636996 0.611985822879566
0.831252773397086 0.871153059558232 0.657138339510543 0.601598928949648 0.833087273599382 0.370850959194689 0.495067396552535
0.507567239401323 0.39063488566847 0.995686287897681 0.931897219333483 0.656833552490009 0.493807527478373 0.91320422277502
0.762517594604431 0.653435800294186 0.252540383655525 0.682264066960787 0.916318972422849 0.612791060420612 0.916873084183806
0.392445544338009 0.501719584184301 0.741008828251098 0.985023165943359 0.605055289691482 0.600994215557286 0.989678285116276
0.969228440515976 0.288609974002726 0.683232265050788 0.606801602369985 0.956083978292519 0.601264927768145 0.722309003666847
0.738886723049089 0.381984727521215 0.57183199664785 0.497635510272799 0.748064227118599 0.781635524287603 0.945005618114278
0.893123075821083 0.888282583355787 0.445916036206743 0.46932121801271 0.914059208775666 0.827060132299458 0.408245392180602
0.517877697616591 0.264927274691073 0.858031403090468 0.70434660901949 0.931021041762215 0.805111645508521 0.722654373481886
0.956551511162558 0.928732340217739 0.970292897776287 0.498604378875296 0.825116237162368 0.353945703010287 0.458906123192819
0.577270874266613 0.521970889216667 0.462113413537443 0.951928453550985 0.89545446848519 0.504986780549996 0.787426374081664
0.95662149061815 0.493930013379854 0.683711554992926 0.591810429178476 0.908926114892537 0.481172699266995 0.555165034131558
0.697847984233424 0.915918950977203 0.70983026376269 0.562450133775208 0.472720979607439 0.852258113364741 0.428917392237013
0.596165229233911 0.63977975295618 0.861600089157343 0.979113440651902 0.894991120596158 0.384127247307392 0.454800994503373
0.550564913412866 0.960471967677851 0.863760130405699 0.473469232174929 0.494460496360419 0.692642285535269 0.611914015081083
0.966243348595504 0.671367230831377 0.511478897283288 0.700330820559913 0.476968812258563 0.920101763021012 0.468529252934743
0.510997002751437 0.497924136038007 0.955607161312552 0.979463692201276 0.608606961112941 0.65346276931481 0.517167867366102
0.95267168868418 0.399493926902004 0.422991513960914 0.966645327546374 0.712092623502039 0.8079831181251 0.571817772884123
0.448487676488674 0.78018964318807 0.768419468125064 0.543037919180537 0.534768198798218 0.621824752723852 0.839948347396258
0.322990429029822 0.853921673167086 0.747070416783144 0.66000597534551 0.911196314088519 0.828686457493166 0.449077657106053
0.447472653349265 0.54791686990698 0.982188137366819 0.739825562713236 0.490911579675945 0.672117547701174 0.764100758401145
0.499870026582039 0.702916882734236 0.654394477595174 0.86035773164418 0.560136354546402 0.990338776042988 0.426331868536993
0.74490977167204 0.582659287800625 0.699001256290049 0.368149653189939 0.718817778093057 0.818405616318774 0.60140165733855
0.744136442945262 0.685098141320671 0.442545614240462 0.953021268737948 0.907237246752713 0.548213016479393 0.443500351024909
0.972880200193985 0.769938833099869 0.609580060471151 0.626367149318081 0.401436713547178 0.612617951273417 0.617947281009785
0.540581838543532 0.608081491747499 0.472284926290261 0.990398590340383 0.555607444951623 0.602116738727499 0.968957816734312
0.762368482226042 0.519756694025989 0.554902870849561 0.958577555864751 0.607602584592453 0.62414775384071 0.533277691758802
0.281081459445354 0.660667092694864 0.567418476321556 0.875810436156088 0.60674676721663 0.979082173172767 0.898148013778961
0.654750500547247 0.486708803478166 0.563552518004439 0.999208582413864 0.656286754922731 0.493277846809361 0.772092640656248
0.614243405841601 0.567111101575562 0.478015502987652 0.532125509169811 0.916556361540674 0.662561523902207 0.77284998031518
0.625027474242867 0.590965464232037 0.468907298172648 0.764314382550308 0.722362117428644 0.633035057170937 0.622199626568157
0.536524589534469 0.757910387573455 0.562769468687878 0.638773105952381 0.712905984863156 0.649235239114631 0.553380625198773
0.682815957977234 0.530063401137004 0.622927998195697 0.907600506759711 0.424232743167 0.56721732550757 0.905004535594611
0.552456729361397 0.955858882419366 0.367516396816428 0.515944724462382 0.796645148080882 0.854127159089784 0.682542155462024
0.984433870535952 0.633687026521802 0.586193706962872 0.859814268780655 0.454799921992483 0.500781397891571 0.641918339020355
0.346751860204253 0.790103804046269 0.684366784244617 0.63121281857038 0.794155397827018 0.868868404482402 0.516249395746199
0.39959477300224 0.645140508126683 0.699539997667288 0.503079815041418 0.796649860733754 0.780399006268363 0.70537049432786
0.920170867131788 0.483848847762316 0.657336717900252 0.515130020737521 0.771857109844858 0.433100270443403 0.96430974642612
0.274535273937465 0.954970703871578 0.848760645527943 0.511705989989073 0.873174389362456 0.897835697263898 0.571226597247013
0.655939300226714 0.445615175987327 0.783125856725862 0.466938879158442 0.516856993092434 0.901726916658907 0.997473110774954
0.474788145654689 0.577033924245212 0.81675077858288 0.830466070347504 0.847760910480759 0.644992501275745 0.422312271348735
0.726024847646537 0.840786357456468 0.168088880785191 0.882003141054536 0.762464543368274 0.981637031417598 0.630095997380017
0.870013493566283 0.759787194113712 0.725114255561032 0.833160773049107 0.451868385891548 0.477532134430936 0.501419134993504
0.843132910456512 0.698339369441902 0.702884248079515 0.816357643331686 0.33551226473462 0.552581649150609 0.652632523122017
0.542114356781295 0.684979431742767 0.621556464302087 0.620095890484185 0.819385504880607 0.775335355336375 0.433907835453029
0.754639457248994 0.664583120546732 0.426983870119861 0.928121907451627 0.570278747061416 0.483940172119399 0.793114344218124
0.414203791630891 0.609214013445357 0.823157662008559 0.636055468268857 0.659415657646209 0.992197279710867 0.526352764613648
0.69091062919997 0.568461572825351 0.661002497572062 0.570570937236769 0.854612608673446 0.956402687141802 0.370816798629533
0.606193808679162 0.89604089651518 0.891710926815038 0.71137305831702 0.477317895469604 0.548447743987294 0.488159076140847
0.939208329988594 0.901048534733188 0.512972574540961 0.525289037820316 0.472755644635689 0.529828577407873 0.842142492322595
0.898354061815604 0.905509463331044 0.785461677067286 0.390713130860312 0.885586966102223 0.703764081448787 0.319826199378257
0.598382212463729 0.875205205818368 0.558675360589851 0.755521599194789 0.65826321592158 0.845537395613927 0.345821461279205
0.277913839557842 0.960641619648227 0.736746213224015 0.753571279890666 0.858840395624521 0.525807996786415 0.680267714129129
0.6929834704314 0.695586017964269 0.816705817707104 0.549491137872724 0.946638659105908 0.527875765002149 0.407742235153606
0.637475576525383 0.776163317924834 0.60196552683011 0.498467818699644 0.715883716688474 0.922924576755667 0.432686569769934
0.707608302018614 0.472640349854852 0.5205426750426 0.493420252575261 0.850359680194357 0.660666316003661 0.888838167575067
0.789620644526571 0.500775278502415 0.483322655714972 0.711094554492694 0.512168207816758 0.861794523012322 0.685337071835697
0.820329465707245 0.757772275875123 0.700863697947585 0.79092699580008 0.483143054417214 0.456724307296269 0.537873826751201
0.754246539912435 0.901865819673595 0.45001317862171 0.578911284867934 0.454809175403375 0.785933584223861 0.672713819085354
0.485618523428896 0.535386336446214 0.477043130717583 0.902133552371573 0.544650603123691 0.850402520874803 0.917770853693153
0.893873376186513 0.583173314924937 0.774038201708367 0.507905176255883 0.502126164977136 0.481813900995593 0.926641866963754
0.607393152726734 0.83655764395276 0.693592683872003 0.452383432012152 0.44511421978613 0.797421377956694 0.723520735642253
0.737618189390687 0.391280012370759 0.602727023427523 0.665738677944423 0.666857519159514 0.873212579944114 0.595030432797777
0.825831213876198 0.406831280059675 0.911646212655767 0.699682215381013 0.816030249884675 0.381212921996263 0.678944516841569
0.753648333068584 0.275047169347634 0.91637322261866 0.714682959632898 0.560815250600285 0.676610093228803 0.832994843781908
0.439650620164504 0.59586009654869 0.784291923631492 0.717953179155845 0.377389288178999 0.911804715396851 0.965698091934111
0.643170882079459 0.60062297063472 0.680728021825215 0.614628009004828 0.731908379418981 0.586339765490824 0.531238978915433
0.612979361950391 0.960113402540304 0.616748550580515 0.57991920734492 0.664345309684709 0.562035054764464 0.530109401199508
0.643464065600374 0.598402535831671 0.737463109642269 0.700824229216298 0.747957036312763 0.508163508197926 0.502264072604553
0.846717326681443 0.410269087410373 0.596548430390206 0.794664227227011 0.901395433583241 0.910622049739075 0.362760134890673
0.995735012627407 0.417117226269417 0.839114746058012 0.672884179895394 0.746526502450986 0.659005451530403 0.411090362426923
0.289396542552515 0.660667607872212 0.632701946993838 0.985369980331611 0.694359734677018 0.727539496200165 0.722288533219572
0.465496679291657 0.566676273996248 0.741051104575048 0.66307056039163 0.727713044437129 0.730905336168824 0.553448047092777
0.764675103842446 0.772721485074855 0.596828441231665 0.567159604319952 0.756958422899009 0.477471863891591 0.540692156887081
0.926284588184431 0.542625836597239 0.402586207082798 0.616702868935644 0.544046373791434 0.743054909670346 0.912590084284751
0.833665019194767 0.950308711100802 0.50469886864986 0.584119586093165 0.505157690016375 0.646392579349411 0.57376461797392
0.649759561481922 0.556045809320028 0.869484055576187 0.408647461430841 0.758933044051507 0.747914007251574 0.562000627633903
0.358093721780278 0.958932138269772 0.630747135363782 0.695935239607358 0.882640606347725 0.607741947627233 0.564308483866603
0.795043308916466 0.411084395851326 0.403719342738411 0.646360240098694 0.806766884251773 0.953247728978308 0.69828050759775
0.610666026954078 0.910389978489747 0.90549318605823 0.440192077273646 0.424820249830254 0.777468647494351 0.628892595876524
0.720243028002633 0.686077344506649 0.310842917023143 0.779005619253128 0.632676943591889 0.594806761928483 0.982541085368042
0.582610243289909 0.617664065546293 0.548074114316455 0.654327605400517 0.694064995003511 0.594418383095891 0.687292567361836
0.502202339701319 0.980684751661481 0.771735845661154 0.996949023167608 0.646087792099364 0.426201524359567 0.504811110364204
0.489931412945535 0.69645695491928 0.571689268035715 0.559632223161707 0.589472055992628 0.690056520877635 0.924371690295847
0.664289692248464 0.558988853729556 0.488185196165336 0.659105915109376 0.511542164322164 0.724325030928125 0.992460650624085
0.59523133503443 0.816728394531607 0.950637122835995 0.43185963122637 0.382192254568597 0.987359281563534 0.690957161316978
0.899210227082925 0.747378140001393 0.653710166992098 0.516487781837854 0.590700662014171 0.550827899180526 0.549398868466544
0.754747316851919 0.771752578566803 0.716094591637197 0.92345821234468 0.308436796256918 0.736099472085819 0.496621259429977
0.440798133881572 0.933676298677851 0.569878817874949 0.742908798634719 0.36871171375465 0.997841004512723 0.817613704384351
0.863936114595303 0.533637015354523 0.521929277411145 0.530988307089629 0.485306993877485 0.819227021567607 0.866280736335003
0.676141863151999 0.851333038538955 0.866563165767656 0.638352944360894 0.402073618618487 0.901654300273052 0.402310928677691
0.972148658274306 0.971689028744568 0.408233168849918 0.828941780816158 0.21571300369924 0.981685156342185 0.940566265419224
0.301989790061853 0.848456447006673 0.334263351043225 0.941509161361477 0.871659597121063 0.999289288775407 0.836543368816508
0.470455006465688 0.801618421022635 0.705119069305828 0.590558991733436 0.557447414419826 0.893479183787491 0.532634328263708
0.857687297210535 0.150740527532629 0.757719861258378 0.796283188375009 0.659166050571193 0.862898586187107 0.847223498766479
0.710388505370701 0.347609806418027 0.952343679451867 0.911640840242719 0.339114541210408 0.875508156567433 0.832172878310173
0.58008075803486 0.431533625447998 0.932558957668681 0.876349551015273 0.484310645194715 0.553794525307953 0.874935028078922
0.705539626862685 0.351455879809723 0.485750405810531 0.80732446177922 0.643904949888018 0.759255996453179 0.920339817300329
0.95830045847076 0.343927636595794 0.921292054687435 0.941464470345604 0.5942038363237 0.376027981963503 0.935213831883016
0.768415103693253 0.473235628407968 0.920868218693753 0.546620912854856 0.874459977734926 0.637809739592401 0.443105741431875
0.926287729772601 0.525021053659666 0.474722378879256 0.821621984989223 0.782506731531303 0.527680207542696 0.563151172502674
0.569902113373923 0.7391798964294 0.612781352540427 0.8448305652854 0.777973030764094 0.638943999259535 0.372851344301566
0.456775782540994 0.499283325595369 0.907962306006501 0.503863922562902 0.712787391644534 0.734496927633191 0.784163596086431
0.50463490969543 0.700420684991117 0.882502211116379 0.475811901431581 0.498745675257723 0.843265817455803 0.683037437222618
0.544645968135876 0.488735137260786 0.998946152984656 0.812391416901733 0.554615026873946 0.536008477014623 0.712933897753699
0.37859137426095 0.736970990858644 0.542953960601991 0.458077737158064 0.798684103607489 0.976867734538831 0.967858947304027
0.901073665595334 0.827777250871207 0.562970199002202 0.85945445102892 0.68974681039296 0.275820482794285 0.640678706522457
0.799840715542017 0.646199676054981 0.971233366000154 0.771274464599124 0.426764021159506 0.571495979792361 0.480959039117102
0.898703352347594 0.812467235717921 0.456155069292097 0.789721665465653 0.513101226165563 0.603225183891617 0.530867295741851
0.873490879048562 0.769500868417568 0.34401857338726 0.77959408028175 0.639577885766093 0.530435657423815 0.681283168156651
0.451618924269014 0.49509409906521 0.443646302085926 0.894803007200885 0.659384250162395 0.950505821325291 0.927311488221345
0.697910684858214 0.470819196849929 0.756558545840249 0.751530652414971 0.514124006981731 0.738732395399557 0.549031350139807
0.268500074569004 0.820084978924699 0.690507164616458 0.728471593018514 0.810581360041189 0.579094954393865 0.776427920451312
0.50020012882193 0.474848654390608 0.718500586352569 0.49354504811847 0.920995691672909 0.7711402218607 0.717052768132206
0.938199400558384 0.488992342774499 0.479427510280888 0.92008665671064 0.580196002498623 0.620288852365391 0.629521864718852
0.675617152601167 0.931338237985424 0.801714669060773 0.558504181331294 0.7072287357706 0.371944157989937 0.58088599815635
0.635718399405181 0.474109755461761 0.555360119271327 0.719203256802255 0.970429829272118 0.911796583786079 0.447249881036615
0.821679411759109 0.520522792748616 0.36060276364855 0.601790165184281 0.853821058710661 0.647628361684268 0.840722183678279
0.452769460949911 0.560948706564697 0.935250318455217 0.843259010463943 0.588987865477966 0.86837405111365 0.458930619367302
0.618073690564418 0.610437593028428 0.458017554832324 0.484477532104736 0.960844097276931 0.63010126770851 0.932867425255943
0.846319147312052 0.371638530839054 0.400267930241182 0.726254157175523 0.666680481513132 0.895907766760437 0.841912608962617
0.821301033088107 0.869063147058077 0.716582177148884 0.298132701417039 0.878872120619177 0.918297566866724 0.402813595354612
0.839563870383804 0.987700633539221 0.577700984551289 0.712262326392641 0.505265466982784 0.686974210547855 0.391532956016013
0.792730347945097 0.308938403343277 0.678014026721159 0.916838317004053 0.457915332228347 0.746286886478041 0.896771140420182
0.747147501761373 0.901521941743306 0.574463016195367 0.835534627967763 0.336336297972564 0.490582037949355 0.864792997427518
0.725441029883733 0.200730386549555 0.869220166140921 0.864815418296152 0.873384111495063 0.576705260727762 0.765059153505885
0.913784424199982 0.447365797833206 0.626152869196927 0.966034417598455 0.648780200817083 0.427387388901736 0.691768876716649
0.949250365484103 0.330608092538447 0.683781108965839 0.339130430711191 0.904099428144449 0.954955200659213 0.962986211585918
0.418616842692645 0.806622366683133 0.597086256201501 0.496137811617252 0.851916361891769 0.947866249818784 0.571356285797635
0.389283205475205 0.66742868640173 0.987713781642032 0.872347658891943 0.619917703907371 0.805553695525976 0.436348219395766
0.459210387545075 0.734965382848903 0.987127648807022 0.499152361287388 0.683668389290383 0.475690074645453 0.893592263515483
0.45185347052415 0.754519430392333 0.560020120839518 0.711400844963434 0.795007375536131 0.46044084677176 0.828953661548036
0.799725837556739 0.705647593506985 0.483463467405029 0.595286231020731 0.721596500309094 0.674589550025124 0.490840666637855
0.356542304955824 0.493105891760057 0.98226212411709 0.541381351530064 0.658719889223813 0.986168442240829 0.95863050938929
0.930908737637182 0.241050391848729 0.83730257952512 0.722684069266087 0.445066052454434 0.923045794917984 0.955573905575237
0.770894658104119 0.527485931757094 0.595116731362648 0.562466875482572 0.938793708601958 0.819670385539585 0.423276044023906
0.645928822813819 0.989725239582821 0.928146649477553 0.423972744029202 0.979536479665581 0.531878125758579 0.436084330441124
0.40034842377934 0.934154068022487 0.727782782282012 0.500842714817257 0.598131496144062 0.751407356714519 0.700791887279289
0.730963820139398 0.459744745908718 0.93439875102896 0.821060931023303 0.342743192502864 0.658148188740432 0.775118012688441
0.729814679901616 0.843081219576003 0.503025080186958 0.930307167743144 0.493412045818374 0.560356648156387 0.55209644428716
0.561493444349294 0.553238083685977 0.808702382215051 0.584099888203117 0.77971543867496 0.600257742169902 0.563847562695505
0.662274927263462 0.757880660058344 0.88918871896993 0.548634512634934 0.41105666907888 0.862826738742562 0.50437987667668
0.610495951433085 0.456503585670456 0.98593387550176 0.779976538474306 0.48994801766331 0.631017608124982 0.67138315003432
0.695697081354561 0.84736189766336 0.687467815783236 0.550150329309856 0.479173070155214 0.580464768258352 0.630149017165643
0.35050713194051 0.983554696101996 0.795534208529048 0.869511342667918 0.389951748759648 0.617177293911425 0.981481803354613
0.85981732440686 0.834687406763434 0.785178811609422 0.397482767222383 0.923729121031711 0.491555525443734 0.471310701337714
0.952601014717881 0.579986669454731 0.747904886770849 0.436932372302942 0.653350405877129 0.563074016783751 0.639896149744206
0.718593449047687 0.999139723813488 0.261427441042871 0.951710976262662 0.894554339354631 0.606387139936405 0.545095078734428
0.510934348571573 0.474357031042736 0.966948430200991 0.560077880124499 0.499240679627247 0.926233387116591 0.816454447506145
0.559026320666196 0.614443680517643 0.345859615761873 0.995404620546524 0.654950413008635 0.668753713960416 0.986418419069535
0.770182448714766 0.895602018534252 0.56658602128785 0.991904267709859 0.478686718945702 0.535582204382627 0.489196406753997
0.688158364765665 0.33510499479292 0.7866812268721 0.884091970689777 0.66111623834464 0.738768132821379 0.532404486746969
0.828997285779048 0.381642868961001 0.64065913413626 0.456246780017123 0.722333829437702 0.85030771687784 0.746834389776613
0.824973867939684 0.890097964309398 0.872322022597972 0.510196409459239 0.434656934163703 0.475249133025411 0.674267106439639
0.571640217353538 0.743027232651083 0.844481754443537 0.386795599830702 0.514044937171426 0.695429405591775 0.853877577705325
0.505551019786157 0.540679774959364 0.768867825563996 0.696335658135564 0.531443097637326 0.915620802156976 0.58497517848411
0.675213372951974 0.4968689553393 0.800494064368535 0.55242856804712 0.63264948550105 0.535305490179806 0.775583855800909
0.62649880874342 0.711904117476467 0.51045882434002 0.454368297449237 0.785241660656465 0.563623253779984 0.940105958988041
0.620945400642909 0.960536626640696 0.446138901957116 0.551682158770004 0.533061238362261 0.640997704610676 0.99026372944303
0.37763547875494 0.528454764747783 0.820228419774189 0.994205951533944 0.746815216298815 0.571677895041829 0.667744463615409
0.603283008179774 0.61692798360807 0.872118460576661 0.528394437112509 0.762381827908519 0.428272114253822 0.728392208250703
0.605899344483907 0.87574588445268 0.821252646742631 0.90592190733619 0.465105956500265 0.775180218358668 0.327847701568453
0.359715420208976 0.949554591957876 0.865225412807294 0.529049402921495 0.638753567428753 0.537395967448027 0.944947411787172
0.823497573285279 0.478813864987066 0.434764571229867 0.816485224030464 0.635042727817121 0.737913614695981 0.622958809654576
0.439288140605057 0.925242267369176 0.813480288468175 0.864545861886514 0.941251648615646 0.452194561871778 0.431375432301287
0.564772444737899 0.946704423059663 0.520247692432784 0.538421633057097 0.684744421635379 0.578161965488903 0.704726763618458
0.378199932820982 0.62766499278014 0.883634893645925 0.459493157334411 0.696016549937612 0.754981818550902 0.871147422388292
0.501225540176981 0.425411459849446 0.971994469601666 0.718558776062003 0.502861870012417 0.965666122998224 0.695445505543298
0.428724484216299 0.989648980702782 0.995714112443609 0.872423763470134 0.929058491267869 0.447952917875266 0.410547374284683
0.872469344376577 0.597610800900221 0.946577777884661 0.624353074806358 0.720433134755069 0.744996257987149 0.268788828369338
0.713631058149722 0.532177698316865 0.821638810861488 0.59762235749486 0.62500447210732 0.418527438008767 0.836651734247376
0.309452853095319 0.621199656291964 0.648286087790827 0.655714657934427 0.891551993983335 0.816842809383242 0.696499854658727
0.826916483583235 0.893206659281292 0.911512149351137 0.54014280582328 0.362001654875174 0.622681924439298 0.564193022718135
0.503403392511596 0.501188633854765 0.609156992035944 0.57914597674425 0.735089278967351 0.683366401312844 0.934669006323395
0.568974370888349 0.895814787643473 0.445240982704955 0.74527183587228 0.920932212962272 0.369474064323382 0.835976607774467
0.933052402077792 0.479490334486556 0.746406349219344 0.489093295227108 0.624926930339104 0.562869858875287 0.740212127540922
0.430923578450238 0.81517398085289 0.492570295843972 0.795345940187315 0.619734679840476 0.672651945755434 0.698562248729638
0.818385613104094 0.462038944296592 0.83463690219222 0.384342712428432 0.780114846242962 0.582847305119277 0.778935720946763
0.557765364915113 0.565717139231266 0.588420357534865 0.668374805704843 0.581679625986955 0.642760746591948 0.816037956901766
0.925186912198606 0.972510723669384 0.487978015444231 0.594752922003261 0.380372000810969 0.656339199301104 0.744629619236867
0.457724986758915 0.893087971129163 0.998571145642454 0.501484812168042 0.832275041939943 0.786237395804691 0.389949115675924
0.760816010669362 0.481250070776458 0.463292729286322 0.789911888964882 0.431558131568191 0.871933097293057 0.955609325438494
0.814582392463004 0.559184093913558 0.495540427663014 0.834073665445053 0.827261373165817 0.68253952239924 0.401108648337507
0.570679310733458 0.736356308955511 0.467241253087999 0.800430743374484 0.9618914761083 0.553588813230743 0.529063940568476
0.749407139949242 0.656602442025483 0.590160126885154 0.876237279415914 0.759341169801201 0.264101319150766 0.808866899676549
0.462579959855366 0.670614196500536 0.51415177405822 0.843389047372405 0.811294284281023 0.569852736966165 0.651470677374565
0.664000662155817 0.782413509033685 0.755188322154352 0.609180039549613 0.394087658898398 0.809689469648331 0.526988687493381
0.855488622954586 0.470574170768282 0.462329432783887 0.878500691226423 0.566309097012698 0.818731111842293 0.582834777077571
0.806469386066982 0.844064777067227 0.989030019123856 0.621869407271788 0.456357407934019 0.533881718881792 0.468668180718119
0.670619398499308 0.742920439790447 0.246091473627722 0.840901432813099 0.738565930987273 0.673805528226552 0.761300412644573
0.564843564952961 0.608220268315438 0.64890024079886 0.842815635339145 0.396974604095564 0.631905760544322 0.89981738550411
0.493150643375018 0.523378438577079 0.57059576038322 0.862965858075921 0.465250422689232 0.901652595965092 0.869080415875109
0.283013983548053 0.846190779351904 0.393777785293046 0.754221438138443 0.877939535777503 0.97988060212495 0.861950176805664
0.646752012845178 0.779372804874477 0.800375959876851 0.86416520317345 0.915243738176953 0.764421837608806 0.160025026322638
0.409395711258854 0.9722295842207 0.92698484026307 0.348679741245093 0.742201430826293 0.611134030425209 0.943526638574555
0.936294000784324 0.522809415802319 0.820251212887751 0.466982230675077 0.473866562895115 0.584613808239374 0.950492008853406
0.492875327404992 0.516024906818558 0.692128097743844 0.831802268481538 0.654260316042088 0.804201288555202 0.522879442832444
0.667904245852867 0.52524805622034 0.674240140778375 0.382808506055446 0.741231422123381 0.852480459191017 0.702418105287808
0.533732373964213 0.619177249772662 0.755057046792326 0.577447895091231 0.619687641437042 0.531213936988937 0.813926522088238
0.980564248481662 0.383554649334023 0.349191062240245 0.983521045859261 0.837960313926266 0.686851476785031 0.732652483922005
0.480794220447412 0.834650079493907 0.721067738205971 0.99430465430749 0.946326727411525 0.379198215218759 0.513200819168932
0.245015880552366 0.501314471830739 0.792965850432516 0.917413342143006 0.855267308189989 0.720943474366639 0.818870400938521
0.869908914594401 0.630409620505018 0.689866091713105 0.497905015748878 0.806192624980258 0.541126238405036 0.499929586047169
0.994682505271287 0.938524228154042 0.389180023994522 0.611139306850757 0.61613739102417 0.657456493680611 0.544816283605619
0.751904387571148 0.685728313287271 0.381820708735943 0.466035672260564 0.997893017561731 0.620083807253911 0.832436335404566
0.642361241797735 0.700336411577257 0.578160743797264 0.604463101859569 0.595415800437665 0.790239918462712 0.509886961815041
0.749815678317887 0.885951989427906 0.770127634555364 0.627231440324656 0.382442123742808 0.51884292446115 0.654003914584177
0.530440512910724 0.742369136434229 0.892611707889627 0.499897904226262 0.487996499563484 0.860303223898817 0.587879749307519
0.767054638337014 0.941000044320199 0.289354195375652 0.905700679365972 0.774908843208789 0.971764112801815 0.386092557452036
0.892678299799357 0.756885294240418 0.673509784813685 0.770913278919162 0.621688738001198 0.446032379993075 0.434048437452254
0.477330670883055 0.478813028082969 0.943880615717242 0.992375674791894 0.609558407037408 0.530160288717781 0.719323308298821
0.891946448073933 0.800409342449145 0.528176996894183 0.888397695327338 0.763210780258311 0.375134922250417 0.48338556089704
0.949646086752913 0.433494136433252 0.896851934076662 0.567380702610893 0.390143478551309 0.928530964087894 0.681089651876387
0.615040702671723 0.511241348757673 0.717804442568706 0.753593961781342 0.600508786070277 0.625091025080789 0.58476382328883
0.685992875509746 0.830808117156732 0.465774027921372 0.646131433149158 0.569728855269503 0.851475163217829 0.49506396883167
0.847426091556013 0.521765052253026 0.503756005123633 0.352785387777051 0.841483492661715 0.778472981808077 0.906908767318913
0.932503393273803 0.736017105452316 0.583975947966278 0.421265219457115 0.494715247818515 0.814766034521804 0.642057296998227
0.400112448335216 0.902788026965152 0.80211670213169 0.440277174669156 0.597493804361082 0.975982329661517 0.659927609370418
0.78600546468458 0.663832262106281 0.445325743766434 0.55197578824103 0.940050944096491 0.68666190472736 0.519340333758653
0.772409085991589 0.617973530302046 0.436773454571768 0.612620740876833 0.818063177507073 0.505431346308496 0.760683974953511
0.319668790411375 0.914969161387463 0.679679491490291 0.834469460998619 0.673596539223166 0.71404687800989 0.53999434020054
0.880061071537182 0.62928887266515 0.510031971261814 0.582299453009648 0.618554749820433 0.561453791118992 0.690448322312354
0.773395489978365 0.716917413884802 0.401354946589739 0.729723594502677 0.663255367418126 0.685876145044199 0.525638675364377
0.469552618232962 0.5581579868112 0.579075040461643 0.914902070333564 0.581029913027318 0.63329463177297 0.829785516193647
0.488716722502956 0.690729309607619 0.690890816166481 0.596464618295621 0.542917368878807 0.725338091135033 0.683475020662574
0.418298405681935 0.507379604637097 0.675727935850927 0.814417953323012 0.580634671957523 0.7064792326755 0.868342814897702
0.887617997997979 0.99480340632259 0.485946109347323 0.405796665580847 0.751851014860333 0.616404821678666 0.59838937233565
0.612748143571642 0.381397183556228 0.69440462314577 0.79339273200049 0.65491479139933 0.759392297016102 0.607169769867989
0.70214285874695 0.895282083916263 0.922943551098039 0.364023840804228 0.434308320525879 0.648184635267891 0.78521922109971
0.492720882221149 0.998121123090561 0.801640339633673 0.777070225160144 0.985204733760518 0.547981178816308 0.329865526547929
0.960699561216137 0.51529294420327 0.475376458270847 0.606861253345944 0.789524297866488 0.463124158649544 0.965490281068324
0.808087000933576 0.477046575499026 0.497532182838897 0.585164180978374 0.545321179246614 0.769903975732224 0.926179663096666
0.39289882941029 0.573627963412723 0.871594846880185 0.659236642948646 0.492383148611194 0.94124603322136 0.763566902058364
0.99409739146744 0.898681937070367 0.685937395015898 0.343182371428437 0.385174720557103 0.80926395348412 0.787244909338504
0.863432831672759 0.954072102191005 0.361872647686293 0.263993663784569 0.842958614327677 0.927526752985123 0.979657343560912
0.904708125398412 0.517684280267113 0.706931391835095 0.506979010116031 0.592432186769632 0.56025801883885 0.735713096808295
0.919799211027446 0.36633855511546 0.73516401877277 0.640930561220927 0.717804805149351 0.79621518618598 0.47864631049613
0.506290279215865 0.529080372226888 0.541302228082316 0.945234769842427 0.791542278915101 0.696485687281909 0.569294787725781
0.82675976190847 0.592297162584696 0.791669729744026 0.584788263071492 0.401194738003842 0.534284734923506 0.888172103829908
0.435718844810766 0.518839449388214 0.680822030853871 0.827526000458751 0.68208931718327 0.963998160045354 0.535149366787412
0.57582608653255 0.916246896824516 0.612483929834957 0.946310582674206 0.678760106706423 0.788859745561283 0.284293793106747
0.764151077184902 0.422430609376607 0.445850284355932 0.810864287016172 0.708663184828288 0.575754899633387 0.944559813419303
0.546004795088366 0.443672932652509 0.503236397621047 0.537690950706556 0.949333432606268 0.888035072114852 0.906289978023318
0.674681219119491 0.697883205674619 0.793326056299673 0.770120012607186 0.418071386852512 0.616992629828852 0.528832673692846
0.703165407497668 0.512217062999492 0.810340029987766 0.515567976638829 0.674800831997008 0.815020765634387 0.486833432922636
0.848944054877114 0.880478243612918 0.671311386162134 0.588642692956791 0.757840155976993 0.403036878247426 0.479769999443656
0.780510118887502 0.721007348101417 0.814782612673318 0.484919886150894 0.546885870901755 0.644099062647862 0.507662314231081
0.874565800172784 0.55117913962051 0.841285326671633 0.59749227532069 0.394338133575202 0.806944470425328 0.562362539417445
0.721721048707629 0.503732646457696 0.376234409101644 0.909483725977096 0.961320769707583 0.687850737162649 0.575653931704258
0.484042649580164 0.903380137966474 0.950663414512467 0.631361428288745 0.532945462773365 0.625255767818287 0.522977003394979
0.7308699265095 0.887038631793199 0.768550912932249 0.728782529062252 0.330360174032326 0.796156014707244 0.4543707581815
0.528540168369057 0.494892620095262 0.68240088307427 0.554830050911508 0.927562721462818 0.675089705889437 0.664242914088246
0.417131477035736 0.830381303905603 0.433053963646948 0.972693966319659 0.95420038436782 0.572362551395041 0.647368516692722
0.389584637541215 0.776982721364045 0.543180022177123 0.414667272230816 0.903313387787904 0.875223400531501 0.962052884004963
0.881011700987556 0.295932897967041 0.384491037823578 0.950713502164283 0.897037659079511 0.862431956678734 0.718353681093536
0.680864833948146 0.753658997701104 0.669241183919948 0.878324598769552 0.202239365457353 0.951568537142433 0.727062420916885
0.694180009350106 0.799851481295225 0.770860605100128 0.441686615203068 0.445791434747933 0.601717471879553 0.809160015101847
0.527880626608669 0.646720854609135 0.903895945009421 0.496355233747926 0.498951737137425 0.663430748728158 0.84164950229808
0.844740882034833 0.613307644045387 0.452018780158082 0.626938147061936 0.733190843283399 0.438698191759514 0.974344227236974
0.77962504898185 0.947504669107593 0.512726281180534 0.496074301701959 0.487254399596784 0.71448928442733 0.664026912831918
0.441115076520802 0.778717954077161 0.431136034803587 0.968632408209207 0.514036743648659 0.720862125805712 0.996322716653691
0.433224518194698 0.731539408975967 0.885366746192957 0.495169523273533 0.511036754110231 0.70538202753654 0.886796353187741
0.727424324144209 0.616026899984903 0.694967514762463 0.516498167776 0.570632203106241 0.504855319851568 0.851934604671758
0.659400733059598 0.680117592442201 0.842350500815573 0.342315593796044 0.865355575646644 0.609970778620218 0.607554682282779
0.810831618500186 0.989104894742022 0.523291074180105 0.545469202336001 0.953629911488873 0.496702502318828 0.475797350388163
0.609867166853549 0.480614725012989 0.95269431655179 0.792602820165425 0.661491859962649 0.706462751469335 0.423777808834602
0.629329612879504 0.672724363731172 0.978942108100063 0.990693641101057 0.547665468864672 0.341912418565381 0.657540825800115
0.918663017595915 0.565353607766559 0.805685165209677 0.496183253059912 0.522294192049689 0.504827670997802 0.801307360136193
0.751590440756746 0.489976944389336 0.647744664257246 0.313472400791267 0.928366283024586 0.851465820993219 0.764264097247247
0.946522975387222 0.937410057071665 0.48676319991983 0.761867762090468 0.585679055144653 0.922041313143714 0.296178766310454
0.410650536550759 0.654168408843954 0.830462285822451 0.533048252009044 0.566696969569138 0.797235276372197 0.760384266623029
0.238007022840645 0.760294315757658 0.696074108413539 0.835961443882506 0.94735247205173 0.513796190246172 0.941157962188628
0.709808911310224 0.843627571719943 0.850969936677176 0.50908613555415 0.844809111332415 0.402442262258507 0.503038279361969
0.913005953561916 0.718889092960676 0.772113506537358 0.910162442918971 0.614899292107772 0.479926771190093 0.340737582810143
0.427914613277726 0.826922561672917 0.935123862123756 0.56660732963006 0.740282351506005 0.385696275207308 0.923175085998034
0.574034471544086 0.555712537586489 0.678907166418405 0.648307036657248 0.506323593061565 0.840749241558597 0.646027865171044
0.228441091075003 0.827328086438645 0.997979707274331 0.732339554806703 0.986287979162732 0.878751321460894 0.46302159888983
0.474707690778412 0.205372611738446 0.947239173702873 0.851685444378019 0.919948792714591 0.944361161107578 0.758441486767235
0.733577089336917 0.440266903571166 0.799083810470858 0.629151805666018 0.852919529998552 0.478508601743817 0.620215782490529
0.809233539677828 0.407079746604459 0.876889669159086 0.555487938062408 0.77521936571846 0.419513890136388 0.891297899426247
0.39853095702989 0.498470179492812 0.58857971963645 0.739851450929393 0.961507018554251 0.634949698552343 0.877462321692164
0.605654229641513 0.733176603063634 0.715684667313974 0.65311726706366 0.424872191564332 0.515699655716703 0.917446805458391
0.652122729229032 0.920108760272484 0.625781138795669 0.506022935539625 0.589978699596329 0.897611668056586 0.44327308247318
0.701598743203904 0.740146785714014 0.503848373883066 0.932665905211261 0.576069779245812 0.638669448362706 0.468534026551983
0.353248036010226 0.664717938931583 0.629531133586147 0.635291345608065 0.672603620992071 0.700098211508001 0.956310398233208
0.654912339732345 0.497258292619927 0.607961329863706 0.662875043243318 0.606767095214564 0.621844312821089 0.748635949488815
0.725966455543507 0.57512552938793 0.973683825649246 0.667071635165338 0.426766808465238 0.462350995081692 0.876749364204451
0.788063358512311 0.475136564533389 0.936071296207275 0.647559551592844 0.819797881811197 0.816326187809804 0.303515102404339
0.468348386214545 0.681372159544739 0.76769421936545 0.924755462006236 0.857455734546571 0.796119243044348 0.296928941029751
0.976939054026763 0.503436448454742 0.51971499367162 0.476612518555339 0.998240154172646 0.692475969961538 0.607940613041457
0.530507250201129 0.429990529666879 0.864881395971793 0.655455126047529 0.489095909509707 0.9758997064795 0.763158828604681
0.408226140498578 0.788113450260818 0.515064195650759 0.490846179182648 0.739135408824615 0.795948520868297 0.971362601502122
0.684982159567415 0.418988898924963 0.99526229885107 0.615521627833057 0.783648642514063 0.396166637583173 0.937380859900299
0.554874526212102 0.766390292643775 0.537288202969123 0.415285580281381 0.693850048039203 0.915081293939629 0.699404461525047
0.985369858815584 0.762664780151836 0.331626692286589 0.494967044831362 0.893348707275545 0.536263117749321 0.876507514726457
0.496022002240691 0.569185684553013 0.484576558967734 0.978221491007112 0.505030557515 0.891348472762606 0.806429152515062
0.682112489570672 0.838275833843232 0.348362635966777 0.5280087336822 0.929541083730833 0.53200962412965 0.962498475759002
0.496276547257252 0.638557980468267 0.805393548147151 0.676141408220341 0.583184712456838 0.499260561706966 0.780019723361899
0.652023266661353 0.92412106189995 0.477241416999671 0.611140810521849 0.34785213883761 0.849520704224476 0.973060750012692
0.502660554140983 0.701768868764769 0.900843859810779 0.494870508321658 0.477038773095904 0.895059193746489 0.662031204410552
0.77206252014405 0.673438099672932 0.514599669027553 0.87042876708242 0.504424967121949 0.415305916347439 0.960784439907602
0.752042315676356 0.847280085232917 0.523590901028871 0.975696009593705 0.626032434721001 0.982832468467141 0.260073762550209
0.541518394155109 0.916533890069447 0.536778456951313 0.673061540674591 0.679829972754501 0.774165499728461 0.4451531710416
0.766387958932949 0.547576075589978 0.62463995531637 0.80953681985236 0.852687127908916 0.419940420965905 0.546793178294792
0.825497854824751 0.230069383288108 0.913991037831385 0.953761016060039 0.457577811215561 0.730007099875636 0.989887405550858
0.970026572832532 0.495216829803705 0.996683787399116 0.429520648456348 0.819593313136888 0.537052727453574 0.585306007852013
0.838899978078151 0.526995185233518 0.88126934646324 0.511145007496217 0.868909085888975 0.971981010207597 0.307708757235862
0.950372712041025 0.86879394100714 0.380497409360159 0.398409733667523 0.763168201532149 0.886185043240043 0.593079063121401
0.615217561545213 0.741931665024659 0.71853322869935 0.83406908032559 0.688889993621041 0.470698031522456 0.450785482542462
0.743071900845448 0.429498684197859 0.558992181651366 0.878948999105356 0.465165583003503 0.847535393694307 0.699863947366023
0.700001335980766 0.45996166285945 0.920375890803296 0.524125132925021 0.822133912534032 0.405255437578512 0.985679786113024
0.906347971134826 0.486044149448886 0.874385543741544 0.407137188546094 0.713016370623737 0.513135892940551 0.79895991923297
0.996197096017086 0.988709374636411 0.610879265652501 0.47987293283422 0.492325004909017 0.689587519511727 0.526902611379992
0.696220980129741 0.616156855136794 0.386037633746575 0.984799882186349 0.467080246502952 0.7567114788365 0.799977130622876
0.64559210006035 0.380657528067257 0.885292201337817 0.764523213419055 0.814355568803094 0.556231737590835 0.563183538231305
0.989461835072731 0.542739705461126 0.612025183340367 0.636705446022634 0.384914002013688 0.671806527411558 0.850826146935794
0.529931512839096 0.691222613984538 0.819384776039613 0.486359463359245 0.985466703405035 0.944905222621512 0.38032505936374
0.961670578962328 0.373076542723008 0.888701155991952 0.415311810495915 0.655408038439225 0.784183281816259 0.706862409855398
0.833675627791052 0.807351489081882 0.497799019181555 0.786655823468909 0.498737202087854 0.531701648474563 0.591425094941652
0.527479346720863 0.800020773493783 0.708390734137339 0.688008657290116 0.523770656054816 0.462056334251692 0.804602446856242
0.452531602523097 0.517704707695583 0.905567333615196 0.729541452417858 0.723543896918695 0.483961455931014 0.792923940426366
0.656789565526771 0.928212385120716 0.574984144420847 0.856123453038657 0.422628937240566 0.737598241029256 0.477025650211655
0.564640315956091 0.886631103932973 0.480042096052816 0.790393138022396 0.907049008617958 0.461861768633183 0.569784312709341
0.61873996730365 0.898339208140774 0.782496526086926 0.444015980388468 0.418681692140041 0.717984566715514 0.734639490550157
0.539142925296258 0.874208780762071 0.496183966882954 0.641012983959764 0.413553315589709 0.813530872621251 0.898046070082312
0.681294805855821 0.609031154797469 0.394719756610749 0.548148600945859 0.89967146006628 0.653879711709258 0.787464281707082
0.923265890761334 0.759531259727344 0.562937181406109 0.708588739769607 0.351857958025344 0.800641590359375 0.552216180087743
0.630384443249615 0.361380306466013 0.668325917594416 0.776857827585478 0.750525990691862 0.720432844371354 0.605850250079196
0.438368915321094 0.91357059609496 0.849242867692682 0.75081405402082 0.705646047980643 0.385616772620128 0.641994224777268
0.931891994812758 0.537646774193687 0.641496191942104 0.502175548520794 0.503982419180575 0.984329711512197 0.601305090438717
0.535003501630691 0.867164174556232 0.74824632692296 0.379308015802749 0.724232660512918 0.525392132166858 0.872743585263662
0.529220502787661 0.772111436377342 0.908229240069737 0.632855089105731 0.558056985415558 0.837376371673427 0.398787777094746
0.494524991950526 0.542901966398505 0.91236911124905 0.701805374955222 0.581945998668834 0.724201523380626 0.566268229072865
0.910937116911884 0.623531858551795 0.921687384137761 0.979080493616578 0.568804951776063 0.43396688805143 0.419098634581542
0.311359278813568 0.800318443758987 0.922356600732312 0.548617798715204 0.802045402523768 0.515051001240727 0.957984644773025
0.566553774193629 0.405059642583221 0.719724040569484 0.763965683927926 0.713259405014817 0.876801545626278 0.524074059668767
0.758874538421448 0.798673418520687 0.687710932593114 0.459153341626078 0.947803031090282 0.45612158034828 0.53874270634919
0.751006527745207 0.633513156765344 0.666084887730879 0.427866008421344 0.769096260874391 0.945177559452882 0.444544330068327
0.837526007018744 0.387488222357538 0.626830835631261 0.568580729733367 0.507512221707368 0.861880551199212 0.893077046634998
0.672626207245963 0.971997534322143 0.623650716276505 0.458068818600426 0.819437466037358 0.437119410881461 0.672468800380745
0.343942949044336 0.6150076437447 0.9671235482448 0.973154173667448 0.757978104835766 0.476087792710926 0.705874391867245
0.509647448841119 0.910583599556155 0.866158786409503 0.896842020127458 0.361075355858942 0.88316137551552 0.45124861861251
0.467387481974442 0.791287393712889 0.485490748833082 0.826803475979604 0.649707172065523 0.629013245435789 0.656911220256614
0.590239634405337 0.96194365972967 0.64299925701159 0.536069129333101 0.469298481315702 0.568473026658683 0.858200339048376
0.922705055974512 0.469626248616669 0.821798919464391 0.456865490103952 0.559905109250099 0.88516254336752 0.576789295719489
0.598107594935635 0.74534169934815 0.51127946741542 0.665749679635627 0.420914478566569 0.866688658513393 0.735521921278034
0.543403033504794 0.68733290505933 0.604293683183912 0.499915543597329 0.837338878490371 0.536675812137513 0.785611097031994
0.612663133884305 0.846249831671007 0.4522672532398 0.960614181282437 0.868970065496838 0.349129803302222 0.71022806103481
0.685091256656088 0.89662946303392 0.675667349528626 0.460546730262489 0.47702736874286 0.532489563258589 0.956651002843628
0.474928666002281 0.916412645303457 0.580809550793811 0.541533833464626 0.752701490709597 0.984954814367924 0.480366976148164
0.778561434133491 0.512484985996845 0.632631494920316 0.989144595796628 0.471221802577091 0.467848613596941 0.875802036155706
0.812151245766107 0.513120855008617 0.446684414712643 0.889623289500276 0.719045160441427 0.74637501725428 0.484190796109207
0.927360916083668 0.646746472631296 0.603687801404674 0.59958522416273 0.502341206561454 0.562313474106242 0.663389857863084
0.872777866127632 0.99831851963049 0.145127829590037 0.904340612095961 0.824142078338679 0.571019487564776 0.829987452284003
0.452055405878755 0.705843881277318 0.935182827855738 0.550165541918804 0.765503189868981 0.539429402796639 0.626419265567073
0.541239532993564 0.780394800415952 0.338346291673181 0.785410373221496 0.994360762011443 0.716864126432462 0.57895329397064
0.870050216679417 0.98006473254116 0.603364795345578 0.535308837002638 0.839422969360355 0.543654278184245 0.387283200982221
0.564507691551716 0.583896832142735 0.699403130634371 0.723062315086008 0.435829642443305 0.858456116666727 0.636917667010797
0.566082122896918 0.444456633352183 0.554517092830261 0.845923545037062 0.600310449283905 0.744308476378193 0.763859412751768
0.794299269429722 0.732869207104022 0.785608662487519 0.868889070768942 0.34173471450458 0.975850385347338 0.376078340182713
0.682034122671941 0.917117025190945 0.719887380437156 0.413750138296927 0.321530442801196 0.947685971942497 0.917426179818143
0.671882828898459 0.98415716445795 0.798491265089786 0.376491216310912 0.963911608500484 0.325272734602784 0.921514980178876
0.848070081239582 0.712897846798431 0.951847046865318 0.584189982934124 0.8004244664048 0.369849193450632 0.468631442763186
0.583574572290284 0.544205711534977 0.574137738965478 0.563642952177612 0.982108914786636 0.514363521661219 0.895537513056922
0.708851624781803 0.585170260555918 0.5272865586521 0.451498783142733 0.621316223356471 0.878778934058255 0.753542338657075
