0.785031573447504 0.62373233474387 0.863300361387832 0.529646160329101 0.621412493316364 0.798523078934502 0.603127634695634 0.797444321681134 0.564300829840214
0.720877767866404 0.685169695429982 0.806861160196574 0.728244992676113 0.932551954385477 0.435005050333796 0.580614581918642 0.541690071371031 0.953971619383382
0.618675075032782 0.543279391528792 0.66687028550356 0.861129641994164 0.652585772170093 0.935052085655283 0.558538534243843 0.907495318226017 0.567129366658784
0.880824825156474 0.550965319287389 0.744850712850065 0.690953701754009 0.964637283850701 0.436583907651205 0.569439319675271 0.690301271498942 0.846473639599704
0.558512922842569 0.799136456930874 0.672060091761866 0.535533958356638 0.871507901691753 0.609821668879344 0.790677284018826 0.527071525652024 0.927591300004626
0.868442743567822 0.552743212645018 0.801438568870716 0.9032139645748 0.70341490309691 0.629745313936568 0.829223138957346 0.589008752652957 0.442568316348007
0.647357110368411 0.436252193300385 0.966422909814368 0.917552822638196 0.518451164691552 0.791391332482313 0.911867551682013 0.588212232455017 0.688290048447659
0.592970271859505 0.439307070975347 0.887160471875261 0.798981893508035 0.957307497438481 0.926303195145465 0.820498377938107 0.573736165241087 0.504385589858765
0.865267769960248 0.704716897087247 0.444454154225591 0.452711779636499 0.72877833358441 0.706897939563167 0.659554145776366 0.983275223167017 0.895853831404412
0.573846800020651 0.925110590020454 0.53622421132404 0.960697132383334 0.535148387251442 0.991986064691733 0.753833119191984 0.598237261119241 0.602520878206671
0.722318740409398 0.949211714690974 0.806737539949895 0.578686499544341 0.892942271595696 0.965871669933101 0.606665251149074 0.593345607415219 0.389465722313347
0.792535406136848 0.715229137374645 0.545256271527396 0.732426782777177 0.627387125268022 0.906453703176224 0.529534070809009 0.530213059519802 0.911413946402876
0.551143131091494 0.540292078809146 0.814342420133104 0.608512127109625 0.868850297996969 0.888873282483036 0.543731390064952 0.907646487134455 0.608585846687265
0.748839625857472 0.740198792291883 0.869804555721094 0.851583361964378 0.571792759985479 0.357637918697486 0.921500227266558 0.934839588509215 0.526666217837552
0.482253412334329 0.720763452614355 0.55387254748321 0.935204315465191 0.453188577015358 0.897338960420084 0.649698731480657 0.949736840487413 0.873675609414982
0.783371273694596 0.518592438730563 0.949778635204438 0.436933944753933 0.969130748388121 0.688790412862598 0.554971264642447 0.924535662796782 0.683450750222273
0.904589395406867 0.928750655617189 0.764124834642286 0.549412260104521 0.522362933871494 0.798916313844195 0.743790601627071 0.39437996783986 0.838249428027512
0.598677131704182 0.920743572736187 0.603848011488446 0.80203735409916 0.928132326965264 0.481936925707382 0.713004913027016 0.514967341865792 0.787031466713598
0.85504145454208 0.792994871462472 0.473715566711936 0.602829668291964 0.589190587506794 0.887902531051497 0.481357362455245 0.796037664459137 0.90255625206747
0.638569903968365 0.861670641994727 0.530717102925421 0.91296744923048 0.758236489352655 0.918981674518532 0.501600615558801 0.713218721724241 0.523792944307774
0.717739269347476 0.841164498411399 0.423816604260724 0.940223555756903 0.569779739293812 0.703025060309437 0.882542703221314 0.924395584648054 0.483527539126208
0.721342864920994 0.754440003427192 0.894658876751938 0.674544133971462 0.515591325235985 0.522904389387485 0.748945778986665 0.930200117860763 0.536470081995183
0.886094873417132 0.697619946267413 0.55891073936155 0.911101838767432 0.624978597809779 0.565551870976498 0.607025237431105 0.544903558452285 0.953083667198941
0.912845288064058 0.73581763508555 0.635601257986549 0.81622304375509 0.666643985459548 0.77302409815571 0.65711102334728 0.538885958783822 0.48696197054901
0.583425526061479 0.82693695543437 0.808135523959466 0.61759116096619 0.548173163392833 0.733173696117565 0.623493843671315 0.987866733595826 0.557034398285839
0.73921068490231 0.589531658771436 0.674882835955616 0.847925057151664 0.604486858915424 0.592715530596786 0.870880892812683 0.874808292345849 0.470830155727385
0.994621632913215 0.951157038597428 0.842672760919449 0.886484217795066 0.310839142675339 0.60138493132462 0.485582970358042 0.838278138756432 0.812031267788176
0.766827957362437 0.593499463075632 0.897939282485037 0.963958147836713 0.504410169277861 0.919426872869678 0.481469318869866 0.926448797122491 0.507772866456317
0.918013508200401 0.924148130074033 0.605875639659879 0.745403970206831 0.725983395242662 0.597974448315622 0.737909985240929 0.654672134170796 0.414577584519738
0.479164906616992 0.965252347644398 0.952324474720978 0.788624625032028 0.464485023929723 0.812892768220514 0.830154611483187 0.722899872872155 0.496856323632524
0.410520615068096 0.978313458281958 0.861700029930325 0.443210527692591 0.921268131105078 0.84969321225688 0.546614197000903 0.72931964090433 0.876367602658764
0.996506850124359 0.508773093843415 0.720849497578926 0.726283632472955 0.641177568344156 0.827594546884271 0.57541607047118 0.707634640589315 0.57384031467452
0.298528230663069 0.966778675414945 0.599978921026418 0.840905118141367 0.923863921194544 0.967597816647793 0.793860432215844 0.942547829712426 0.481478276153759
0.89665657182593 0.571353113924066 0.655787212553199 0.625884837397126 0.946224868161246 0.646339184533525 0.639902719546756 0.637254763818678 0.602614179899921
0.565968590358065 0.961046884917545 0.526905757545614 0.950339056131608 0.88179507511228 0.780521325453081 0.545543366682871 0.672038389048626 0.544388239827071
0.811621205093906 0.67869924099306 0.520138782741977 0.858695302785376 0.530476996121377 0.69883515044987 0.936799836302446 0.500563282327252 0.784449464901753
0.866686098415221 0.741048697250775 0.934005725741879 0.827301655918711 0.490824458713272 0.630713504614893 0.499046282157205 0.568065125942694 0.781283165257951
0.99519290071854 0.926497528599644 0.544933203507764 0.857730746427025 0.745202040417115 0.655185023659416 0.479425848054737 0.617908880386301 0.592032465464368
0.899903644808093 0.896264762154157 0.489016791552757 0.624978478254196 0.78970957387112 0.627033034789763 0.530641398683387 0.963154029001019 0.584676997566425
0.56821003851634 0.956002529250147 0.603934941790397 0.866339526396339 0.543833385261193 0.925738610798469 0.59732126522272 0.900070621456254 0.498851099248288
0.883037244619741 0.566413071176084 0.54243672785464 0.943604413053702 0.753508845492318 0.509841025679295 0.546182196955485 0.721459137049966 0.964954904583381
0.532163120827315 0.962746189899898 0.571966047168526 0.58399783475802 0.668218410973532 0.523201669310263 0.752028087414729 0.846602839602431 0.967851708571782
0.935584318216035 0.767385362723062 0.741000921959032 0.858544529805323 0.499964505497469 0.519493288368133 0.63838765279973 0.882673045635966 0.521252072132874
0.822210037332889 0.44610872253568 0.544804898360522 0.812175184846232 0.925933893061707 0.711425981253695 0.51405850680684 0.990911759707041 0.693190683373466
0.570831939880902 0.809311068297464 0.591845592521777 0.698077495345409 0.907491651324201 0.524164712697008 0.902882411876341 0.650375305445601 0.606224657759914
0.705922648488123 0.732752247893017 0.970745512807194 0.802297732386369 0.844943704572074 0.903163171482441 0.660803101430904 0.506914885612024 0.359259922790863
0.545553968944362 0.72516005906432 0.962048777704795 0.752723612599349 0.606956046883835 0.480712411270314 0.612613548419691 0.71594605278508 0.978602617019865
0.993071800473218 0.778394762909889 0.925703114042493 0.90818674652288 0.913290982367786 0.363348151976413 0.332306993741112 0.732329078772085 0.918835252973396
0.783833535452327 0.940925066737537 0.890157049892361 0.465772462943719 0.86090315733745 0.490777529061299 0.798943571865137 0.965061348459162 0.42379012190524
0.850209071040085 0.959890237839808 0.850915769796279 0.761512481732802 0.685679188503572 0.567883397270366 0.576807357229225 0.572229726286175 0.500750834098636
0.515235287124118 0.432707636584557 0.756665310813639 0.865439263151468 0.972023269271824 0.765444746715991 0.947865955570558 0.689119842718546 0.540978334266271
0.59524856658286 0.686728332471358 0.664500642373387 0.971719468396458 0.516293741449719 0.771057150206486 0.835992994864467 0.709470319716038 0.523570397494834
0.653325163952517 0.897848055876261 0.800785243229633 0.567389957966059 0.581292470863098 0.6247395523778 0.829701061808204 0.717896000067772 0.533285122428107
0.724404437054396 0.548511492737776 0.497555286948099 0.544256342025816 0.808877793825169 0.574499646233928 0.873711855221452 0.856080775470125 0.923759888587096
0.670504125340617 0.608240576571475 0.829710626337978 0.631943895105806 0.883182657467515 0.760967245680596 0.600534118519463 0.635945448876807 0.541086500753243
0.566810790543681 0.927902293763327 0.669898087711326 0.689267459074436 0.891003334443163 0.514821820818588 0.949924311826321 0.429363146973647 0.838089796970246
0.659158945924372 0.520524802794901 0.692926146058157 0.72356562337529 0.864043448936809 0.664724842638683 0.818853730247739 0.55008895982726 0.657811360895738
0.523623964201822 0.880519845236469 0.532465132577137 0.884509226512471 0.77211393137996 0.579809273981882 0.832561301530419 0.480395881915874 0.981373933852394
0.935922481014588 0.985494557789939 0.664653457171383 0.868261500120564 0.583144925543181 0.584629322882503 0.486762470019933 0.680629678781364 0.607367588188912
0.588472109945039 0.53332475959774 0.88725599532983 0.482102195305904 0.945950885803499 0.814038147543461 0.801582788396605 0.85139119365828 0.517327663410152
0.41555716408188 0.876279595673059 0.853226797976876 0.763391066283717 0.913247465043585 0.917185464119675 0.676576161064314 0.398222987423256 0.709361271303079
0.657662790218142 0.531251789537806 0.770623546936117 0.646120662446141 0.51618489110935 0.600910545322632 0.827244555715904 0.796360364840801 0.856566355911804
0.460120059570755 0.832801824302384 0.686529065569092 0.727004390484368 0.792079456411205 0.642116054092099 0.879566654668068 0.492009615825751 0.747188809283498
0.543510600890779 0.842301051983565 0.664954712098283 0.514845011398484 0.934915180401963 0.627483430540775 0.790650668258925 0.879028877077947 0.533468137379562
0.71689931225371 0.442637503561946 0.976884944865973 0.707373257444178 0.653077502737307 0.545946124417609 0.755275990833848 0.883160418074118 0.649322281398012
0.997987780712441 0.543146756390867 0.924567108147009 0.991764658337526 0.807282032925298 0.975939912541433 0.44712725034246 0.370473026574304 0.78591699617806
0.994479079326867 0.536969752934941 0.566315510851137 0.595188685806617 0.670172242590983 0.744332012392827 0.544311990385221 0.777297708677455 0.952907204383751
0.890120350191362 0.706650517101924 0.656958362338463 0.542752694911916 0.561577303593391 0.626707094070273 0.963087605171808 0.572538894506187 0.756130558868704
0.745045023116971 0.503591073671648 0.627268957789017 0.581193597969968 0.944290857356351 0.515297236150036 0.890563613124463 0.748875191526492 0.752677062620615
0.793047142825646 0.754058348949713 0.993980216139511 0.501304140395767 0.874551199804329 0.736252520822552 0.49164504132749 0.828053959638913 0.475920729320343
0.796201794685132 0.741081150422876 0.866434633832476 0.690623785922984 0.579779709275431 0.545054634342096 0.70799232298653 0.540832010219411 0.686615464287386
0.832976104928576 0.641041426439443 0.940779050020197 0.531789588827691 0.46678457921545 0.702616384684513 0.907092914682592 0.656588778818609 0.651854975707159
0.851818282241498 0.549671817059391 0.531118763471108 0.92385917654737 0.557593671275612 0.618558044829058 0.952436626917102 0.980857957269445 0.546403648507069
0.541212561540588 0.995106183974128 0.845115923749551 0.701964710782944 0.920041921060168 0.950282026785529 0.530399050756483 0.551422557459131 0.50395153316769
0.90403157866136 0.864683811934405 0.451452431212316 0.953526788225838 0.946991041801998 0.444576074927635 0.726927024594388 0.47374169181025 0.918802378790758
0.566862179055443 0.752876836113537 0.956406512538284 0.885237586310582 0.401286765202462 0.445152713157137 0.913981037339242 0.929780094928378 0.759983708992219
0.911732713063989 0.682621267691793 0.608194451408816 0.543508706409767 0.622797249580727 0.913421321130487 0.733408301325667 0.601070735565286 0.613230995396832
0.905331498216756 0.546234084577792 0.879852187894692 0.650696224854391 0.622505276038895 0.495593302422992 0.577053088499467 0.8264416683963 0.793237389524652
0.59717055314085 0.98919566745245 0.795573757668825 0.86352988539178 0.631570140909367 0.459680372707057 0.561608898020506 0.923506621472137 0.610803820104054
0.558737648542938 0.623186935892955 0.810658399661669 0.752893380044099 0.505939014012614 0.66704318901164 0.859387465758042 0.962034508632583 0.563860378455417
0.785006157767604 0.645135989326398 0.530495447865577 0.820006304711615 0.64785904646584 0.365900292438635 0.806722349054701 0.928351142748931 0.919741495611927
0.97769503892722 0.843467526131593 0.760328891450954 0.880627762355585 0.445160023259701 0.913795684784972 0.522682442466097 0.561696081840622 0.590015679826711
0.525126756853287 0.757930805473534 0.95934819493041 0.938050994249109 0.738984727264321 0.634858395087357 0.562992220020995 0.688401976554875 0.53002003530029
0.537264651793782 0.905523115169992 0.771660858569009 0.498838338221345 0.873881353323232 0.504501337894815 0.625504299527643 0.91843350471573 0.744415608860295
0.559859107345658 0.454807158199692 0.54947164122026 0.864933983918356 0.856049723542362 0.811218207047078 0.734619460627746 0.844803520180783 0.629933649692821
0.964833369702708 0.820792932080932 0.511481064090267 0.83890814006119 0.906836492160188 0.400848901132762 0.468580121176045 0.956824246427805 0.776138245633984
0.545150900757574 0.737268836619901 0.805735158557374 0.915044556070512 0.93838120531834 0.35548672379585 0.765866657464925 0.716370804920477 0.646913331908756
0.695537310202808 0.546411860288633 0.965172039415416 0.596742906612801 0.50222535774493 0.762004729043712 0.640593190007374 0.939425970973937 0.683034405182801
0.687399747335018 0.877959264470568 0.699364040899933 0.905535823339583 0.64929721039906 0.579851617312801 0.666313435366068 0.572603042998237 0.558922129381938
0.537105635759671 0.95416459156398 0.54106302992872 0.56221293685398 0.554444267107145 0.739481305937062 0.90490486838075 0.882489435544205 0.696511038346581
0.63019674559563 0.851227925198269 0.434377543574404 0.670121828400788 0.445073470079951 0.86107106997175 0.859490776425919 0.960401016582709 0.747396696625746
0.532347152750635 0.604767229540721 0.933634264713786 0.788335369302125 0.738978501901044 0.502919716302467 0.848524573017218 0.523085698264011 0.89864686578348
0.934625535385878 0.53522235301094 0.431642682357039 0.976089157716844 0.58297419955868 0.921922923203339 0.679080693790113 0.978591500115161 0.584485768934024
0.45680390119711 0.662392763153809 0.944796920204619 0.610398219918163 0.57139422712723 0.964053126760888 0.752026988616693 0.566358948568223 0.960098086315641
0.846143447721354 0.477345919108021 0.842964635423184 0.677467671196631 0.804782432937988 0.610053193459429 0.503940390673634 0.709791620103007 0.767601174683419
0.980379675933489 0.66157744824656 0.654672490262914 0.520019524049398 0.904895494068422 0.524496453572738 0.940949193795915 0.519764098375651 0.742724147193068
0.882785789602097 0.715251588022267 0.904969485180901 0.672706748310443 0.848928058830022 0.531697422068213 0.465648510169401 0.681085334345938 0.6004259957795
0.843543044585231 0.800571606910397 0.61442145221638 0.650073364848602 0.496682237991249 0.803386662163224 0.457998560891462 0.732536667182018 0.914312766026147
0.951486512732268 0.656111537357087 0.602800169952342 0.970748874423901 0.571559409405869 0.644018030785505 0.649050843684956 0.586298446099729 0.65917006383734
0.802420892278119 0.86493680456243 0.533146176912672 0.562269476550143 0.434265039578027 0.919107183992595 0.804012813422184 0.892520288137368 0.604276147738026
0.692941044485602 0.731366293970288 0.559691110000698 0.450586385012815 0.867888762158508 0.997111100865342 0.671435195270389 0.577424233397133 0.816052571237823
0.543869997968868 0.862954220790319 0.57965390284237 0.826520377328429 0.793043396815932 0.986982366809894 0.824761325549829 0.668851462828267 0.381122456619586
0.717437500095974 0.78685159654251 0.835345937665793 0.547919317925598 0.69393936801862 0.707749565305065 0.589680010909087 0.784358583393093 0.500709355814194
0.638341235556365 0.928356557098015 0.930773197811282 0.655760943087748 0.714017656327294 0.54656814411751 0.643767740058541 0.735170631502977 0.493684969132817
0.570070262728311 0.708506248856217 0.979523849197726 0.312829064564935 0.673835346736665 0.832922242268312 0.85283919807364 0.685752784386052 0.946496033011803
0.80897565546196 0.622854446723514 0.419300268412511 0.882039665369295 0.975689060664558 0.323787920803442 0.952932951250806 0.899781264102655 0.994413167257599
0.949420816050239 0.710603198821704 0.562938511898084 0.677389255038994 0.965681289999478 0.352582049374716 0.9322097870734 0.896763120250972 0.572203719609792
0.825106260112334 0.672606484932274 0.491227344848187 0.491825494089258 0.993318444967046 0.894035662437565 0.526767563991782 0.775016138162973 0.756494430532334
0.94664644054629 0.471341406937642 0.820615472252475 0.962095230420088 0.950021900264963 0.346091521576515 0.969144466002837 0.511549955971468 0.879882177734231
0.858996478428519 0.523355532727624 0.697275340849241 0.53458308207649 0.426785110291444 0.946584286418053 0.927429299189519 0.72093480076264 0.826505067240743
0.867987919359767 0.609808317525169 0.858934597929095 0.50931225760631 0.600676288706948 0.629647723290423 0.785492014144554 0.849691424716382 0.547868631666328
0.714170310446689 0.514839315950115 0.59257015684284 0.848653625875723 0.648384854079171 0.745603641284368 0.592619015913669 0.678687506655132 0.809044522406058
0.635399962097981 0.759557877338342 0.598214718344984 0.552144378357142 0.63750012057966 0.572272883257114 0.961928824806222 0.702551770656617 0.792715617754258
0.676605208450448 0.691467610307194 0.780879053634159 0.640497526707666 0.765818303059237 0.858203861421671 0.654216251975981 0.54090485832836 0.533432111834001
0.741613147181666 0.7766251680286 0.997837653187601 0.95453169087874 0.483985304237133 0.681230452334303 0.606860177232323 0.599141260691212 0.554875257971394
0.837626721104447 0.825443934547728 0.514762880400415 0.543252673213042 0.623582178516025 0.515528630291753 0.884154088666089 0.886798305598862 0.689429344006238
0.645807215594993 0.739442954063004 0.903175932690983 0.722637820718089 0.499296499262897 0.509231800416597 0.560512802776711 0.882835179752801 0.851949988914973
0.569441053452858 0.66187779709148 0.486444921491071 0.862935290645659 0.986389726637173 0.810261045446698 0.840259479206737 0.74324330246928 0.461353854455797
0.72231245555443 0.463694026309873 0.538373232423446 0.966495875909211 0.668800798359628 0.829806918469724 0.608467446649827 0.677402537868933 0.841828345473966
0.671984906035386 0.493510685788217 0.863311970042565 0.655389426310098 0.456735972463179 0.590389481362446 0.825261827697974 0.992640180635266 0.929782970060339
0.618604364618078 0.676748619550076 0.760768969338976 0.634997395239561 0.613140643353233 0.675803572221225 0.713447278972926 0.602182297269318 0.746124726111046
0.923394306037231 0.4111674657417 0.824110033214349 0.611415674012377 0.438835160968028 0.986319216130721 0.963224551658354 0.618710141009358 0.939624302493231
0.678569890534268 0.883986238458523 0.635561765657987 0.579478846841116 0.584402842880789 0.721432207552322 0.506672558627415 0.759042338789266 0.852295382417029
0.483165669410056 0.762071219642671 0.608074126765705 0.537146141695326 0.8250855141803 0.966262346115127 0.992398568624766 0.868628324416302 0.49070344552561
0.377711228506363 0.959647201784523 0.689302038798332 0.8103589776111 0.931919622955811 0.603158506322849 0.654663263312216 0.868404370277884 0.575808515206846
0.765513485531767 0.622255129408188 0.703830491565465 0.546788719779798 0.775879378204362 0.624922500723537 0.737576168731582 0.636086506437018 0.657953857737633
0.679038054466392 0.754774754165308 0.481066628169007 0.87128168089832 0.423425073566322 0.812168887534139 0.832939912990638 0.637577061744591 0.8450512123154
0.819679253917454 0.719886183144059 0.699590250281432 0.717248735448315 0.637288937389449 0.529607030431487 0.464331037798253 0.99848608705952 0.718834580631197
0.622952199247887 0.654142826791841 0.959124832704842 0.829627389341598 0.617393982732812 0.533792604677174 0.973726541932393 0.84064878121621 0.436350853371509
0.986321741790568 0.51796739022916 0.955815934001797 0.607329885585729 0.848642767334858 0.603842733960497 0.741764085852973 0.592567729091929 0.554153631977318
0.875089769078176 0.912457484929951 0.691725953572679 0.71484792284685 0.937046213929227 0.605457463330852 0.527958618387943 0.549140473657877 0.536680696936548
0.707323993601257 0.773518764421587 0.873448013981551 0.698099932551008 0.564469123029084 0.577758594911193 0.96241542500652 0.742033822754617 0.434355366442873
0.614094736304541 0.79015883629445 0.696004299048309 0.739823365208865 0.506278156264956 0.63368648051182 0.794657070193363 0.961095442881854 0.52532915715055
0.585924442895117 0.836565465596804 0.525889400636523 0.823836899441576 0.562388855184761 0.658814954048037 0.678357321472585 0.692822322701373 0.799267840601158
0.629900392782457 0.821774190204831 0.786200596679473 0.608587610296163 0.748589688124247 0.564962579924303 0.779124466862448 0.563871952843766 0.624647337364306
0.950549990519132 0.823070862785373 0.440691753607282 0.927169998993516 0.94185846480543 0.620791854753456 0.783263307983376 0.488085585897023 0.561924165390833
0.865465638411849 0.592880321377439 0.844136991776777 0.785655323627047 0.482425437756837 0.534208924000772 0.826871891706209 0.600346170862962 0.732837359981773
0.718077514813601 0.668495678026742 0.68053370403132 0.609294944252667 0.718203613523471 0.904392405296599 0.47677615477864 0.592345594620161 0.834409782949336
0.912361583303066 0.925285398054079 0.945255558890322 0.788331900733915 0.589159801171007 0.45553684887657 0.656895498748825 0.857176659512714 0.420700508524543
0.560815828862331 0.677859701721305 0.590769606132243 0.751688296327198 0.745908820644806 0.510844775124889 0.810364104844809 0.740124215716212 0.741383842028722
0.475723467645919 0.534485740307943 0.999424446570116 0.778640185758059 0.853446048356978 0.570908133054409 0.777506620922265 0.561809885095129 0.889012066113707
0.91996977132683 0.995903523344532 0.604554746502629 0.697013726166527 0.457394197621259 0.636397371344043 0.5467367041747 0.895835434422185 0.67988291153484
0.684117723423178 0.945087143288804 0.502716693305874 0.70559809028192 0.482977519854877 0.734153591274314 0.643890567049492 0.74910201364701 0.81161340772208
0.896792653832343 0.474488250267995 0.766235774025211 0.653761009313596 0.480848006478207 0.602039810357604 0.68851608592701 0.945677806004195 0.8961045806164
0.59986596640871 0.62842203864774 0.626616214141629 0.508996057537448 0.667553652938472 0.765541649254019 0.847483327466971 0.988248900471957 0.636088561468838
0.492359373693802 0.977192331867868 0.567828087519219 0.731883937674725 0.504940597114685 0.938088041055832 0.585601080129216 0.774524896538717 0.892112883682524
0.916970995009538 0.688360628381941 0.513369713426033 0.712072502113711 0.577136864027341 0.956483189257205 0.564109440363749 0.554957555580788 0.913365684390149
0.545349669761689 0.994838852755587 0.937356503207019 0.689344988311305 0.774015252271362 0.603449545868009 0.649749379647814 0.734967576292622 0.460003107190423
0.369155638564833 0.697631628081672 0.722521169213101 0.995317970533594 0.940648682391668 0.964495317122243 0.590851747170661 0.85112144465474 0.510876234546879
0.467307639638097 0.634328935819857 0.841309689211652 0.782548192898872 0.71469031139003 0.85633536100099 0.976525153990927 0.638436332183779 0.473943807478255
0.850946088521606 0.623414093064509 0.618476070610337 0.498837750940104 0.938702796949586 0.91230930535992 0.91052911992275 0.481209469147569 0.611868296478304
0.50512642710208 0.654685212561547 0.641784043119942 0.824881147488452 0.897462069234324 0.804756813473436 0.837175435069953 0.419420706756705 0.745727554900594
0.575218967721212 0.782384298437445 0.513953311366126 0.778548917042932 0.5351369423149 0.683356107895641 0.755869397652663 0.796093725499339 0.736591612160429
0.578762390671677 0.989750553851969 0.66848183720279 0.606809495050024 0.600629466206319 0.929782954593601 0.845763036967784 0.641040373795293 0.509202231917173
0.543788781717589 0.499230650140955 0.736421695223501 0.886065328455719 0.84249639883373 0.435885527377918 0.890888625200084 0.827936140557741 0.727781404038327
0.629009016682712 0.769614721150809 0.889441771531452 0.527116824174126 0.475928187177522 0.531764526082082 0.891200090755739 0.923545298494487 0.751266753204258
0.650760051717065 0.89312575203531 0.683599089643405 0.603082723673239 0.566792311270035 0.640331839095819 0.699977616320814 0.93914022471612 0.554793235872276
0.890440252845288 0.494668841290134 0.556767964162045 0.618373701724241 0.828662080100282 0.950733154069064 0.95779470777733 0.673469607056756 0.499643603417716
0.759762408608689 0.462228656118726 0.930887370346017 0.520277458777449 0.716981093002279 0.739533581561799 0.507406057782644 0.878626929845026 0.886620379575384
0.786036408911938 0.664157411578459 0.947081876248141 0.411460487914984 0.643502591551226 0.84277751323934 0.572946588704453 0.602490220701493 0.992768190176455
0.486861249018026 0.923802610336682 0.598032153875713 0.865493899164271 0.706944264382974 0.74217626386497 0.388685202781777 0.842828567741929 0.978806697740698
0.495921045690477 0.80171783471963 0.968203255059937 0.940464837105018 0.557926247104166 0.896617720531122 0.49778623248703 0.817002115524645 0.541514308364356
0.862108299193792 0.996665976709076 0.509942825124155 0.642874598952684 0.830581928062986 0.780441280528841 0.632615381084373 0.514313084168645 0.593172734939335
0.578251290182904 0.897683546607009 0.497937721658244 0.651680164820455 0.863649748230602 0.809892805124991 0.557453180223129 0.788735102550354 0.621775927617478
0.566237127028878 0.704075100159934 0.665635555449542 0.757042400879664 0.918835386928345 0.685162862166523 0.735748086235269 0.551429493314915 0.579648295154704
0.579971360591867 0.66980585498207 0.70814741116515 0.88619367553554 0.901177938137807 0.643316658052185 0.79485700790775 0.518714236216826 0.546447890958001
0.984542980096527 0.70355183403969 0.672316533780016 0.850645206845901 0.631768124435929 0.645178466313436 0.742228578789968 0.363037118085354 0.779692479284851
0.809037818885629 0.616631072682474 0.71836803651167 0.460381941386483 0.617645769301009 0.763690183895868 0.624441083193588 0.921710735560527 0.688797970650136
0.554997268092035 0.605062405739604 0.561124792674368 0.933553045368969 0.597672381934905 0.628620748946616 0.945397819196622 0.669010289184736 0.808572278223761
0.703756086379098 0.70359921515391 0.707218155875489 0.727659459585494 0.768463298838125 0.484937520406389 0.801828491353335 0.666355762288431 0.558404580961819
0.757121155605293 0.503241812674833 0.9115495399116 0.670133133358429 0.712670777345417 0.457401489096332 0.90521083721226 0.908839653693956 0.571818827683509
0.950985162417823 0.873508049269482 0.947711389487135 0.730973747066313 0.406271493304858 0.436054681482113 0.850515801565908 0.542964935334183 0.931343822681275
0.609954751586461 0.620259643836578 0.694228635153172 0.508594933090414 0.901752000470964 0.809884081033671 0.465999796518204 0.993320272567071 0.805862598623696
0.775306338297 0.495241610397159 0.858589424561734 0.784733995367729 0.60656147315444 0.514865591750217 0.60262654113843 0.900220512337915 0.734699335696395
0.782968081441801 0.696589272808985 0.613235854437371 0.833995128129139 0.733462332846504 0.671459078217713 0.633472319706291 0.637456635066294 0.511192002931016
0.72704213192619 0.902295690569559 0.619149772309255 0.80417830519474 0.808880424493331 0.866353371958899 0.441397561311975 0.895793457910979 0.403953829946153
0.848210263328637 0.600953979832014 0.650682232589416 0.985211342989399 0.525525045762861 0.615114418221938 0.842475382284888 0.512601226048565 0.755366438668341
0.852895039997934 0.660314452200931 0.338966802548621 0.903201436149005 0.868843184479739 0.997626596254573 0.617244839121563 0.527949164973856 0.826512934395341
0.567409162687819 0.975644835638683 0.961170560063227 0.870965374358193 0.433922777280446 0.962478309434541 0.796820459322154 0.735207600042422 0.399278689197705
0.576737235010417 0.706460288529187 0.86664037822974 0.705801162092727 0.396748437676226 0.635976347498652 0.70911600933328 0.868333239384873 0.821198362102766
0.682953560294634 0.56932079098103 0.534977189940599 0.952323764889166 0.463936859854788 0.756812368849226 0.91459918249327 0.629041802760386 0.936199225538329
0.677081525867332 0.756028213450388 0.855482713218387 0.901914135108526 0.583331767316626 0.559978501458204 0.513969407610987 0.896146791809946 0.562446823271095
0.879233935082497 0.921695454235653 0.638312542447433 0.991032515893222 0.549875220992089 0.838911378860223 0.439770297373548 0.488701000831895 0.788955274498339
0.938397068578697 0.56257799618153 0.569250183374987 0.664009212209436 0.874700865202062 0.997537791033246 0.520724864165933 0.490748445245806 0.958961994313869
0.666737353750337 0.875735878393683 0.577395458415315 0.967921522574122 0.659949222236646 0.481095974013492 0.479920785678569 0.821854008191966 0.917802030407162
0.708693718436858 0.55935400199462 0.552803628275425 0.993617055406152 0.472157496857537 0.807986104138891 0.869198801137076 0.91128870799066 0.575169767298772
0.917488026084357 0.991794906095161 0.590210392660775 0.786371545659529 0.569666463342097 0.456576099095695 0.955872162350148 0.5120601268025 0.75703758099404
0.954651770464155 0.682113424004035 0.601026317398601 0.627454131671119 0.714842334235534 0.577195081213726 0.832619129035126 0.642565391212507 0.572137299774859
0.716742051549868 0.492894029050452 0.906138647554531 0.956064454551737 0.520021466963424 0.550796107650591 0.759917367546764 0.602297598189695 0.937567770012222
0.622876515647624 0.805295307242925 0.751674426063837 0.984262372148015 0.781596523847878 0.634450113656996 0.477523463101008 0.84101692909119 0.472391669587286
0.483285844163523 0.666172982852963 0.67708222479673 0.758066532085665 0.817162497333361 0.971264525417906 0.47792415374084 0.884211249895583 0.627800043574921
0.86065828128074 0.744956250327288 0.899239524486102 0.338422582540544 0.557763145143892 0.703853804678663 0.785836969771933 0.647633224997428 0.880020560008689
0.631737564355612 0.756058757237343 0.495530441441331 0.663362785854764 0.946741121868882 0.530446781802043 0.563953444339024 0.932063434508933 0.862186391606408
0.656595482661908 0.642931435976474 0.618358507899108 0.762447710556376 0.634089041970041 0.765381172426905 0.572885088187034 0.767134932418091 0.64376419565972
0.51662499400117 0.96751074800878 0.81332869460068 0.784413105993184 0.728008597001295 0.596840666312611 0.444931210469996 0.707870208142406 0.767596861234276
0.707846686398653 0.749511628272091 0.489006562296479 0.622483847638594 0.793601517428835 0.830086307489913 0.975680060237079 0.706942862646668 0.461182464486226
0.688373877401395 0.460517388961524 0.829094639794394 0.564819476492462 0.608037946891377 0.844765621971205 0.868180997545577 0.674765295401323 0.696073830953333
0.401461718534461 0.725347266681745 0.582934655206241 0.777895599929634 0.760837182201077 0.81878638737243 0.67271813695369 0.625378531957801 0.92548794509393
0.728710851185346 0.56049910998737 0.587568656113842 0.583989713973943 0.888472138016481 0.855776839962281 0.564568999967813 0.734940853708812 0.688581145075033
0.616097665735469 0.676280184114889 0.505495038899545 0.474961300268244 0.841858274143622 0.88179093523395 0.618962318622502 0.811017088199516 0.912038407536294
