0.848410704734485 0.53462304585443 0.973732815222222 0.520289538740475 0.599206702122381 0.822199091726106 0.794264311585318 0.483339982275445 0.832310684705672
0.904917208010342 0.838681256086493 0.963461534917954 0.613026751743448 0.574228343432812 0.837320526350087 0.547845343987323 0.588705723495007 0.517818248260935
0.675146120214834 0.588239656411028 0.973935318793302 0.885873038539983 0.549082740552326 0.984887975600026 0.609033634022797 0.551746528252069 0.60772659676094
0.521591542618852 0.597206278756876 0.906563513563567 0.859874654789754 0.8038997437939 0.525879090604918 0.556557324879552 0.826037558909194 0.699389300876596
0.962220007760471 0.860270746607561 0.667737070265368 0.479391654829566 0.953441633345613 0.931323953160513 0.669671028194542 0.604192582144836 0.429954491432845
0.548547003910543 0.76444987055279 0.773059431915728 0.989163176789125 0.839065356378097 0.586968401721887 0.617161938783571 0.684246029065362 0.503687337771128
0.726757239069392 0.674703704039649 0.35323959286087 0.831278763175519 0.64246886333653 0.758535564589605 0.782498535085812 0.706511654052334 0.769394384855248
0.557268366741237 0.557681158894065 0.766319549623742 0.914384595672857 0.618739188158159 0.842569934310296 0.667407974592885 0.582567635486089 0.69768406123538
0.88813318464807 0.412245209972063 0.948406333275447 0.811230360455208 0.546277428444388 0.962204134839821 0.971898334242954 0.484365481262853 0.639759969925016
0.947380202380958 0.517741537820492 0.68032272378228 0.80205395293151 0.765833379318847 0.993357755299746 0.543448409896834 0.680756368511462 0.492015986720883
0.97105339943428 0.948275551419438 0.633624566067895 0.745192058570782 0.921322073251833 0.982159175156549 0.393161737009818 0.633150618115307 0.463353959742752
0.625522277892508 0.511544671150292 0.709230721409507 0.531118858286802 0.622542156985309 0.959394054430966 0.688309686771917 0.793669483894927 0.818519616399087
0.405877336764998 0.722581993195496 0.58821095133387 0.861859484037694 0.584817368046021 0.892096030920531 0.693854299563082 0.688914476503619 0.917022831241899
0.613494345367434 0.81226999810977 0.565448823783006 0.29840569510996 0.842700966522084 0.959392212945423 0.8411037140639 0.919054832809797 0.724120671591107
0.640070736793193 0.646318134315613 0.624693452864643 0.608408047888426 0.946352225631629 0.669782423472741 0.662265647705436 0.630263011074217 0.702562381581867
0.920862314819847 0.875524873544324 0.518668701499001 0.350219371523125 0.877598656953684 0.847891720001842 0.551339623433391 0.711034004199135 0.962158385815453
0.666415272796221 0.868571733108358 0.995674757748759 0.895548716184993 0.518486527054522 0.736566417996819 0.500130391537667 0.490788277255436 0.776168855546666
0.700875393305809 0.891262034517209 0.951872749960785 0.417682144641306 0.454259292798537 0.805147977117846 0.547387562525919 0.958359065965035 0.877942671644555
0.437687683897313 0.518512778688005 0.999833191323161 0.774139193285148 0.474221073034754 0.80009480918719 0.881464653248847 0.742085320160919 0.936868334594086
0.686255136854023 0.576025558861425 0.939852507220835 0.935502187844639 0.784848971121467 0.910487821918052 0.395265067103734 0.902360861911128 0.466622075966729
0.510327564355129 0.607937852066159 0.541970272392987 0.543371510835882 0.777212423180953 0.751618215907924 0.758153824052835 0.97310801502207 0.867083474657671
0.917608067569773 0.637613794767276 0.987915457210795 0.807035419703568 0.648651139204201 0.83707635243078 0.448981110550756 0.495811547372772 0.658403025347479
0.486814081257567 0.883701576490972 0.812418376928793 0.332660056580733 0.874767989954332 0.942746594694158 0.949370939271386 0.796289899122352 0.576250889855914
0.594094686722225 0.50958153060701 0.938977314066998 0.506172843163252 0.82833861523103 0.928664244925263 0.496201827248307 0.936540427897064 0.766022575082875
0.873398032833841 0.830059903832235 0.856521172027789 0.907549276261435 0.728133436869294 0.304814406223504 0.657776157362003 0.63205859354702 0.65902123199136
0.549766319858767 0.544612043253784 0.654928210568045 0.518625929871414 0.632123586086022 0.79053491787785 0.88126616110657 0.988084794087314 0.786300365723063
0.554801557292132 0.902542660321762 0.839724532924531 0.787915059467495 0.814783460018661 0.590165113586368 0.984055823484087 0.521027746762351 0.461767959644041
0.521371417324224 0.705843831637857 0.696439935262132 0.656415424823849 0.79688689847925 0.81765209997978 0.813009281126429 0.584326024905392 0.561899915440917
0.950176262479821 0.587562053886095 0.663707129832707 0.579280213129242 0.683877924694792 0.985928952524017 0.875594975830113 0.531521546319411 0.550294908055376
0.603695802885522 0.718374970045001 0.927509292279395 0.701759474466669 0.980013434542538 0.431905801498881 0.953678881158339 0.827430523606198 0.439311440572331
0.781099875617797 0.657187558079987 0.607324688443363 0.498290755603154 0.548209833277789 0.55989004748334 0.828979589063845 0.979637612366352 0.965611540410702
0.807239361328073 0.519705686298065 0.680398026172893 0.703576656263315 0.729068002270617 0.598429363895193 0.488199962119386 0.815906415223087 0.892038719383791
0.845036998807977 0.613531892932461 0.697367712913671 0.678583825291749 0.568252184835306 0.800457461019922 0.6909801484978 0.465686591265829 0.843389898817689
0.986244864551785 0.801858339878247 0.418509544993429 0.790067655627526 0.647554728388665 0.981522476462561 0.437741761914779 0.709570254541369 0.769121052071873
0.652239120300396 0.910610097128765 0.909000017780556 0.403984084076269 0.977012941247459 0.778486291487723 0.754997862806118 0.58199478011821 0.527554544936733
0.913508482839124 0.566669404647449 0.646383614775499 0.936728894781224 0.731389427359383 0.690861135219121 0.446516385959232 0.593087878869435 0.810115906014143
0.738126341587919 0.420454736876985 0.945301500030316 0.660867641262888 0.715693892967463 0.875286125100789 0.866416670414309 0.971739964895546 0.397903542807019
0.884558525138812 0.907828399802524 0.755794006180246 0.652896304318311 0.748455794998562 0.41537830197084 0.967399404420572 0.73718605703598 0.431784253385391
0.489442416462317 0.509832305753776 0.894093909333924 0.902708855204955 0.662048754989013 0.882444034111858 0.659369514901236 0.685031894239909 0.632412684701022
0.501358696425409 0.613324636510326 0.616535213336377 0.933334483365894 0.990113868551541 0.892464548064887 0.654277551788809 0.62750709104935 0.575249611551762
0.670986534790286 0.756417360617218 0.84182341229714 0.684759890033965 0.724520105907033 0.651258102006928 0.521828809793499 0.699619989669573 0.562238013918061
0.887991137020926 0.503473791292174 0.61416502714373 0.713975485719224 0.564015705138257 0.744795057851847 0.983439662268372 0.515808818026739 0.857487276769992
0.499516959236157 0.910142334690813 0.675492006879329 0.683133833952311 0.628741281668041 0.878421185765574 0.584989786807869 0.931937116016757 0.545849976472577
0.742120984489569 0.747839894017749 0.364709501122716 0.595264229699574 0.608017091703276 0.625948320368322 0.957023475545332 0.946231786696591 0.935151170111694
0.859834459103557 0.992372128554832 0.840338760632251 0.998234746702459 0.505922103634835 0.698082544665653 0.301397770967164 0.66635789645004 0.857974072565288
0.868145100502883 0.432463776591424 0.677789689813466 0.772377353570493 0.939845693133116 0.733044027072713 0.874042775544454 0.594243360744409 0.500502589965739
0.996775988799905 0.559205003411433 0.598274759318963 0.553487860073502 0.740549438370745 0.716387010233348 0.966624039087509 0.700753460261122 0.545555560683542
0.813845516267951 0.739524513938524 0.460397760405058 0.628014174672794 0.871644224434816 0.929317960768657 0.50853220729343 0.845180748965775 0.57458931539306
0.950554350536346 0.683570988478499 0.895029430994805 0.609391105509007 0.996495956088834 0.538183251902432 0.43941655339653 0.552525249975501 0.922158880137583
0.476928876270574 0.721758938652217 0.671834146288142 0.625378543258934 0.868626485218792 0.91279300646205 0.73900270898529 0.705217316662557 0.52982559460693
0.689420337209934 0.736131932452233 0.668072015715652 0.613655580721547 0.640286960983805 0.885022089382725 0.699531195941366 0.585584218181731 0.587883043141286
0.834466435874611 0.568431119243654 0.656612458362391 0.517920319286463 0.733637890260131 0.666863280407909 0.892431821653725 0.51211177074782 0.932944550402997
0.7393141234341 0.568871628342474 0.615253884553315 0.77486863546206 0.685390038587589 0.673955308362405 0.470897141147302 0.756198062009901 0.947239150099997
0.934522411681491 0.975913033820318 0.846233684045392 0.705980536278954 0.446177602521578 0.608011676480853 0.705048353666758 0.899728556128044 0.427622459678726
0.993446932180938 0.838923402914692 0.51195750351417 0.745706885358403 0.475187828983591 0.527681799581887 0.645619481764832 0.94982258257327 0.788942428645816
0.445326936174808 0.888988919726211 0.743228225728466 0.435567149737402 0.807616398774833 0.983806771215933 0.673907611773753 0.711597997235437 0.737869280189096
0.721547117240321 0.993076686877503 0.889706875172852 0.679354419938943 0.807240072821111 0.608406921962224 0.616700838527328 0.488243911829157 0.543794093459196
0.274137875778423 0.964418245199371 0.785407549231467 0.931475039844648 0.384877285959706 0.88232504344735 0.842117879230565 0.937485324144995 0.992629262531278
0.759079274977868 0.547204011225396 0.692254697212963 0.874520507900204 0.476009707516326 0.923819591625751 0.571394121670062 0.9220646672366 0.604608388796351
0.86345927874962 0.845078922545219 0.338519317023826 0.912452789653323 0.86589863286777 0.859712341979846 0.845050688018445 0.338173541320386 0.888431505974597
0.710926637261201 0.943689166620341 0.552398172592953 0.595495205080506 0.567347242821461 0.605175377580321 0.864915914282744 0.692699198673835 0.694160544541458
0.90167011076139 0.522579943929975 0.883566686210608 0.491414342336845 0.628783310990462 0.652792126143604 0.570698497896797 0.935546653421926 0.791730742202525
0.565361643972665 0.53005065961135 0.896549698613546 0.676922017854055 0.641822764566683 0.59584101933505 0.655100521507532 0.82058240259498 0.820072149526726
0.661456092883999 0.428608144117815 0.851105447450105 0.901375198489893 0.700567574388035 0.560994953289438 0.71781778296746 0.775717618687717 0.661343341992973
0.446711327876902 0.779321047895376 0.633480821714267 0.921490287504524 0.544631810800857 0.709933796863227 0.631505252470056 0.882750889831081 0.747734188480402
0.705621686274162 0.896411445075468 0.584306331260528 0.635890971297824 0.461694076596814 0.858008021438443 0.782393772786967 0.523917459522246 0.884708352134122
0.53978354769601 0.869537384358238 0.850139370658161 0.526269937137612 0.492248336350431 0.859633896570306 0.612987608126342 0.80269091567931 0.75900605586006
0.883744181035756 0.539380730488229 0.667451089993561 0.671740073327942 0.718746353688658 0.788212333589849 0.474466482435911 0.727173716592144 0.714703964454694
0.56366362481272 0.588822560965829 0.687891545368484 0.656844424430988 0.705636478635957 0.755500571895381 0.834618327837106 0.873196809145953 0.514699840233217
0.976817142340366 0.869719274790315 0.427742710100804 0.610479468088067 0.541312609289061 0.67553084955081 0.807908662694991 0.690156210426228 0.766102096353232
0.628001369916525 0.642468504266412 0.59630360891884 0.937686160085898 0.727767187335662 0.688610867906752 0.656931216262989 0.602850038808167 0.652960693823683
0.438144451408684 0.957548133863293 0.495964164980711 0.799955002905546 0.976004728167584 0.905816465100018 0.544035559552497 0.705681651567951 0.709357805472764
0.516035037871911 0.557841540550796 0.762433536091374 0.583478571984102 0.870804814553428 0.681794927895828 0.560858969571749 0.951728013204565 0.835000017487117
0.893962181092871 0.614665439786876 0.554567423814288 0.634889701478501 0.785871023827593 0.613343082645673 0.929510138651654 0.575009470091119 0.642764802387636
0.722310024650521 0.526564846976087 0.543166838235821 0.722033217039571 0.900260788718727 0.70272268529641 0.760734871118842 0.542909858306884 0.780262766653292
0.84546445370481 0.61417659726851 0.64356719430176 0.762309568924957 0.932109852880802 0.904982469393053 0.501835857788271 0.583904561055141 0.543078069317514
0.417531174467551 0.77199302189768 0.508976831722838 0.802383509114404 0.996605741386935 0.88065622105287 0.99191443392921 0.787940786602712 0.481060782909652
0.966073241867614 0.792760799496159 0.540829654308774 0.833782444287002 0.585203271428049 0.991871749369519 0.559957864471606 0.694193357258794 0.491907460800288
0.889701920980581 0.427598512055054 0.486824227145528 0.565406051030168 0.878835354110245 0.892150208138436 0.650284377702564 0.795711217044517 0.867251276094374
0.734851408561753 0.613309373109169 0.725122090933562 0.946003756807921 0.990553785581195 0.700602117159076 0.445619467837108 0.614643355404055 0.604870548845617
0.885305710343973 0.507715393217061 0.58080557380376 0.974168954938109 0.73586038366267 0.735485876866953 0.961597248164715 0.421912782501821 0.695512208187429
0.748767786971763 0.73590837848037 0.834413270955718 0.761751934483133 0.499568298528554 0.761696705591445 0.553062747036318 0.54082849478842 0.7447645052635
0.567966917357784 0.803767563291769 0.721343131653932 0.791981234042117 0.704590586391466 0.7219765916245 0.488843245259565 0.878233832649223 0.538213442878858
0.421005256191982 0.595835520082095 0.433600472664808 0.86261581496069 0.884482532783202 0.854702393939185 0.79116913574888 0.714049845139141 0.956413070044719
0.81397133717272 0.985359810564175 0.563557308923715 0.456292136527686 0.817022930234808 0.824212503931226 0.689918116332681 0.444292363374633 0.901334229603014
0.899231683153965 0.773919342869205 0.479567423543613 0.918731408664256 0.521297743318274 0.936690285221721 0.528368338505361 0.731784472205337 0.63429702188149
0.886772606138217 0.81141671480451 0.518016480925784 0.515049847770353 0.853160473471487 0.901811094717326 0.661700163699477 0.703562873137342 0.499393885452698
0.73601595416174 0.697188908748673 0.475448036918661 0.790823427371059 0.841398942954844 0.505494358176527 0.905490567584657 0.510903019807571 0.956753588485775
0.673324702370625 0.518439904574997 0.634783001861366 0.75355375090957 0.70597735493211 0.836129573560305 0.485820162582853 0.710091633616033 0.925613735052135
0.508602882880991 0.903647023629451 0.441892112026638 0.899590422231937 0.552759777983637 0.780473691036528 0.708979395271898 0.930083615579284 0.700197448972046
0.402064932781023 0.58677335762703 0.804508753382083 0.500922101757843 0.980572902197015 0.958228615802395 0.79062451330917 0.92451359751422 0.635633056725963
0.784005213581713 0.661726731835475 0.537614072780139 0.879027732053524 0.982927800957435 0.778044899570276 0.923321162910767 0.634247552651063 0.350945002641291
0.943182878203927 0.832317694455014 0.537203660395469 0.979789108331091 0.623095791707749 0.700752574906446 0.615340860151417 0.616722816801428 0.522930120106803
0.908873283571982 0.534206029595452 0.712291533304547 0.743017118344535 0.809964227915519 0.883133615360315 0.502247256959734 0.55754677305758 0.635827599001168
0.577754034125517 0.917159096617701 0.815156603934408 0.709183924515685 0.49494673479592 0.583611103677811 0.74325680290844 0.655817640988425 0.711438777693384
0.601380949551253 0.560466441579442 0.832229043229079 0.728365773638967 0.599070664025692 0.961374068839161 0.827367572229945 0.628602411553115 0.535235072375154
0.585345300377156 0.688672537437817 0.889636991341651 0.668855996036664 0.823654946775225 0.872411036167686 0.857391395147752 0.369903431233175 0.619783056064033
0.510066826685199 0.922943019556777 0.540129821992019 0.86438213143735 0.734734315072058 0.946982039322034 0.363846476186471 0.817003568276283 0.886866747075099
0.66376156920104 0.985325344745547 0.51806940678255 0.707706164290918 0.803735541632563 0.656484729502871 0.705251140737423 0.536145084075669 0.667622447617433
0.690438582244749 0.696120873264627 0.983478534697741 0.723909912199171 0.574882493856528 0.707186400680029 0.749490512791776 0.657056824137463 0.462877307735066
0.879037688831149 0.764754404386798 0.403382613489278 0.777776352569574 0.987861359119878 0.804814627317239 0.596367107598821 0.439605611357779 0.90260433944185
0.728767049386772 0.460316376987318 0.63665892370421 0.576538213496881 0.931794575277503 0.446350595407149 0.916627719565977 0.935057742456203 0.961404999363876
0.957307504075048 0.713189596618205 0.659311064334708 0.80067891754321 0.695855301839077 0.55104940844761 0.672616910716774 0.59935320312399 0.554622492219355
0.672906054052668 0.960891889216188 0.543643348534085 0.750040697572272 0.633911906357815 0.471251220732421 0.922428135590357 0.585349796531553 0.829145937361007
0.632703625802956 0.625014443543593 0.426407231808098 0.954974754534016 0.767082810840175 0.43490157706368 0.868733704955935 0.948775036996582 0.998662899055057
0.89275110934704 0.523493378383576 0.686466035710415 0.485504282932407 0.655827353091528 0.738939996808823 0.853455997991951 0.57716778396226 0.892480877164621
0.667190280835838 0.981174178965024 0.900884627950745 0.852774933074053 0.790363665602607 0.614246740984011 0.732372773119773 0.448015009606892 0.46304611906002
0.576572949575071 0.816871551027293 0.595200103501866 0.699368787295036 0.705984610134335 0.901959817754171 0.820021068006211 0.987255845737441 0.364138642748444
0.564707259826595 0.982138017039285 0.738108423623111 0.706634046290718 0.903821382694056 0.989845154401551 0.247138340091689 0.833126237007685 0.772955025836317
0.517249410450358 0.937148415545778 0.527505081687886 0.716878340974349 0.995026919030364 0.985756436890993 0.610460829069909 0.627316611100404 0.589231281247102
0.743551283531065 0.50882479284038 0.731197871627759 0.39503791317887 0.728428562026144 0.997351509019145 0.749457167346098 0.745713652725981 0.768578429802126
0.830501916813465 0.560046459349325 0.951903983555965 0.860679615640851 0.690639123830167 0.485375858583563 0.836433234413634 0.721322485303068 0.460527588347613
0.45953965581138 0.85803031059555 0.596321626268785 0.405432593069529 0.970334111699386 0.744851287473829 0.713705778156077 0.847242149203878 0.999434337445845
0.684180162266566 0.806645522978421 0.576185422130678 0.499245061378402 0.902015456312301 0.90057956511523 0.478704211687778 0.638590124416028 0.896821607953892
0.629019858229576 0.690873321148246 0.966690298254552 0.522941218557872 0.592670205824231 0.585488347079739 0.861495373037462 0.796892010157945 0.625906489236998
0.910547016089441 0.715872641290957 0.700867844428017 0.643868106351117 0.773144468339565 0.614096714813872 0.546934356056975 0.745165578083463 0.526327119782005
0.92424885670724 0.857160904152156 0.923660158251949 0.592095122056857 0.645685330148264 0.544581478329242 0.510785234818984 0.634438282603156 0.690592137706371
0.570252671427888 0.809755903857764 0.538035720011682 0.608672551219674 0.991846098728358 0.878595153785384 0.733500915867538 0.670869262424496 0.53264379509486
0.499207101050418 0.833978413565067 0.860451341924297 0.644528599377391 0.791812158886494 0.786614396654751 0.537772697163255 0.721872397266691 0.557365924520552
0.668676556534001 0.566423001231244 0.55586410715017 0.891436896650626 0.596692527909356 0.923220112611667 0.661239129241225 0.611130564328893 0.757796181875205
0.715745616054882 0.655155965281267 0.560366616963898 0.643921419093043 0.46615799226364 0.77696161259336 0.73507836194844 0.924305415971248 0.736246300829247
0.790496134424218 0.491091404518781 0.786447612965859 0.443961706088543 0.873663622564317 0.616620645733154 0.847523494258623 0.723699304314298 0.717501864308707
0.836731599745592 0.545809535769635 0.687208060457908 0.931474835996511 0.760473611825684 0.859806631474869 0.594376760396852 0.446584511642081 0.658395009308235
0.655415817327525 0.775379210870227 0.973703548147631 0.861663461050567 0.84385874090711 0.527760299728599 0.544282905519512 0.535473414729704 0.625666866513297
0.680232791011839 0.827356659830588 0.849718773366704 0.729304906899247 0.745731322117843 0.595431402373176 0.473895197513225 0.495400594599453 0.888879368360655
0.596051144704015 0.600064605073311 0.913361994207751 0.635760928170565 0.691771354770787 0.695765616056956 0.690431856714294 0.504538830571603 0.911551750535598
0.750564168212501 0.707930222644508 0.531555924156129 0.827100322689104 0.788609508443818 0.50359917026551 0.488708937033171 0.932462971192513 0.785376293580569
0.58014878038923 0.740232125978327 0.616151290734283 0.512389940723022 0.838460612842498 0.812590652859815 0.520777637095889 0.915431964356593 0.729594488322004
0.960715346127896 0.589113847532479 0.899251750838801 0.651988502884037 0.58815375047055 0.858705469988557 0.933915189452413 0.610803281767324 0.405908838042661
0.852517323836838 0.706320046769467 0.677074939962387 0.35837183925801 0.784439324841619 0.62649390988629 0.938875680184075 0.764296997277185 0.638380915530526
0.651456614328555 0.966236060541571 0.899728443508942 0.80436314943229 0.562692365480437 0.49184399705682 0.888577101682623 0.74738939945694 0.449217217005391
0.52219336711547 0.773711204185173 0.621411313510219 0.935900771178228 0.565685912359907 0.900899088558288 0.803829134062032 0.635939764906779 0.548797698369776
0.759778897623097 0.780842415361321 0.682263371148385 0.578649101641786 0.889574294403771 0.778087272419863 0.468903522796861 0.791408045127302 0.521714036006466
0.599676529020406 0.957040310682273 0.995973293549371 0.536127956088283 0.48439018322224 0.99075273330489 0.848390680560509 0.537901259646596 0.653240040499388
0.861724694253668 0.695285352702954 0.722055262930028 0.568641385341075 0.58120589788788 0.952390440738522 0.796553863693424 0.589766194780811 0.512795610838351
0.583401816230504 0.780660846432258 0.580061921889299 0.487394221409973 0.490267340494789 0.924678266998081 0.743077832991208 0.912239286819627 0.996546741559376
0.874429729700512 0.523240469818621 0.903002818748496 0.871176280596043 0.586320482691719 0.866512759241325 0.883320479448314 0.497050093966732 0.475208471137807
0.473176916872205 0.733819119288426 0.619571233762735 0.572039676158211 0.928964582554423 0.907487724142408 0.773143685082451 0.604673422477051 0.680034922790375
0.494519591616979 0.759057388841863 0.498387794265748 0.93407300507645 0.783229843419647 0.787703740977153 0.654114194278506 0.986489768178469 0.53245693040581
0.597648751068646 0.917690155197799 0.54244590334282 0.893090968716542 0.580492824940942 0.657855852681748 0.73559871359901 0.506032885449381 0.9400597662988
0.619908602739502 0.995442544070933 0.456197639868346 0.776546923770393 0.86110226692378 0.688806850296302 0.658069913878813 0.628110312442244 0.627836601772936
0.868642768447724 0.554603490022232 0.609717846674622 0.926464438199501 0.637815442459776 0.515561060329289 0.690504587394994 0.975159796698199 0.594566401920823
0.659397582973789 0.865995019682682 0.760479265527657 0.570504231906172 0.52619768622508 0.879244792508468 0.489400196221226 0.895341478758474 0.663161992418901
0.794808362224696 0.71730474051692 0.469088614477443 0.445955684317929 0.818073470912628 0.818036796902824 0.575560540600041 0.913640046980835 0.812029221453378
0.608794501019897 0.788843256211797 0.640320636463286 0.787314053234329 0.59061987770819 0.592790258475594 0.796265874878289 0.535045756641404 0.808519895711322
0.374964193513625 0.746484300573515 0.980133108188315 0.817561189012131 0.705821987030587 0.856201275630402 0.446199796104433 0.689989784643414 0.963099570407143
0.48215115351558 0.83038646525193 0.690350933281324 0.508657607088654 0.985863136182163 0.594191679494253 0.732144817016712 0.678658865958856 0.839136200326898
0.936608547946823 0.602441903379975 0.918082466275519 0.728560462710212 0.480339177070328 0.845484082765566 0.547299842300165 0.524241216028947 0.820186802461431
0.591184021262664 0.619430435837522 0.664117259835004 0.804049124532838 0.569621380916661 0.623370715543654 0.812016380309913 0.586652311915932 0.940394501640274
0.503343879281285 0.537614168741386 0.656106067497213 0.821959833450537 0.704717793421416 0.880795954274274 0.809316458473328 0.591386912620887 0.708718952108479
0.432571577933587 0.756832312183014 0.866802139045917 0.951383177571171 0.807608470884933 0.630068005944136 0.690120116583114 0.927085373706581 0.431156497556851
0.465993691547491 0.698133634719917 0.761638801538746 0.984626906605102 0.93799906872101 0.809895920820381 0.36864602234712 0.646500445649443 0.944249567815545
0.924974418846592 0.792904934636741 0.394617510404204 0.635581216044691 0.745503677611911 0.874765758547988 0.939972716642454 0.404942705578005 0.881486981589046
0.314856909323756 0.76857310612774 0.550139002746078 0.806321400240408 0.851781620531994 0.737767612128356 0.753135764052632 0.764953592926075 0.826187044479167
0.46900824705499 0.866136679583284 0.540855333650514 0.470258600464614 0.99486941082886 0.74993899724775 0.901888712807626 0.924798646148412 0.638267089699947
0.843706612238306 0.526725541070935 0.970634760558994 0.523385326759678 0.839654620420112 0.856681989331877 0.505498631252846 0.611922403290208 0.713341175372843
0.765153013022754 0.905007509348406 0.90153452577577 0.602663463126794 0.861130814649465 0.478714331476346 0.516812485264515 0.529651779885834 0.849898284919764
0.721985990815465 0.513928601275525 0.706727476753113 0.784995071346187 0.445588191219505 0.745493135746579 0.802983276337762 0.844879527738664 0.654771429604104
0.574868857754741 0.467581007494318 0.593889694074365 0.712440617837862 0.609688012327356 0.989532316194753 0.868278410624215 0.787534337955797 0.729385339119975
0.470314469667586 0.645547528920299 0.518040791637479 0.666757125083084 0.596795052899329 0.842848300244704 0.927371864592175 0.850289290777347 0.811579820925561
0.836014297020588 0.898002961410889 0.452816776784735 0.745613078206449 0.476827688804006 0.559301367903576 0.866071702830286 0.971537647195809 0.665467995931918
0.732299661612048 0.529960984330833 0.54694092303072 0.874054292081566 0.574015280968498 0.952583745487184 0.485288078715531 0.806572474679771 0.985128802866728
0.651032550413627 0.612226254550048 0.541241305619189 0.640170669711801 0.984014920508274 0.673681409233773 0.847103792847372 0.646620317895544 0.635414263126848
0.277048109959326 0.86137254533377 0.777688524924458 0.442242231213343 0.928226598676789 0.805254160017564 0.858656987542162 0.973384184719668 0.81603462068752
0.876308063374752 0.956080113157019 0.733860058838757 0.541655791318316 0.633425811119989 0.722096853117073 0.652414203442245 0.521454324716344 0.625256324751978
0.607176056870359 0.575991931959245 0.913886908304818 0.707982780443427 0.865946947900492 0.657373344465792 0.742344117612376 0.601086051009392 0.539201943826154
0.87009119437343 0.83383926684208 0.597598794491693 0.650490712027811 0.665281767568703 0.682026727105902 0.661953429110318 0.541814075593529 0.633833756891308
0.493953319332755 0.423413636375594 0.761372838400202 0.919234313577487 0.612150025993601 0.647353521599142 0.863559247459204 0.775430094426882 0.935470615970215
0.786645390419142 0.688754437197985 0.745030851497283 0.879912323893942 0.388391901103066 0.670369497373562 0.817225862170663 0.52968790054692 0.797873548696364
0.833959555728711 0.434879945266022 0.910446000445281 0.845503619624483 0.87851813824077 0.497235349549162 0.849166700379248 0.680951735128905 0.521347487056535
0.429964648242289 0.679464067708622 0.644128490742793 0.747455957893164 0.80075992971611 0.928365227225255 0.525181858993624 0.960579450670014 0.66824859226154
0.383593211852722 0.83829547945477 0.841214277168893 0.36726039200105 0.952445271076345 0.661139716053199 0.777750174341684 0.966894485809917 0.972736509741377
0.589953219659281 0.75492240202343 0.852616209174893 0.622945974312894 0.579374896688013 0.768263105019135 0.794253898256825 0.483413869250913 0.739065652086592
0.61070462561 0.79269121252965 0.767093821529503 0.606352520424762 0.92015467157067 0.83142742140262 0.843295588303321 0.367822385496621 0.629497972584343
0.745448285084818 0.559725968047728 0.788185411569323 0.96925027241863 0.512614601043574 0.828811229483914 0.757797547164937 0.631405157233607 0.516081693812046
0.608634185700591 0.506366658228667 0.868034820256997 0.666491920676233 0.789712800475563 0.732089681377237 0.696196933499603 0.761771356592274 0.542320373200549
0.776201286140455 0.587779671120414 0.862216492086498 0.554662154347811 0.562243461442691 0.634857173651926 0.941842425844076 0.960728614786203 0.517512872193788
0.747254686086435 0.622478334799085 0.523913843972277 0.500242531699521 0.823893229033303 0.885684846487932 0.841857012974031 0.552524579751429 0.781238398386809
0.837322337752788 0.633671053811385 0.548238499010777 0.569782517354081 0.716420970685698 0.936407470081 0.863017099621914 0.426246454230872 0.866789552838701
0.542279421388785 0.563911577114482 0.570454171579315 0.674960976234077 0.904209673188711 0.593428264997912 0.688939958125499 0.975495624515687 0.804235863410441
0.845219498672936 0.951411361776569 0.587716523545385 0.918751007021761 0.692022452008332 0.829968045022273 0.503157929509845 0.505589671567555 0.57332866843796
0.660336863110241 0.634428895948324 0.588965991511539 0.606939682942067 0.606056916265641 0.718742530264765 0.846613704250832 0.608482970016609 0.871814609466594
0.662854125593888 0.518187211234025 0.94973118349305 0.964935956405247 0.525281410906691 0.784219049093012 0.540997983420746 0.730296089807198 0.691632610537214
0.731885314484699 0.584847522925422 0.83666257554897 0.838432461541234 0.733290537614007 0.902555763089742 0.58410215872827 0.45893800164707 0.604233231043138
0.774881969504959 0.667309836069121 0.590514167459282 0.768567609518153 0.60425880582286 0.640258689132425 0.649191281838443 0.833075985232699 0.575212709940242
0.520033610496009 0.791861657093311 0.711901951430543 0.998964949458457 0.901023400476913 0.75373098389959 0.525061005721514 0.573242507336832 0.593582312313087
0.679184525582574 0.799508890188408 0.67969595197052 0.58268778414719 0.428746586214896 0.594417236923686 0.834392986980026 0.945421243844055 0.757298096987059
0.590335542181294 0.940112787453069 0.55731933202281 0.950370972110784 0.923103109876165 0.695972639840135 0.723095067852299 0.971267765191026 0.325973524732024
0.570146265639289 0.586806617491153 0.565749695202508 0.585639927719742 0.924611051305825 0.721801521753578 0.654616797217181 0.873939454605152 0.743152391024111
0.543823859775241 0.61419988693488 0.912050799863249 0.700862909396852 0.717293959211843 0.728731130860073 0.813953598096057 0.512599349823187 0.653356986580405
0.664747962724659 0.533470953175262 0.659875882633313 0.877480802915834 0.788582155198698 0.980736407145278 0.743867842018837 0.482668643309352 0.598805103440554
0.679392295379201 0.822836899137561 0.582061328926091 0.715246514895761 0.606073114718676 0.589008047417242 0.951405590806702 0.5621692565739 0.696822324628904
0.750653677634134 0.891066261662953 0.464701091798573 0.902744565007416 0.883570853314182 0.950384506930989 0.899415422089269 0.457011945486854 0.444135283176404
0.966744253528495 0.950103285279462 0.728788229812217 0.96425895165645 0.603340740959254 0.60048579244756 0.384464693945351 0.52507854592333 0.986330471824623
0.878176744746653 0.793357719765711 0.547356465188974 0.574037816333668 0.75613468625878 0.54987732448781 0.614050920314566 0.650319377122937 0.848956408288998
0.722682145088223 0.603164805112868 0.553119229122822 0.843322348525841 0.556718553213904 0.979147313362919 0.959928322813082 0.638932818646573 0.539068550403704
0.555125515445084 0.991802795704672 0.663694131140586 0.710251024522706 0.648295103813426 0.828245307377953 0.632285593959283 0.593953247190667 0.610539431651768
0.666108954508006 0.385194709014612 0.760815719372497 0.937273482469745 0.827494585997618 0.728613088491113 0.783543985836709 0.844849082619944 0.475544567207023
0.53667639829649 0.950932749020405 0.891248708320943 0.878509276948312 0.654008645072865 0.432960851573237 0.76451509081725 0.828842359002537 0.520056970361253
0.794365366031818 0.505728267883207 0.979194355877265 0.646185598329189 0.487627839192072 0.783566031735488 0.742645915656751 0.700761075787807 0.649788072441173
0.814410825305457 0.675325368193336 0.839494847175524 0.863362074089879 0.505850759747028 0.357562467958334 0.932907624276478 0.650823366458642 0.820066533665083
0.679883437274258 0.863515877928027 0.59126171053157 0.746043207425386 0.572812236729274 0.735249000825398 0.502758745350334 0.645843523550107 0.851412392409858
0.779054166037111 0.766203310217013 0.521913690739515 0.925430800843688 0.768938406178991 0.760738606878756 0.620022605181073 0.728424615863487 0.422398513232403
0.634635417034669 0.895388560869981 0.571271556827069 0.616851035617683 0.603078437874999 0.66307179081288 0.542014967947581 0.918365947626448 0.806422602796156
0.532902890614538 0.912711962788457 0.730667644080114 0.800570107009836 0.562871919011813 0.673285773270188 0.604529243298683 0.633388688396209 0.72932534203912
0.898805806744532 0.590827451057634 0.593019777896282 0.827250861576818 0.570214943318422 0.882796312166803 0.821390970887788 0.383546312836821 0.87157040314684
0.597179802692132 0.639678575416121 0.609830193787059 0.668508186529574 0.611407063642029 0.569630340115866 0.878484615931242 0.968136045655349 0.693762763432356
0.957440166327559 0.476341535037326 0.929565378688457 0.739796970324466 0.895264687471333 0.643225443604932 0.726808839454544 0.899108618528977 0.345604271665529
0.459993346619042 0.55734491408818 0.548590695683393 0.787571109116124 0.737054200457771 0.824442013014122 0.850071131284476 0.763664287575698 0.708009314220324
0.458563919942647 0.52498540098222 0.958276804125856 0.829586520352253 0.675471657430395 0.877577948991496 0.699895242848225 0.973852932447918 0.510741188427131
0.522211441838571 0.833973437004136 0.783160116656063 0.91134147736136 0.833221801070651 0.967804860650768 0.637114698030591 0.557301510393563 0.4231514794128
0.760422676588518 0.505900457783603 0.798630054879577 0.60383497837242 0.476442382097716 0.864388557075147 0.79489250494046 0.649755985962441 0.790885742439357
0.749626463890371 0.619692822757131 0.951053615313595 0.862321140947174 0.471494100038309 0.822925681489391 0.520399098828911 0.565857623240867 0.794676113720148
0.724796993938019 0.451778687895012 0.599251724738565 0.729469732316814 0.7260721305048 0.59456657056152 0.968749466166475 0.821908695565801 0.656743477005605
0.843666729170578 0.721484792244904 0.696574935081081 0.453828078485853 0.62838563084866 0.975603970799448 0.661483571324983 0.933157560783091 0.500135058395222
0.518858076332848 0.701251401690994 0.643844747659241 0.856341811291855 0.773908984808556 0.685934029458238 0.714028821063276 0.970864006985943 0.45283961851076
0.999104358354445 0.823742971047172 0.943303313485365 0.621985838952687 0.868139246552529 0.730661375608406 0.407110283551143 0.562834515173417 0.563810812292003
0.85319193595071 0.660410058886247 0.505522608385197 0.560563646545294 0.539757593827501 0.868342023490426 0.988356696438927 0.673480938827634 0.700656208308969
0.954549594032962 0.99570116901189 0.896203216766349 0.638827109345835 0.464374816390863 0.683576299247724 0.644287608728098 0.903871753596221 0.422154077005557
0.535850452057783 0.45261072395412 0.932540503243992 0.731826278743715 0.701991742660941 0.96308615198809 0.931202243711726 0.582857556373684 0.626436423111351
0.483460519176852 0.713042486436744 0.862382447688044 0.899031903414958 0.888878630791892 0.486797850110787 0.640210499784347 0.918170843959007 0.541916708077231
0.69310258226224 0.931234165718868 0.684685340087629 0.765655245088697 0.982862293178049 0.651780228592706 0.335077976164578 0.626133261360397 0.79192287517617
0.787629654167501 0.822948526833084 0.625335530979468 0.965371377244272 0.526366903330989 0.664546379541448 0.516946327275225 0.743049791841236 0.618218250494788
0.677913849264995 0.46053382985596 0.869160624387651 0.620604159828969 0.740354663352192 0.718429712071264 0.828055036393204 0.484281346498078 0.955860572519413
0.588968353370375 0.884589159757208 0.608437419537813 0.585817511776348 0.900924532941624 0.722218743878107 0.723944462467736 0.575004551551198 0.61391870024031
0.801503208307467 0.790263169705712 0.44743108501791 0.669742491146684 0.911770641486672 0.467893160770838 0.685344633781319 0.700998398652167 0.848755189872542
0.82217280232333 0.775599625570264 0.624342071284487 0.816434765203179 0.864169429874283 0.620685406015224 0.464026160215202 0.4793445181944 0.849909053467502
0.509963796830641 0.708164775964043 0.803972020053592 0.907554176209069 0.586963560233808 0.766419080777045 0.441856487327427 0.921896192529316 0.708555338945246
0.441469453450102 0.821781175732535 0.908689065080358 0.897789585651773 0.590335771944602 0.914500002993855 0.620114483960684 0.466741680154343 0.816466478830398
0.820806393485242 0.677465365943224 0.928951053167804 0.896567422074091 0.706395782958713 0.946682367318083 0.652209646186221 0.4668079982294 0.405175014799775
0.579246148597553 0.677754170859606 0.660786410221368 0.923951207420343 0.807846755862374 0.580407353277027 0.633361125803183 0.667536922026748 0.625382964770772
0.631324502669991 0.805075268040515 0.611934190017575 0.707072720886667 0.624389272078372 0.480020380844895 0.710799119899648 0.702495739636689 0.922069867436939
0.527037993335815 0.636626366252809 0.851428748384052 0.555121113093626 0.651462550995958 0.99272779710809 0.920165328160821 0.854837331457027 0.475310674524025
0.89894239142401 0.50846442593178 0.757074613938332 0.830061915192553 0.672993738283485 0.618626833108367 0.535847721916134 0.576981790995735 0.883689582209021
0.659985824406499 0.702592076616603 0.605176970680461 0.650289711420486 0.727652974084609 0.645239348855321 0.617720904792266 0.749579838838793 0.67002910551017
0.70128723123117 0.95236027904081 0.639822044543477 0.763248845669886 0.635678262518353 0.410972830335455 0.632982989453621 0.839100308650161 0.712861813099752
0.664229663671693 0.628641192989596 0.613193098714752 0.567441305343023 0.866249413625905 0.841002846195845 0.684853976627931 0.950946116667374 0.482572033320515
0.594852462869636 0.938261136258565 0.968626581900532 0.594196925534943 0.810306092813231 0.546399897226227 0.515153516459777 0.910770550495534 0.573844488088878
0.728646191884566 0.885761736863401 0.71201774275056 0.736711641151753 0.472666520817869 0.625779862852247 0.590030075140538 0.835387625895777 0.615593564894417
0.65044249824704 0.525468112947132 0.794839835692604 0.513360688540362 0.806904719880199 0.649926185443416 0.883037660899717 0.643372568110026 0.729778328265966
0.768549126867367 0.858369918038678 0.697115858369489 0.612552775860974 0.813592423719516 0.428330841362158 0.986520528840296 0.887864458085414 0.443037010987447
0.632182404108999 0.929832195512565 0.538954423892044 0.822101432100693 0.634724006763712 0.690963706791658 0.489803394331594 0.66913050261947 0.870113167834769
0.739086424174255 0.896080442331998 0.920412152429097 0.439862882282067 0.528500865652205 0.691198699969525 0.725935256872723 0.732853531820668 0.630015378859816
0.833990302969963 0.717993612521227 0.731573591055456 0.596822474222107 0.510890500292554 0.745886876870268 0.59246128749523 0.642550496954102 0.753730245191779
0.993548902554332 0.636397059658179 0.682812109733299 0.610799196398802 0.438644330908729 0.97491978171723 0.947706441066076 0.737915661137424 0.521989706901786
0.664751358129846 0.863251221528612 0.738790601225431 0.418651467058153 0.745299415120755 0.878711606611361 0.391437059258205 0.915062467149022 0.92540004484418
0.704373815186882 0.58948384651944 0.849523693503358 0.554517975118934 0.59526650322383 0.703155192345732 0.585628962754499 0.924694263116593 0.693921677481189
0.905975862182426 0.564632277252988 0.571896045871562 0.904067787192753 0.61278728935081 0.652860012745647 0.638571286625177 0.554723273170955 0.901022779607474
0.657636769564302 0.531890684103375 0.897477213816153 0.784199049075937 0.680111869842029 0.871061128138882 0.60787569233375 0.726562294230923 0.490984465248825
0.598910386217768 0.741516039356551 0.948559231118167 0.746354506957225 0.84056915683302 0.519301844474219 0.421681136685805 0.981117859738195 0.662312538584394
0.805793478104857 0.962900775868661 0.526809144322931 0.795369159118339 0.583555097579525 0.841602031857992 0.493667803559503 0.643205951057358 0.663944129780099
0.793517752451875 0.915236110209968 0.532646020436059 0.817082573174672 0.714594241173324 0.530211400592544 0.483294127674588 0.723895318598737 0.769945423230533
0.594159304541554 0.982437479097313 0.644835088492525 0.604569648775817 0.556860042911613 0.883177009304422 0.465918198317939 0.976141718291869 0.761999181689273
0.793911460168492 0.853259362286568 0.784782026770311 0.621901830722044 0.504332993868784 0.539889624043726 0.72152203680993 0.704628752081366 0.647103119492496
0.533704649415215 0.958705977005431 0.615035052568053 0.549847313445289 0.987190314446049 0.8414990655403 0.614634135891396 0.716857543852693 0.58039916138985
0.601093570458947 0.65787324515421 0.604222448975488 0.970873326658015 0.57721060131657 0.622474918835573 0.789715285522882 0.691936646385335 0.674521955326897
0.584390736783277 0.718089541436297 0.994831225979896 0.969532677611874 0.904228721251863 0.510295155902662 0.814855767896405 0.49093881837106 0.547854211305304
0.825505310580683 0.72283739814088 0.731810003224228 0.675837349552354 0.617109557928894 0.535611585202888 0.960033096437199 0.540311894274645 0.625096013856398
0.838154533827626 0.472405958575574 0.998781557184399 0.695203317926976 0.650585158694044 0.626788244741152 0.628461796557269 0.803609614383515 0.594339421734168
0.922920465355862 0.491408939567012 0.881066677498595 0.672141054967627 0.914351988232361 0.422132494266296 0.701848749675172 0.706539508676316 0.68778598460849
0.777218763166189 0.413002594810905 0.807491113585673 0.588167461261223 0.580095694957971 0.857352075238406 0.984345938471981 0.933726000211304 0.555217461019857
0.547157982190334 0.811766592827221 0.77977599317245 0.568619264131659 0.647326698091107 0.673198551930145 0.634079521743536 0.660459615634504 0.788928387729848
0.584852231857724 0.663947921884786 0.583407085716588 0.626129725914946 0.988162380446553 0.745738413244951 0.821060639680824 0.606943507590436 0.612584320538366
0.72731453869438 0.973038842982866 0.584668232728341 0.599139936607452 0.880877467731639 0.480094047704707 0.698070107808171 0.937348259003396 0.539405611734376
0.476337613510573 0.956222420064157 0.882098695380599 0.553073867666694 0.856148364363563 0.494230562542762 0.75251960161105 0.710598457956698 0.702138075590535
0.704159338582916 0.557955445787416 0.717550222095607 0.87323885304199 0.52860037989264 0.630024095751862 0.835725828685619 0.696872538285146 0.621507441607313
0.568402122292249 0.854353849467281 0.945536053374352 0.56647104135547 0.686103110661992 0.512368784052077 0.730797221261989 0.581165143845463 0.868134316008567
0.496656996402923 0.811414582275861 0.765468595929624 0.885620091771617 0.658877306009177 0.784373222064704 0.498393286416586 0.966781646293895 0.523112943982625
0.920957418232138 0.674698218393085 0.638317363931809 0.967270534400521 0.491285219975151 0.60599107660439 0.556337154707854 0.749107129763045 0.713246164385521
0.736877043292143 0.995630345861032 0.936915172741237 0.468118800827651 0.529452541057506 0.955176093798918 0.594583219526057 0.732161496821973 0.570645150308196
0.903686242960254 0.798285728510541 0.45666200538886 0.763775202154301 0.615158751630166 0.707474251340333 0.946084664172094 0.533519383894583 0.619432591172348
0.489427606737649 0.865610437997094 0.697590566673202 0.546862174976789 0.927233725658729 0.508085674306664 0.732622606630307 0.952446670315356 0.678373976677704
0.689632183727382 0.974582155554992 0.592059892138905 0.613810105232342 0.777188466142204 0.78269534511084 0.720927640490589 0.6993915419655 0.432236963299857
0.789530700955043 0.523429953205266 0.934478347893676 0.4876940932062 0.478832361521399 0.967441331517422 0.730800460756583 0.741052326912155 0.777210475987242
0.531412204993212 0.872948454525785 0.551904335462249 0.511159824127661 0.82490401887457 0.572378070728716 0.975366309694333 0.725107923921239 0.813352332321232
0.661378686638556 0.697945802782172 0.904437672873428 0.648738922475803 0.654799128787732 0.699901466367078 0.499210585874862 0.798086148891136 0.599000806500302
0.530227340137335 0.81870158010638 0.663201899769265 0.944435496668296 0.527263999592978 0.605264842557073 0.88824872894808 0.566213016503122 0.776461429715716
0.90927858558531 0.4486738823843 0.760596699499165 0.989020133148264 0.542703642123943 0.773796560386779 0.529233306231527 0.832437658779152 0.653029877283429
0.665548405679777 0.493413968433116 0.953139757505118 0.899269452265492 0.843725979717767 0.675116380461578 0.466665676342955 0.714841078893224 0.648662339952935
0.624824252755179 0.95449659013361 0.456629752715947 0.701007896304996 0.798814350546253 0.767946049036882 0.847590023873847 0.529798141973234 0.634101373539053
0.689883116361477 0.837722954367977 0.563095704586556 0.581576312798409 0.431131036564646 0.567362855856323 0.993445888298872 0.978365922053281 0.984763602145733
0.536394271174943 0.695669252902924 0.748157035040176 0.927371852192654 0.54281339328774 0.518788242931428 0.759203119909951 0.647814516227824 0.966078078191145
0.844543060885326 0.738815497378279 0.807848227307444 0.615942830050051 0.567299829795882 0.865815190886647 0.559348427311549 0.574875862552882 0.621774880411065
0.655851127153654 0.850928648344588 0.835343804708055 0.637145686469999 0.389974527109024 0.661688857806298 0.718290927149255 0.691745319334225 0.801007755046034
0.488187445965586 0.842070256743552 0.837148671279434 0.764111398983398 0.962344801719772 0.86428813426217 0.606182402506612 0.466189856317778 0.586404878753346
0.690133515711701 0.616980022130379 0.614497290089511 0.804101001316157 0.718960793559621 0.762977433122683 0.841136707466073 0.387669292509063 0.813076144868881
0.766872772437331 0.565855715602656 0.623898818987481 0.834408447359033 0.597137556269968 0.601605235607361 0.837140316205684 0.687491646129185 0.621719032039975
0.84281202619964 0.738847011122651 0.959666422469541 0.98009237658887 0.921288365839301 0.433606518911441 0.60616686623999 0.568419483502327 0.513477061067839
0.770357833764404 0.433960815231045 0.89017270138063 0.753447080960282 0.758023624955344 0.473576592755027 0.899213526614691 0.613359990185045 0.757737416835842
0.846122963892889 0.91119218756949 0.875148969360801 0.298007965117839 0.403415621105635 0.918499390595821 0.702889810429066 0.968976530645072 0.909103121897333
0.946245456353327 0.654979138505421 0.804183613046677 0.519939162388048 0.528656228188234 0.48319155052579 0.937983742721626 0.948411720799697 0.663094527246307
0.797216847514467 0.656463353988932 0.738214088715716 0.809742194604003 0.669762899845503 0.549921704759676 0.786396819785462 0.548267566664661 0.581889792082599
0.761643624192716 0.549836884227263 0.96910228939619 0.807726563711373 0.913562937057097 0.498552984752021 0.967026734245473 0.372351433779861 0.779398026747293
0.670612928769774 0.412822024865252 0.963562806145054 0.49059749517648 0.796402453937339 0.783261518163941 0.826933029492341 0.635967935066797 0.812894278668544
0.583865006234509 0.548752750065452 0.80815803097233 0.602099231470805 0.931826529648217 0.602004803006453 0.855563835840316 0.700813170572748 0.606735635476424
0.646837238359676 0.651191242828583 0.723261251500313 0.876665916442406 0.655941283775188 0.553516335332839 0.603286306915424 0.692939746566225 0.695991666103631
0.932608594367492 0.854483335739622 0.546944052235269 0.682128757147964 0.557407875383596 0.859850019417302 0.578337518743118 0.589326217762584 0.674424400967421
0.96195131142723 0.640729812499592 0.452165062884304 0.804292878661522 0.835159986142977 0.943369187662964 0.41637712162052 0.702418892347088 0.732598849796897
0.570986104528856 0.412756189149488 0.716818619092836 0.826791084418471 0.772476247369526 0.45562462651633 0.923095042491847 0.959308091294396 0.927771529221159
0.889856240613447 0.548172138985642 0.605100379608628 0.478422833050063 0.957867702397544 0.84131508336967 0.758179628528999 0.602861096106859 0.66447198224357
