0.221705002690834 0.731395571383266 0.442453140345731 0.893933712327311
0.799639696174003 0.35204235368572 0.435677619233146 0.529312324572608
0.432745461211697 0.212869937531741 0.758188807247627 0.98673726866524
0.831104292632968 0.960987769567748 0.380367270402665 0.234488689618862
0.443912125729134 0.637521144046869 0.463643647464643 0.478754167238924
0.585908797950915 0.297234425559982 0.480036301024195 0.746451630817839
0.98162089434537 0.531899922344413 0.187007314837402 0.654185859678528
0.326651536204596 0.453619292694105 0.630393113106426 0.666142667971602
0.387985688418221 0.919049166591581 0.320432170362421 0.603675625388453
0.475086514489 0.358929426267558 0.864529649460156 0.456730144083383
0.540089093589658 0.302166804656425 0.452177718605307 0.962562884073322
0.0923043922245032 0.845314075523382 0.784783435842137 0.674665128051157
0.246217247426038 0.564907455742418 0.51782646930218 0.899926396348069
0.372178146253862 0.388143139214124 0.634071527487677 0.687642424659152
0.276655866824352 0.426668059947607 0.647840913822567 0.84492669624076
0.500504727836129 0.895836064726522 0.23122124610757 0.614469747960181
0.669289652266635 0.549790294962913 0.914534050756063 0.174992449178598
0.47516299763814 0.72370025939581 0.937367632918809 0.197328360481273
0.482583176243926 0.383385042584191 0.963125928764302 0.407795535599586
0.345473196814348 0.551749468343918 0.6530434991034 0.499712771233167
0.312862149924345 0.361683681297194 0.826807239833365 0.699337198681036
0.795387786918391 0.494750857985057 0.39400435771974 0.420667255984659
0.524340753932783 0.495886642422229 0.580339442871725 0.413908692153502
0.316892831851462 0.529940298491625 0.772817761246064 0.48931741341936
0.313091183133763 0.796304014888376 0.788525335006288 0.335212297777232
0.446052527528842 0.67175355552404 0.292216697182602 0.709415647901333
0.542823457967118 0.408907664825512 0.733697705318232 0.391162954018029
0.114410517415195 0.724552043237044 0.910999441949304 0.636766477156974
0.794346191876784 0.546516221490919 0.483290818393806 0.30352990338608
0.488964443362762 0.847971442358208 0.166503272344501 0.855040755722859
0.855927057115292 0.355101846520153 0.988415333181486 0.249523381935501
0.481368423872569 0.478836552008568 0.462246776139773 0.587408896182685
0.507100237246939 0.418669960315675 0.560087861861559 0.525044718360705
0.751763525263148 0.550196595901202 0.179235474444972 0.75019779051861
0.661571922956125 0.538294793793657 0.203450510212418 0.80556839364577
0.261244953053807 0.948886517830564 0.37264200718403 0.759063615445984
0.633286357019663 0.449630521439886 0.654445026733236 0.334262588123392
0.976325614600259 0.863611125713453 0.0107839526667508 0.952154309021857
0.612476302058382 0.471241867292607 0.925419142247097 0.248549458522861
0.274310790676093 0.549902437406334 0.623315993253331 0.640978392461737
0.435239066133523 0.593437539661766 0.282333089813858 0.973424457750353
0.360767665627621 0.472574276099883 0.454961688198425 0.872967062815327
0.465004449689164 0.382243510694992 0.524939245906195 0.67369652010899
0.152653186632852 0.722997886281756 0.549524399020238 0.951575421591027
0.473395042121035 0.824875935073002 0.539752335362544 0.307041943970267
0.450523921394101 0.303390095059295 0.799269281976009 0.584647308640044
0.976435295518488 0.300975598585158 0.974854706674972 0.28573302949603
0.549557051228826 0.567111585394043 0.386674614142146 0.516739468335572
0.458722072538063 0.386463315101983 0.748736773925521 0.482836841268148
0.919260886016141 0.963348178610409 0.213976153290194 0.388195822288335
0.998439338129267 0.440406591053498 0.221878226880146 0.714729449127724
0.937219951786826 0.689718137535524 0.293536552153192 0.366996660176008
0.362731016284185 0.429586154844607 0.908547185891493 0.489948364927151
0.725653001948153 0.65911816524254 0.135495812963503 0.752682774581526
0.448909687333066 0.510601316506877 0.553348166196267 0.492761855496235
0.901652281190089 0.177281227759372 0.681300222485915 0.539682718312431
0.33261079207827 0.95673945991607 0.423311840726841 0.53079755139664
0.0988131057910504 0.724749870631185 0.784113966891716 0.744084450067513
0.714809874216874 0.090023461883735 0.731911175708044 0.863114374299201
0.504746303506308 0.291183958952545 0.707126592022 0.591920641342277
0.873369398531181 0.473529291410352 0.76977944209906 0.19142608347255
0.304853387746129 0.55218546529726 0.44672026315494 0.899427325890198
0.588526793548549 0.293005461722148 0.986810317776542 0.42495690987484
0.611868832022678 0.87859767411195 0.11902372076806 0.758139570941878
0.640448143474412 0.500731960745474 0.322408754303256 0.597105483776362
0.89247254216765 0.407551433511919 0.205305584051088 0.923166887750478
0.276856214955864 0.462516650520858 0.68664923364225 0.700023313559649
0.170870188747767 0.629548551475242 0.650194200449181 0.769901362499999
0.419647087325278 0.571027299176047 0.421978686078617 0.619126951136775
0.568136739432141 0.481065494301668 0.992504869776323 0.262338203517184
0.477864345067184 0.388037709373173 0.408873271958926 0.941299879948151
0.516208452609731 0.981139347415527 0.969715094996866 0.125544261276325
0.412743944312484 0.472440879693786 0.386345160148855 0.98452624262368
0.680928837723052 0.937822839453438 0.9752952690919 0.0546337903328873
0.546399047103124 0.479045454172679 0.517987630306315 0.461004070353798
0.447259679431141 0.771650200635947 0.686899749966693 0.262231241799361
0.179647543235861 0.687053754690031 0.871555151902929 0.538926887332655
0.852742894154183 0.196739556161016 0.462484432040312 0.789845251439595
0.846008961214357 0.433993484459086 0.665375795406431 0.262470321926586
0.434411275964738 0.797808917937421 0.57181245408313 0.324808481169812
0.468847824608138 0.746099332403505 0.203916588789128 0.859775109322885
0.605192650571107 0.357530173196897 0.3711529340901 0.810497899270131
0.585133967344188 0.380186427328087 0.352177715555133 0.844940018519475
0.93446145074352 0.343482591920726 0.483163398814822 0.454500669912802
0.651622146458103 0.603041458666972 0.382442741026752 0.417179427684863
0.580823196130318 0.72148613349135 0.492277168264338 0.30075872590763
0.321482213459266 0.513058717303937 0.570966462399744 0.655860458289976
0.939759382019068 0.258999019446462 0.718131095310016 0.393503062387914
0.893092721583546 0.434354447221212 0.607078552381512 0.282902601842289
0.473376551777156 0.246428878954316 0.643735470922027 0.833045231788117
0.817873150699491 0.0861064802410814 0.983419874633608 0.63757270418833
0.564202842904674 0.321176607010697 0.532640286521826 0.63826178358415
0.561297074651738 0.713761183066438 0.164311442722426 0.834979643053715
0.504328893924181 0.432413483006969 0.443419893210858 0.650179638877492
0.752843526376713 0.491475867326829 0.176665903034818 0.950625423448619
0.402486339115735 0.863374124900884 0.305875275869316 0.622506075995142
0.988904516331634 0.533369274369838 0.268640379177419 0.502761866737592
0.318526759688373 0.331654722012736 0.719531121295612 0.898777373035463
0.652698273343653 0.585366817454363 0.22222754449682 0.679795624554956
0.706849233121046 0.514310261788071 0.463128508944962 0.375550555956489
0.248241445441348 0.662675743867245 0.845169351610955 0.454932213213991
0.124545827733979 0.585628522350065 0.865152581230278 0.790972622789816
0.366718378056919 0.340292239690181 0.596637473245389 0.96777066078432
0.443324975755012 0.615084023848877 0.472247826827513 0.486745431196967
0.90859853468407 0.660575412958728 0.448530004831578 0.243483267680811
0.133311481137363 0.741547709819289 0.782133998095464 0.633137859426504
0.576738344617254 0.542683638396048 0.382230824301792 0.520341202468737
0.281366438980933 0.398447425312897 0.978895493434466 0.651783250450243
0.317134479660365 0.733466309081777 0.469913634471999 0.573780669351914
0.31895183786937 0.485759297402125 0.6147755988146 0.648813352501146
0.39772497552587 0.723919918961857 0.398345074247233 0.553843150824633
0.482462781268231 0.345919854592944 0.45446877454728 0.917962979894908
0.668133379727611 0.324677951765811 0.703051920035409 0.41209991042431
0.714538247942788 0.23236789879217 0.659480004775601 0.538157301497519
0.499176184399075 0.50974503991889 0.583713915470904 0.420749211765547
0.291529085150823 0.7381429666623 0.770345684388854 0.386193228918477
0.347321967313914 0.860660109584095 0.739321325987993 0.302402401449628
0.485337551423424 0.752692806958296 0.52851581778982 0.327940194461389
0.643300938663913 0.501421902704901 0.560439435708078 0.343515292745581
0.224023981643529 0.805042360301049 0.503918541087552 0.662722779034887
0.371683105817518 0.509054055819017 0.526222353209956 0.626202325075166
0.924722767236146 0.37646523656226 0.290511096997842 0.68037016170443
0.504753633971161 0.297511876735771 0.581817988727082 0.706120298326565
0.862402634012876 0.565215540941103 0.154475344974879 0.72229962769395
0.591141403682546 0.912012961449458 0.466750106494192 0.264651456559223
0.585046149397317 0.901208894202336 0.238228097601805 0.512396484834332
0.366640630762633 0.568393305189992 0.363757634885034 0.911868148621849
0.529326548008342 0.803530330671068 0.263692950361839 0.555344965982411
0.69857544915052 0.370420175457946 0.381222103356855 0.639602442709899
0.499668633959789 0.374165662161489 0.823243504589271 0.428373332437433
0.878998193408361 0.606264457317602 0.990435968602179 0.088825255763979
0.482919202120956 0.561661501550972 0.485982291362456 0.474383595719053
0.857250000935121 0.976813602080495 0.434551828989423 0.187994338308353
0.687496467536529 0.889164279909669 0.21396704525957 0.478263304518515
0.536225303947882 0.677989396418233 0.758460958792819 0.210771836503925
0.321400586186777 0.625817729633461 0.986102900513873 0.368100217802249
0.58629203501602 0.565710018770703 0.448265318724445 0.420494371562766
0.687618540865555 0.343734789408173 0.816639627972116 0.338099122733852
0.688539314591332 0.838187799213553 0.406019315994673 0.276124319962348
0.4143033155545 0.487196554726542 0.551920787781923 0.560435397326801
0.869546547834534 0.268884791842224 0.576920251289465 0.480908509557751
0.72358302212962 0.215557008788493 0.78215989149149 0.489325411823586
0.826836637230578 0.484270175472507 0.180284656962263 0.820824236360629
0.0944095450813826 0.756536510068067 0.940256558712373 0.657856494649443
0.295826230544603 0.622545893661414 0.778807369498105 0.440767025086353
0.368142641941755 0.69249204215234 0.457131504111183 0.540120742912414
0.559137566862446 0.557254558209741 0.45920432664565 0.436833214311071
0.388184027777035 0.403496948925943 0.711094082295202 0.568260846219204
0.43398623633313 0.198015324631043 0.814941399046098 0.953071181284859
0.355236065125009 0.257547375317216 0.834449881321717 0.9249218634237
0.405285266146611 0.240758841704822 0.749854387380633 0.914592615216421
0.599986820224397 0.487289933537575 0.356273248487834 0.596597331266263
0.961077494526949 0.479973260504695 0.365848021882222 0.429116038562221
0.383116318733275 0.350477880489379 0.673628335790999 0.698243348284267
0.884394811646133 0.834885382198352 0.326958249073424 0.288390974675299
0.92050461747224 0.306546479453559 0.285314081936821 0.954980698353897
0.17336898581724 0.769276204383649 0.946983741133605 0.48947382748445
0.827429805667037 0.469074103015934 0.607095439544194 0.269272125677022
0.439881839507107 0.717421013885319 0.933663375117374 0.224102961024055
0.85824908646862 0.793542125366573 0.973659170173278 0.0322252404619622
0.50403143539084 0.421716605323621 0.753467512742364 0.400979774057957
0.546258477894316 0.608140647027252 0.410863710750213 0.458258999803423
0.310807640670047 0.945459384280143 0.401918415489367 0.594614219110533
0.515547160666446 0.462765904044537 0.951981471551426 0.311248089998868
0.737171261232457 0.166100339286121 0.71339362298495 0.608350673952516
0.307023488821654 0.558644398997791 0.460973416862 0.81442216972483
0.436748288623707 0.650912439793843 0.380877181031375 0.578606692063895
0.616673388835925 0.379299638855772 0.465803065960588 0.572887126731373
0.154383828722838 0.897680869533319 0.487092330474384 0.893276952082051
0.523069545755853 0.404168820352581 0.465959007073421 0.636238037930804
0.562436920936394 0.484294073311754 0.424853673479199 0.539790643175716
0.224315268352097 0.792083198148554 0.943590302434019 0.406786929833216
0.45651025015097 0.720789497099064 0.501984477365461 0.384661941617544
0.586140728465625 0.864957927129444 0.210254537663502 0.567812255334825
0.418782004553567 0.317567221528094 0.557767964061534 0.969967167531785
0.467284437752479 0.653021338386222 0.276649534407801 0.730585742672056
0.315750177958749 0.347181325404574 0.675187691296931 0.988733978032568
0.640663511936712 0.226478813129561 0.567902784954541 0.707025157122922
0.479150349205168 0.375032608945898 0.888774796176228 0.429245801224125
0.316847824316323 0.609436146054947 0.418353107519955 0.793966329648396
0.310889604446775 0.782053351612566 0.426424328046043 0.614465215914662
0.584709785564635 0.300960669937689 0.733582375946939 0.482409715687992
0.57840607838241 0.346346989121963 0.899529420651598 0.379595318110369
0.410329029791412 0.307497206395683 0.585807190987996 0.965760480344728
0.377295536933281 0.847880364260494 0.376884621391878 0.55186386773512
0.456856984123464 0.435492056938332 0.565595843224332 0.555455879466563
0.0323205718474558 0.91742452555948 0.773219638195063 0.926866677561389
0.740738395380838 0.867437478523717 0.211031743759258 0.458945761577833
0.342278725550842 0.443891413917479 0.738082498165186 0.564632123538169
0.416190197600337 0.635605927938057 0.275340811335866 0.964614478203368
0.436318801223128 0.368948813102033 0.532185994727103 0.744680666359428
0.329555771510665 0.926035543458214 0.859276281043217 0.275272029947242
0.690718000325481 0.783205972507468 0.549429766314182 0.19109242874281
0.595767095117499 0.150278454983322 0.828331127718614 0.70828292330691
0.127423614696267 0.540894406082101 0.889318138578011 0.875171994345304
0.379677346193184 0.920980114676123 0.863265231131594 0.23171667603678
0.553210621937401 0.387203631102503 0.413100011147785 0.716436488592504
0.950301969592057 0.713889361994372 0.698393056299479 0.0918678179333065
0.725135521790267 0.504560281920425 0.429940910450825 0.405002824552849
0.81458376709 0.0265388203806535 0.909990717348938 0.900539045931498
0.867972225744956 0.672483343661292 0.834981751201652 0.0790925756573041
0.332889652505394 0.779326269323595 0.445073181330957 0.554665165547495
0.265912079617813 0.87714808669972 0.495834794917667 0.562004819054245
0.503422649748719 0.320565706937072 0.531937494567162 0.730375320796796
0.659263438578145 0.254821654577669 0.89546780676594 0.436368161117805
0.377748678911301 0.727824606330499 0.268716920979242 0.937159672008012
0.49682644656558 0.439415913888608 0.733588750656793 0.398679034336714
0.63646267302125 0.471561833618175 0.419770875998404 0.498075822594189
0.383837431870617 0.941716211134498 0.795564642621131 0.241611660001909
0.996947872207387 0.524912702135954 0.601363759808943 0.215543569131775
0.630034062476791 0.912968713424556 0.0952923907822293 0.80750350119272
0.229140979733142 0.831187575111255 0.461445165151553 0.704640175484607
0.501039086619212 0.215968985800513 0.679710435088536 0.816293793517042
0.704662421710856 0.39515078711892 0.683340011061807 0.331674034670876
0.49882266554156 0.726353560753869 0.433112294649708 0.406217855408461
0.625761997177323 0.527795112042502 0.345966368803385 0.542606875547838
0.642642948602695 0.277808590888337 0.582848586441274 0.57961897689371
0.62800233988537 0.563499497214034 0.639340042303586 0.264466556265957
0.98521180374804 0.787760055875805 0.445756924261733 0.195295005380259
0.361195536641223 0.684321621501297 0.339493091460243 0.763342773800189
0.889010335836689 0.551371428244209 0.117645617084471 0.911318310779328
0.562659046313408 0.244845923024943 0.673914899362691 0.636484226753764
0.953642983786842 0.390697864903987 0.376359198442928 0.512481707165253
0.371231740767336 0.635826030347406 0.662832346244324 0.401380112868032
0.124596023657449 0.981758518702732 0.533301292782456 0.875390838036662
0.801199278405833 0.67796327104375 0.274385434911334 0.425322593772834
0.374053760844 0.77659147391238 0.454682255860042 0.489207973746727
0.147948666193367 0.82638885222991 0.892855808533474 0.517933805205889
0.489398322503462 0.474664737718426 0.989613100155117 0.319411356653019
0.51532649295652 0.3025828528504 0.525835312810706 0.767903546225789
0.406088212845106 0.691794549366784 0.4740621170782 0.474959494337637
0.517377939789845 0.186637616150685 0.676907386212215 0.966403237458906
0.155380507788178 0.739569179666583 0.626070236812176 0.71898357094539
0.830058360815473 0.184305241178843 0.519036661050516 0.727170078089784
0.850281172299647 0.445610878268474 0.250227338236475 0.671247920143739
0.671838091943418 0.504886998215845 0.48412573449903 0.382710262713868
0.632222976815255 0.186637085700056 0.918363496734975 0.556698395904629
0.605231209363541 0.272413100517949 0.688449336405865 0.533404790363663
0.858277434222549 0.572229874135849 0.70532709091859 0.157328468250455
0.621196032818394 0.639757940659799 0.71710562428233 0.19582092459632
0.539861956145685 0.193494459481428 0.688282543134089 0.798371577410775
0.413258855696356 0.66380262980206 0.917604236753976 0.26793641256217
0.249808737919606 0.70641090131602 0.957423867573085 0.409063637622697
0.938737523876384 0.806646982081902 0.320792489053295 0.294635784466812
0.997719120412704 0.316715613963826 0.455869139493993 0.513133640479782
0.380951348860695 0.390467702336726 0.84659206116017 0.529133617754621
0.408829495623181 0.888913429757349 0.671403684091438 0.271850516831947
0.914316856336318 0.114362289540442 0.798003137171563 0.590730514072537
0.647500715641266 0.299409689259856 0.589473482033718 0.534827506111885
0.32954265102182 0.58681973152731 0.441161357981731 0.740253236529954
0.874690674456487 0.134940316680356 0.514361181361996 0.988853024686949
0.961879718639874 0.782479730712322 0.108153845174802 0.605231444107375
0.264850216487001 0.700762583228101 0.395075342473944 0.936141383342138
0.581435293793082 0.466306487899251 0.378389392048277 0.608113442509986
0.475090587665168 0.601708475877855 0.609211416469995 0.357257241474186
0.844996932781176 0.185476721719619 0.654359953541048 0.560615388781091
0.340052822152363 0.390571851213847 0.604677023096198 0.808201152636577
0.400114069082278 0.748876649703263 0.844724575963512 0.25638486062143
0.3673903451071 0.451272353512446 0.480423088722151 0.830462901453736
0.0381989876417724 0.834985986763848 0.781879266064281 0.988487680957699
0.692122175273335 0.770926955262943 0.172984105647723 0.589169748308167
0.626406422598693 0.440373064776904 0.68418943386846 0.331038701704669
0.145081597896732 0.736627412153016 0.599338137684317 0.801960918499135
0.972588362423201 0.618830373519268 0.0787218236012965 0.927855425253335
0.143112152911106 0.539403323370015 0.918718866459834 0.783234466948272
0.505201035963959 0.537379720023823 0.521859629898605 0.440948796421182
0.491440461041265 0.369655544104655 0.861419225572693 0.430062783093429
0.913854978868883 0.75774616049238 0.0793964477665576 0.706093191311763
0.289583073567481 0.752784695728786 0.391982008235761 0.746018690326934
0.24920568354546 0.681307147223899 0.595966409221643 0.585874877009693
0.613902655722593 0.157262285216627 0.690252379471819 0.788390934974981
0.317714537128523 0.595956964657741 0.747020283213298 0.445710332371071
0.422348633513061 0.397236824006588 0.882419710784881 0.462254402109886
0.526217326288851 0.524757521701042 0.482862538180741 0.468734143300631
0.697026473649882 0.311108769537649 0.485819665193826 0.58859448445402
0.510944611999373 0.336615439471596 0.434486144431898 0.969343328938182
0.550185661239756 0.910833952904237 0.35646123720743 0.387158799137649
0.289395119296526 0.504252315402164 0.696444861814737 0.603604724022079
0.891550236926662 0.404165166594774 0.829289672366054 0.222775782525137
0.202892970964744 0.595494278213118 0.553592955085128 0.958572285186939
0.394718328269696 0.767031606155053 0.795407927442385 0.266854783018226
0.801396118824092 0.83595845936332 0.573166858010218 0.133131878411404
0.419704705369227 0.502933883252967 0.885955307921644 0.365038225701608
0.718883980274995 0.855654890444245 0.163405817710495 0.552508718564639
0.472159245095079 0.375365569042938 0.962622972915313 0.425701364296708
0.21229478547382 0.467936793026134 0.714714347299797 0.877356878886874
0.983616000313991 0.290156515390194 0.931471569401614 0.299173597735488
0.57576851443547 0.424186586718199 0.593617286360867 0.43138796196724
0.28572478955779 0.486527694650657 0.714178536185072 0.61991684303345
0.480730388981395 0.890416380858616 0.589087948290552 0.258716122360405
0.171333234598444 0.934305783975439 0.52579005250406 0.709964506317352
0.923926799754043 0.141970533165824 0.525952360573073 0.817579776882177
0.832413798568294 0.338405576725043 0.804525036144937 0.295729297296111
0.780445246139449 0.338542147498847 0.956453596413122 0.284197701766441
0.878379328306931 0.897915554606959 0.26742632997207 0.338091398901985
0.299136477520332 0.754099711446855 0.978162281789468 0.330786667040899
0.663219991709924 0.278922576223428 0.431199045284728 0.792413755631849
0.983029334454562 0.0854853836211588 0.596049631570485 0.985889266990517
0.366499114732267 0.388932187673835 0.683624689509059 0.646192962173342
0.432316850606403 0.441196003024397 0.853666159450627 0.413433429209669
0.797511656318953 0.510532900638996 0.152205287039926 0.97422105523152
0.399799579204652 0.888877506747225 0.602416072887638 0.3149173281477
0.380364937047051 0.922138517131286 0.548181237048669 0.362936593665976
0.374834421376664 0.803252751008149 0.261391306128855 0.842152869342998
0.457167915458157 0.987232423737987 0.459337315290701 0.357462702754708
0.645138137729221 0.490886161890703 0.439134134284304 0.45199850435759
0.512675665292242 0.465720689446382 0.37727669427552 0.701208608518305
0.475202746991147 0.633215374011915 0.390057813931959 0.533065945739998
0.400417151912173 0.241586820972763 0.914727736637538 0.759088191950389
0.777170733829681 0.401753797972923 0.272902266994602 0.747457950913938
0.269646260177465 0.475605909105945 0.573140310775231 0.903123491611396
0.742406616997071 0.75998395755274 0.281649871837013 0.399990798596153
0.303953311895128 0.762197062205465 0.888775309470271 0.331720238993359
0.917864654052734 0.568933854285545 0.576562147470576 0.207449592763794
0.480397888859579 0.579762903880932 0.885803695178645 0.264898895995266
0.650436086988135 0.612320652522431 0.253923212187432 0.586624600458033
0.847187964794644 0.139422560077747 0.560793429515744 0.792268104912324
0.648274481321581 0.66303291652007 0.297646671731782 0.480921830133472
0.472320470638279 0.706847326480636 0.202759312093637 0.995192729711043
0.244060552129618 0.585313819518904 0.904055180617361 0.502621357007507
0.408785990383459 0.422120893297134 0.958695020467741 0.438915664507313
0.150469976694339 0.481054124638058 0.974712206579112 0.908597344398463
0.558491699665748 0.66371935132778 0.17961147160183 0.862346781595068
0.827890761290747 0.28116771220148 0.726736357549982 0.384381990448448
0.709158432964669 0.408612354158482 0.54139946071277 0.403881403917038
0.552465132384769 0.505034633208295 0.732235787000053 0.305000608502504
0.744400321922731 0.448977217163605 0.283815879367333 0.656309728511783
0.861153799117151 0.42737667825944 0.470286547166453 0.389895155086957
0.326875307141692 0.32065651978691 0.729453788558205 0.889544890426625
0.285984825236587 0.604723268144916 0.902224414900982 0.430457578032961
0.805641820184082 0.3744547610187 0.367731771949917 0.586291238037095
0.116657140214781 0.875093334930111 0.549698691250595 0.963497281934586
0.517728764522061 0.791274957138049 0.2298591733702 0.638431999382097
0.396006474247936 0.546807727140851 0.34509165106996 0.969939408321226
0.312949127182271 0.508946970125673 0.560063486457742 0.694575894756289
0.373096933987768 0.599779609204889 0.983300520896144 0.331765526170692
0.693974888156655 0.639679623626208 0.559262904504219 0.23693468828346
0.753209310015305 0.0445338495751727 0.840197080302631 0.974665881001384
0.614078450410912 0.410276802396111 0.294764535792201 0.922967229089091
0.313588420505958 0.975654451046773 0.570812142497258 0.413447171386186
0.0707711556535298 0.914349431309812 0.889192310997625 0.658065224091606
0.412145220115035 0.439372986272315 0.501050787469897 0.698050016458408
0.53011444154538 0.691552140857694 0.93725812734581 0.175299486139263
0.236076381393388 0.999106777160872 0.446605888884368 0.668074006937573
0.697132102283991 0.507584791207864 0.39598575747943 0.451397144087287
0.822435352706413 0.286238024286303 0.350429701576005 0.807456328428728
0.61221155900072 0.645017878081611 0.21250244566601 0.678355133627707
0.716716559263711 0.331198832517572 0.351858399127665 0.771159540733292
0.478583265001632 0.810578941688219 0.32219430310525 0.51748192946926
0.216227762434493 0.670558192303724 0.48312272854501 0.89996470014733
0.23308164432449 0.530433608082628 0.609747964653421 0.802396892186574
0.479080095607223 0.865569355760162 0.167834390153442 0.865570639794023
0.136728773401462 0.637847267069059 0.705088782685585 0.808595817026285
0.940959263594427 0.845459349056411 0.144472038980765 0.509384787674812
0.349631759867427 0.867808327319372 0.446525559573198 0.496797697049193
0.527304027112623 0.556694840718704 0.490018637369591 0.434351643916229
0.605558076440115 0.395340155363015 0.457176757477935 0.570878841584585
0.369990468357931 0.291444587109636 0.799148745581963 0.753634437263224
0.988953955090867 0.0131546523758006 0.870286238018349 0.904142894280568
0.436268218298024 0.474119648126818 0.459487336309206 0.663098836151111
0.569399849525273 0.633291853589518 0.250844153919585 0.65521867212555
0.24586792521342 0.878339046404572 0.355125757675311 0.97508739807854
0.365254443463633 0.676539790407444 0.335170006133882 0.775338809484915
0.36606168005724 0.946210827284304 0.338417403091898 0.603090187983411
0.632236279285148 0.320411766849005 0.684857006015027 0.44900583267074
0.88556128737826 0.800710121407263 0.269790571717354 0.356586046008401
0.857224717011718 0.476446851783867 0.19475248122998 0.761077935143451
0.649931888885695 0.67616700550475 0.498859259529589 0.277890266304442
0.737635167751642 0.554414666222168 0.982649955436636 0.144244555334272
0.579925950152367 0.249765974689762 0.528081480194813 0.805116417889328
0.491733563691132 0.901723334865464 0.36574178785719 0.425784494165018
0.291080879236689 0.89945430691559 0.882068290612816 0.311947417896447
0.736111115299181 0.381328490925174 0.446785357414172 0.508510651571095
0.460357242283785 0.547694980457358 0.407792634550405 0.608213961902394
0.780530672969417 0.619816213437236 0.677401494143012 0.161415653051894
0.937234843808706 0.73386812476603 0.68583356090012 0.090860951946274
0.951113983203664 0.507682941712161 0.37810295765246 0.392975997014962
0.193247372388335 0.906850526631514 0.427764836027276 0.885893512165358
0.989830960199161 0.701205363316995 0.238413148600408 0.425018414647691
0.780687435945599 0.413958467875036 0.405466515548695 0.495037369958232
0.325788559568599 0.390806519026704 0.701535639036063 0.708038938271827
0.517610746137542 0.559549289716162 0.245242857773196 0.939622555319787
0.304236951208249 0.38579964708295 0.734944895150538 0.738432613260331
0.247333004133271 0.405287082428718 0.979355018995691 0.718250601125506
0.282059537828456 0.372713479693179 0.746486999038886 0.836279895669589
0.494272702019075 0.953397159317022 0.461936427056653 0.327277422120657
0.837681575524567 0.0296829722156363 0.822352745976303 0.975936587827739
0.817230925835619 0.379432668471586 0.90031491067356 0.243987741147818
0.855567362947922 0.435622955841014 0.320825009343193 0.553525927464007
0.312638061335345 0.338034696879769 0.913633038852189 0.71385973585984
0.409072828318463 0.696110369881732 0.342379350416162 0.645047535977037
0.718266851589241 0.536557118034073 0.160077137900047 0.980590879373316
0.913888928253496 0.0909634099992777 0.592756929360695 0.980240375033997
0.902404108304196 0.537491440303958 0.277354249748794 0.495674714320345
0.664227909619644 0.569474990980259 0.377322943341003 0.439483628213549
0.484372745416373 0.990276976001398 0.209832037392314 0.668837520236226
0.8776815751928 0.197203067815633 0.439413141497047 0.837834458956766
0.59399313048478 0.818267448618859 0.44694267484852 0.295543261249321
0.905882790861237 0.679976974290106 0.414851739483109 0.260859467236797
0.193646874044756 0.478054388422511 0.727889850273339 0.942350357911416
0.826715738819326 0.833664727063243 0.227919581212625 0.411614948584489
0.432289003504819 0.829372434546916 0.460652794212572 0.401923876103304
0.731000364728277 0.235561493397839 0.50508266108992 0.686424182224294
0.439987749810434 0.575741014148657 0.405832652211628 0.608393366521786
0.605404740516341 0.92223398433662 0.200066410834503 0.554631297770405
0.297405560385569 0.986856365235363 0.524591253138295 0.470684572588858
0.166948495990061 0.648043534933779 0.954325097593974 0.575658578907185
0.562600382166645 0.50134727843766 0.694941169345007 0.316650786612646
0.501434617914409 0.146479998810067 0.888049923580167 0.898003197382568
0.391635248497081 0.65299918581026 0.348842119466728 0.707636906057098
0.880757469873993 0.240523613619404 0.973659186054925 0.36102973538659
0.160748777069937 0.95124952997561 0.458843181105956 0.97926177810724
0.362275018945403 0.27855189948444 0.736600196763602 0.941348227167179
0.382253773225327 0.291820937029047 0.979633096092677 0.658741735190973
0.630414296300748 0.802743141955904 0.134688055265519 0.724806653649601
0.324526402276584 0.693952658222213 0.371931998741475 0.764201295244318
0.649412338549076 0.260014512055805 0.832799811934265 0.450860795079111
0.587782868597973 0.784717413919105 0.487614120574431 0.278064299764659
0.586815773220897 0.420392792622923 0.785458193264762 0.331190540542165
0.255426207881664 0.803566966702123 0.723653508364255 0.424972567540877
0.7891639106371 0.958425852045472 0.0403577681406605 0.818598455144285
0.755341533122128 0.184918103215897 0.821511143846118 0.506111890861223
0.447590165853194 0.785493610276421 0.450805360716405 0.410749940952216
0.469818861811853 0.548030742127181 0.393854052424088 0.616308925195394
0.44870027015089 0.670618120895251 0.98444411442019 0.233622677782314
0.349836464583318 0.675594208320136 0.326065268941485 0.866357799284328
0.444522068551943 0.314094107981534 0.534302019473691 0.935947163198988
0.989629088720139 0.405502092287797 0.289015267964332 0.624546417333369
0.63730031221835 0.352479984298314 0.411391552097794 0.679520888657407
0.52220127429912 0.98698789301558 0.269171930609976 0.512732726543131
0.556911584689252 0.927080786364593 0.244203498246699 0.523421472957839
0.233754368496914 0.825213667703031 0.55199788608091 0.573841020077439
0.630401683302586 0.416036791863611 0.641326519059069 0.372515028142339
0.420687200254619 0.418829178613857 0.730682106169179 0.4959116858297
0.543480124553299 0.468346716440522 0.498956281178727 0.492171701032423
0.516825491991335 0.508087238930249 0.491441003991458 0.484314070498232
0.330798308187227 0.823443909920608 0.892895413881019 0.286189345580299
0.250756497399051 0.985168387064975 0.992342591712501 0.337915744662112
0.992410616274836 0.597471184945739 0.469553814470632 0.253984049391015
0.447384531410155 0.78089859335094 0.204567310388168 0.882112113529358
0.428581230674774 0.833266281059488 0.335734739816334 0.547858295283174
0.591862599472423 0.523472573583312 0.318209508059925 0.623825573352745
0.641851940637868 0.57301266875261 0.401458417413411 0.42453517879534
0.960114740864201 0.293916034307741 0.331214968899421 0.770694130751608
0.315417530507877 0.537213261212677 0.905834412349622 0.444744996448371
0.561748077945264 0.315432414030166 0.442646201447244 0.830709668635276
0.888508628502197 0.382976379840425 0.251409494024095 0.784445411532368
0.832652181358761 0.65525071227802 0.945466212490073 0.0779540671793904
0.105460133313162 0.614307757101213 0.777958880454132 0.958314727943622
0.953167036251189 0.398619621236498 0.418210178677688 0.454409569960651
0.401394907926759 0.324002506861278 0.592002796498334 0.864953286048974
0.965778928888598 0.388244549678105 0.242755754297808 0.77380243227576
0.230234885167708 0.973306041442177 0.738951489031893 0.418104154091924
0.323225642854107 0.444554625023754 0.668018154228517 0.648937385918951
0.437697241054891 0.355011116817255 0.65449567642327 0.614731638668343
0.96132564453009 0.209576974114346 0.931009493612932 0.392566016420541
0.398560051352575 0.580997405611634 0.437086731664869 0.618115899258607
0.077651317038368 0.629932218199825 0.930455131261697 0.913476851972362
0.597284552104457 0.38664171354822 0.336769304818028 0.852565521550535
0.598006438586113 0.926245022762858 0.910668345653192 0.091715223376396
0.450598277468618 0.429753109023942 0.585042827381231 0.551907626148439
0.798742950523529 0.820311818979372 0.206717107473622 0.454188668070636
0.346406260464862 0.619586204112467 0.357434288697168 0.8766716812861
0.44480636476364 0.959996663298515 0.80539120265554 0.19235702414871
0.0786623601951814 0.820849155838252 0.663821613918174 0.922372548370838
0.138320433679953 0.600225215807743 0.687789234142106 0.985409434796553
0.598912089809157 0.432822514651911 0.64366036659581 0.375131810636572
0.834851655076525 0.913414429510558 0.131385451514766 0.540938207523379
0.646937492732692 0.780502405469961 0.119478591710157 0.77229466079839
0.908972865761653 0.484137761912183 0.542027050654931 0.281765365764389
0.39834315098953 0.96134653285538 0.203053751503188 0.96269554284874
0.592122399030422 0.901854882895587 0.309744593981162 0.410465545470299
0.348951229299028 0.932733923792194 0.540127602848481 0.399893216586854
0.339277170874397 0.608330838987737 0.869551707096267 0.373083853882586
0.762010239178156 0.44527215768121 0.548740724231473 0.34273067869163
0.584270367566571 0.50577546129741 0.665291186375809 0.313792314132766
0.756823761971224 0.166283339860854 0.895647977968027 0.515342901256528
0.223148541998555 0.776526157030702 0.519799211018771 0.659458584058608
0.236864629826597 0.421335702509468 0.829540361616184 0.768233847850576
0.433970834040109 0.245112343404167 0.798599299301052 0.736953679060181
0.453498930713132 0.55317169664693 0.646358679380332 0.386307190085052
0.692828989535591 0.779132201789376 0.266480486309325 0.435365154211272
0.612850835757672 0.50116366164957 0.228327710671733 0.923844172577048
0.944163279714265 0.748328330452801 0.18426631717535 0.482194833822227
0.926021453321114 0.847720374403325 0.308726938740748 0.29751893617217
0.551522336620919 0.304410697062348 0.572601481161538 0.636195363988527
0.462078629847184 0.740797061735975 0.833706466238534 0.215270175820151
0.279731154893804 0.572061284776591 0.57917680953919 0.652165140975334
0.799742458999076 0.168729496414487 0.743600287108051 0.549283399052268
0.441388746450618 0.51069920091797 0.551273119205209 0.502825602149655
0.257586771614228 0.498844522709669 0.629750978660442 0.753867011360086
0.207313378215176 0.861700213036773 0.441328837329138 0.798983531596844
0.837293051568698 0.81740304445998 0.698837776337137 0.0783242892437009
0.635000920795555 0.12640622131652 0.69571169972448 0.895032327162786
0.542802209164003 0.198898654362201 0.64095721632711 0.857539150766203
0.86714567676951 0.36153606340491 0.324924710337017 0.655055245361074
0.675014953194205 0.797742388991469 0.354869637136103 0.338725931967045
0.982035843379554 0.160069251033184 0.498890625208616 0.792435502763245
0.160845738123507 0.916675768952441 0.53085108535455 0.737747272308091
0.334032927389594 0.990832294580315 0.421100531962664 0.529596750349072
0.404485427603941 0.621284000827036 0.30296968798939 0.873172044987099
0.799601068374948 0.343745619678929 0.330099553667849 0.716444276169693
0.904985859490957 0.209385458324784 0.667376238873792 0.494765011970399
0.151945823028687 0.517332418870022 0.842152651201029 0.848605371545811
0.57845544920399 0.449625876331439 0.345225177674608 0.698904586984448
0.726144440817459 0.177652311417471 0.819442754147935 0.535084424053026
0.785771748749958 0.557377737349282 0.366407284923041 0.402712748860555
0.72640852069717 0.190100860546154 0.59761330233895 0.672439269889926
0.981168439108124 0.905551222306214 0.999277805270759 0.00464866547469889
0.382962390629852 0.498179234772677 0.752192045895801 0.446798656823641
0.273654984957828 0.864412575036767 0.98851657737874 0.326273720031548
0.22865702750098 0.81231988572846 0.453135170042055 0.734020581175035
0.789093035720125 0.0281539841022572 0.897252964385627 0.978168360703085
0.356942450819383 0.474497327567975 0.627941909408695 0.585395722484474
0.399432294269999 0.406331955453555 0.756891073806759 0.522742486990751
0.346463959485799 0.628084083789829 0.694714464136652 0.415731280478581
0.447609994742938 0.787123613772122 0.316023859867075 0.573707182786846
0.130975883482526 0.815178217795201 0.822658718374967 0.576693889052785
0.427124570588608 0.637143065646788 0.415660913053638 0.554246234973618
0.590123924685262 0.364355390943104 0.717416299263667 0.40999662209471
0.0465501520015126 0.920555558849712 0.738569323750476 0.872422691525113
0.937686134260258 0.308897231928486 0.533104531718525 0.451818854940557
0.651030855274791 0.442396042749139 0.957098244205257 0.248030717224656
0.214954756540521 0.844038097363535 0.497551143837475 0.673006119952328
0.164792640607129 0.641966199778435 0.596728677285881 0.89223773855706
0.547614730188141 0.732957793680237 0.343910239114993 0.458167688889838
0.994112042918762 0.254615236442535 0.904838304320823 0.340218871220725
0.41926885823946 0.672816332572431 0.877291696573559 0.264714435726941
0.637245706908155 0.781446085109864 0.292403826503687 0.434357741692678
0.745619334835602 0.392153174649076 0.574295151951104 0.379848327867297
0.741904542808902 0.384471269019988 0.884325096713012 0.264384317007175
0.993502408117808 0.314599602191004 0.720302167974368 0.327725354677744
0.331483683787019 0.499467675193459 0.565692458555255 0.662464392656114
0.125108106342538 0.959016407022949 0.866039153233669 0.536384845962948
0.416410857555246 0.47217662936284 0.46173409745868 0.698178827132353
0.731615663241665 0.740349888542174 0.156215908782687 0.614539139715456
0.754961242548059 0.315511709166984 0.486935413792 0.543714434330738
0.774177427855429 0.314512838830692 0.485286671950483 0.537202303689567
0.658654994819342 0.291502142136512 0.463944131309013 0.693147464597379
0.952649038711683 0.101776756280451 0.923221994710929 0.569816284814457
0.67621870052796 0.321687084639434 0.477849142272771 0.596991636883344
0.424717039111782 0.693759161254578 0.498660016361833 0.430856534429263
0.418326653766482 0.349867028797686 0.790347703007186 0.558378949321038
0.169859582887305 0.829263678884841 0.47404237680035 0.928693793214071
0.597221274247096 0.341217065596944 0.508985256282736 0.596665319030911
0.338861251412509 0.935752663842905 0.426138375754712 0.52098990497961
0.592338022784111 0.415109887619179 0.586393860123699 0.433744554261763
0.54792333122356 0.421712965355689 0.341599759287262 0.833507014743278
0.924354147982899 0.631657065819143 0.351115630374137 0.33852417824467
0.603355579551485 0.335413173300845 0.515635371242814 0.592092584139584
0.805346341215598 0.92481420625032 0.8097163770891 0.0407038036185183
0.645243723610861 0.446786390957701 0.411684458172899 0.528844494484474
0.929165240024713 0.0591847569724308 0.679856198858553 0.914226683304626
0.964343528211702 0.237417630760189 0.508488336675916 0.580937915147889
0.988498688724647 0.184491481777787 0.514241950120476 0.685591518048257
0.285399373610466 0.78446155806768 0.422311097352279 0.669599248531809
0.48250986213913 0.557999897201362 0.871056133089268 0.278741831568725
0.411069186503864 0.60069298489084 0.335731370282382 0.770955043337624
0.823765716326824 0.361203194697099 0.26214700666862 0.871730443888922
0.714269746306892 0.243959224981701 0.754539965379048 0.464733767141917
0.481741094868068 0.222729616518679 0.774359379477396 0.723694428965997
0.62595141531293 0.465004583247267 0.721318249548953 0.295582480120837
0.699679338768514 0.333020718368669 0.968531877027009 0.31885691991433
0.290344408901374 0.6422482313878 0.700708041313757 0.471959341013351
0.888281020617647 0.411252104970236 0.376990108840312 0.497254078822134
0.896426009459183 0.117140364934565 0.807271737511291 0.584443613821588
0.424115851190973 0.207815554865065 0.870117934098423 0.84530061088066
0.550680049946053 0.549450654308366 0.523396243683938 0.393398212131073
0.364422778206303 0.838702801642975 0.258755678818701 0.856536885382848
0.990563269927799 0.172259222092975 0.995225086545757 0.438988990378155
0.793939109146703 0.688026696469514 0.172689993420586 0.580751004582491
0.434561621266451 0.321254668296178 0.760053370285545 0.597495553522549
0.779242254656971 0.58062072082639 0.124081649352763 0.909700049444594
0.521901115157465 0.97550176796951 0.33683417623587 0.424645862854061
0.744827480015222 0.468967258090643 0.338646462115895 0.535777305603199
0.279940974688173 0.545528488224075 0.535285692245391 0.757077672456314
0.893239428223859 0.389146153444597 0.480879788298288 0.411804484660697
0.379803352737825 0.879107571962655 0.598548126601012 0.336993564953978
0.729712532554661 0.716646479491933 0.139626271264699 0.673790689495557
0.266166987515158 0.700613136990861 0.729467083940767 0.453494229331971
0.573821948213223 0.50001097467675 0.495557379714294 0.439713568278844
0.426114946335001 0.480338166529078 0.393697402163062 0.818328087284412
0.759961769473345 0.782045593075156 0.394652896991564 0.273066434076011
0.328589133610301 0.988400217769454 0.712461693835318 0.317069098638827
0.859356667502703 0.237529242148524 0.951822974861872 0.370288343212315
0.846143453882544 0.266028907224243 0.435148637420845 0.655678150012461
0.571100424610614 0.682955188338527 0.155573673095153 0.95028159234917
0.280142346335905 0.885941015260562 0.550540864185989 0.483490569597461
0.492188722465648 0.279775301197871 0.856284460271737 0.549722381985373
0.298447822586157 0.859887417560274 0.608017374975624 0.421603398793729
0.480280732800166 0.916398048143931 0.75829729459535 0.184842101708389
0.789893616109901 0.423915005525297 0.249542646257431 0.753433281233236
0.350650327542357 0.379055625714017 0.956956836248511 0.563055640869454
0.754627180331816 0.353178529832789 0.698504027129127 0.343864081579542
0.874934750203992 0.785499393235436 0.427268691914244 0.218765706251015
0.490289042493671 0.576974851362109 0.375784067900533 0.585754983697975
0.532713215682261 0.281259056025876 0.495285614209936 0.89842290891283
0.291321659662299 0.772574243295872 0.422853602174581 0.663912852669283
0.603442179184323 0.939516162794403 0.134813414656982 0.699108370456575
0.836082471848087 0.45937573174611 0.233208249374223 0.695226550185602
0.354816532180327 0.735469761445015 0.933305834978282 0.286337661008877
0.583449911928645 0.471671210825875 0.385212549519242 0.58842849298218
0.556303511257436 0.665150298574582 0.169319429775101 0.968712724892316
0.451995991538549 0.335587485920782 0.893602557673973 0.503082298452154
0.840063965246201 0.228871692922101 0.397853926206479 0.868844730851359
0.97755616675547 0.657656775574268 0.0836785905801589 0.793475266183635
0.362517097801553 0.574661128561131 0.357837290215928 0.981849297244125
0.786099464958906 0.589862144666669 0.113585150907731 0.982615638049157
0.305614860974506 0.500100410715562 0.664741598956164 0.605625198747021
0.166694593547917 0.978227751049093 0.447807041667611 0.985473970897942
0.689141637272985 0.610319406877537 0.167449889461761 0.758387858108973
0.448989454355193 0.598808660305442 0.497136994762977 0.468434683687614
0.50351401147587 0.464448389580998 0.958824102401043 0.318097748035871
0.86706130151321 0.828396226029533 0.662143772880949 0.0841765361159328
0.31218077192495 0.658231135720064 0.540598942569225 0.553850449590576
0.373348817860616 0.656085168118261 0.404448479354097 0.633463138836732
0.499432268961991 0.361238557553049 0.494468152601803 0.706992632255234
0.248379246715328 0.806786186081538 0.442761165217115 0.704670444498563
0.963907187647834 0.337742921309099 0.342181013884173 0.643086772273918
0.686878425583402 0.443954883236768 0.450724592870893 0.460495380110802
0.482304642842635 0.529473895622975 0.300040410553759 0.856287525177044
0.436112347502339 0.498132927128968 0.612491645173242 0.470852164827259
0.39484711068362 0.440028332350567 0.806962909686312 0.468061663587614
0.886552073137481 0.773770696549177 0.28547822550485 0.347766526523628
0.9014470881873 0.483995763131274 0.641549913202659 0.22828730321334
0.863325808601185 0.725585253122521 0.049806001430444 0.943892271619252
0.526883651893058 0.809548898626601 0.240427490854201 0.596343088143452
0.885566535043076 0.381732202394901 0.227896681911193 0.907769968346821
0.710803668021538 0.228852917651547 0.496460260785443 0.738953280067711
0.0400190855182307 0.729905904990157 0.951821418329549 0.94374479633151
0.883010790159445 0.208544910441867 0.418595646198794 0.852076562457425
0.431548862308122 0.870829872333159 0.369835768322109 0.487095112823875
0.720905699368334 0.697750606194763 0.301304849787764 0.414699425620315
0.596393865366214 0.993483538799343 0.983227732885702 0.0852441227981965
0.819767155814269 0.437569661392523 0.953373328479054 0.194385830813857
0.75269592071918 0.869844888403791 0.564958817502984 0.144056363521498
0.407454879670225 0.36044025451666 0.570333096906061 0.764968162334716
0.0250031975815204 0.944534356705717 0.824926682169536 0.874883529974967
0.798705761421303 0.666278578820026 0.281973476621066 0.423329769898772
0.312297629129916 0.441830794820463 0.573438735884472 0.816811366495976
0.544209500989636 0.449031693954922 0.452345938756656 0.565530235862871
0.488906887860456 0.334601875622564 0.575084809568732 0.660182037350489
0.647859089811924 0.559724793610847 0.297286725848149 0.566008552686015
0.507623010837023 0.70751267697703 0.425660482047201 0.415063948340158
0.562989803165036 0.458819396685868 0.696378650719219 0.348878107632882
0.203697453568799 0.926472282269011 0.6954815907106 0.48254037096957
0.38703545439178 0.899780958261766 0.217245535146732 0.960935217232738
0.932992622587957 0.390650698832357 0.617620738728126 0.308632123187633
0.45773552358031 0.180111869240739 0.884315047736294 0.857347686758653
0.584396313868525 0.316369534365296 0.426384310005228 0.824250170066
0.253268661468143 0.403024526791929 0.87140165539921 0.736418782519776
0.870793671487237 0.246491443502134 0.550621386683953 0.537842622204404
0.735737154404543 0.360859653353646 0.656628046605822 0.364578512049808
0.567997890036545 0.6239385206515 0.38038795399323 0.463313077129092
0.444330715857971 0.684990704195987 0.304457812825552 0.671029095391811
0.395963003907071 0.757934147798189 0.241540655822825 0.964183051788698
0.587687201869166 0.452631123790687 0.502116537749987 0.468495034949987
0.362618046811966 0.317585517115485 0.98030136974294 0.642695251548957
0.519098421825719 0.724108562365768 0.358307346170173 0.470048941155471
0.920264566588418 0.0167774119151947 0.837747307058756 0.975716948877898
0.726216895731791 0.986007488864951 0.19964900024914 0.466815886726547
0.456043320619017 0.388184927733775 0.958885906855732 0.427197172100544
0.495520720413514 0.915008840629311 0.408518284721035 0.376761249770701
0.445947521590151 0.585139162339215 0.602375794011399 0.397661783251942
0.536779970334093 0.841100889994092 0.257480641545072 0.543006259041408
0.18063005190779 0.76174001715806 0.561063942168528 0.71857468863854
0.807585046126016 0.835301784110508 0.284846053228112 0.348535637486529
0.960772711084168 0.510065216849292 0.152019879237764 0.801619449402301
0.1660855464767 0.803221541286604 0.487221171278927 0.945937118031313
0.457899121334129 0.353325411714293 0.470300212661442 0.914228504101376
0.633493820474156 0.437017629826478 0.411239408181159 0.550461306710645
0.329624864233058 0.687402102369772 0.460578016234517 0.597627467173607
0.778082672175346 0.847339462507573 0.271006098959115 0.370702493133112
0.67344604144049 0.316622485532865 0.624714932749131 0.46566040464107
0.531491657171835 0.867875437029522 0.452773858567305 0.319128071739663
0.590989318022247 0.311901116382443 0.574437601014417 0.577949253096265
0.627044994214815 0.198170472363257 0.808795367296845 0.574071883174566
0.603460495007152 0.136361609828526 0.836146571676053 0.735354565449279
0.859735755783784 0.571476690004596 0.399278135452586 0.339828085995992
0.595897112970824 0.238862990873945 0.4936241556757 0.969099930126609
0.936138537071639 0.202429809900266 0.674167602609785 0.496376376419982
0.289562965659555 0.296895687528206 0.977163280594126 0.97994930754571
0.163095132801303 0.521444408294945 0.738372871782034 0.953891056319017
0.947352497371315 0.736038067455804 0.221014923072033 0.433665656561404
0.813512220465522 0.350663178394359 0.297406580078198 0.776512894166195
0.970671515154131 0.847782761108757 0.412583091865136 0.205700857234349
0.590933833520579 0.281669373816311 0.464212033620942 0.827961521711642
0.587690216410201 0.600754640258164 0.20103445157173 0.820395329945292
0.655296674590139 0.591998140315957 0.683556084893625 0.216050161975975
0.56976633485531 0.638845737498955 0.305363527937765 0.550615127385863
0.608216375209588 0.625248093123195 0.477543072567931 0.341892593403991
0.654506656076287 0.416218795084283 0.286106344256166 0.82624815862769
0.606006640373373 0.654925342513836 0.818490323206424 0.167685786159325
0.374193574546472 0.776641973891833 0.561779342522995 0.394656985342556
0.432065722586871 0.897629862147142 0.393369355574763 0.453218258663079
0.904511943120559 0.731379036722457 0.165733907349758 0.528062614603027
0.372137203351906 0.743730696423298 0.603492886379922 0.38121371906108
0.542282486789567 0.725114274018217 0.190227887101206 0.756686126734728
0.325587067379925 0.907339157576395 0.408243708095692 0.568252787400078
0.892149724493416 0.386419906294489 0.443474355435906 0.45030281643071
0.965866601027541 0.194099520183481 0.899272763276389 0.417579746670742
0.369492930943741 0.508337152090292 0.40061081900667 0.961775798719324
0.873945465170791 0.347201835130473 0.253166576462557 0.985694487799758
0.710600106544894 0.498395727666809 0.329849482946263 0.535738069471691
0.350646090652615 0.333608407049711 0.878693658658133 0.654245004648241
0.671316457085145 0.433486345210503 0.330945651735765 0.648722778104379
0.882490046960165 0.426848756451629 0.286423171716302 0.614646690565515
0.418694635994493 0.357017169693684 0.635662229080723 0.659536870731534
0.392926807052053 0.508551581221836 0.434644040992426 0.734833581124884
0.626983110440977 0.710101271802274 0.390085281054913 0.363744419979527
0.72613916944485 0.269180926295743 0.630897744935204 0.49535432994647
0.814148346119432 0.995051085264571 0.691295849826349 0.067188969480762
0.735582152478552 0.270767411847758 0.622112505668065 0.494525889964245
0.945669118350057 0.758606290823046 0.240692137887414 0.398145530046551
0.84974651796632 0.481330628396554 0.709946043743395 0.209889452951593
0.914221537859545 0.706206208331463 0.511076165307784 0.183127459587665
0.550341632867987 0.572954414129183 0.349050151594471 0.562160171618387
0.490980797783691 0.423083052483307 0.71637678567665 0.42761537429803
0.414257490079495 0.405765690596017 0.455080010776246 0.917214113862433
0.404409340298739 0.432832178129825 0.772492705261635 0.478624071564012
0.278065353657442 0.714152737615981 0.538429213189263 0.570984711507008
0.676997534809031 0.222856341562186 0.745015986830933 0.523869456284683
0.823687387574793 0.398958636653473 0.2740502624081 0.715992745274705
0.771800164161667 0.48024385642453 0.2249177540274 0.722464600245332
0.975932174585235 0.716507867405966 0.434100828756562 0.226171156829186
0.897548107037689 0.615029676056507 0.399763615466712 0.306445573877804
0.747357215149478 0.366081940960834 0.469365159978041 0.497261316147386
0.734496771919861 0.409231854118083 0.483004614098182 0.44034224328926
0.718341723086235 0.497818061940198 0.519576391757388 0.338429842892215
0.498989222186967 0.382248041129855 0.657601449678938 0.499866067372635
0.15930278052763 0.546873827575999 0.710053812374506 0.938064022432503
0.370076392188672 0.854150247136666 0.547277864117605 0.386023806981291
0.267725629945619 0.555327737349009 0.868373119923906 0.501286464759838
0.298888787111414 0.438014518077768 0.912821777881664 0.56986590130656
0.271939918506897 0.95980115767727 0.588194793335087 0.453438894014735
0.238708208336428 0.784889709052032 0.575747034046398 0.559350715927599
0.420886257995308 0.653282426800804 0.515262527127919 0.443723287697775
0.403558220314561 0.651573211330382 0.652885039415052 0.365675808027824
0.496502261494662 0.28943658396303 0.913673802312578 0.516122487913817
0.328265507904994 0.341892080253876 0.700617896517736 0.838639861763109
0.950058525543551 0.160713638600472 0.465938375933638 0.911216925050681
0.846095797743228 0.586992259147032 0.566346772755043 0.214071898311768
0.432404162786436 0.309252783499321 0.560896232131965 0.911167970199415
0.498135291641481 0.466338118972577 0.954317381750446 0.320846181169275
0.902633772951289 0.81244844912103 0.167541867379381 0.487791359866915
0.205051522299553 0.487882901401761 0.878799726057878 0.698166455274734
0.678708041347253 0.73058595383354 0.460805078587609 0.2696190132839
0.343968563311557 0.467301144606447 0.801943894371026 0.503382982005267
0.439782019826549 0.457994616503044 0.659647087140266 0.474123708788283
0.112388566556504 0.55591921954657 0.890643251012273 0.945416988878503
0.52013514143052 0.217195737329584 0.639142018674868 0.836510791888059
0.651879720889177 0.41137798211137 0.445381083355164 0.525938560281235
0.866342574965369 0.546221200290907 0.257582526040175 0.525619574574582
0.470910180467861 0.180511094431402 0.880618581780585 0.814932516358624
0.433036798937785 0.233223293104056 0.699236205012143 0.987861218034714
0.859120700788965 0.22068408168729 0.483573934017462 0.674233456456891
0.76913661222295 0.20983043512275 0.817530715297881 0.46237641879648
0.953973424364001 0.0897618283425849 0.615735410716771 0.852728989220616
0.600127580450061 0.595900501450871 0.476832416178285 0.365097391252982
0.422277333905537 0.418142836535988 0.495978884235938 0.728630367818597
0.754595933621629 0.15669310977144 0.553687094393008 0.828491622984067
0.60902622335885 0.530749809983167 0.968910139942488 0.208812799806691
0.400161122087673 0.867768882435863 0.489717555533611 0.398069705894423
0.388605750745472 0.682175999444791 0.279278629824945 0.92419971489126
0.853285986273779 0.947969941336074 0.256726253652872 0.349375677396798
0.606970130059738 0.697680184674348 0.498519804944524 0.291023368111948
0.392607817981695 0.720912760793727 0.471013599419652 0.477163086482687
0.953421692623716 0.293073438462894 0.349869147776874 0.725381768881024
0.575999181392762 0.79600205809228 0.319662891324746 0.438084024006078
0.690475067477434 0.553803590837677 0.925003547496423 0.163651620011476
0.245566635893059 0.888967690178624 0.985487219179012 0.353245406285464
0.540422761068128 0.528658874791947 0.962614066445748 0.24818313591963
0.391370442961921 0.264955811714386 0.703482971769378 0.963152265518029
0.593343357637853 0.547997533763491 0.602724556889637 0.312616287623627
0.484490878002821 0.323348079664081 0.538426779930786 0.748320270267255
0.95345353637334 0.878121325958248 0.583584207733418 0.100235084319981
0.965351178770091 0.932548830282344 0.207425402726464 0.394958425686473
0.938640735153113 0.862438270759269 0.125788486358125 0.538409228123297
0.878482575525937 0.448940892215883 0.376390902252068 0.459001785138459
0.492886921683386 0.246443884154068 0.916894431665401 0.590020768107428
0.611846665438503 0.303370646643417 0.491528930169752 0.675189741454396
0.936792918453862 0.763120954474328 0.466620027440379 0.190432839410117
0.353351968531141 0.85759720277714 0.293435365457021 0.750331852344557
0.395518622146091 0.470738005590015 0.720303994582014 0.474401151395642
0.631122716080499 0.265452841937068 0.752082614677422 0.487255431969623
0.303443293315955 0.711188832677816 0.480212551613899 0.598480545298561
0.780572545808306 0.332350637249367 0.316243290411197 0.803600705556462
0.436253110949459 0.510878667108847 0.580321525186037 0.483454024723408
0.386881724961702 0.499250355720695 0.964261059486461 0.390034015129383
0.641275202533979 0.19240582192306 0.985982613152171 0.532120019572163
0.592571381771705 0.721740092638377 0.754500998551936 0.165551927744041
0.716241291939821 0.828152528932945 0.317702185296811 0.348525415431171
0.386795034382297 0.388320542827642 0.953827783983802 0.502309294558082
0.544656129602482 0.846612456166622 0.345657279463533 0.416073784482057
0.661310087652924 0.581792428115795 0.157243444942456 0.987632340537174
0.763095376569033 0.642275119174667 0.117527664897942 0.807252271569666
0.15489016274464 0.745148894179411 0.959622388139056 0.531801403999704
0.296940766790173 0.545129092127941 0.926108488444332 0.458391085477651
0.227307411428264 0.696272813796462 0.692347719482495 0.535192476158605
0.858080106273352 0.468797459808138 0.30381648791527 0.538468719846964
