0.788187110885139 0.317014053145689 0.921599843976108 0.327818339619578 0.824812308115029
0.448655718402871 0.466694128617918 0.832756448285742 0.751417603021019 0.432689928679449
0.400398405066127 0.376282067365452 0.623827672423267 0.692204754830747 0.87666981359155
0.268760781942855 0.985243752134041 0.620916473804653 0.817850693635393 0.463167838628973
0.586155749960364 0.483163007928546 0.661779916550987 0.722258610848045 0.391658520040473
0.903479688306455 0.293354348827179 0.734004772877423 0.421051259091733 0.707766107958264
0.79551674288475 0.74193265435903 0.17393780596854 0.856581757894921 0.565672586523966
0.820234565377646 0.793382378443343 0.380892389646846 0.289396054802286 0.808319675371836
0.877083100806136 0.541969193965035 0.70338660850881 0.4562846469838 0.374305723617285
0.676483086627607 0.954250429492155 0.913199422130952 0.649151198452875 0.126721944799429
0.939501363125582 0.635709907176275 0.434475481431051 0.43063740248085 0.531341387948088
0.780548484380393 0.398639649622767 0.549233464623308 0.383670308043758 0.915418662318178
0.308338266099699 0.953328023692473 0.492997199583163 0.610098186631973 0.667809529354938
0.654096484292114 0.971460840501426 0.980850724885351 0.993404701981972 0.0623827638622059
0.706810511458488 0.275128821247189 0.461804027670685 0.814894911529774 0.745671669660634
0.394105030722972 0.458875743429309 0.828988352268038 0.676278032030806 0.546089294078937
0.948424871700245 0.342426480370639 0.62080130728106 0.67114834593395 0.440534171301421
0.505665776712823 0.947912164770294 0.91928449828656 0.286496125561041 0.512847290829777
0.640910038954917 0.584159366878302 0.228397205601353 0.890474001498288 0.698729106865616
0.899249591575608 0.365164255722746 0.330731390570971 0.637562694127408 0.913099708084416
0.381401549381581 0.432369331835672 0.955633687030173 0.805302868733171 0.494771300496754
0.744676068231158 0.296891424935521 0.378377929307964 0.885610148394002 0.797641445411862
0.454382469346016 0.48057612629866 0.692687042279199 0.481634591760231 0.736643968686012
0.856774094604442 0.639110514518095 0.487549186497351 0.757814055111272 0.273374063818903
0.462567296168178 0.679368124764063 0.646644931638493 0.834403704746367 0.3246635267541
0.369114496074801 0.999750108765275 0.703706558188389 0.490407127106669 0.495511428546523
0.746611977161665 0.422548384808646 0.440275135573771 0.61608013929853 0.62362550737732
0.328706550998462 0.856304477624223 0.379206451846492 0.637147620788018 0.891971190657519
0.768948673687552 0.406648090948717 0.747317774286384 0.493738912127459 0.476167774617692
0.893308882623392 0.769983466117513 0.510755655637 0.501502896386909 0.330784034252174
0.485273784483432 0.400130708243376 0.749635655216207 0.942113029560144 0.443959939049645
0.553389400829369 0.664774097789678 0.466773834993202 0.389013135055342 0.825278865007789
0.976074180180833 0.293239690558465 0.365135272936494 0.70565710566533 0.898874043740712
0.69094078611916 0.535338555797151 0.451126679496654 0.503842448671862 0.624316746598446
0.92544265564348 0.7928922835475 0.527424772437433 0.262923683547227 0.569954939329686
0.855929734529758 0.839789324976682 0.559017039570243 0.248992980431332 0.558300120687021
0.480399707494704 0.744798963752008 0.563135302385469 0.372258429519345 0.717196669406091
0.411963845817746 0.33646250054449 0.993772815786095 0.546192218125192 0.910830568704814
0.735700595764561 0.677331355325109 0.615229150214843 0.489699918588681 0.353798800115885
0.44279384254799 0.732268089377631 0.379856243114894 0.88786851672642 0.530224337170012
0.486952709802251 0.706270513340352 0.453578632131844 0.712580990930531 0.481040012476854
0.813692421412519 0.384553324995486 0.78148756041386 0.523609894572611 0.441591853942161
0.248115668938893 0.444136079138943 0.703748566580708 0.806396465711438 0.979071218435921
0.702364119437205 0.962436286554081 0.999986247016641 0.0741051182466776 0.770390510240498
0.508626077069275 0.726415338225806 0.837171545911608 0.575707317148043 0.309228174776183
0.65417266054019 0.466527650487877 0.901839736642754 0.513286242022369 0.408996629382629
0.521993554177816 0.524564907896859 0.694880908201735 0.495121963307568 0.555621986552981
0.865129431780636 0.55323644458765 0.382187917965016 0.648234086836413 0.473899981931868
0.339287207882683 0.347214739496095 0.980584462305416 0.683425258438655 0.808340197477965
0.945158725215081 0.352476018082907 0.932371837221879 0.881131999071691 0.252335665303767
0.49829654939909 0.92015000183155 0.6075832031428 0.333741849368926 0.620491423404378
0.660632280740438 0.23640150417639 0.806222839110479 0.762924093013657 0.54393825577595
0.435155045810736 0.443330068949544 0.44088071745904 0.764695681927714 0.944445779830624
0.863447373754011 0.526908927288923 0.668524751492343 0.351155309043452 0.523908681206333
0.464088128671391 0.523690609804309 0.469370847089254 0.549172524977433 0.966606575101083
0.866674554728366 0.664995131473113 0.318501060180693 0.895981502261362 0.371720276580756
0.742263631663607 0.363569451334097 0.538003929454185 0.537263722586357 0.682253419330474
0.645237632610491 0.908650432944825 0.590455414242707 0.941778069400123 0.166523930543214
0.483294600023021 0.844889082119847 0.849802514861164 0.527065769822043 0.319757350518979
0.833879169027281 0.537513234659659 0.574428821941415 0.730087293102585 0.28968586916555
0.617652368965704 0.729818817614543 0.318751070641389 0.87707666614389 0.450816817474621
0.538194459478209 0.375489314425793 0.812649599894359 0.514780900981958 0.644775704835118
0.33167439357706 0.470738561473821 0.806213756443242 0.531810335514579 0.871670177410705
0.627190416991988 0.529032483225302 0.362261821656192 0.586493565300403 0.751997868345418
0.351821712742573 0.566369251509512 0.967264613585818 0.678932672721543 0.463648018813961
0.614631948654638 0.41519456481327 0.601626888038051 0.751706687812143 0.462279475222608
0.340636996911355 0.348435952280019 0.946421999779956 0.638069726816063 0.917292097583733
0.529482539195849 0.664135677611938 0.35131441268765 0.812469803952663 0.541908403909326
0.791661667464748 0.589393981684563 0.45663860860576 0.379643417577398 0.671497418721499
0.523646440300599 0.4524446641274 0.471794763817793 0.767449019519355 0.625580836139036
0.824526780915168 0.862735446142317 0.363633064595287 0.264465266900337 0.933717486726291
0.914122080581228 0.922319959185581 0.247869169334326 0.60831052833416 0.482825594635937
0.483165019708476 0.37498972231609 0.673325047045843 0.951972413924128 0.517070831255073
0.526104809144468 0.286743022188721 0.678292046112155 0.597978068524126 0.960374368077938
0.443775874754138 0.49665294462365 0.456226225876055 0.837121204429049 0.660828885565427
0.943143746306482 0.447779990627988 0.800829079671972 0.225524854899259 0.771221456902127
0.385972061957344 0.551093490690896 0.520428314586369 0.895512744933029 0.575092893350679
0.915758667899523 0.635195254244705 0.217592181384549 0.963938946017213 0.503654856782688
0.964028585111989 0.931929205348541 0.501004744609536 0.486001499867425 0.30654365589048
0.456036353528528 0.85462031321561 0.504581760448556 0.407058759456737 0.706828120088751
0.980838503174123 0.986817505315347 0.433585041904295 0.744814686919564 0.216728903822718
0.817872648425739 0.310281385831544 0.361205335369924 0.714080803004867 0.963813672362381
0.661558773618234 0.79285269049413 0.925086674417636 0.383425895671624 0.324150981378579
0.452642382756675 0.784252730934537 0.537193183220363 0.571383134370258 0.494084801990946
0.514108319311974 0.99309971986191 0.43376067275441 0.866262598784198 0.347812149324533
0.847608356337344 0.267278006438984 0.867485734294935 0.852520844987638 0.367082046932423
0.659254579980495 0.398203201512821 0.468637098941334 0.533505487063912 0.852455061607141
0.532717312699783 0.477854380959559 0.69927255375845 0.429957336773914 0.694017634747507
0.439004060453828 0.886153338895638 0.439510901910101 0.564306269375523 0.589700795047087
0.647201660421594 0.498698571968474 0.474844115862676 0.523497520132218 0.651593780365402
0.490723162469948 0.849340658720225 0.367725067226867 0.55876492737182 0.648604374372606
0.491050363712578 0.403473341087466 0.421710902318487 0.787026826488178 0.926853846331091
0.55314174014415 0.673052322428206 0.99177203156901 0.451485637070113 0.373512006560276
0.70677245964734 0.64190486326458 0.788779790023351 0.185962861055301 0.719794643267979
0.526666711446067 0.711315258364048 0.500097053767712 0.70206125357756 0.405066167022074
0.312279378639575 0.630731578241602 0.795923501508913 0.935377918869175 0.412753928032182
0.811206799485459 0.358779343375226 0.661821302640049 0.89333210386387 0.346203146579162
0.540785096034226 0.443929681685288 0.39831394849665 0.796676519676423 0.723339683292859
0.723051766720689 0.348244917949196 0.959755747523015 0.423791214977721 0.593947262895403
0.915722472802329 0.913004452827608 0.482025189415079 0.318543545913314 0.497358706466791
0.476503981699257 0.930271611671638 0.936128786007638 0.585454725881228 0.261648759455683
0.450822754345445 0.413351550754069 0.406545279562227 0.973985655391089 0.962815345674404
0.588837890540265 0.466395038950769 0.680384015626895 0.851426700796865 0.350397765871009
0.550305461114477 0.828375946241529 0.441224253297593 0.401981798106716 0.686210419278241
0.504432938796766 0.77440982288925 0.45162468914616 0.64000338680382 0.477305713849132
0.635367148617229 0.669082104903648 0.303875064583948 0.595517848310819 0.669333258923189
0.387913317909329 0.53929803736137 0.417674381536516 0.728889512610329 0.977648871692811
0.649916927319508 0.71849280347326 0.329121921341573 0.859526136478991 0.426950929004069
0.669124332298079 0.31912066891032 0.390986609976515 0.907044628948169 0.782315322582415
0.176416662437512 0.797990261843219 0.549917892396967 0.984646277059966 0.720548910564381
0.423408156498608 0.743395384144456 0.847662701912044 0.495113251915955 0.431160271825469
0.38115790747062 0.736510112990524 0.754058743917092 0.319193069140453 0.846304309079411
0.42832086092817 0.531035033613005 0.63878313217808 0.730125794973557 0.500054892899228
0.501405202524067 0.669468615910513 0.48473855289947 0.689799917589518 0.470440010889965
0.38359489544509 0.903128341617964 0.598497323492004 0.43974097456996 0.63180704235135
0.78791301260543 0.826318730118344 0.576415218274626 0.456165979809953 0.329422325569371
0.400820763087642 0.770993593862378 0.73679339247719 0.283688428696308 0.921512277559962
0.442059695210527 0.459858293592944 0.42853627202522 0.850048683772915 0.78115447534383
0.747561790710743 0.449499032367768 0.750542807319897 0.46608486007287 0.46527636343288
0.338049883545653 0.366568616966898 0.628999770501844 0.856673612652967 0.950978548397541
0.32040441069309 0.451407374247735 0.612974836166982 0.978417389059035 0.705141255124043
0.604203829145191 0.468040880357334 0.4771364151012 0.769204478885212 0.516562325438119
0.551159599165659 0.590356980203421 0.454486804427139 0.928877827059513 0.427206947595455
0.707041517360473 0.976655665973204 0.387467546575122 0.579267462442489 0.398819083087205
0.290830596209457 0.527635460752176 0.992865686444809 0.476669862835737 0.994983238665652
0.456252063679684 0.748186196527163 0.473906853444803 0.495493229405801 0.668900453488372
0.180368221925264 0.948680475726025 0.730342061817746 0.66084607349345 0.62874635987128
0.24087468760246 0.738471784789345 0.925180013285304 0.673455892401272 0.506945572875945
0.193550618481181 0.774208104482608 0.518473826445233 0.841019487847303 0.796247316817797
0.383269775542147 0.963857103687322 0.55696861121298 0.629012540379569 0.466681132304396
0.96400419392502 0.816467173391487 0.593300704031898 0.314163935758753 0.426201621519171
0.585727551998461 0.666877921031889 0.66933904234421 0.94850018413921 0.221913167198392
0.567190697735607 0.63146094495197 0.438470364317863 0.794227238611519 0.435024680451474
0.530480981708458 0.401140329729371 0.443894731070321 0.821792053130961 0.717320244221007
0.972241644728967 0.229325238028482 0.557041238044778 0.842145377717397 0.570862098616419
0.245622814345521 0.554628660086604 0.92883916693216 0.543644338875311 0.861309417247189
0.565613026667194 0.573829628309568 0.589950824553284 0.532316701605603 0.507233546382865
0.568967843341133 0.481571125238709 0.340481721742715 0.965974539106437 0.669363204716604
0.828937666089231 0.44861685807673 0.464133467631212 0.807043946382008 0.414910836214646
0.534666570560361 0.640495396632693 0.650558118904869 0.28061000596482 0.87921238547591
0.835277020085608 0.403244315651266 0.55786296192584 0.65076679185932 0.452916826268277
0.438306476411143 0.533116127064054 0.376655047071092 0.728910628922117 0.933131043844539
0.543649714634909 0.498322210572079 0.806079570958417 0.330994773101364 0.765712385678313
0.501230388224781 0.793844544054424 0.688821076725967 0.622531436843438 0.314862084035627
0.753569194578818 0.721551411451383 0.798901861591701 0.701779611253024 0.144218263726626
0.369441476478915 0.771291025133971 0.271894729082911 0.858755944608148 0.999007775299797
0.861227894835115 0.538726698536862 0.706053503908266 0.36705822634347 0.469953386218418
0.0933365708565845 0.941091531256957 0.998114565299197 0.619173914324619 0.828363301798802
0.926892215524556 0.574668139347376 0.512285599768226 0.349932770163838 0.608470536660943
0.936959079116507 0.887737634802883 0.362437178080205 0.476172337578126 0.44996251778464
0.528971236043529 0.965409110008423 0.880371686312156 0.127103283497097 0.974004563133439
0.661111202978048 0.705817829985467 0.553296445486689 0.495355547294916 0.413142994556839
0.441086170062817 0.538181960042991 0.652134527095061 0.565388958894426 0.594485161325792
0.607550337453342 0.451652442218257 0.702101574991794 0.325414305499175 0.961413896357854
0.573143709256381 0.819085858028939 0.587050270741567 0.623076383493763 0.312639185934549
0.798459118008872 0.68690067695573 0.600529692282448 0.899161253062868 0.168372013960778
0.555327869324204 0.77852038241781 0.31343133461232 0.545780047339081 0.725188832999118
0.347369446321685 0.81017073295244 0.519381535992417 0.889733645686841 0.456966453210118
0.386699069361788 0.560669950330411 0.470893003461685 0.971492493387197 0.612592999267509
0.813648586884998 0.354909772020546 0.295371411296376 0.7905237404972 0.906458579860508
0.471687264042269 0.64862423621403 0.422907197690377 0.779733675420419 0.535384708143058
0.555938444684551 0.968666415685213 0.564142449363182 0.556673474158671 0.355548815950236
0.585117198225331 0.79743692094266 0.453087598759485 0.343132291191322 0.762824751948729
0.621941119514702 0.481916925886465 0.266438991931717 0.891768759110025 0.802932353897111
0.455088243998673 0.53777339271989 0.327564267232793 0.918485000645317 0.825062205707559
0.564414353228263 0.315905957296634 0.654157817892581 0.581334120271877 0.782301696628409
0.615679678963107 0.715333574186581 0.240798340696144 0.560077278440245 0.963342716706738
0.180007181401097 0.486564387428194 0.863020714991181 0.913883283026726 0.80553602974983
0.442631299494395 0.743451549570913 0.59981911931168 0.467518047046481 0.575923053220933
0.615740449159663 0.363575587398169 0.828780638362447 0.628693383001573 0.470732684736712
0.74283114432335 0.988714658587886 0.564605245995915 0.324413872370145 0.463575156169111
0.439442344991071 0.999939304691017 0.407358225284847 0.592336401350419 0.589681551809431
0.478048321096207 0.961474534020073 0.854264078535506 0.585925945009932 0.26966723232521
0.997920021286377 0.472966657044007 0.653518688567556 0.616499008333153 0.325382167950046
0.711400430230426 0.591930044595996 0.584306341507708 0.400218282515146 0.533470393773767
0.729027188349791 0.420994995494262 0.530627781299933 0.727252889442041 0.455366477254152
0.470448530847814 0.638892866339306 0.635511622429148 0.566712297215482 0.481746327779916
0.355344741774761 0.90984374555147 0.849571777308175 0.853591577327715 0.270460849978047
0.627153194090463 0.384907328344605 0.562222210691391 0.847816369006208 0.482470276945858
0.654153224678919 0.562628063136574 0.238251826867574 0.692258872628702 0.881126470154202
0.294507134685745 0.642998718606219 0.513964598203771 0.848697588810874 0.659842579614943
0.720070316514658 0.117172538195469 0.667976426714779 0.963086802644443 0.824920567651511
0.579378781988631 0.883995928670512 0.616903156924937 0.329475494639781 0.538205085637606
0.261218531829381 0.90101668371731 0.63173632609913 0.577137062078977 0.639482250640582
0.421845732017306 0.602912883713294 0.341370879035391 0.795008770150354 0.8204290079255
0.751639397216613 0.477207635566692 0.722887338895427 0.441443373477223 0.474425816179732
0.294840531479332 0.664908608187795 0.562085555948777 0.554251249349583 0.99830469061592
0.807598532712368 0.743174075144843 0.629244019351022 0.34928759706083 0.420228069684289
0.825161764165638 0.580116163625086 0.399306925453028 0.570335545345273 0.502319940283946
0.397756408383102 0.835557778192795 0.492997372702077 0.91103792340974 0.412381503962613
0.141372166234313 0.576351050707532 0.953255293868605 0.980847914798925 0.715873371667892
0.487458237708583 0.457353805209643 0.976768094974518 0.75517902269609 0.381648144785188
0.679685564804359 0.878369173618705 0.768660586051183 0.258803107739978 0.471120195945237
0.226966242493355 0.815344898034092 0.411965306477304 0.952057882428433 0.857739479652505
0.158533443558697 0.857800715138547 0.977940776000122 0.979300007559954 0.479617161384801
0.485076533127777 0.474851672182943 0.912283952372563 0.436800369418713 0.633687117129411
0.677866884035254 0.550003079350557 0.404487951270578 0.50588269121321 0.691866081094196
0.187662545108024 0.821098706743413 0.890822280685991 0.680778619039026 0.559227811456407
0.632453123246658 0.540129731656498 0.928756487502032 0.472103877518367 0.391987931469821
0.745604651277276 0.629204601265224 0.326437032723946 0.475913641076166 0.736484922007114
0.441592108473828 0.770025621808432 0.534143898990609 0.463710191819079 0.638525593090885
0.550501539713923 0.524760847854092 0.927288464090527 0.415383726070932 0.525620692619226
0.864055385789663 0.479305875758501 0.2711181968896 0.616721860565053 0.820484330005988
0.525261253489321 0.632503582202274 0.253217492860722 0.76765772048916 0.832959712494892
0.534290903891192 0.88150563040697 0.652293207393143 0.500382422304694 0.368686777732958
0.430148818980838 0.837376048961521 0.78009365884994 0.964501725609635 0.225917216522031
0.306908732883909 0.99583053485315 0.772555509441595 0.817349505543254 0.340822549234931
0.882290431309965 0.409500711300657 0.75371658386308 0.71676183821487 0.29531874572337
0.369240420731184 0.854348885515693 0.863174673959004 0.442097119960027 0.499049590670909
0.70974817301762 0.228983778212676 0.653474790367487 0.617311713752073 0.765996116844276
0.921302660900131 0.549512608287357 0.266401236331561 0.6813540179551 0.611200011834724
0.506787192700686 0.75768937185807 0.338019088978188 0.543218272702367 0.773817743279637
0.874721923424649 0.334018395342051 0.537629872716461 0.429245096424528 0.964976990032804
0.90974562846173 0.895725094277628 0.421868323538605 0.199270802571654 0.925317943838452
0.613496730327265 0.951104159991504 0.338569044729082 0.749454361964673 0.410118322005997
0.932624912515236 0.415150155538716 0.62048197959774 0.441401589438091 0.555764538867404
0.639320653929621 0.629122462835574 0.297335650239189 0.549337905901795 0.811514588725464
0.66535633819401 0.72058390335251 0.390967021854136 0.6016552671588 0.470528027280186
0.620050623213448 0.526523776301856 0.94751072728107 0.427692672470799 0.451212303547285
0.482313961331841 0.518717299703403 0.425747457125448 0.663155898252036 0.760964028056438
0.765640123098541 0.532587829161551 0.422556816253408 0.500592955171511 0.620851897313073
0.898307911788817 0.378230227009463 0.293789239076404 0.908574527521289 0.690211664634861
0.894956129729917 0.946172568568153 0.268770784058753 0.619985235034879 0.445959383161681
0.561761490738831 0.614232009774688 0.960506635299584 0.607414690672734 0.290459926598133
0.794206572649016 0.534203013269723 0.457407676265373 0.418542161703288 0.671088788698681
0.454836214504986 0.985078133949913 0.404706241216167 0.5297281695309 0.643568335976463
0.420327668944831 0.506838717026931 0.857747874150125 0.367698713624059 0.972956451343352
0.454882542727142 0.610043122954681 0.521833585478033 0.433589082261974 0.96372129947463
0.945563074881424 0.26264511326181 0.863378430774587 0.380573829211463 0.774189995900133
0.431949468646481 0.454879423559336 0.671581998516338 0.500647958536054 0.848503115684678
0.652526240344263 0.62515554022495 0.317833729589161 0.989114994394688 0.477233978252798
0.542485233860724 0.733842828394477 0.547310958828406 0.506962435994645 0.478629506732228
0.528064528779999 0.639833816860073 0.575999429897484 0.429450017489811 0.622834962467176
0.350749333286261 0.896891384937089 0.299479469167171 0.728917218037301 0.939772958925171
0.932453178192748 0.657097523328744 0.310947170133804 0.930817426150879 0.368909445891117
0.626335805594379 0.423992599134407 0.442003172244334 0.661785515547254 0.679311604999121
0.311231005711835 0.979631993598351 0.413300180175492 0.920596741153713 0.582075532272911
0.520295578515403 0.53076328324272 0.583163710746368 0.954264953631152 0.388562034912879
0.49359577716458 0.752933493704603 0.523498185640528 0.37129224338486 0.754672703831127
0.482426042017163 0.286559322306515 0.794923582099613 0.864916213722283 0.59649581050965
0.471317874346244 0.623927989690039 0.282693227961131 0.901024671748765 0.766034335295991
0.399848765200734 0.664441971479639 0.994294243346515 0.341307736754144 0.694531095616086
0.439715785335333 0.309676181859816 0.83913437199627 0.638629438789379 0.769634655116612
0.691469191413261 0.501556892595274 0.619805380400094 0.920168507086639 0.289055422131907
0.864733786382177 0.412990244403027 0.258156191480252 0.798624641123479 0.784969009475963
0.688675389832061 0.565812862170202 0.766001098006237 0.723032492404151 0.236395370594963
0.39338009726503 0.568551384230054 0.883437868444447 0.380987076322157 0.778413323137316
0.541784118408682 0.377668299898803 0.610401842729989 0.588735766439929 0.713964220852176
0.950655871607263 0.955081940570818 0.537920685019688 0.287250960206128 0.476531722192723
0.488680864063468 0.526818830164778 0.659117596584779 0.381380908039202 0.874453483353982
0.712051391507157 0.303496670052526 0.352480230750562 0.958378731553187 0.895336115669496
0.513766537400868 0.444011298551334 0.758241151977085 0.464690303887407 0.669168060246958
0.636321453585893 0.605733193835158 0.641747014907051 0.350243412941345 0.597802565049729
0.512341742700374 0.993901511030752 0.709046932856566 0.181818967091329 0.910120399265945
0.702432406194586 0.363720236416999 0.400321234770441 0.964546573887629 0.618253981446744
0.440776190679772 0.404382102468484 0.744482090200336 0.532231381925444 0.77997461749666
0.640237800230241 0.997488682803243 0.636083581201073 0.504380860011545 0.298222712601477
0.372763155174748 0.620310285946187 0.55497790721831 0.740872677310993 0.555907634486217
0.70825296457528 0.545184870793166 0.622044084402819 0.269143819638522 0.823859615482465
0.98184314771958 0.982321541899454 0.0775101780601735 0.99588387036679 0.614833300078103
0.567910825304155 0.590168467073593 0.556949289182109 0.5984352126231 0.463540449882228
0.3896119286057 0.417031673640489 0.625067470607684 0.627441880215557 0.909444058464955
0.517647185573721 0.789421585967674 0.545551872988379 0.454595493947668 0.532022096042858
0.550327961430277 0.885141381367896 0.953082616418326 0.194298652454848 0.634970339374659
0.409702786948743 0.413505615514784 0.973772611969818 0.515930151466491 0.7306265731571
0.392905350012124 0.956435923994141 0.957665932618859 0.637103039411148 0.295690494191512
0.326726698138909 0.30524413753306 0.930033850930131 0.75833543977649 0.973161019296687
0.761842053112963 0.896205359613835 0.27065222604255 0.385179622866991 0.849816134531716
0.217919668338717 0.780177711037561 0.77083106410948 0.674641955905511 0.573793174538809
0.811729328278104 0.427081905497636 0.515158486185085 0.434003284954959 0.715578769777902
0.742477161439949 0.424972691258862 0.386854460931577 0.824925844729716 0.5567989509277
0.365497495302436 0.49189648356918 0.679175776295992 0.568771335436148 0.775609615922716
0.349219871903348 0.445360746794092 0.722004268780727 0.590487660823126 0.845473170085438
0.295853191460151 0.782759342496189 0.637292186592378 0.458492818546724 0.820565378819898
0.441067835963935 0.844489100615427 0.538672304947411 0.354721292752196 0.815058539184338
0.918070826214311 0.812111706397112 0.580685848164972 0.682362125000479 0.174610745135091
0.104855322870036 0.685366238664932 0.955491699384896 0.869084631663669 0.716095472484573
0.932586886634648 0.191447328685025 0.641630988440011 0.55151016105919 0.889879312678446
0.562242906452583 0.954405136064049 0.503116364690574 0.521187661657627 0.42542604214568
0.222610335218128 0.833888880961394 0.925846977712708 0.407769048998046 0.891205536983487
0.521567248105756 0.702765944077715 0.961608975317584 0.197817355285663 0.805621113137678
0.412112062983716 0.685458515974315 0.612617366042395 0.363539121862432 0.982573759840944
0.274087516821775 0.382449378074441 0.99305897006107 0.773293072091797 0.799405665416015
0.467057487475723 0.829695459398855 0.344567386540248 0.953370666382646 0.494824351087006
0.631179401523748 0.102019075032286 0.817512670793197 0.986705695438161 0.844683353503454
0.99123926648383 0.561119531869073 0.398846606111825 0.733901512580264 0.387534999978697
0.527745603247347 0.410588568950199 0.539995092180985 0.583169436858935 0.789719910334965
0.980975494975933 0.436162346527927 0.733257687371533 0.669173554909835 0.29209635499009
0.715650109091274 0.319013597660242 0.432574488177474 0.703714766831579 0.78635073482966
0.919860777040307 0.43995011801443 0.563919771323645 0.454349157544836 0.56179796107627
0.891246209762111 0.835397594762181 0.765251641168427 0.321390819274901 0.332571015642629
0.733809931489823 0.872193037600195 0.698760468962812 0.587064658725298 0.192815153353631
0.419117152475943 0.493362979361636 0.665549434224476 0.608816880098125 0.624483512309656
0.361319249283871 0.8927878013749 0.43468628019781 0.620542380563194 0.657911186407072
0.400939853641029 0.565008132446249 0.406153000282938 0.702521753111834 0.896262592273299
0.602751124624198 0.512962355268415 0.483975925837768 0.680902810348987 0.513292899097612
0.511843962672863 0.66663993758551 0.588073294277371 0.553411904666905 0.469481183908304
0.953157015334092 0.563673369349543 0.74716698886284 0.165772788300145 0.781905447313301
0.763855193413029 0.521329888208411 0.504973237360011 0.560237921201548 0.474007250315686
0.393642118005529 0.386826350401019 0.697370950253554 0.972654784231953 0.59501099792117
0.769830800455339 0.382558403535113 0.402546751823194 0.804964927873418 0.586721702215778
0.894015781623861 0.48635125085898 0.514715435765002 0.300536472561806 0.986510246109288
0.442246090218116 0.46705827699887 0.930448951479548 0.97086776514949 0.36817909139541
0.571595008982985 0.371540718905553 0.803574756596519 0.747455099101565 0.435069656982345
0.784712835501658 0.4459028885144 0.701767527023606 0.44908020074094 0.495844672057986
0.522563406745289 0.975763437767008 0.486896930139447 0.535615866267214 0.459130787981615
0.717019793377144 0.329209406827502 0.767349462478174 0.365900196643411 0.882725324366623
0.736436684195466 0.319352654391336 0.440503922699032 0.769030786005981 0.682398156255647
0.962058488763938 0.329360459808807 0.972953797366809 0.975166969647862 0.260098065697945
0.855113361505285 0.551261958413859 0.665569765332026 0.331192835158663 0.532565056488122
0.630561454152255 0.656038154632786 0.332618849049133 0.453425221016947 0.967383744718211
0.989716780449849 0.428348469443247 0.523141468291789 0.804640777386733 0.361603964701507
0.347568726318476 0.363039360149491 0.595556300096185 0.970741757973016 0.935317504028235
0.386337202481177 0.685191702557939 0.521115749379748 0.656322384073676 0.579441707224693
0.729973929218893 0.50461756553011 0.427301740989552 0.457156858643048 0.757059281458786
0.760470559852714 0.452174569162265 0.550124866591483 0.512212568385733 0.550345987975194
0.312985383728521 0.698411907380325 0.999042441329026 0.391913086176497 0.740606615856578
0.737159919028377 0.545932822989492 0.60611152941102 0.54072137363385 0.401123462893365
0.40715102908663 0.713930731109991 0.430862899306451 0.540479859945189 0.822183598670307
0.586994030027725 0.600096899349001 0.442853458179448 0.782716984963772 0.4415383619521
0.251661862543756 0.950603163526241 0.39539717192894 0.831582069411442 0.79109618117505
0.668260160081331 0.363422959794314 0.637943792428758 0.751866347323947 0.459571148565813
0.887761602355193 0.99946874886582 0.873196679301507 0.572526917326718 0.111974132518655
0.383022310911051 0.669369383740825 0.303450591508083 0.84919081049817 0.954202220033061
0.693463137568243 0.398077889794846 0.79033903352739 0.563072591926594 0.44424677740143
0.530975871168653 0.448346906175117 0.815928451273305 0.562655113074096 0.499457948343443
0.823287881314077 0.792205007739432 0.402294175947828 0.468144070369912 0.465705056815628
0.742215974742424 0.670125604026541 0.337798238577619 0.619421771139604 0.508696307677495
0.303312420790431 0.929308204189124 0.614750695533129 0.455313849798735 0.745974296247683
0.502942020160215 0.514634419456173 0.486334550327671 0.744738170678956 0.566015182056395
0.599164350778415 0.837143104810503 0.240431168561199 0.569677838786873 0.774863503896181
0.610038701792218 0.32384847954519 0.728877010415969 0.926194432019972 0.441614497017596
0.0527008202315591 0.882653390945447 0.794227805535379 0.957193329739163 0.788624906103318
0.533165911685907 0.702235074016972 0.492426276281871 0.601606626459568 0.473641170158362
0.655334801268833 0.518379811855373 0.432597772048661 0.741421307786412 0.489667101977439
0.811771682602529 0.573368426582063 0.905261655999522 0.221002643029613 0.591657784325633
0.438669634958848 0.974746622544324 0.514500751295589 0.488564804334347 0.56757080538921
0.526897687913624 0.585286055459625 0.534658894883635 0.411772588096855 0.795959037747082
0.148235800473358 0.764127457093344 0.881799866679147 0.574148065108523 0.846570048753172
0.556401023073376 0.410343875179737 0.509144902004778 0.626932912343248 0.725395151151672
0.533769394722534 0.796104218959703 0.479680593054163 0.512780501084097 0.517360996387316
0.755806745871224 0.912774647473526 0.675540738917592 0.547257176041936 0.211006010309986
0.940867157998647 0.445723727218575 0.791104034591877 0.344977754221037 0.534608279404042
0.546980274366027 0.563366538674827 0.702254413682744 0.356443156013384 0.681713174912472
0.602868437574566 0.589043735357932 0.412375331834649 0.440962545079573 0.875196778740994
0.721518304980443 0.42304246428183 0.386615810595789 0.55199614333336 0.887659766255332
0.992469619297803 0.407430224092906 0.96790519103076 0.425180115241495 0.436656075410994
0.673749755352297 0.405947391786131 0.547995892788491 0.564063997940353 0.617489391370918
0.918830466149674 0.299549786794089 0.640875189379527 0.459484728201956 0.714249029845548
0.288788512392914 0.555648442608599 0.977438406378357 0.621220110228497 0.609171798692198
0.592045460222888 0.663309460076824 0.386024945898513 0.425101925516994 0.887131002049752
0.581147959704757 0.622975810723456 0.503150604076794 0.703491037049045 0.410390941638979
0.530002932705248 0.587797004745991 0.83462248385726 0.328650603708734 0.637878870139058
0.666814653989269 0.711978487068165 0.24209309442449 0.668449725332957 0.651169566778745
0.651248475971164 0.428593045183611 0.829996646240281 0.330501791990153 0.726618443092666
0.346659954601602 0.570255315375338 0.69999955138242 0.956292145175628 0.455430770818281
0.518453344624653 0.90870835427947 0.486017906790928 0.65483248717822 0.38643627057061
0.479180245103829 0.751032499982767 0.614198206933757 0.372629013743044 0.64740307869338
0.983401380028531 0.819844974350614 0.326971964068241 0.443706949185784 0.547407515513169
0.442830934637521 0.334649896143095 0.96950285462578 0.504428317131741 0.981278270276159
0.589128804548419 0.456712614282955 0.61669414024461 0.77549154321852 0.418023842430202
0.792051674567509 0.28139039138382 0.780469896899032 0.479177802999252 0.652281008142903
0.768769783874174 0.472897662136745 0.375832365322914 0.47989527639483 0.907255442883718
0.54499353125666 0.528277732592948 0.677746812422306 0.596216689167909 0.449037989673012
0.602898430179428 0.966379588838417 0.474549093634488 0.969570750313544 0.248897199470975
0.940349482240627 0.909052065046492 0.392788367012655 0.281240409269563 0.679299247963795
0.6145818421643 0.497014528627076 0.877628173369677 0.539412816590642 0.39062077347149
0.442285263210496 0.778534370577898 0.535308897443485 0.659630005230599 0.444916498877894
0.666125030380425 0.341035078003917 0.353459783680979 0.878997595035255 0.85290512274343
0.400096620410406 0.900322495472092 0.956519281170361 0.788296482551171 0.236147018047371
0.944514001306379 0.279381234975717 0.859617009614898 0.627529032793101 0.435032838084953
0.768137774317872 0.411676928683465 0.460993164061642 0.865903604739457 0.459994759610375
0.539936466856516 0.28135599205592 0.89698877614447 0.488850339376791 0.997345283034104
0.904114707785315 0.723143344220234 0.88211026324507 0.469673366836711 0.213226795694661
0.331910504824294 0.52205164024769 0.62937857325641 0.583372291852682 0.880488901400727
0.679534793896677 0.498204373248213 0.468079928394304 0.592388805066333 0.556810027372376
0.277007116527997 0.697175714469363 0.693444935664673 0.607556721094999 0.629067380897348
0.986221859940814 0.927266950376704 0.896719699223006 0.235601629413289 0.367901608240616
0.584145237796938 0.658468404240086 0.924784662568705 0.208649086360439 0.719772645254518
0.324150751167197 0.301641215213418 0.861759292567396 0.917832549541297 0.827776838209275
0.77805437416641 0.618293677647677 0.30058906950436 0.537461634277985 0.680746130504216
0.741737065758101 0.79409753934613 0.109475648049954 0.880262362602083 0.710978010753921
0.569404827359311 0.286642010146411 0.535428080838106 0.834553643218904 0.749982779463736
0.588284386022758 0.733715716539172 0.501272905525571 0.620551094418749 0.394299787948377
0.779846715138252 0.859469041403243 0.989280178830344 0.142811466940315 0.556269806001964
0.915619198725649 0.473256527371529 0.964088390711192 0.404684650966591 0.400224053547397
0.18977881419766 0.437905360459945 0.917145596190353 0.872839977296372 0.932496498811197
0.43719631544147 0.817374018542618 0.615561807865423 0.423506805682966 0.587977383049778
0.946549708883328 0.878490525228399 0.929127739730784 0.243580973292821 0.363457862604549
0.583014548638278 0.560675988886358 0.938651251210342 0.344217073428117 0.55356676775755
0.968882322442763 0.800328360925115 0.120352510310255 0.629831135040493 0.78009494778493
0.530916207517151 0.466819328243533 0.724720976159544 0.905313186809555 0.358958165689232
0.852773231824734 0.45557360508136 0.544242809827193 0.457665427610653 0.575638391880685
0.965634032139033 0.930357593251585 0.297328911897241 0.996570214948298 0.292744392772845
0.761640989718781 0.0621725882805219 0.936328661006503 0.832162486561459 0.822683171360288
0.364235812477917 0.609493175545114 0.380061686105551 0.845746221873035 0.812408484152904
0.369348446103922 0.585623571013111 0.378227639930989 0.820872550170495 0.890989534262413
0.495323690331431 0.962853598133351 0.448175404655463 0.669134384267073 0.425596372237966
0.89856314211994 0.831292606677048 0.174478901365275 0.476298871482975 0.925835163315041
0.273239190971289 0.876363803252295 0.789477931758413 0.997784403767117 0.357965447012146
