0.419777324183482 0.935573378960048 0.882681430730831 0.85507209471525 0.833677090442193 0.860202031731042 0.473671223838397 0.452100054980446
0.774869769445982 0.870485993487651 0.348896312851129 0.73865342062196 0.987564626336935 0.48866647036437 0.58229015471391 0.935143824198027
0.755470689890447 0.778417496786004 0.563908147203496 0.464002607238713 0.983119693354899 0.564867757848763 0.526921200433269 0.98555222740744
0.577831744468301 0.434902059342269 0.576361707359442 0.995155276197007 0.719244015579973 0.995008735760187 0.99084891190415 0.506023452757248
0.602650686616026 0.869920225052941 0.872992481390787 0.461765816780532 0.364787197819148 0.71170577382114 0.846730264107507 0.903743297943797
0.500385348590074 0.487086532739059 0.698030376606497 0.894291685170641 0.659627168560716 0.988791864042041 0.696052436552272 0.5797837867205
0.457948300248364 0.727546074652861 0.903864224434078 0.571577820036726 0.70232994797192 0.653678034702006 0.841457136369073 0.546702130381586
0.695072241404441 0.874721173327834 0.89402519985321 0.40895453527391 0.819782431562812 0.965664782819498 0.505721021900765 0.497217849677384
0.430550236205098 0.618686419352758 0.768213763065653 0.74866395817943 0.441663516750231 0.970047150144714 0.684250469946587 0.966868644661458
0.600099792138036 0.811338738272817 0.633977026881937 0.713140955839189 0.762610593013984 0.490961571552342 0.497122501254841 0.859052516593577
0.533279237958464 0.896971820863873 0.593880018353792 0.624237098159147 0.453327423958561 0.894882561273295 0.869465279026818 0.627863154214346
0.469920852434565 0.815517556787774 0.862882330318578 0.935782195678752 0.395855810057526 0.913341408965644 0.462428127958879 0.976047704056992
0.661695617756034 0.781890965117756 0.736328426760643 0.567089376861236 0.608212353430292 0.672454611563261 0.565013148666868 0.637995600340497
0.585047626392408 0.466879441601972 0.589277530429744 0.865209995874502 0.981734109809332 0.563239440785087 0.94353318700543 0.596944450690958
0.411717851965022 0.753032565204277 0.464107342929243 0.977619077288298 0.7350212996499 0.763372775943151 0.69959639322039 0.702005246556733
0.975436549597166 0.730319358932725 0.910218085982144 0.638181201332816 0.346271587669965 0.411916938588818 0.882272401193363 0.97483967692769
0.839196217373619 0.673839072794568 0.72709260197939 0.613698654293395 0.568554812260143 0.552529677386689 0.72876143007702 0.570920736913304
0.558702999618404 0.787768741325839 0.471637432407204 0.91621630034954 0.459707082434449 0.952251652290101 0.602699346594143 0.851730014978838
0.945494375489926 0.827514455994381 0.769150744557263 0.760056412238605 0.577473743394257 0.632339436153403 0.742065935912663 0.309941407695183
0.567130936491739 0.692476319030363 0.52368865736438 0.528326479183383 0.7528007609947 0.772006077467486 0.607923898657838 0.956493765765772
0.386569194777275 0.788764151728573 0.782521214820494 0.607476407621626 0.529671121193993 0.899690359611894 0.836204027067418 0.654153398036883
0.982517175497927 0.843227901562083 0.294091023745822 0.810595652632629 0.416577151091295 0.703354455493854 0.923439992997771 0.918188411183742
0.675654102055415 0.480163890913048 0.820337644230983 0.739087104559975 0.708763393429324 0.699292279009908 0.438391652659543 0.816783661164863
0.698938930528219 0.820701787648827 0.454020389887601 0.663145586863386 0.620580895707046 0.983549066514703 0.869570701175953 0.44826776305771
0.482305437517098 0.550886211214574 0.914363705520017 0.948554048543343 0.960958817811536 0.618279165584255 0.498442293822531 0.651411787512595
0.65206416476962 0.498491965493659 0.702961838062038 0.72518123181773 0.539156539691337 0.696686836678024 0.621821642788406 0.872411281539018
0.721298202943452 0.979467015389391 0.620350375639511 0.890909136510163 0.784150625685858 0.518417165240162 0.455992080042191 0.562494051489053
0.819921930896521 0.620241729318341 0.637467737305156 0.88990566578479 0.563683524163748 0.769580622570471 0.492009563857378 0.577761085210807
0.88534619693474 0.95307496204477 0.595979201476458 0.738763832061093 0.467590802759693 0.52000413810745 0.712962796798438 0.603856757706568
0.726597451786626 0.588608024175081 0.60213673629264 0.82495017990452 0.967723922923241 0.991659287351829 0.349932260312996 0.621356772260144
0.649128173524063 0.968858712502052 0.478471885535118 0.602733948065215 0.942964930625471 0.62909299065244 0.553219971395437 0.674930947767
0.720323033095131 0.571867332749874 0.757234936731166 0.597085630144162 0.711545943130663 0.99398867198883 0.569285044098355 0.501551310755314
0.812463790177819 0.764219999870826 0.93229566612123 0.237357150377454 0.633962507201241 0.734244939599987 0.942741797840795 0.660673801982323
0.547708327546937 0.901773009586394 0.465296574965942 0.831881240329712 0.608486210951678 0.451552773409033 0.92803945332301 0.888841088349523
0.56508760000895 0.931482762270248 0.625770187767157 0.551968674520943 0.515404814188288 0.785567494786581 0.678875583514499 0.714619749761103
0.79719300183689 0.536239693779325 0.850399586580121 0.683261694989456 0.506065596089747 0.602621529869076 0.772129472543936 0.590993348292542
0.776616482230265 0.464221039498104 0.606257680551755 0.643065711752353 0.771492016875487 0.886536999722452 0.600056650367659 0.605587556582914
0.664933607395534 0.75751948764622 0.651684057102168 0.556608856479776 0.515776863670391 0.947256901201528 0.507133253596288 0.824379666586213
0.865050069956752 0.313552051300829 0.659766708834656 0.628313140833074 0.910642718625104 0.564393778892087 0.967952076047054 0.75936886448108
0.706366825626531 0.652247588315681 0.604831525572908 0.57290886069123 0.730908661176051 0.941521974361657 0.524743039166604 0.609380174997759
0.934657007271561 0.477782472207516 0.943771538866205 0.653639995731465 0.355035329678867 0.847417823793334 0.639530169104523 0.824805795972013
0.608340854542252 0.599281877430814 0.513732321766529 0.871883686558956 0.598813843576924 0.765215765314052 0.550590335538011 0.877056761531125
0.412652219027268 0.801479757217483 0.655918550873209 0.644278485652546 0.930149998018194 0.811201238546168 0.464371141707471 0.792009161139193
0.352490467867933 0.784577238549891 0.544639270688175 0.987001942487634 0.764306086137967 0.773900754068865 0.983811069334969 0.531099664288326
0.623819751877005 0.963709194851914 0.529998120094636 0.735964955458899 0.473696407748049 0.623909465651526 0.636698668946905 0.873005086185908
0.558819520684307 0.430906023698287 0.412996712448803 0.991532330495422 0.810261604566016 0.773716638966415 0.780267152684049 0.963122806329174
0.592327911721269 0.395733144118256 0.916080012525918 0.813205771649596 0.839391848630129 0.595094984528541 0.726786820960186 0.597083263890484
0.776194897926906 0.522959137713338 0.746781411539141 0.656483048036391 0.447715150421813 0.9910246921846 0.517725728711319 0.949679445597625
0.364926374466998 0.798622248033592 0.851783455494082 0.505281447695509 0.900385686045998 0.769893261117686 0.793506874357713 0.571161606960505
0.556524911080184 0.963381693931082 0.595213003357926 0.916742720445185 0.501545673729764 0.464357673988503 0.721817163685156 0.864170876811591
0.875362097829764 0.754819533848288 0.951832791850837 0.861982234817248 0.904148066910271 0.429603312681979 0.255702672782811 0.879731701474392
0.444678816564987 0.795427464191082 0.536437136047985 0.449184160458746 0.887134547598097 0.689191749546335 0.959125232992162 0.856931074575167
0.870058153553419 0.987132850005726 0.496433446789308 0.572895810098828 0.860306282631353 0.489664748818642 0.522897080036151 0.801584549641912
0.975106941859679 0.632223596758608 0.636572878196339 0.686709443257244 0.764986880951519 0.870046654637705 0.2631594559919 0.862749930132372
0.30523762540018 0.947173351584406 0.886195870944299 0.957092636126784 0.88032632157415 0.759118919139668 0.346711755157532 0.975686400530768
0.788967521402197 0.817340814988877 0.787806179582237 0.510035539582849 0.864494147786613 0.450595052823146 0.465655607032947 0.823144231219964
0.565615485598132 0.623791611800821 0.685007495311904 0.705287297333329 0.647886921751214 0.638013422393483 0.532858799583465 0.897712738789529
0.944113701219447 0.43527785810135 0.991431335257116 0.924172100232829 0.521158468380304 0.912604040659417 0.809085352686551 0.368520259242104
0.942332024291389 0.825174756218788 0.483245815418586 0.716895820091285 0.938548280230535 0.479640689216451 0.740621753527557 0.473596662410421
0.654323484804614 0.452860942868039 0.816124541517299 0.987625411665748 0.729981279658733 0.835671235633627 0.415707556862088 0.674620877907828
0.648401599075499 0.683512972603253 0.599201194425801 0.76740361636741 0.450124694885145 0.70425489785152 0.917200900066122 0.594056582565488
0.284612690740874 0.891179365914171 0.601606644297236 0.859851375537578 0.894073753240578 0.636115840926009 0.796961635061273 0.663602116643382
0.532824381609955 0.947956141478609 0.467713074230014 0.63974777374026 0.488121751496563 0.767294390273687 0.807655039350195 0.887041978926211
0.642292076528398 0.701534246146224 0.564166192620282 0.975164795177808 0.852047465045666 0.288198075906042 0.834408742129838 0.80915204014144
0.879800748676876 0.410076323506181 0.808527945372209 0.967650580188791 0.991150528652281 0.5265926486711 0.572803930493716 0.560517522543992
0.575876261771366 0.630533571929629 0.633506428408573 0.584923844719236 0.778910842422558 0.69727810925831 0.533844718847718 0.861485901003911
0.716827431944783 0.579611592962686 0.680661367550652 0.910350425654779 0.501642893395986 0.960710595397684 0.515516340406772 0.614714656202487
0.556836592845066 0.957702422198554 0.530263275729565 0.663977741507288 0.554435566858487 0.602635744266125 0.829501959012061 0.712323161614077
0.706773691239265 0.659692557637164 0.98515139499294 0.760050706920298 0.591549619389996 0.564625382231831 0.392651883472758 0.876880032746555
0.980874974876825 0.658668678850974 0.932344526340593 0.375330474210638 0.688984840312238 0.95760338520894 0.37645114790828 0.968427708279801
0.660650963257617 0.981753229255741 0.66505862993278 0.813812735870416 0.484060676641996 0.534455842885474 0.649556899972087 0.636788279449721
0.923365498568855 0.41337594284913 0.546127218587958 0.545659684059209 0.623614283889172 0.771730722551158 0.926500774289 0.804044551321026
0.488500975993579 0.890090772736896 0.76619022146809 0.831406998174838 0.535391781577001 0.689300486582307 0.502121402015922 0.712041643971616
0.850885772675972 0.830998337338118 0.865119735249741 0.935932560666338 0.257679721407544 0.775899197536093 0.600290100157969 0.592719392901
0.586494829249272 0.640656527330291 0.459087614458091 0.70588969138301 0.549626200019537 0.657081659207178 0.991013465906342 0.983019010962091
0.647247305441758 0.343250149311886 0.677884615048392 0.829484206578693 0.723286117901631 0.922943627261961 0.569678082646095 0.790892364094983
0.963096076504913 0.663191426634385 0.911498811985336 0.591317401000944 0.507417921681405 0.752335546798222 0.730258794584577 0.422410998049573
0.873638460689773 0.850331923205959 0.783406553380744 0.340646997661928 0.972681873023441 0.80840545716038 0.623418107369011 0.451634743445287
0.952404538776914 0.460655028863525 0.637550704940087 0.959061047881468 0.895759914168244 0.707459654818673 0.400281004167849 0.656943937707233
0.955366650202503 0.522512886338107 0.487202989685377 0.676660763963917 0.712591478380057 0.684995308054811 0.571607119553539 0.807249356005708
0.489650308892934 0.532512444644416 0.804703641305758 0.981884615453568 0.535216193705218 0.698419232795841 0.641195502469568 0.783634267249393
0.666954637335658 0.601221954761875 0.893855960531335 0.443768238122935 0.513161640671287 0.748417500633801 0.670951084352941 0.97139937031242
0.618110216598992 0.607297834191944 0.505249153189428 0.618865170959622 0.864923893425575 0.706776279215074 0.7900684899803 0.597997387970222
0.777185999096247 0.771242058204879 0.400969638379872 0.594939877463972 0.918364891275096 0.494710959253952 0.876049386952811 0.687321910096155
0.504663727310826 0.867125288217114 0.632859633122181 0.334997972010299 0.714848927153535 0.759528267851357 0.883709200286235 0.914529517965029
0.543387108893812 0.645170144855389 0.669238482139956 0.836045803808615 0.456670985133569 0.800231806243956 0.91180416608965 0.568231512640814
0.984771969164668 0.659924731502474 0.99805790485173 0.604463489557091 0.405546701412576 0.512867533424281 0.679835681704631 0.814295769829701
0.998515493941791 0.624618032473996 0.588829585059555 0.60575231238436 0.735546741617944 0.879081887348152 0.498327165527903 0.554622096751473
0.516426413125587 0.581251779908577 0.760792386920651 0.915474850685615 0.930506005791564 0.82048791547751 0.598345945771991 0.427233251464881
0.519291243540748 0.999192045969106 0.853152982678506 0.571190346932016 0.454933290964069 0.869885259098326 0.689343173286246 0.60892271028587
0.599161146549165 0.789910648730991 0.77670279861361 0.695673635858929 0.75982655943933 0.472149194344411 0.582174249784043 0.623401553556393
0.673618053303869 0.752241326891671 0.563463268365785 0.647537420981349 0.552806897925588 0.59590195521969 0.903584027718668 0.61957479441167
0.964296201579722 0.511409487120083 0.658567025940311 0.823202403151508 0.488801410379275 0.779275120958768 0.514366171520023 0.742537385522958
0.976797044795256 0.617505899462738 0.663000833636621 0.588751513304822 0.621400261569806 0.604444974930591 0.586797228006249 0.683886002516687
0.999620265575746 0.728379016042367 0.50251769816415 0.77719825619044 0.702406723692556 0.664358016117612 0.735155874605764 0.401892209557979
0.529689191950306 0.575702451744948 0.503150005897101 0.792781607489846 0.784333041455108 0.777671998501273 0.637723798024523 0.714003615817169
0.944192340862509 0.589816245451688 0.904077212990732 0.306483829614975 0.837786209863777 0.865063281098518 0.681448830704503 0.561282717738037
0.585700888036264 0.671348228639544 0.795312853593249 0.54285102509979 0.546276521636783 0.62914847789562 0.683033640232784 0.840003980168223
0.548829034988161 0.418979775521359 0.409793780400334 0.882321367871892 0.921101111816647 0.732113046183708 0.948217848247432 0.87351375117533
0.564216242905131 0.490888571417926 0.626734840383886 0.70021182088652 0.723346113396789 0.915512539379762 0.832842551691122 0.541653927561142
0.499668258761658 0.834225958749992 0.535253599369569 0.692033853772214 0.778618974571399 0.483863931364472 0.697857201423291 0.931746931661717
0.664437167907692 0.801313046953621 0.543360751161885 0.802855284690195 0.584974744534457 0.633936097263396 0.56581338648426 0.6747787228116
0.780913670388353 0.746935880991206 0.950545719892393 0.710375056487352 0.415522541102933 0.487491283524057 0.609222062725758 0.788706560823508
0.853408082029892 0.680507570066369 0.64984896672773 0.767577867692407 0.716871667178382 0.368045075809356 0.770109143513882 0.590816522618727
0.976742212884441 0.787055876383382 0.94366078763401 0.454000781483056 0.897501417920579 0.51412645550876 0.909415851589182 0.369095828531449
0.628382956490213 0.889364048928995 0.470505103960002 0.679545192005023 0.534437218320785 0.528996312728526 0.96338068307874 0.836689930120152
0.865117619982938 0.72687376172018 0.376361061975531 0.940007388878199 0.750193936158512 0.933571211395949 0.362706465710099 0.795732379512914
0.788733325254234 0.49079186179882 0.635355698697396 0.771776523190003 0.790640238218627 0.944749929323823 0.693623576799476 0.391500657818084
0.899685545804385 0.880978615543286 0.582132677791712 0.832662465010403 0.469330037477129 0.85022338659234 0.625550402253793 0.426502112963497
0.776366581217083 0.94553113970382 0.866263445948294 0.77186121461173 0.694924833144979 0.804646721905615 0.384789387107424 0.393888948241381
0.676665103139304 0.836550228788743 0.749417333462499 0.722193243004874 0.500214452046372 0.990714951080585 0.484151497043551 0.538698617298058
0.796779688333167 0.923276749950711 0.501773411738115 0.63605733117954 0.617930430776888 0.431597138945513 0.715080922540715 0.852036492650516
0.461204140192802 0.581813891292176 0.9986175134013 0.568122788823544 0.978681205604264 0.468784121536641 0.745063387227638 0.974268966640465
0.657739692649459 0.698674960776048 0.541079841440344 0.688900599356965 0.574677710307454 0.631666973688018 0.620971536792908 0.843667951355013
0.714328152395289 0.777564827762961 0.734809688408327 0.856372554442187 0.727142980920529 0.720891667509191 0.573881873017118 0.333643959366839
0.438175527355109 0.688162721211112 0.870755149639613 0.811665331343209 0.685098067083078 0.615676715622503 0.637134298550298 0.604528808667451
0.774302129380764 0.554788333865741 0.5246971814725 0.91138532928491 0.815507284642041 0.585931070693324 0.509957129863775 0.732700431049561
0.737038793793085 0.807080126537294 0.354254427313439 0.76697674237542 0.858464086735937 0.530428482891137 0.840228103635572 0.604665635286059
0.987862074642058 0.421821036734522 0.478816672529906 0.979321619775098 0.606464847019032 0.775032839755093 0.807527758504877 0.611443186397191
0.862651368219817 0.506065922208186 0.52894232123003 0.541476213398841 0.541992507613796 0.735560028175605 0.917139283331058 0.864133078383411
0.618745168920695 0.824381222134996 0.491545975980211 0.798456440338709 0.498247858761457 0.810982283717626 0.553373495211514 0.805836783680876
0.687033048478785 0.479025657702293 0.95556060804314 0.835569013011432 0.985965631924124 0.952548861942011 0.696033621903454 0.288114559862305
0.71471838688145 0.483896134218902 0.73283221430185 0.603749904799768 0.939291243421225 0.60369349510833 0.864567971348935 0.505255415439538
0.860869543434401 0.501031812369465 0.605847304248181 0.805272698574941 0.487825925029821 0.875273269244138 0.503067702722798 0.883476844421229
0.547059505157999 0.792452353898372 0.829327490920206 0.503898870711075 0.65539540974205 0.726777694360857 0.611414586415308 0.636514001210208
0.960651631538849 0.560416778928343 0.745106667072697 0.689056931457727 0.680381254130307 0.604257795981237 0.450769721088167 0.71165964455192
0.826910962286939 0.545600270777332 0.614855937716306 0.807258048455174 0.55574424372141 0.880842376891492 0.580658030677967 0.563346522810334
0.385878468743913 0.604377268139196 0.708879564729674 0.82456765914437 0.857152845954939 0.82116000542201 0.719661714495561 0.531138424016633
0.766888411543383 0.625664963976741 0.898737209239427 0.34738656880064 0.899860411057525 0.719942230148577 0.772822026716596 0.521143339311855
0.497091216923884 0.707033128435142 0.853732105742545 0.303962690285431 0.828142677653623 0.811234968705349 0.810225571401462 0.767170825213943
0.625781847238542 0.452386706574022 0.924380562033485 0.927988594408827 0.424028794658449 0.70504178961297 0.684323696568905 0.824552545563839
0.514465581955477 0.797770354192271 0.52759165895663 0.582602478110499 0.801216838196434 0.843796015472783 0.493497462590816 0.925771186975288
0.825169590180788 0.505310144451423 0.72345492894542 0.941200746750984 0.731319894059615 0.726403470615962 0.494681638118027 0.507667755435071
0.430796988174461 0.861376497750977 0.866185766101768 0.49913281160966 0.950238233504773 0.916295682599391 0.451651308769357 0.720986858692015
0.650472269832943 0.541488326586531 0.649731498020004 0.526620410393771 0.815347946416364 0.76689349417933 0.886087054372284 0.531587821760989
0.915950984695522 0.691754756698013 0.834234862614923 0.59468440974547 0.75503703150573 0.637536973174863 0.477349228682489 0.508459875468114
0.702250495024948 0.891325490778029 0.646693982661452 0.59055808122159 0.731977424783812 0.574324362432672 0.554426451032088 0.605670670874998
0.529827796366643 0.647118650909559 0.801361725150868 0.438674640682362 0.479750121848227 0.934461249941406 0.97951490818029 0.843492406946151
0.543138941348435 0.775756180677526 0.951681962945885 0.526319655116146 0.6039530317679 0.656796849805661 0.641551416774615 0.666596354873031
0.733734007986429 0.967466651845211 0.786525217320481 0.55988207868453 0.739960752105599 0.785139656462083 0.410912288035365 0.522549452620165
0.878717253176498 0.556895471153904 0.477986628759979 0.841698605616111 0.852095685962755 0.371343504762355 0.736515521943974 0.930122712345092
0.76508630000371 0.770554197129406 0.956345050920586 0.551551075080015 0.208195911561874 0.814053540240491 0.834083974240448 0.989997185904195
0.603753440980871 0.475873373874971 0.721298950231338 0.516815761385543 0.61346866102292 0.693766793739772 0.95386756513562 0.891256234705811
0.469677552498022 0.737617968436637 0.434353833156541 0.932008065529418 0.871264053059606 0.792250576349928 0.608153531964217 0.665248061399567
0.416847032784264 0.618832567413954 0.653778739363839 0.767777082437617 0.953848209405046 0.862072773657844 0.64079947607971 0.563344029607523
0.475741467398678 0.925784891598049 0.649570272625175 0.694989704580667 0.763821977987595 0.549739350097562 0.731307810743679 0.583943956851725
0.602549108126657 0.688650296903744 0.82319932961623 0.542401440883192 0.519324566002602 0.672337721842717 0.668996542552069 0.762377395101527
0.482397090344471 0.898954337896957 0.524142667499547 0.575756403997253 0.751678611312874 0.827587171685902 0.89827425728858 0.53770534259464
0.697982841860394 0.678122433521311 0.500036876855436 0.865700608276499 0.910609650464775 0.650915846392315 0.624808373212602 0.483703690150833
0.648449438051928 0.533797812402789 0.656689073797783 0.548796167575586 0.998446589419601 0.585388745110801 0.609415856310416 0.88528490438345
0.865243177352493 0.493695488598038 0.57737326335609 0.731065981487261 0.506140442547504 0.647151302050485 0.828333316812345 0.72307300710154
0.734757606855983 0.697280198282257 0.530323934040621 0.773143762987963 0.685691737810113 0.711144734701459 0.546946062609449 0.57755128457496
0.702526956865743 0.959122424649722 0.690244050931977 0.85577566710459 0.427745409238371 0.577390722481538 0.496777111479992 0.816200618507806
0.540205378381915 0.857044682089411 0.755274052968556 0.436000862055796 0.705784152579879 0.926724190989307 0.56385170315238 0.671352437469057
0.5315948449725 0.432741673240162 0.6719047499743 0.754789751758218 0.859611357605021 0.547118736682851 0.793620809818194 0.84625585274317
0.963877316900575 0.710490836047552 0.933275466127828 0.3828044715833 0.715071661978927 0.814373684096119 0.378338645404406 0.83449173653833
0.922723435244745 0.651344355275937 0.987764169348932 0.924822181480396 0.588770739311277 0.514992546911475 0.612877078685553 0.441018548261624
0.556262635533453 0.752609429584225 0.754319267477086 0.603839729054436 0.596866421613203 0.751562474050793 0.674401219868357 0.559159186904091
0.815942708372881 0.502265275796169 0.99339816954972 0.591205915084401 0.552403317341658 0.50368879611789 0.812521691044935 0.736540037312999
0.81880773499404 0.553059892447595 0.964169399348575 0.393297030298222 0.492059812331171 0.826929692374419 0.986567317899381 0.668481410180391
0.693983107411557 0.867584576851193 0.479750210690622 0.598853438202974 0.62639308097466 0.739936100438432 0.825644706052341 0.531356980721512
0.784299775077063 0.580528689445901 0.977726771772638 0.671219381262418 0.823974061460346 0.446437720383478 0.873510973816868 0.438298443620349
0.86896813680456 0.570172891497875 0.690079859445415 0.539088079966671 0.637551480126783 0.763732075471029 0.80810441962026 0.484661625157548
0.75359818243855 0.773064326776772 0.991830833695457 0.451352550024627 0.386954585644221 0.707549222313741 0.771763286664883 0.729331475541427
0.498524796410897 0.56876522145661 0.616448784980992 0.958881866263309 0.521182962689669 0.771058846546778 0.685379511389619 0.818090429941729
0.417486045070684 0.875252476775306 0.726518407092255 0.63102962990472 0.453376580756915 0.824365350650952 0.677633715150811 0.975109882083999
0.472657207433041 0.563679925029406 0.869354686239941 0.705408197192632 0.549234665422086 0.818946922205152 0.744657310412286 0.644314253793376
0.93024650019979 0.576358976686904 0.833279286182648 0.554827369456762 0.915071821605211 0.94224228157912 0.558761810609181 0.379960988379143
0.922028089624799 0.583979082025214 0.807034422758145 0.385434838531347 0.987932439256718 0.778272330658889 0.565065290218557 0.59080085757399
0.410884401288128 0.655479275210931 0.94636524011942 0.577005384819256 0.90425254662535 0.752237756952978 0.99394870259206 0.469098099929873
0.552912721525616 0.472682438870901 0.711631998209257 0.683408334878948 0.976326153495036 0.76544240295333 0.490934383060226 0.845283328049625
0.573672178956171 0.445273352399604 0.519552364496253 0.542741776216249 0.761533972495492 0.973463636258238 0.920339853642449 0.918195611518013
0.501672792119009 0.715352790755861 0.496465715818726 0.558673197455156 0.8829765836105 0.858219427513069 0.565804845542667 0.997137257916844
0.688087970040491 0.752724754432586 0.866870816268192 0.959592434941541 0.489045558402166 0.772634545194871 0.483682700180953 0.507195127762182
0.871463912594298 0.429433628172385 0.718735083778455 0.999981480951318 0.651568724415654 0.569408921559035 0.499671509480967 0.852755621260111
0.569659569680204 0.541906797374028 0.919033474897739 0.793501180050002 0.674190558398965 0.74005241190845 0.493838893592558 0.645265191330795
0.528495939954437 0.818258310510431 0.672557851875804 0.720473986086489 0.38683000349283 0.731798408540026 0.768593758705229 0.75949565481883
0.77397934051335 0.470802563032852 0.659534767749071 0.702360573169439 0.547302093644168 0.997716252723511 0.563087708421818 0.738225343158963
0.587615534051576 0.583289421645929 0.514635924000237 0.841855811255947 0.93490288943044 0.774927065227432 0.588824185370046 0.585581775111926
0.786284121812064 0.467410700317986 0.649320587521871 0.601988620940428 0.669076356090851 0.522990035380091 0.796303442271162 0.896347691765696
0.576036153115393 0.618737362410006 0.753818573124296 0.553736548578037 0.667140093955054 0.863284140174671 0.640772099696578 0.604265913822562
0.865613326084708 0.499910656135702 0.689870382095745 0.528352899168705 0.624229140174607 0.909343873603179 0.501437408186138 0.876579693323957
0.462739297929918 0.449340275283271 0.835573593949442 0.982674020100727 0.745845167625993 0.824821309719187 0.468800757082906 0.942261927841057
0.797123285966882 0.970333150070062 0.557433899566893 0.322297880443803 0.926365204343737 0.775524381855138 0.995891271671814 0.503021395939928
0.627113958805107 0.931984826995478 0.673622016261319 0.593100402569109 0.600428594483355 0.923468854683603 0.556617465756838 0.52868516904033
0.729002377056917 0.642479784240801 0.675388761766436 0.441309174188058 0.922563103958714 0.80558774544472 0.533583659004458 0.653741587667113
0.435726479009448 0.588641364851199 0.65197452248664 0.813421809546338 0.724894997813354 0.494462199093532 0.979014739763869 0.842663732326474
0.579689381391123 0.982337194256786 0.867436051225014 0.563488705284755 0.977281202504033 0.978208364460846 0.387099877463159 0.511866699656442
0.687420469516565 0.587264440945381 0.955538508039966 0.976606940778665 0.974654705093749 0.170854911582847 0.799419008561242 0.967401837768777
0.594097915834053 0.480300972122451 0.394051354411369 0.857403990305489 0.990583796042057 0.858576512798698 0.860511561491734 0.628378225456649
0.908124322706439 0.959755559327639 0.507604842285089 0.34828731656536 0.916901114861267 0.805749718061528 0.753095920871653 0.533999344644824
0.740352112540298 0.672492548127121 0.9438383981011 0.90330743325901 0.442626599962634 0.607913870590365 0.469876832414405 0.740402132599267
0.637131325865755 0.859280241222211 0.552590144696875 0.882645279680446 0.538470021033538 0.609609507517838 0.652081506297013 0.61514336506677
0.453038186756989 0.638196353167561 0.928054718682561 0.526939013017775 0.952691629108121 0.932299560373415 0.422250332410458 0.981239264344936
0.553423693258487 0.563667800528629 0.849019746570339 0.600511558939367 0.540305082681912 0.625166924583555 0.832617737957482 0.780998426000768
0.790188642604251 0.678609668609247 0.630659194203706 0.889809256026502 0.582036470075274 0.741294216495826 0.738876420201727 0.372046896957826
0.760401348902226 0.799724915969504 0.585497814242605 0.554795364437633 0.560475428474514 0.650299662539424 0.746281323637455 0.60933671038225
0.789903568249556 0.611264444575168 0.845033816676657 0.936323903236966 0.604465066828243 0.765579331630383 0.284051513666941 0.770452998623688
0.490493129098167 0.941442706476752 0.696371055257964 0.933887255285234 0.713710614937303 0.638724146904008 0.667413580675225 0.436691221059814
0.921318975972693 0.578117299923565 0.838459529614824 0.729709462833482 0.46635370386116 0.509145306841049 0.707054332026082 0.675749907915746
