0.544847381848051 0.807883846629971 0.885754913009915 0.576453999936862 0.760963390513905 0.445153944870472 0.620856985500839 0.766029376369691
0.580587939321755 0.929746317515301 0.525085876135286 0.607516232119094 0.982776183112372 0.567954647982626 0.540207698947817 0.797016739153376
0.801833512051613 0.465887166850324 0.709547103674759 0.517810120762548 0.819544319821918 0.700416597926613 0.979208802199524 0.514369668694488
0.646079850843633 0.388705902431714 0.953126503993269 0.444145788504154 0.84067879346174 0.79131725510311 0.817480485419563 0.703952846390035
0.647177609854762 0.840132357796636 0.780612355847825 0.839436346845572 0.474549305890928 0.722557139412592 0.605131848014233 0.483228055536761
0.657081357291293 0.923244916962767 0.450822209994993 0.791945889564722 0.973759969488442 0.392188485662443 0.826715615511096 0.637395739494544
0.828573269127119 0.744650073395229 0.853248390139244 0.875954075295293 0.085886659220217 0.890575912334289 0.907060801075599 0.889223923869604
0.452314390042632 0.922471388696518 0.907123657034405 0.637103996615039 0.878259479937767 0.535208827519653 0.84345873071182 0.453782547433254
0.722030275452422 0.803384515440829 0.57858106687286 0.667837886079851 0.823801197143021 0.472548212089915 0.564238307369296 0.688535817657257
0.474831956252098 0.493556683244995 0.823200168462791 0.957633508876129 0.82188238822191 0.903387681611778 0.649236167195493 0.479840887184631
0.957412329088488 0.657770485544809 0.716041373476057 0.666009919239634 0.432247641259624 0.895703556466281 0.405212893933838 0.956512259580277
0.435808906437145 0.439363068471271 0.579763448782992 0.88899622090301 0.597667289687655 0.91374019836604 0.990312597152881 0.904879896663778
0.916821238855188 0.895158401110599 0.657626949637979 0.626892332738218 0.541753615524219 0.432251828946686 0.951553378429354 0.562980451133034
0.762659293512772 0.763905964937518 0.464454121120894 0.596386441833212 0.787973501921887 0.887378271095529 0.692731793047946 0.465057888908174
0.613705585518996 0.981455876923073 0.427331189929969 0.57208963274878 0.503434563919443 0.710249397419925 0.907643363794594 0.982294064401483
0.839209163191885 0.309404869415506 0.955627189801256 0.950749628802207 0.636199656081755 0.47475130625666 0.972226875529729 0.710479879617119
0.998732737809098 0.545549394250791 0.762615097645539 0.658710876971738 0.419282120423601 0.933633464890428 0.515050543234318 0.790645192656128
0.992959793178381 0.667893844008312 0.666827863029172 0.686311915957796 0.543538447947797 0.521156316015986 0.527908600179032 0.859524600949678
0.881036576695612 0.570643004748557 0.621620541767618 0.521329404716153 0.993846032886933 0.577931021347547 0.530710204594943 0.824527166719585
0.758602350407762 0.597185321295012 0.671213296492106 0.546010425555936 0.970431695967552 0.476467138170364 0.834183554299543 0.596509921311523
0.235309710668414 0.679694082774441 0.94487880798209 0.670356657769124 0.878379000605082 0.932893581943737 0.719671796088223 0.678953334919847
0.538361259257602 0.959821775845582 0.491590652901564 0.808076638446701 0.70805724664927 0.597066509113464 0.766490230514594 0.566585693976939
0.842734284135174 0.619408281497041 0.523490908336182 0.866246931416629 0.696580530906839 0.636269642343959 0.564830025262301 0.585596107151289
0.543313563933397 0.710709808372124 0.971176727148861 0.86847818711377 0.541088701300354 0.838694838138693 0.728015951785885 0.384349402649748
0.651072037493734 0.682117523347843 0.653805811194458 0.700966994734622 0.748526220458371 0.783374708338107 0.519082912222159 0.524098718937767
0.448340122424301 0.869716202979303 0.610880962543208 0.942490086655294 0.479661690671968 0.984107854001442 0.598952611932022 0.696465862994164
0.74722244288945 0.548290311439811 0.681781508191637 0.826748736629586 0.399552749514041 0.836173492976982 0.553337037600169 0.882105860643789
0.876873141435761 0.586170022337009 0.612715154951652 0.737363379197248 0.530418590750668 0.597876533175178 0.745815640483943 0.615555843599687
0.966503143867505 0.499155482811262 0.495358729150507 0.546810674394083 0.833315568675236 0.995014055804947 0.889378426506962 0.502060584673366
0.444198415493747 0.678447386983232 0.754169185095247 0.817273048627118 0.853466963540064 0.582407241123568 0.619394122447805 0.608656020437021
0.913236659669852 0.595451888067719 0.710447549715153 0.461501899956915 0.461430763379694 0.815298657095261 0.776115685362287 0.715928657472425
0.871980655430073 0.54220258003405 0.471148918264244 0.741374300012717 0.632014682830407 0.877139498560288 0.813628540195569 0.507841861953542
0.45902585169605 0.522574972093565 0.734392255020404 0.791317095651663 0.519270213530324 0.968020161640886 0.698647585770975 0.794137984046024
0.733829008595484 0.763481934842093 0.517738019748091 0.696834579106241 0.851216460596392 0.569730329270487 0.443341551180839 0.822266608715154
0.788211302153657 0.957790607947119 0.644543770855327 0.715868552085343 0.948832345810511 0.69254837195212 0.519140375735155 0.353537709156542
0.868673217689264 0.519902795013846 0.67728896113499 0.886494658300828 0.510234645901283 0.625612515997299 0.905991066278732 0.503653041774116
0.712221162108801 0.490471931176878 0.945640869498775 0.764293788063812 0.552795034122258 0.643802921473638 0.805565400585979 0.515873259958205
0.438431684035813 0.744506813755723 0.754098149793534 0.906206796514914 0.823164289446225 0.570010158601222 0.469958346340342 0.76979772701933
0.945816501469486 0.694942068977721 0.859452081658782 0.709266014912947 0.799078189696619 0.616437794037072 0.659707486933609 0.295418347084614
0.857131647574354 0.398879724656368 0.666533813254807 0.731223020975397 0.912891765148723 0.741374358192993 0.45224926052202 0.754446856032467
0.815558387779371 0.434465940262756 0.586521152342656 0.678593152826755 0.441502492933494 0.787648928978156 0.894179031611371 0.939379211698113
0.508925951419759 0.592710092973471 0.507784961041599 0.620483453662917 0.826386753113878 0.836004976827337 0.676723232242594 0.787611296831811
0.522466242283293 0.929562143670249 0.66198821046604 0.615702823330208 0.93029026018663 0.509316498046928 0.655583841279744 0.624751427084775
0.563281649719944 0.514095030023641 0.934213592380786 0.551766523279347 0.643006382207588 0.752323339120227 0.964455553825972 0.578240871518438
0.521233626946128 0.920490386623068 0.555349041672613 0.403561274920805 0.763458348943854 0.676447684533402 0.982385266880766 0.776261264983225
0.576327743263616 0.961500481507905 0.754530862727935 0.677093588989043 0.481757663634756 0.430640555348051 0.877587160096071 0.783746078570397
0.656813415117127 0.649075606825677 0.762533640822973 0.525150137490765 0.623640714649118 0.934404855765306 0.902658867134027 0.432745168551908
0.75350843894362 0.716074631770904 0.694742443742048 0.294153837185462 0.753487845837171 0.737557957944108 0.708760436365592 0.770298534229859
0.804860459114756 0.854978827965881 0.788549673786782 0.32634049296474 0.56052760217045 0.995912126052515 0.526759338352082 0.841092403058074
0.476693687695762 0.784124514415536 0.607625329039217 0.825019036980264 0.542480356987415 0.895393939307156 0.648981128151706 0.610781348949427
0.528503978544798 0.930430167575204 0.949199767523645 0.978553158704007 0.458553505590763 0.430914761323105 0.914946556072416 0.618483937382524
0.524454624306181 0.58956496690348 0.731218556040752 0.838243336021237 0.765929823283392 0.534362382048058 0.53956844372453 0.847073418234199
0.709935052718114 0.446609326275221 0.80859698068852 0.650301239074834 0.4650539292199 0.864880568851317 0.952834477605371 0.620463962740196
0.605465420921295 0.568951193828192 0.619913591374643 0.485296230155818 0.853604963992473 0.93858159010239 0.853659613206191 0.549961660025997
0.811069616518544 0.793991328312068 0.396983640300277 0.336838674638136 0.851955141189027 0.71403810341756 0.923949124221029 0.90524325015294
0.592794627039485 0.902398493855581 0.775220527717143 0.837972017452023 0.661544349856077 0.930254830927853 0.467564261304433 0.412654768999901
0.69170882454245 0.49192274206166 0.662185385765562 0.934520813184502 0.458493652869909 0.640135723697987 0.677087946427541 0.962527371034989
0.918801657215336 0.564609709284262 0.72522379706164 0.636423382978195 0.724619434518582 0.593510206856953 0.761961322836132 0.453720413951812
0.764946036460718 0.84909360006038 0.807130712344194 0.771083757503385 0.54840599013701 0.743948885095261 0.513400403133366 0.428950795794929
0.633203945594581 0.841548597722321 0.854174359107391 0.63112324358518 0.980237300635436 0.876624984013343 0.406325861328751 0.438789088807902
0.504684747121352 0.973799005739892 0.933784951136017 0.858173287865019 0.571503708906206 0.596864513481371 0.427206802674614 0.764930392605771
0.311837698291492 0.694374149435571 0.774606600829695 0.856254560276262 0.60871088685448 0.758597945720575 0.851329669083582 0.642123539511508
0.51942019593388 0.658462224145348 0.52421858143138 0.633216214674819 0.746881980661397 0.526189270046151 0.97545926112307 0.951739159171555
0.594970034071347 0.572896221288434 0.583702118540831 0.923827994842739 0.783179448771361 0.632329063618535 0.672069387311771 0.57023793466585
0.603502669165547 0.790054570951536 0.282838575392799 0.579782753145617 0.874817642653901 0.730713840112546 0.882476607985271 0.923761336606691
0.474360826202906 0.785543475641102 0.97530779190605 0.687121563829556 0.770811860114893 0.91274622009618 0.903970001937967 0.285964250846291
0.595273817251992 0.811902529371482 0.515010990622289 0.492051481932623 0.733582456918702 0.841361428020408 0.553315764078502 0.890827146618815
0.822026162890667 0.594387311521498 0.8347797647281 0.885934827593957 0.862408613642871 0.713655682571994 0.404190936158587 0.445399087386315
0.792533548592985 0.54211416695947 0.53536642831549 0.823732588381183 0.577219133159712 0.660244688463614 0.844772824308533 0.573302367068089
0.689286003856777 0.865092381183731 0.443383458481715 0.804617339377312 0.696644573012519 0.710874531685779 0.472646444357107 0.710966153431162
0.445766933494217 0.727551685864096 0.982776196177665 0.611913088194667 0.714956139139771 0.839767077405272 0.802390342624476 0.432800436532287
0.655642987865369 0.676431432072774 0.962024420516806 0.692466363796752 0.961870816689945 0.609662112104953 0.46023791120537 0.514673373733155
0.840910930842167 0.748809657305134 0.541728623119081 0.512217368334907 0.682951210326646 0.771095932811251 0.860465623293941 0.460312423806853
0.779427990455162 0.700369382493338 0.693423447412537 0.563119848460805 0.65596058054159 0.552061809280868 0.526831163663825 0.816109979262424
0.795730433073419 0.518915386582416 0.581622957849493 0.519340972142098 0.637303647562935 0.980217231474097 0.735200856815642 0.655470610734441
0.777626085110578 0.66553692417173 0.830536204687633 0.775104993500252 0.505430064580484 0.502676432506692 0.484764989553893 0.955376203439018
0.981513979427998 0.962025281951358 0.854508408432063 0.708690634203542 0.486182264940721 0.591035468378698 0.886861522069747 0.33057765958942
0.715507965788734 0.955930284357629 0.520133060317648 0.655034750073198 0.560538336706176 0.905910474416453 0.582832752888912 0.562003499118299
0.478348153060057 0.690299252094274 0.990759538780776 0.764986631931633 0.5697025571403 0.830631089396742 0.779545747196482 0.43945889245595
0.661091910158419 0.530719380060275 0.574313097206413 0.895264043974008 0.993083653023516 0.821303874195359 0.51235929986036 0.549484236648175
0.557756563124111 0.970825259128342 0.759125108738071 0.591400434040226 0.976703091883164 0.413088328398427 0.541836288018162 0.846138973988282
0.628522861464048 0.632655604561043 0.508520018955897 0.670897090496024 0.936461183953643 0.932419608203734 0.401620644171959 0.897338469266508
0.639087298116495 0.480587546079833 0.792121516060337 0.498473942328875 0.681198772179449 0.612724670283447 0.773296877907865 0.95309409109389
0.451825885179367 0.747228665336619 0.987944284466028 0.562049321494325 0.417281980487121 0.721494076494417 0.844312778207204 0.95202808727785
0.732437407030434 0.814309625898997 0.66747618229637 0.970538948231116 0.875819061028843 0.537607950817177 0.492241611173593 0.456452939734499
0.588418103996616 0.860891911989372 0.621159897136953 0.943400208184578 0.76439809918282 0.423920361956604 0.48795107188553 0.877706038818764
0.51613219217673 0.680125923670706 0.533109718647483 0.843746206644307 0.564313678948395 0.738019384232992 0.761070131710054 0.675027936992862
0.717390823590119 0.397605674875219 0.811181355228216 0.901097688911206 0.81342241980859 0.849711251242738 0.37671444015168 0.743219564285571
0.555365776156223 0.554230026215726 0.879351677747548 0.942032724479759 0.892204343090894 0.623906344222581 0.767482776010113 0.384741750360725
0.481692658431661 0.841766217367303 0.710282473698817 0.764008476669842 0.648300400614608 0.827236008818539 0.386739804539794 0.807481810242095
0.83111979638545 0.468313980358329 0.614149732872454 0.537771051460443 0.791784740713692 0.493709819562451 0.998286453382864 0.837005685420741
0.519476373157796 0.717294360261062 0.986231778017665 0.679750580104255 0.59225595394617 0.711369598002913 0.572745075178119 0.607169472173817
0.512389676550841 0.993734320340299 0.784135486397535 0.721488976752413 0.600875472011589 0.508544350389101 0.801659209993081 0.555182147318759
0.642921277198483 0.749898806522806 0.970836362405643 0.6206392214365 0.642478840313334 0.525367834850743 0.702805663140848 0.526969858260005
0.768770925120087 0.41376962291055 0.90476021641007 0.524075930590644 0.829655549612827 0.655031160617865 0.551986850448203 0.863778821056944
0.569076405228858 0.910382048200971 0.694660060665377 0.5163107157814 0.415550761425183 0.931320877555934 0.799489853755377 0.695724429362658
0.864404181880238 0.334051445409426 0.416401783348884 0.866593221903589 0.814231926553568 0.985778777458767 0.629809493099573 0.910618692418555
0.554731288163682 0.729639903385395 0.726279399866437 0.65274750912291 0.572730806801634 0.658539671147475 0.905751111507326 0.525556156703678
0.571307027953173 0.958210335949769 0.432455395566636 0.784525684056635 0.99539424397204 0.470809484338665 0.611460739682715 0.877879857594498
0.76911753692941 0.982291105637283 0.585033194482034 0.735427282945758 0.755030743147549 0.456941710938484 0.633478957135919 0.536401473220394
0.698901494105069 0.646544394203911 0.644600330884942 0.803575527249004 0.752126567392745 0.773095832321081 0.528715061034946 0.4666323101474
0.397623231180748 0.657150320777937 0.946443957339427 0.635609906659665 0.686101438526599 0.967497508408096 0.466751846542568 0.997628503920904
0.422729423523603 0.626476559655165 0.928004044704891 0.576240864193861 0.780530465171315 0.708815595619823 0.775276558085437 0.601217052932977
0.575410202151799 0.838193134779047 0.512109631079685 0.479082845439291 0.726530321627415 0.556995645971004 0.913910528347544 0.924498820389918
0.448710151674496 0.85669178666881 0.709581846076296 0.626341928179018 0.709490895855946 0.701164752498685 0.500018073088002 0.83296937891138
0.856456921821519 0.51126000039549 0.904307008443384 0.660673163849692 0.79667092864569 0.575643602580401 0.697522521406302 0.449259535912196
0.683109509919411 0.608291874692787 0.870945015987173 0.845795048140293 0.295352654305965 0.927331547069141 0.585726390711782 0.820334765214618
0.592760212742704 0.662209792595179 0.797885527480185 0.522995877361799 0.877759436385726 0.882324574355871 0.607988074362711 0.481148646137336
0.914211918655253 0.608674216210217 0.988789881927547 0.608008801272372 0.590034639613757 0.424343374196594 0.873153883047339 0.587471595548348
0.749308902280394 0.874476703298842 0.571183802526631 0.964826504841654 0.26946380424225 0.834195752280392 0.581866798787509 0.983634985427367
0.584853000204356 0.758644455370755 0.93856345212135 0.740252516354595 0.542033445620552 0.648143328524231 0.75143098637034 0.449696240033728
0.760663567899419 0.612660454859748 0.983329111002629 0.770665378373941 0.981448947688396 0.390652269045324 0.415119426634617 0.838507653550154
0.41527207494121 0.565317072208728 0.864538806390726 0.763724662362459 0.607885247587217 0.903310801762446 0.553054368408308 0.820821156162311
0.550099013890334 0.793389735928034 0.662186364171498 0.537583639161024 0.665340680791996 0.641492589057511 0.795561895874702 0.619690920299514
0.97468821165234 0.649167192785836 0.971941743284509 0.536353643959896 0.695487949460055 0.664028477348541 0.492277480495672 0.556002437230689
0.853392064753643 0.784730051849414 0.621279781917173 0.962699942354434 0.462397736165924 0.688478377522395 0.509510488077346 0.599122477302292
0.971263954924142 0.893510326414875 0.772776404589932 0.425862241482815 0.50389125748793 0.904419226739422 0.746048321026646 0.464445672970956
0.989806874881841 0.759212204574743 0.804114272681123 0.278239082124389 0.985820536441896 0.805472184898726 0.803295431268925 0.44694260547378
0.490672972433528 0.56116288981559 0.729875479171451 0.580566747112844 0.57589178018676 0.762556374823126 0.87115554620643 0.78489930541421
0.510641089194407 0.972289828653241 0.806636268538693 0.444157848622156 0.850585086842749 0.718581689274304 0.448939825633756 0.909327097388152
0.513564315162636 0.685370548217466 0.685587036477932 0.697878833927382 0.718440862906426 0.701475036649402 0.596711720344884 0.621553459473491
0.735043106328328 0.686115543650155 0.574815337451545 0.549429419272404 0.59722919769715 0.876234276495718 0.613950743556435 0.652289998459458
0.348189420822664 0.864979634772911 0.833670725644896 0.917210323369152 0.952554654461985 0.421014697740381 0.572003054166034 0.958328845789602
0.670953412198003 0.70008043442851 0.677467566258794 0.699358301423131 0.477473873363334 0.766931389241058 0.730892932641654 0.544378609519008
0.503193116684297 0.985306567046393 0.613734102204511 0.698591308661451 0.685523675466124 0.889158708375069 0.445518461951534 0.692937214814311
0.736485769897091 0.588957273431687 0.791932033193163 0.760631661218202 0.592129945715134 0.569019782901556 0.444243833273867 0.993086138590998
0.689336091444592 0.890155668747647 0.94880257191511 0.223737295023163 0.834804137086124 0.593023701819434 0.925902208892945 0.703676980339401
0.54180806892031 0.863597317598566 0.73529635497633 0.573606374190679 0.753015345616122 0.599928861076613 0.459989377824759 0.916903002792807
0.570945938041786 0.946916337804704 0.347170581261807 0.905534692621394 0.515908287508625 0.663476226683077 0.826939952173591 0.978976770159166
0.705283204162232 0.539121924780323 0.848597294183755 0.438805832333871 0.937032556119133 0.556007210157259 0.753882312824094 0.681875300361765
0.596378364956036 0.508257036350368 0.587954595723353 0.656898594827602 0.728002376296945 0.618049028985384 0.965778368448597 0.705486719512385
0.854577022955275 0.797520189000266 0.544355254206666 0.426884050561254 0.938979724911802 0.75155624354396 0.867334636936672 0.435436287595224
0.854208483324242 0.885148422489314 0.873740687955027 0.511737450748158 0.914979907395701 0.410851891601326 0.680646576637876 0.495122094819525
0.987885955302892 0.64812686539438 0.503057633153878 0.54891811912141 0.495136599868665 0.600770810697866 0.986769574121965 0.894331058071097
0.667978662272774 0.86576350618835 0.986066650819715 0.978008076027305 0.736335541029179 0.460773583400182 0.910653432859751 0.290917686202529
0.498794420249112 0.536327217949617 0.555698203073283 0.767758824014383 0.767929971870535 0.743533468466452 0.604022838879745 0.92234064412431
0.669326128892725 0.54105016660213 0.805638420413267 0.76929300472171 0.605436626611196 0.743799529580608 0.683146024701848 0.482987116431421
0.591876136583144 0.608706021806312 0.66306566921464 0.926183041999799 0.902337932764132 0.576180980495676 0.609275916192971 0.531465585200357
0.668349901167414 0.899582349199191 0.931797643995007 0.242056516677365 0.494712323092222 0.938236609268321 0.88526631990323 0.831179231556006
0.92969561523261 0.557409460247945 0.617622921598523 0.635447160420893 0.522134600107541 0.969494546698012 0.803208200391791 0.497957203832336
0.703465426560362 0.480290997602775 0.821892119729009 0.721709903027775 0.555349488733714 0.820514435180345 0.734177903160333 0.518116744243401
0.972718850082762 0.463000267021208 0.58366650734648 0.963741027528654 0.864559480034478 0.960339330291623 0.517563408736102 0.467480922698947
0.593634066140671 0.969335845886767 0.777805133019539 0.415165734893494 0.672037825672575 0.545833831955027 0.780330417407686 0.716373591861555
0.994912471093307 0.985242958037725 0.769759754635654 0.450873156433968 0.742449587373574 0.942121974011355 0.449353762565764 0.478164656126998
0.831721056961756 0.503017306470441 0.700632709941621 0.699316150044826 0.616345485983943 0.73575126854621 0.907246459681941 0.435165997624165
0.677689723779048 0.668354367901969 0.846879196755718 0.779915017780788 0.487850692416651 0.831227652876465 0.381764124160794 0.796905775114837
0.782501983713546 0.660828887556062 0.706908609499406 0.845195623815052 0.456579409789332 0.538399849689775 0.757558876677947 0.599210433750546
0.421436698150056 0.483786021655153 0.830585384678298 0.870437830278541 0.506779911536745 0.848431005470233 0.760776568920651 0.827277966482263
0.732254260769599 0.843452107919589 0.789862654158993 0.298250289164534 0.900260199898918 0.659367178437754 0.769310352184837 0.566412459386068
0.608782075517715 0.654290496178916 0.483798659578298 0.696557456638584 0.738150634820838 0.753525606989349 0.519877632330058 0.904815604403572
0.730652446576426 0.596307009571975 0.840976173520244 0.717606179907421 0.708143057873629 0.503091212663648 0.461239366670368 0.807419678305171
0.818695567652636 0.650234442698708 0.539121747361334 0.724398943143215 0.961005772982971 0.8058180076592 0.408999400470479 0.59022061190597
0.942495146275086 0.468995947689131 0.576895894488209 0.652388315144538 0.915069269561782 0.493676597783176 0.638255105502787 0.85702820075785
0.510564343113719 0.695636992783884 0.764459001561256 0.942120008204786 0.612958476888023 0.654966970756066 0.419583882199121 0.942952296051518
0.639155785460304 0.874529946820283 0.69974498961374 0.836095212409717 0.85044007541271 0.600705512124939 0.448485700523112 0.498942531924934
0.326771011522581 0.855168826704059 0.87391251562215 0.991454080898446 0.444604742116986 0.972459986239938 0.552124117300325 0.999349827322769
0.820159739223308 0.708666004497365 0.985377633481863 0.412306021858287 0.754002589647574 0.888462469549879 0.417680663783257 0.64625884860438
0.959929468187195 0.498313115565013 0.961950335107966 0.760514806447426 0.518624394498594 0.725930417849723 0.59022439334839 0.538317175651642
0.865058955647298 0.917117989484106 0.311000069503028 0.644627822387228 0.937514538935293 0.495423905286837 0.911468126997812 0.672018541228261
0.943088789914204 0.595251188175228 0.374846238928221 0.896426051227976 0.989384607269446 0.39389938463582 0.750173637180783 0.96113006844046
0.55480741533484 0.820078612676545 0.771438690199891 0.766007192041907 0.454285627767474 0.555356719745965 0.757589421758742 0.671116678365057
0.559489571187011 0.642032393173723 0.591446717265306 0.625075801251998 0.761728872464756 0.589645025617325 0.716666696639469 0.745277172363322
0.704404263014989 0.897290315392101 0.564025144789082 0.710743209624383 0.950372686440731 0.866496048162331 0.46412617195696 0.433534307463759
0.552551269181519 0.440282701388909 0.610814856091035 0.752139547293216 0.862237642360148 0.931808446383869 0.514772132618369 0.879452663993841
0.896943365274862 0.659079307205111 0.609840324290834 0.41722580079801 0.617586559491217 0.653053932643131 0.888830324914147 0.680106640169689
0.619172202063938 0.633148974611938 0.400023794955425 0.84631834769528 0.617621409536268 0.973298216916985 0.780973139591592 0.623301341426742
0.664510037368368 0.976130850482691 0.427456319503509 0.819905494918645 0.717371755866659 0.730735246595693 0.775603715482902 0.430877405539963
0.628315865395629 0.966843147535887 0.959023905778106 0.440406290458957 0.755228228048335 0.661876556120652 0.520473921652589 0.623514377828248
0.771235143022795 0.359200517809703 0.710758596741891 0.800190314420793 0.890445904270838 0.983960126406345 0.609918920740469 0.50096539379052
0.70665669672465 0.550525882744532 0.610879281783435 0.746515143665418 0.643108650247838 0.594757308261227 0.816334717301619 0.586566561826088
0.726867430395056 0.868850564675856 0.681548811619602 0.581672513099181 0.859055149984584 0.561452786144733 0.873789537067467 0.364648767312295
0.607579650215127 0.368575630318028 0.780328018614528 0.933094205686682 0.767072772347703 0.517839923499941 0.854719224128642 0.705487804772338
0.621577829523221 0.607495474942852 0.760422458983617 0.826884732538416 0.597160463863704 0.670643949291399 0.998265664583018 0.412962985169297
0.26364135662127 0.997956829506113 0.968300417291053 0.732209902376499 0.805694383541722 0.960142171886845 0.518034379462415 0.663219366029851
0.53684510582851 0.516067500341106 0.939228727628233 0.847338204760186 0.61089726759117 0.519329287300691 0.945365260959421 0.627350186659846
0.645848812102829 0.551230312408559 0.932295400372318 0.496605291730131 0.758105128270632 0.716617326558822 0.893585655375536 0.485170244480994
0.758655033451889 0.513134441083042 0.630185761238552 0.911972973880869 0.581213793919052 0.552251726250208 0.930554494553476 0.576301846985421
0.674518517950006 0.379563457602133 0.593608600090614 0.847393340730058 0.634535678229731 0.965595406444848 0.781760590660503 0.628111235726962
0.802308897429144 0.893845909616725 0.801901252764972 0.81162521094978 0.418991862637021 0.71009956704373 0.333228685066848 0.906594116215834
0.957926826627141 0.990672747645952 0.565752297576429 0.509780843145553 0.605055948514227 0.777836545836341 0.478872618276527 0.696115466851735
0.616078434421048 0.938270704201627 0.404581984104772 0.856911787077779 0.676746276361822 0.436650247356444 0.928459078691145 0.783614099067117
0.549666455868576 0.438294167446311 0.691050853788777 0.805197646739258 0.469729842029677 0.963850490475765 0.945686882865846 0.749309787269049
0.833472486243408 0.632996694789057 0.700652030544174 0.543056729174647 0.72785383573948 0.571375959186965 0.494463781646084 0.83930827524665
0.572129491534969 0.875238298029927 0.946693561108762 0.52513115410773 0.573520523551203 0.637490652955929 0.907593244742237 0.498818825635421
0.360151929649061 0.753800188756701 0.806079209164547 0.585345051341321 0.981791023817453 0.842428085075584 0.974141095979216 0.457222935135571
0.681390719075721 0.578831788855391 0.745878758927524 0.907726815708123 0.664989696411623 0.983284984272036 0.928116800268129 0.271758948793924
0.698491716944929 0.635360672521753 0.661868397262226 0.595230776920046 0.622956425992757 0.543460627626528 0.774110959375551 0.68960686624689
0.892342617545052 0.627694716670823 0.468713064181477 0.595884157355294 0.48193931832264 0.987287068623572 0.944836786560868 0.635813546491457
0.476995482459077 0.81700550615559 0.804707015357235 0.529069469796549 0.628565096218685 0.48157145140039 0.94058737867421 0.848995137816371
0.956229085382073 0.491141477308515 0.663205276310193 0.45218721919425 0.599851004204651 0.684785657698279 0.848251599235648 0.792368825473974
0.612159094121336 0.74992911882613 0.528540147307275 0.550125946006136 0.611007264528881 0.541104483167935 0.99093145538723 0.979993829977874
0.564508125014288 0.441828515180921 0.956877344757282 0.953949151763676 0.735724415881631 0.446830004027037 0.728238285369504 0.787589741318631
0.673282630387408 0.976702729034717 0.63659334234933 0.603625539798448 0.751753255952122 0.628332226846197 0.634918840875315 0.47991514754341
0.88132350677052 0.643203543660112 0.500738222568027 0.439111799349757 0.598120001233551 0.640397551551877 0.959186067687762 0.952386438322069
0.561248839466409 0.865779077342277 0.691785567911575 0.658280036623698 0.825927850679486 0.531717770634955 0.851586391943182 0.446739179979965
0.510135805326004 0.606066006520357 0.614749524207739 0.760179725561224 0.937585850340398 0.605220928014063 0.594585516157094 0.726485026073331
0.593062257529197 0.708091155917403 0.724702082698523 0.502528086517404 0.867002523269117 0.536340199394835 0.734257407766984 0.649806071320709
0.578021875936602 0.855643396387579 0.668601297661599 0.677354363162073 0.4328452703508 0.885134069026649 0.542205899484271 0.793272597378922
0.625056202291383 0.480776416228682 0.966605305862294 0.85303937667118 0.748478422742303 0.431430564144966 0.789789617941461 0.630691624424987
0.891909209425772 0.794918523156302 0.545395621958225 0.361589170962119 0.674385112672012 0.823295615961899 0.720965719828313 0.658071911094997
0.869488979765598 0.795559735774562 0.497687178492899 0.62919924701202 0.845667138596023 0.546048397825197 0.696584356180339 0.521034509851469
0.534522471395793 0.823750525201567 0.546063898350089 0.62193327773491 0.95283001322674 0.964022125239558 0.555832691599168 0.550032946588418
0.829287911232815 0.552164736892287 0.867003501940553 0.383969655002309 0.762357084047941 0.757554283658603 0.715610481619277 0.579300551019342
0.931092625038127 0.760729375366722 0.674588777813856 0.542752220276547 0.597770673484946 0.670833930915331 0.69972362336755 0.487429310467486
0.573122393120827 0.811529201194365 0.837857879005009 0.781850598592286 0.447417472053374 0.731050014452586 0.460325786754463 0.8013917508074
0.431188907868422 0.464940677905757 0.994080452440146 0.682486630248221 0.766557161696229 0.720178011491349 0.646609740404387 0.822137404976828
0.991390978989386 0.555725591901191 0.973015076176696 0.326755113926955 0.619220967875526 0.613261034980021 0.933426048933484 0.7773624402814
0.990997771145565 0.46728236861034 0.718014120712987 0.617867523030157 0.531634707531766 0.912218741323202 0.542861414746369 0.766456992572168
0.438208312634248 0.654075925333062 0.866669232129313 0.788037787793012 0.861928799282664 0.498724011682074 0.606388167883239 0.722962070838768
0.859192498652951 0.98416656233295 0.360087109563961 0.912693462542931 0.510659526769981 0.640859196502061 0.649478147185744 0.732586787520451
0.909439694322724 0.715012600382258 0.686317644412989 0.644345099396473 0.489640604108512 0.506236109868635 0.865769794894452 0.595763999092393
0.687473323650848 0.467546908055206 0.515647941577648 0.817190893908693 0.519229026140836 0.799827984742004 0.895566907103813 0.737914403694312
0.697406191263449 0.805822272061909 0.585281821885398 0.944399382933237 0.603535656940409 0.588097547189903 0.523462137657898 0.623551516385068
0.850656400850206 0.767081152835257 0.532894064264385 0.856860045622701 0.588956165421278 0.790543668980793 0.419412066847522 0.632771240752607
0.988527523592954 0.303487628407501 0.942772392650248 0.965808117351032 0.795143605459901 0.4692536856646 0.804577459926862 0.614711727548829
0.527805947478501 0.754301500945669 0.990315743038612 0.979502154747496 0.691387993130585 0.513232849485248 0.568459699655557 0.555319870685352
0.583571862518368 0.572683871132142 0.482111033888914 0.5865688523321 0.805510551385391 0.994837623794845 0.787450860526808 0.650966613631207
0.732773045691923 0.393233615951968 0.83082291177041 0.749218921108041 0.657561497380589 0.833132398501313 0.449324799476955 0.85661181223266
0.599774356567031 0.814564775085362 0.505576148321368 0.453079825910356 0.893489402228422 0.573566934892412 0.889114260577293 0.762573640674606
0.460621545242954 0.808457778600009 0.894159580405997 0.565379598558884 0.736537595645324 0.706902133476994 0.655294013334373 0.554865911118257
0.444653430873481 0.486998491538582 0.703651333704609 0.95576482595156 0.606235651596592 0.596116984682755 0.925260469871439 0.878006113520338
0.626661321085461 0.527312563726249 0.508066598739523 0.793923952815814 0.569234508883491 0.616091423169407 0.926810072370322 0.879926935954984
0.82605395339107 0.919823921293852 0.847489896362867 0.902154162448541 0.897185614856662 0.46532279852718 0.485981862906828 0.391874785256416
0.793841290213761 0.681098036974549 0.440849661009202 0.602831618840115 0.692067224972022 0.854867716062905 0.509290970332172 0.830509663413131
0.590893290695447 0.430681238012509 0.866291159946102 0.773036645482241 0.743925442172331 0.638542243142022 0.558313762147188 0.781356894504972
0.471260443080137 0.647064628427143 0.547953832943626 0.852517667452808 0.542717057298689 0.630192276313485 0.891973780048822 0.88936898040656
0.662013593055446 0.96181076860633 0.920196744182409 0.367927189060197 0.606893591562271 0.625894595900425 0.571141713746688 0.996095907481185
0.697523778737043 0.424366946118551 0.936618919359293 0.961747905079351 0.961199988013487 0.279377731637379 0.999610150472936 0.77445113139787
0.947214153208912 0.713097157973563 0.78185240458322 0.851636071188946 0.487136504158329 0.589269702749227 0.358400939591827 0.956153813232751
0.878072978491192 0.707963195866839 0.712698794098335 0.927797365230285 0.381669723848982 0.972952040824238 0.742061865080677 0.397922680105608
0.488685170414999 0.760734915611321 0.918047148939279 0.474732968123068 0.723366139714218 0.51769319211519 0.86369551960413 0.733611976807289
0.45237056900318 0.730773945854207 0.582451852693506 0.60644575325207 0.905110471123355 0.654122511510857 0.651929471339216 0.779546864466432
0.967547403917035 0.520429215932329 0.982170439945097 0.521098015460962 0.789735230810881 0.595926980610001 0.659010392899553 0.535744146232497
0.512639103229488 0.885833825835025 0.950912672532218 0.875899680801462 0.490060908462158 0.620500691975663 0.741604499420157 0.4893052286902
0.822002045486879 0.726255680671952 0.599665930247158 0.86042116660073 0.779506545211616 0.383360097399147 0.500250616461456 0.812864812887761
0.605957287097713 0.48742707134094 0.846078783950852 0.798460529417003 0.670143172225 0.631078470463958 0.746709048675113 0.543245682611
0.943142172796479 0.844482839783284 0.416977352425672 0.72996538714719 0.829125936701307 0.580417060045716 0.453601644858449 0.763465543460582
0.761738010873699 0.614683023474594 0.738411991728023 0.625494610989115 0.513993915209146 0.720554814080501 0.482699935954452 0.935280628710115
0.648716475859784 0.6199024177105 0.930686349970147 0.965264635267643 0.890676172979304 0.923490484911422 0.628589309691268 0.24477587430445
0.999907155294393 0.77379007294327 0.994665673564602 0.631975177418242 0.391213829076445 0.410491623665424 0.736948929802529 0.838687440050165
0.76229446786754 0.331806407544659 0.840850051524851 0.995212587533732 0.712071306690544 0.38100958943268 0.977916256694172 0.928431675624637
0.673677635521424 0.868056668630789 0.553824893348199 0.777857027777527 0.546564979017835 0.366579580047498 0.892996284844264 0.902992762529308
0.767729422666718 0.976768077370288 0.771594307038856 0.487095876979654 0.905928952202167 0.47685339723365 0.42702387029809 0.860581631554789
0.691496044617732 0.835029569745676 0.539293158043097 0.873402826684445 0.511589579737248 0.747322688036715 0.933418248731534 0.41475754089984
0.513393964236635 0.930318859186126 0.916523961105865 0.477420722695839 0.624212586914848 0.528087731134358 0.711027100129116 0.824275646999599
0.978800084144185 0.445014290345632 0.948967194995292 0.64401343423366 0.982882601520804 0.439506139939149 0.912731163512645 0.509950593168486
0.327565149270912 0.512102418946988 0.936530438957418 0.600465062949009 0.850767609891417 0.862759026371447 0.684426175467609 0.926253535716905
0.856644950353215 0.471349196712651 0.713927387630468 0.721807435047703 0.746180919125418 0.696308953315169 0.464322025348426 0.688317878275985
0.969438778718135 0.474010550746852 0.592278923082807 0.568577011508284 0.952408022073538 0.744496355965064 0.583428227788866 0.640890421200878
0.882422008355769 0.700062225060843 0.361040229677411 0.911835424218431 0.774836484965223 0.49946001126704 0.782933597790873 0.63693877273882
0.427190152942418 0.990702662720458 0.97545575556713 0.497564582685024 0.475298409906018 0.903323638609128 0.713881755015644 0.77144597462686
0.977996813831386 0.421078877958374 0.398768348171991 0.534884683872292 0.744849203488535 0.956722963952869 0.864897062379522 0.963574689665862
0.655015380757414 0.630259136985314 0.547953758066107 0.826569593383491 0.933931047533327 0.678829511982243 0.537339782222806 0.566083729332223
0.650111921137584 0.907471136118654 0.583885323433965 0.660329765321862 0.744605420705101 0.402811181618709 0.603362538768047 0.963843428627039
0.340746833152493 0.783203900582731 0.825731317795434 0.582707700090693 0.580652855575882 0.832057882670049 0.775876773532385 0.755880207345056
0.392134263831962 0.993473645852294 0.924310415078148 0.680582921588757 0.610032903676436 0.566600490671749 0.757691812092157 0.647753294664337
0.949587203933324 0.358572914028449 0.91750536153549 0.847028738435846 0.66691009778615 0.871269927727544 0.906608741605277 0.352248481648857
0.530934095092783 0.692818521275574 0.648463023752954 0.884460364052467 0.56607463226995 0.592812948415202 0.73811980219616 0.645013655053203
0.494498392746638 0.99715173222787 0.634931545880837 0.776854897688505 0.606215354266543 0.621307646940716 0.744945073531395 0.555180892317454
0.575920196148373 0.616484374787867 0.5474103844318 0.569640394175691 0.794709803443666 0.974132629712887 0.724923715045874 0.594358302752275
0.692399408244837 0.835922338393555 0.509247977650531 0.673666649903486 0.901662620692031 0.630931539101005 0.540145673576934 0.583128768612173
0.579151243752379 0.765487153184215 0.547257485436517 0.545299251315881 0.940646088257218 0.608868759177966 0.881406851663572 0.569197696759265
0.779463680265456 0.742128804122456 0.564773083555274 0.686517811428336 0.937382186173877 0.550434824181529 0.496256186224506 0.629345229585767
0.901971130673566 0.252159798506035 0.742657263971791 0.908921483136192 0.939454716249702 0.535354174296301 0.71054939155809 0.769215112427648
0.766910860287237 0.725130523569901 0.825991134930588 0.4860403883287 0.557246537924552 0.528723069935286 0.647096818961976 0.818315030491854
0.76715838322162 0.985045338615542 0.33439062773864 0.975541289857497 0.800910942175618 0.526113528674486 0.7517441282012 0.580367713204073
0.609809446888597 0.898210720333418 0.636358460106508 0.810134475148034 0.543197649733677 0.783129026751114 0.408984218043696 0.746810097010217
0.839640996215804 0.945058612191643 0.736901597435912 0.470612236293503 0.528245802209417 0.875898612600064 0.385325148485726 0.922437706033334
0.613955239943353 0.690224706783592 0.833476295560506 0.556810936694032 0.423516016386566 0.60006369402561 0.965993768179462 0.806550355468577
0.974456244561045 0.827658612675306 0.764272309440245 0.640446544493094 0.461868244306567 0.71674992553209 0.366972489908397 0.880586803053703
0.663726402530314 0.793676814559485 0.758116095542717 0.945901445269526 0.566457545664203 0.739579565220405 0.53085554357112 0.44588633803632
0.494737204236417 0.587440399027239 0.839912008569992 0.902435109257102 0.576529254734097 0.68699986725014 0.49215718330378 0.935531959164593
0.741966925122602 0.664758688961877 0.992255414458396 0.567688541416462 0.696200304285353 0.588895830555341 0.601654082467724 0.537292039673843
0.793109696626087 0.472293445813605 0.875702389015991 0.391593576114921 0.596559393888776 0.650240709932214 0.911386544474816 0.987127775274574
0.788139157769678 0.534470691872173 0.604052354608966 0.95092629611727 0.590354696566383 0.593724358849549 0.663055156286829 0.63556388546456
0.66649513086194 0.77601062439279 0.814892988603523 0.93983219079978 0.549568878409383 0.570162743629597 0.532360551380391 0.559110473273022
0.601264702236687 0.769063192513825 0.606986965954041 0.629629845375444 0.710540546497752 0.55317470451618 0.623270839409849 0.734141811196111
0.464718974156787 0.523756596135158 0.90382335896637 0.8405757042776 0.465895606333868 0.935491044337351 0.911812324435217 0.606560784256704
0.650089072109898 0.739084144228964 0.768341892349742 0.99423678506144 0.79299744792923 0.588600552508361 0.611318810266458 0.373410871422979
0.724938959036347 0.432862862589727 0.544967738055602 0.945775298812 0.990259033870612 0.553348697666737 0.711344349615805 0.668657493386294
0.670749545013653 0.826172293148271 0.67365561156394 0.736472266919941 0.527004680387359 0.829908630873622 0.346053359295788 0.928385161168519
0.754155043577569 0.601854067955709 0.80130041858814 0.69779766107937 0.756106279718679 0.472092402007332 0.566527219956819 0.647632199191709
0.586963249462785 0.94231705777151 0.784339029768264 0.641962359731999 0.633220331844871 0.752789881079573 0.510685812003441 0.534914876062263
0.59525324225741 0.522970226059011 0.561149809945211 0.869670728489227 0.728854543821798 0.913292093971293 0.744221205095189 0.497420118538266
0.887602327004453 0.973030501523776 0.656723471769588 0.450771296661371 0.727187334137977 0.572329045740454 0.493771546722753 0.768586899306279
0.673316833699648 0.995880100153041 0.546013226767231 0.421270258854355 0.996870183881344 0.780592658501245 0.712223047185219 0.529612840416991
0.94733636336935 0.746356577655462 0.621888363040065 0.458485215522738 0.739087582247198 0.671209515386143 0.602956301088089 0.596437473852778
0.735196876497951 0.831938054459972 0.809483108512139 0.502063622615289 0.589596607678251 0.568791681728178 0.55101320668485 0.752136191362636
0.698407642455295 0.638499742386323 0.510740225201458 0.60196844534171 0.524537832128232 0.870227304683066 0.728440671986178 0.747204284613456
0.522761405120534 0.612194714214974 0.834776706987828 0.5656188481182 0.754786401726175 0.690829685227869 0.65536455498086 0.637542995746412
0.523717032446245 0.765368468880229 0.823659340426398 0.404899650514381 0.883375766553408 0.723429076776096 0.641754808216279 0.661725229421794
0.97070431079881 0.529887377197816 0.811855336974138 0.349911966055554 0.579255149196802 0.646487328876982 0.902422192527404 0.907241433062423
0.460685117348098 0.8405062835319 0.668555018803111 0.962019434116689 0.623277586200626 0.645999919006389 0.549472456170091 0.680325148533365
0.544271723657262 0.87710008200511 0.713161122602073 0.896168820910922 0.550777335762131 0.389523997701708 0.949704647390181 0.67268009681754
0.326699928434726 0.725245561148431 0.804387863913591 0.792900790716768 0.651684081087002 0.511509507357079 0.924394497361864 0.843924092533047
0.778846744156942 0.704808463612739 0.541969374674341 0.939468760882795 0.492117060216989 0.567110624658091 0.727242468231879 0.638389509710676
0.485253847650743 0.716501374028873 0.786893472202816 0.924687684592497 0.6671786150834 0.528379909572262 0.648409990688059 0.616897569739546
0.980463922300063 0.477812422222473 0.749944129698587 0.498204804262089 0.673494363371641 0.592998133378043 0.835753028403547 0.663282610067964
0.484794791461113 0.921392652057052 0.772884288920287 0.695771466575436 0.610216037217921 0.646436750157616 0.547765060730013 0.679386554247744
0.515437473850149 0.402319507832601 0.712557706321995 0.918410351660835 0.641142781837279 0.924825208809268 0.622732379626611 0.795215637846602
