0.748478533289832 0.701636099030975 0.114953042593082 0.75184605227777 0.946826361821456
0.415547132088993 0.932838928603975 0.371127250601347 0.502952764751499 0.893382240338972
0.877339772852221 0.517067578530809 0.314714548068132 0.773758565650052 0.519448850044272
0.953710815178154 0.886395474107098 0.364500520293777 0.459498130404206 0.462459803064228
0.692372494739742 0.629463905094727 0.270259853380892 0.887693354644715 0.527840221745789
0.867424437846624 0.978824849688579 0.333671667182009 0.662873257260984 0.348595789433947
0.827431455243342 0.447619032091511 0.922777184028933 0.406504944569721 0.446018394234646
0.520707120834829 0.928783946859491 0.421585777935889 0.433474629241476 0.668801265465077
0.547481393709848 0.678876559822837 0.720020546279849 0.448641390599836 0.443473418006933
0.419384090770049 0.690759521324304 0.320125296810292 0.744186266504485 0.801039667231642
0.618433523406646 0.759905867660194 0.712395101497606 0.438598325456275 0.368435740614577
0.740178871793064 0.737846191697049 0.507945998912652 0.430228732764044 0.455011995383569
0.230193577575783 0.437416964722852 0.715249632988253 0.914829736262542 0.949387204440516
0.898161458723975 0.295914325720629 0.929519226989642 0.323225684588993 0.824212453737018
0.851255348598678 0.732767968305485 0.368481180257313 0.850046632196785 0.303465695237343
0.218107199422093 0.941818463496182 0.805237974244665 0.413586738720006 0.941299084052022
0.834909810901388 0.821504422458069 0.472653578114487 0.362024638551733 0.494255254331935
0.503424820176861 0.891181340745164 0.496395992233902 0.493999721554491 0.518421022306218
0.269384872218933 0.681503952622692 0.9285625034589 0.55869330077223 0.593912713610586
0.426841293832748 0.959963246042972 0.46622398877196 0.488059198783738 0.649449088198589
0.346664810935366 0.395615345763151 0.631763855797807 0.731248497626792 0.993137600410288
0.532483816251784 0.863324227666576 0.870054392641605 0.996343223340808 0.136374433968465
0.325536046749924 0.921963771843101 0.495203757668693 0.478138984361832 0.891139736604143
0.486705302807253 0.656210898677531 0.441405948284834 0.535842569508521 0.698556518143653
0.281481028165141 0.41752058348978 0.85591865291445 0.77611171176321 0.728775339860655
0.428915889478614 0.627838965050322 0.747086092327712 0.641633234612287 0.414366224038724
0.443407878810247 0.527027270471918 0.624927269520347 0.941695420474728 0.432176937233818
0.732406869582005 0.896969196045327 0.729493330307506 0.381431067091549 0.32031096310009
0.510352009616757 0.316856732195689 0.592447828884461 0.803913411686224 0.701652218259003
0.630037216906953 0.913113859601261 0.0901843824590168 0.942210835851062 0.843557383305749
0.514746561119715 0.477468009659092 0.847888309871954 0.350396106076931 0.784671799683364
0.731152002028049 0.424798996891043 0.976037914504624 0.55728754885611 0.367310452062148
0.509634936242618 0.589890218772845 0.684175823709434 0.542454423294286 0.468719277127943
0.422563873584979 0.345505612754095 0.829693182388777 0.615612299980756 0.752116356079155
0.474673791278683 0.55562821553453 0.48742488581921 0.575012372167994 0.711524073597579
0.474852446839812 0.793803999290185 0.766757296134247 0.461335827646893 0.419360690946883
0.709675107869373 0.615864387294678 0.87401201292111 0.465330759157293 0.317059945478859
0.557073657807487 0.481302668566277 0.897220440503047 0.381804069616207 0.623118735459
0.622579475907524 0.436480135517499 0.669795235960406 0.458343408778959 0.629092920909101
0.474231579313296 0.824628463829563 0.690314041919702 0.526984853169228 0.389128761238196
0.644498765720295 0.496997485008294 0.267028739218536 0.731462729461468 0.893942432906598
0.597202507663765 0.4571225023861 0.397678979852953 0.64976491564212 0.76003546694155
0.635288659633628 0.467847380194687 0.493648739147653 0.769928564207207 0.476096609566241
0.430453676065608 0.819665434583976 0.271965954014648 0.83971516321267 0.704413078111885
0.85470381184408 0.948574650289047 0.813952385180071 0.85327760613005 0.0407798608914884
0.911177734544108 0.419593510280399 0.541255379349474 0.946182587298279 0.335247436285537
0.949332964185411 0.642588558608837 0.574135680343132 0.242345910646525 0.66193229202776
0.35251410413115 0.357448311323653 0.878304988062043 0.930015099468744 0.615056134225862
0.429606947602714 0.510738104731644 0.772617939237612 0.50312863889718 0.630282793780701
0.926885891886898 0.657654468760642 0.458209302238436 0.510288648490553 0.413400054162041
0.590039867476496 0.500789150821116 0.600275106073101 0.707863802187705 0.41896844413895
0.391235179329974 0.848304883562656 0.748095517504134 0.318515950510662 0.719790066639751
0.437889602427153 0.545529477778 0.718411412276118 0.437340867685996 0.714323586099446
0.742915317141414 0.398897081462558 0.500577116059716 0.587561929025837 0.608778364896378
0.620898144533848 0.350323078230075 0.530075462503269 0.706696012231434 0.643145155113154
0.111079109342239 0.676302721468848 0.849806952205637 0.714341718411541 0.970316392100914
0.907847888423795 0.22765351638228 0.811591127968588 0.409021968536212 0.898827074558325
0.277842683648376 0.566700649021253 0.690395912365927 0.873022411618191 0.577196873414789
0.785257577419163 0.281874408074622 0.516334520258849 0.551441308798809 0.944826361180583
0.689522842920816 0.366482365635557 0.376580739764039 0.919609805129471 0.672669609695596
0.516623755235199 0.49287368623752 0.444827785060621 0.770700015715123 0.614804417401995
0.663291551069421 0.8165558800309 0.408691661725883 0.693327334988415 0.360248485043044
0.304889491713469 0.694006002383379 0.353197255808759 0.998372166534602 0.93048298800201
0.859960400028003 0.565950536823991 0.780072616245114 0.922212956637424 0.141180405605496
0.753449876765856 0.479617571495421 0.507203015950934 0.80888757355888 0.376267414825201
0.563791506563463 0.557410345742015 0.282532418490919 0.750134737728978 0.808573334168494
0.912639194221537 0.327465257752851 0.993730350593828 0.800705214117922 0.292675894726583
0.721730721594953 0.47029316127925 0.459449118890711 0.511658695100759 0.666376876446369
0.504326771949579 0.597397280389437 0.4644706672518 0.766133985898597 0.499266415774972
0.734843532458689 0.548171035406978 0.969470587181586 0.542375115228775 0.282232590411841
0.647092345217822 0.88753512864102 0.466062071098096 0.616251108918117 0.343909368623724
0.798880632323147 0.858953086488198 0.316706403304725 0.98097921984056 0.312682868850617
0.739136841681568 0.573503916603955 0.23984414192454 0.594826963750253 0.910281631704048
0.564046347845114 0.308311745588457 0.504284993516553 0.707898117482908 0.97867174505462
0.857713234633205 0.390100920465792 0.549476826194434 0.534763533644223 0.565993675827493
0.566475359608141 0.496528834087823 0.622170179474965 0.714821455946948 0.421648034496342
0.463666391006206 0.691350245472642 0.446157799811434 0.465536579495258 0.84287184107693
0.335839714986073 0.466084321283475 0.951172480725038 0.520865003371897 0.795376706608138
0.973570715139025 0.482493581278629 0.379612307532272 0.634550680669418 0.538421723302212
0.336299218605989 0.692398878445601 0.607031516569109 0.562243021122928 0.655286464916303
0.444577952814328 0.441873418205722 0.498514594407442 0.928599345263852 0.648694715844424
0.785078431989432 0.685467976079366 0.323330302145271 0.716295992001104 0.43740913499878
0.809234164445302 0.440804811243393 0.577359421146693 0.61157776954802 0.433067685826755
0.596336311801413 0.420983937825262 0.90176853993868 0.307362339288396 0.888646159510542
0.820734111870033 0.759069387167538 0.238533402825677 0.808665253647609 0.458358220426847
0.390260530466223 0.692996233333767 0.522715284042858 0.803804088965181 0.48262882670916
0.751902620751386 0.465427148668983 0.934037282191026 0.194857685324083 0.991378514782429
0.565551011735294 0.980815905196437 0.982827528598892 0.218296699248264 0.553310955000953
0.4947668704084 0.62399372234275 0.649460754388462 0.483805566760219 0.537372387006817
0.510582485117715 0.387458440556057 0.763810405172578 0.512052503727751 0.697700396531299
0.781295896629371 0.641047941453652 0.60755421223632 0.398955654609426 0.444973934508703
0.830467281030421 0.345573158568465 0.922950180256494 0.575259095074649 0.402804340794901
0.404624834297103 0.763625167074601 0.615055623781199 0.394898595974527 0.725545143078761
0.324225454994917 0.754703361761318 0.769553451758503 0.655023048728962 0.442287157143308
0.458746132255903 0.616328604977957 0.524282537239406 0.452238560296285 0.816995048995305
0.76745743321387 0.252807116470046 0.891867947282898 0.396897290749061 0.889540366178074
0.851585814405995 0.600527919187753 0.381646819105101 0.54686379062834 0.519685305659461
0.708371516662742 0.442975530882718 0.323059834435314 0.634932157989446 0.885308886630074
0.445679778017921 0.777914909621773 0.358490844049608 0.718371551300997 0.609412335257957
0.486702541623093 0.709634800737196 0.396605725147677 0.749137177315996 0.525450778578942
0.467055836420705 0.716097310300415 0.312718951815501 0.628203315043905 0.84257774251974
0.436144815875286 0.731757351688953 0.434155072034202 0.959943516175743 0.463037982198202
0.355103537521574 0.809335322354908 0.393273902603594 0.710252729605847 0.690669278249687
0.245057645162284 0.523390813205614 0.555055173084349 0.997875930154261 0.929819423886877
0.570155601646773 0.739456149465122 0.519177000150709 0.295464896019397 0.859322264633735
0.845184636337475 0.564203092425683 0.918813871248293 0.564276623259511 0.232102083618611
0.566377612993302 0.96116833590701 0.401249333815339 0.404525134543762 0.687956650922212
0.631427514752548 0.76288023992887 0.628365907622006 0.924200080671458 0.185094474117093
0.391578890194863 0.250450388653931 0.895827674614852 0.77331808884488 0.924088399744476
0.329660362499424 0.950070646112026 0.310329805254217 0.7563998794569 0.885257532854542
0.458872446168465 0.327508354630457 0.967384556287221 0.925277150563548 0.501714252666223
0.941760815058875 0.776934584730666 0.438134446286019 0.469063524877426 0.409014740638811
0.898518155558358 0.668943915647954 0.282750265525192 0.42645046426725 0.808435251889138
0.318868117519795 0.919833480944706 0.498980382422076 0.595223030843351 0.661226276204961
0.670286633182695 0.723256355552211 0.501290215448844 0.247803617805259 0.986172331872822
0.867977747521537 0.290444365380553 0.486980432992986 0.97668074187448 0.535922353157666
0.766751307124981 0.434114602871177 0.4468709209272 0.476745117841164 0.786408533013448
0.78911432611793 0.607164555988122 0.271299560063483 0.498852074393354 0.861963874381459
0.39711843447758 0.841600068077201 0.83641409518586 0.883326351576939 0.244308137512465
0.666527798078983 0.824276725206478 0.854312039848065 0.203364571324585 0.550484001077054
0.942229476703095 0.548220843879853 0.479005265946566 0.330464108854932 0.73010309692303
0.312751109960438 0.753755439821312 0.670511116532577 0.469459501325361 0.722481649869327
0.378983882850002 0.658845785980686 0.456476498216361 0.97733929102525 0.550532003614922
0.912050860047341 0.606000200308987 0.267431836863469 0.862338678137501 0.469507442609355
0.986747837076817 0.423818379841448 0.574862849712404 0.442741342109273 0.579809195221396
0.40285259532786 0.979479017766278 0.764114902303241 0.739713671151693 0.279164988308176
0.313625467767081 0.896857850961621 0.788924570260746 0.386352008981818 0.688335108371949
0.649098024723599 0.662079759240952 0.183111904587158 0.692527631186968 0.971150448500029
0.547114463333331 0.629022715519574 0.441101504794409 0.478783475211481 0.729377843808053
0.670879837282629 0.608137021531922 0.474645588959149 0.367531315945192 0.750782362002772
0.862572767221116 0.139645966635785 0.845137690972686 0.845316501859701 0.560687612728169
0.937065878835381 0.743138746592049 0.68509947362143 0.430905444870911 0.287939160815694
0.658268117373429 0.482084316584304 0.475445199284452 0.590199420539193 0.585405726778083
0.406981672210125 0.998129679077806 0.763843576293076 0.286620709019454 0.710783998459632
0.341518040168899 0.462535785203183 0.826967346032215 0.606164789330025 0.695882828687306
0.327946349880281 0.695009266194651 0.60053133293357 0.987278437624687 0.456320416479947
0.476200975457579 0.431026870811964 0.961378596805699 0.535185979828765 0.57062781410769
0.561051246226467 0.538090785618225 0.551442314834358 0.511697683524281 0.607163239967081
0.957865133056174 0.369636527902259 0.382589038834577 0.703355527658139 0.637133208884703
0.720675928595737 0.718232028049996 0.332062684677422 0.95104278410338 0.372267726710944
0.795595687872919 0.422726397833754 0.719653830757923 0.34435166468032 0.658671197802345
0.285036530134329 0.913622556851874 0.561009619380594 0.566939602457919 0.682018378082701
0.40216609952324 0.444393523939815 0.513695514992549 0.744077949829684 0.821372109403413
0.874867145390166 0.92692529222285 0.875463391548857 0.225764389262975 0.396633023771908
0.7420309378208 0.366850329321851 0.928390660836477 0.809732434857833 0.299112124746068
0.724130544296897 0.317082340048068 0.752680037122022 0.971233916745713 0.371092326686902
0.723935538522699 0.385772161714941 0.3173390147281 0.720248361765998 0.952823990441095
0.408454743878409 0.644310178492374 0.977928437696037 0.440990197998391 0.541110200331824
0.838307450843743 0.136133800667409 0.566816609531464 0.800362844105669 0.990626345076646
0.286723071882806 0.939186814777122 0.744839777718 0.532404735779821 0.548573693541672
0.893784958161598 0.316697924039292 0.762088440979682 0.368119060637697 0.743209800751297
0.836415759135655 0.141038136406348 0.970971181039546 0.816833657863679 0.551633931022075
0.856601543014658 0.399263830912959 0.387885380930947 0.590239711152776 0.724382263831521
0.864480267712998 0.299215166996202 0.880523501041804 0.800576736862696 0.339325535298162
0.791284213700126 0.393716344010975 0.439937340630371 0.589483143583603 0.673406097412052
0.623087377823766 0.328697916651564 0.55204652062626 0.646775599934637 0.713887099815982
0.980071247342534 0.93696824766783 0.531124894693884 0.383528903329052 0.370913864714099
0.673736014279394 0.652043553098399 0.408846584951643 0.394790314189538 0.761804704582175
0.879421700113288 0.279829188457225 0.720037611456971 0.410082006351989 0.798921165783572
0.410233781005756 0.96156930000036 0.59398679506145 0.817837241454708 0.327193270659792
0.602393563482099 0.660660910292151 0.473548020453283 0.594827371538428 0.465732690301316
0.424587820408088 0.731176729198464 0.47805172680878 0.657892383490733 0.544843706522801
0.377850037552439 0.899942750571761 0.884716463200628 0.873351739434142 0.242644142227695
0.304811561386127 0.931621845461965 0.712022107998411 0.724933849346935 0.405487755144771
0.962324061404929 0.855397994550272 0.922021588734232 0.387288481225842 0.227876469851599
0.849983225184829 0.429889481745307 0.790668191114035 0.386560283483237 0.517982497996408
0.908869731187697 0.374040858983418 0.414944462533441 0.507792654983345 0.876256816448939
0.703314838412088 0.434002298414002 0.466360965965059 0.643172727914551 0.576292322534469
0.349457004967253 0.543095184135576 0.83164383700153 0.722795950916647 0.48731499104621
0.852892428843257 0.174786903316227 0.948258562686272 0.545027348672956 0.703848994972003
0.51462551421666 0.519430063602769 0.598738620889048 0.470286973116653 0.696919879296284
0.719201737815425 0.633079897843071 0.33625041361282 0.985940044971458 0.411985732466708
0.605016385527625 0.451151989223884 0.515136949948217 0.73449119740492 0.513002357496006
0.769007497698225 0.501991371136983 0.541948745146562 0.960853872344574 0.301940906459118
0.907031760482806 0.626715182355189 0.265221912102148 0.80670621152866 0.475830157066884
0.0951874290692492 0.889508684163535 0.589730662363109 0.999793283879075 0.971983781949674
0.465657235142381 0.615096402470466 0.399412153547751 0.67660416106837 0.682137765205277
0.636095451282515 0.459350192897158 0.62002637550415 0.386821322577209 0.765685639057469
0.35256082382735 0.761802680669809 0.745021850618141 0.694112308056204 0.395431216919124
0.699106727460544 0.703816952600094 0.425535768442486 0.314344417031271 0.853009833055914
0.438764117203245 0.743797337334535 0.904694929269907 0.64363943755638 0.304803213088214
0.988769704095423 0.927680162082507 0.375976439898856 0.521832503019914 0.386327316260552
0.400869823592929 0.746726105305843 0.602997230694413 0.854952913435963 0.368933038554651
0.556445349259318 0.882051064903826 0.469420198366106 0.581790819122611 0.422996121638692
0.547966919049166 0.812460759808443 0.408982518409632 0.358935000826077 0.984862946020172
0.93678205977679 0.774981079430747 0.363578158051297 0.40998949322433 0.561565491316298
0.607079957603469 0.5657490868892 0.4426627421115 0.412136846606191 0.971154227402287
0.259886411854644 0.746140338724114 0.530959712149348 0.711255990031979 0.709456966870545
0.925986521130215 0.412894262546681 0.499653013290076 0.412682240651633 0.766462849980353
0.441394868879294 0.997449670066066 0.612155818000662 0.640750108669345 0.360883258417507
0.553197040178877 0.32771454566307 0.749328274710709 0.688847171826169 0.565549788074643
0.397991423119832 0.536890572203453 0.613118419478142 0.912710566507776 0.484424080564088
0.457922668226746 0.709348584717107 0.83804657468248 0.507618674975287 0.40585722257485
0.514392549863937 0.87744306185401 0.548254036919067 0.539580266819761 0.422847978931938
0.346038321729373 0.725069656159578 0.759953968859479 0.415232815680307 0.688274684271948
0.659745128524846 0.911021582472678 0.542202555529855 0.899877873551089 0.189625689397971
0.44042705649725 0.705454924280101 0.488067200130522 0.564974868230387 0.614254925610897
0.770598843075842 0.583520439627516 0.298277876137119 0.932150615984952 0.473784828265142
0.685154034550898 0.8211965387129 0.723589608332061 0.358972280863508 0.382276680908986
0.970888521314331 0.214638555088184 0.696206517974076 0.610019931498715 0.628536692114745
0.697387616728522 0.520356880116581 0.605938699470113 0.587527392250839 0.405903827380989
0.679745843659666 0.690633613019354 0.683225265593457 0.831906111387882 0.179556262619914
0.345402404712633 0.874330091560362 0.988845601556527 0.83580530302695 0.272934154812604
0.575140735492204 0.648465786931536 0.574824016503342 0.414358815824943 0.585068573304073
0.150638468340483 0.803527755977503 0.782113653913937 0.845684674138875 0.589273854911325
0.889135854100986 0.181938410627292 0.752744831212104 0.676339145893694 0.609368575030213
0.417401119461122 0.84534393240284 0.716974051641747 0.467287813938136 0.477722215169618
0.855408067477839 0.254627144132602 0.451849065798177 0.80854559935763 0.706081227898037
0.321819232338018 0.321510187080257 0.976743220179765 0.852171617396922 0.760566686472229
0.988623261658225 0.312308673186758 0.910052862058782 0.794966915369021 0.30947689724859
0.616669676614186 0.271010638891441 0.952221697892484 0.907906939353897 0.442444194190378
0.60620054660604 0.667149378649182 0.395505870346845 0.720122407103022 0.461123544231091
0.830888091559119 0.554195397895859 0.457822165830485 0.764131772691619 0.349562612815109
0.889620977828228 0.371327478523491 0.577177386135972 0.726978538616715 0.417533133101893
0.24592935360812 0.848256315962633 0.648212829064456 0.540199771713561 0.729480405445732
0.621086691092448 0.822878261816916 0.438767665343323 0.573760209838268 0.426946335833692
0.695441962544871 0.360977074798636 0.539545681711761 0.464572238658909 0.986106258835259
0.84914744022079 0.343586942174455 0.972516561721773 0.730029477821221 0.312449288780019
0.420803685751599 0.567974078435802 0.730223022305849 0.659736277235639 0.462109477742523
0.840334407878575 0.769056222403869 0.341317599695268 0.692999484719749 0.373054986917832
0.7364518664888 0.529337729440967 0.928501911603424 0.80419904332292 0.184175621156763
0.62413491323042 0.340708623311857 0.937286804233383 0.861743472117482 0.366744518581199
0.596153811561682 0.387822825642501 0.346647973843027 0.837246727478456 0.906245717539856
0.760880721830087 0.536649313563304 0.619680988138412 0.442622225301414 0.477682493424909
0.604858740707488 0.685520964343361 0.413214071699268 0.855193493733404 0.383818475262111
0.945923406639047 0.774050661797422 0.515431293244814 0.938154975231813 0.158934616119936
0.652016684008678 0.426519576970986 0.671988426747449 0.508879801603096 0.551405333588195
0.549651303898751 0.891589059254145 0.480582399354952 0.375408505033508 0.645706420602677
0.583274851776727 0.784047795432269 0.215370717787101 0.637159088737713 0.819977338123635
0.875007443021091 0.70637873498866 0.816168269985703 0.23517078880226 0.47141170446972
0.898172806090362 0.872967856245578 0.405026688335668 0.458373387037415 0.428912066690688
0.682118601512027 0.548794910845397 0.515427161512512 0.486311027385522 0.556515854138191
0.699055825946308 0.903136812762024 0.148968977713665 0.672359241240533 0.738374581955348
0.277569426074421 0.611182773970206 0.439988690161396 0.923385229494166 0.913786657684303
0.978638717219347 0.426648740140338 0.441683132768686 0.461604998979235 0.736893316207731
0.551699986649805 0.577109440879648 0.573794888946229 0.351984185675878 0.863561806173715
0.374053533348712 0.708585007083248 0.342782649086401 0.741070148329518 0.844150687001478
0.790525497641973 0.375122889028421 0.735173172014646 0.649217791788496 0.389698744367057
0.635080341306758 0.794792410145177 0.215871479591041 0.675894176908264 0.676238719602748
0.733523261124316 0.651918707936451 0.573640521091785 0.209448472670305 0.967206111310904
0.977818101449387 0.442252904355308 0.981620424575294 0.460018247038463 0.370311157513177
0.61823502388755 0.575467039850552 0.831705776286992 0.487886810202098 0.380771121587129
0.42794735056509 0.626529217144939 0.753434958259901 0.518947890410376 0.509011315121007
0.206775953930068 0.884996727410327 0.771256014218807 0.937347603227984 0.451073113996256
0.460653551149709 0.880541258393303 0.383182746235266 0.705581027961569 0.522832354902085
0.588558874724577 0.574872927833084 0.808279084210982 0.46605148405322 0.427177823657174
0.253962730053749 0.985296094338293 0.676478322065127 0.71771467659125 0.491216247209428
0.991564983761578 0.263529004571836 0.86220084352284 0.464046749563125 0.61102078562674
0.85059636655393 0.622615354754582 0.707290140636629 0.332444422955988 0.448683508649511
0.436307137730137 0.753031252867583 0.309006164265188 0.730781510262115 0.7329686933605
0.766463992166128 0.215184293053298 0.47674435316159 0.937952568431316 0.772230635373825
0.59678927845902 0.625655580353231 0.562578558365057 0.441259046545608 0.559820038115533
0.765365544284285 0.336126729745342 0.835592084556903 0.871711713707643 0.321228237054456
0.705899881286735 0.625949074832483 0.354879573263815 0.404921378847683 0.942623217157573
0.840556150440609 0.312604091386446 0.786568498906708 0.764826664305852 0.366592532268066
0.425717643634425 0.850856502260392 0.724247750402852 0.411443172358444 0.525113119019045
0.971944537688651 0.423815543851412 0.574753692176692 0.899584382440259 0.309850273520309
0.631657130634715 0.49569243803107 0.437884888638426 0.475678842892289 0.861756232267425
0.455519500633915 0.541055961367364 0.807535944615078 0.678692752756647 0.406172924609097
0.859912065043756 0.282258164682025 0.842302465088168 0.818966781431979 0.361579692074481
0.473098139887804 0.375051026458806 0.428721918848923 0.984941593757997 0.927696413104815
0.721468919223803 0.957335726755595 0.368785205077217 0.821647102048792 0.299744101564888
0.654389420922467 0.453702272507035 0.852321110965783 0.49408564791299 0.448317360567042
0.6624512712942 0.750252478145601 0.736676576750222 0.749219080622793 0.168461223801905
0.653524604821788 0.373726516868966 0.7728458258522 0.383925297783572 0.762115012413149
0.798883042410825 0.382696612576445 0.614460376363696 0.349774112671383 0.916011957401255
0.396912395959376 0.847013889307867 0.657137271687077 0.296287839777323 0.989279138262907
0.617790388326258 0.410957222748887 0.517856242724392 0.666340377504399 0.596077887521919
0.43917737225246 0.424729081385656 0.695404584191067 0.924465291101612 0.493978764454719
0.424638982217992 0.892275358239451 0.745355284219601 0.299725744967041 0.680426632465145
0.625704928778557 0.411365565961426 0.437617312751998 0.862922399956859 0.577687145147639
0.99427782723977 0.663142800339188 0.931935344014848 0.441474347984456 0.245075644569728
0.365760063438407 0.564119871098361 0.387369572815231 0.837200508751639 0.923003237498461
0.321865014479214 0.404132124868779 0.827439221495837 0.607265636757672 0.967489779299301
0.753480958972769 0.50868377023643 0.449392626582681 0.479802496887788 0.647774499963126
0.412794319449271 0.84970457991411 0.36143467216036 0.52782701980383 0.956551475469445
0.776467080820419 0.750728700316182 0.407843815160572 0.824614912713363 0.288320312843715
0.373138850243177 0.562008497778068 0.977522947942783 0.832163062406847 0.37828134384024
0.986369570354022 0.399769387784213 0.831138832386524 0.236115203606243 0.834158667825509
0.385798284166179 0.962452998569305 0.374095050493075 0.702341691447465 0.624514979682637
0.924873982224194 0.325947979924664 0.706620650227827 0.415779962988406 0.664402829024236
0.423083555639677 0.918037572172476 0.49105807388107 0.382686263519767 0.85734151535073
0.240882896556027 0.745723043009672 0.574764428278438 0.651477462454693 0.761690953238894
0.985891915773321 0.430330676872688 0.418315241027188 0.905362062103248 0.427318302949609
0.437147339877135 0.557813257532081 0.736213907066848 0.673777303770955 0.441731769291554
0.802682114690782 0.774128624994988 0.566080820880503 0.349483951064148 0.453565383454166
0.58941371956194 0.126994184579718 0.924345748628085 0.878866233928114 0.778905455686932
0.338165963344396 0.80903123300538 0.474287864353402 0.842641904579295 0.526320975558169
0.855849304677603 0.638632870773297 0.3985076720247 0.509606384654842 0.503657924040203
0.442116358597256 0.586540711401038 0.526598693610192 0.729754440068655 0.530238571429847
0.495505176882774 0.517202792949436 0.770202870058596 0.381326191164214 0.722821668156747
0.541938966050045 0.478836809440705 0.589139890880571 0.419490971316639 0.886985592359974
0.410652523488528 0.854771321355403 0.38298743488954 0.524306424417309 0.843190244328132
0.53314074506305 0.510118100225368 0.566579253529144 0.470407698403789 0.72845514003836
0.576812781045227 0.496739699946727 0.971836829504894 0.465974783192652 0.469278272778339
0.579808684253825 0.514959940166871 0.381190915424557 0.584181602974339 0.820150685098651
0.79573991836322 0.667765470957435 0.395182796507328 0.946147812080396 0.307761508598968
0.500774452398968 0.373725216664428 0.689823853062888 0.892629897334582 0.499184497738641
0.603023938875774 0.742632672401623 0.294398012518691 0.995959052976493 0.472475999040097
0.226850671917693 0.974611928499374 0.864399417610165 0.959918411743371 0.382260968814726
0.830434720981879 0.519901936048391 0.709952698550055 0.273269910467367 0.641545811810044
0.424769010104095 0.337838638672786 0.910751492861459 0.972858404506639 0.528884645127879
0.98206542862188 0.905006843581549 0.648934029520013 0.419041614590371 0.27206134174896
0.715912509383521 0.655198354350289 0.590625885403051 0.46556321426289 0.410766362822492
0.441704223263376 0.902342252088954 0.829275516596498 0.583144938761257 0.310178429855051
0.627624963077779 0.412458091234364 0.743734291734406 0.419163247785752 0.663714568609426
0.642396617515413 0.814814204802606 0.616977629362245 0.421371768213372 0.403083527565869
0.850364510089255 0.427775936516571 0.416871376168063 0.514546305224113 0.727118048185676
0.376690992368418 0.812233508192 0.598722951983871 0.981566101458487 0.355898651080848
0.993207603712905 0.701911684082201 0.337522723520569 0.312816632507347 0.999688783318222
0.920998189818032 0.634533932955759 0.282982320008305 0.735972236101898 0.474292615329133
0.370264613892646 0.950984587254738 0.653387505992959 0.36022940039056 0.732447777674658
0.707843091913275 0.256218941006963 0.928191197653283 0.703046553014386 0.482219908098724
0.723692843957607 0.460419174426543 0.461525008913798 0.455683823039541 0.784891953504532
0.186956829459477 0.763704436950003 0.829125771207915 0.685331848272591 0.606412446914965
0.636538140978797 0.569303857365325 0.927382601685634 0.213044353233649 0.759534132898096
0.762788201904806 0.871569038545966 0.986052548529791 0.273027622231227 0.368689710567664
0.970775962298007 0.995813175373879 0.560647311758193 0.135489063293049 0.757681032998427
0.918273745217205 0.321350885333339 0.673629472774774 0.509195368713418 0.569477885228058
0.577343350238393 0.634566067610876 0.602588906658294 0.392687583294816 0.598682857486035
0.538747732362716 0.594671096552939 0.283994829667629 0.72406222552008 0.81520344618406
0.996765594816417 0.240469025565301 0.898497874736284 0.376139224200822 0.846385910530375
0.822684237389544 0.630483435521211 0.612910796194283 0.180534846755344 0.896774810145801
0.979364541433751 0.387741797619916 0.798371657434786 0.765111008645687 0.272753656122613
0.52154443482909 0.94785204391781 0.272677767083377 0.534053846474494 0.850810810199274
0.431564809446686 0.593936844228966 0.348421927069272 0.733278513938581 0.87232928521014
0.83107396054794 0.357543455067445 0.537606372769466 0.621217272913557 0.551191176305643
0.371298508482377 0.904798856571448 0.862038817990243 0.910907943998802 0.245877665978945
0.969576308720792 0.161234851193917 0.887138211198028 0.480547340661881 0.886076448913177
0.736280408441784 0.284311474677086 0.652361386312125 0.581906619630321 0.649875406014218
0.807663661818798 0.499830394247855 0.44856976751574 0.365732669825129 0.919583887982654
0.500334973102583 0.814717121989657 0.504452769955074 0.886315174199391 0.323602321715032
0.378528377458534 0.465102124168642 0.716150101984678 0.815806058670234 0.538308423099493
0.72517201683359 0.75427391828168 0.804891682947548 0.501324827874246 0.240168380656375
0.484696102164809 0.842527549970939 0.362315148687231 0.786904368379671 0.492444483284588
0.529130825510375 0.32337846053066 0.739900106261608 0.509082708384325 0.891308827811974
0.904013848494044 0.411521803957386 0.399431687014753 0.557932991876405 0.702721455082587
0.829760014316255 0.347818716254314 0.542967105736981 0.980110519757284 0.419997187469345
0.439096160746225 0.434215291301945 0.798143114329524 0.519538583829009 0.693919664479709
0.782364261122839 0.865323027227604 0.96579143902601 0.165168821640542 0.513807161546672
0.87297345325561 0.358300189501741 0.935958363962514 0.349367609942677 0.619655719787149
0.543927468079269 0.542160605250658 0.733360233908508 0.286392155184491 0.95474502017006
0.344513634921022 0.996897896234516 0.841671370851359 0.332346217442585 0.684566213007443
0.321778602266376 0.859291015267651 0.386091191591891 0.621452809708038 0.994107890629104
0.428461106031796 0.800415838731794 0.50302341444348 0.524246989817297 0.599771562775522
0.892173111403283 0.0508847173986001 0.932125472730009 0.839484162180309 0.760873973008094
0.982044204837553 0.432053611642902 0.585247834048432 0.715358558585049 0.348790064541461
0.419912964779671 0.829458930492445 0.385634773683857 0.536075934497732 0.795685034023765
0.602992437346566 0.618267906473732 0.492225415385251 0.600635363008627 0.471475202182432
0.76632590569001 0.604819258097141 0.447810587127426 0.638205955302765 0.405508183058363
0.771321187377241 0.198797206230568 0.784130430551244 0.728254232440544 0.569494888865379
0.377488502468644 0.681355984882486 0.355651411599767 0.901733133900762 0.706565259853713
0.415246792321156 0.636845032448631 0.676034594460586 0.924717494077639 0.355359700322885
0.716222471738271 0.50429062072799 0.85913381400025 0.474499921376422 0.385387186300253
0.885997567558845 0.389345200585807 0.60255371980841 0.650975287172319 0.421793838196673
0.576654841145083 0.980573791892123 0.672111237797467 0.411729033590142 0.394336951256595
0.768420544625027 0.712140096534647 0.966228465968878 0.171743149052113 0.580050355194551
0.769357943919612 0.496240987300574 0.472867563508023 0.543384767708345 0.54539575108851
0.822758757776151 0.468919320956883 0.25221881763501 0.962156723186743 0.645133765901994
0.114780069927781 0.824673538473334 0.940076588166852 0.588230872282448 0.888189099527481
0.510347615268185 0.694841341763844 0.85547516029095 0.846536345152373 0.210899111153816
0.402766213117216 0.352519483932676 0.643892306053085 0.904772382809883 0.703015494756132
0.697315981341443 0.497695117663155 0.78808048161093 0.328164111462606 0.60025152079315
0.828102333909194 0.471419875697338 0.409935463454468 0.564286542564892 0.608807118794364
0.516311514584747 0.671981939155243 0.32180471029613 0.600050609896328 0.803680782358097
0.527013801312085 0.578752303715944 0.30194837806156 0.904858132212098 0.679833805143212
0.4767876968402 0.892924517883404 0.950395180973642 0.451347937827969 0.358670128907552
0.332236558633235 0.770524869595502 0.396672699676664 0.636316013328614 0.92814405088501
0.956745768466919 0.39822084032482 0.687254645679576 0.843042147858793 0.283379116661167
0.946990966527994 0.372469586162521 0.740912883907572 0.811834595409024 0.292283058794443
0.455944705028919 0.952931134797455 0.407953933348469 0.449203619201493 0.781154941101719
0.35275842597353 0.745189431334725 0.76361042353065 0.720330109977827 0.381894313486889
0.801476394187382 0.523468600847991 0.415396974277937 0.792692256243929 0.409433318538236
0.730611874193715 0.685949683333968 0.364101705091961 0.550476123758659 0.528445040850433
0.534443117329937 0.677093702860332 0.463756643897591 0.451196004928632 0.699591028270103
0.8299388693285 0.479771589744361 0.74334613541905 0.761101109011449 0.240067288059183
0.427683984342463 0.868995210868438 0.488497232916316 0.855543842763981 0.389435129286974
0.992976483183125 0.820445332905736 0.150970921863451 0.866154492360382 0.521517193308385
0.455433864813755 0.882852693186719 0.334773965099056 0.51049472117304 0.912918788448829
0.774982107360894 0.72878072491332 0.364241270636193 0.457698780638036 0.578660139163221
0.659245479333268 0.491819627897021 0.401889795999389 0.504727843201864 0.849637968139116
0.754023613491766 0.446194795254792 0.349738617182289 0.779982987672142 0.598069582166525
0.981772925321505 0.662807983713414 0.367359868510768 0.352582715538292 0.741956124446315
0.578239669609204 0.366206017132017 0.794945619183607 0.503523704280245 0.636836951652042
0.821068368849552 0.795543900375792 0.49850393801203 0.216614491221675 0.753038425768342
0.142370266830017 0.914773700411175 0.97553766626449 0.785371411815922 0.541149390320225
0.550004948643857 0.866026336881382 0.3261988448123 0.448262946821437 0.854625522311796
0.588601789262382 0.200325422036471 0.90485844208524 0.753954497645183 0.651170849427322
0.273047813880315 0.84855219210694 0.556576833542044 0.649241198458948 0.640906364341997
0.492646816005812 0.581779926691914 0.964365104193127 0.433504550599827 0.504522677630078
0.895728711934163 0.34565519691368 0.515075719884021 0.676297075326574 0.529866788802487
0.979820112672603 0.173651272396294 0.64840167009066 0.560940689349573 0.981396541414972
0.348986216712244 0.701822573468641 0.974773372347371 0.582979909416669 0.440778096294821
0.477389267546526 0.438772200207376 0.993309238980268 0.639192825839526 0.469269563850268
0.625250698672865 0.589155194165989 0.818673036461132 0.444475973807058 0.408998227337519
0.715183028760977 0.87070089952107 0.130966479556779 0.64412799591589 0.857532836889371
0.774706453861198 0.125980751129756 0.763382827463707 0.987518043538692 0.640570333588994
0.422598804078918 0.4586101847958 0.859899534257875 0.410805375965734 0.917984870602878
0.407361800086667 0.931079531026407 0.537894112342087 0.669386148305259 0.433270291391563
0.959184041525319 0.386549946064191 0.393255336273993 0.502811162097756 0.918285488648733
