0.322923590763959 0.3871865694963 0.221214560990465 0.0686752787492765
0.302425348108821 0.12500415096495 0.177080803542477 0.395489697383751
0.233582932798196 0.394124321846769 0.0894023111663481 0.282890434188687
0.270121622007925 0.277031782295556 0.215921279335747 0.236925316360772
0.237166829362929 0.149543551441256 0.223278806894028 0.390010812301787
0.213101661261483 0.193689065352455 0.288529555370388 0.304679718015674
0.272860082163603 0.348678371607331 0.208381843050645 0.17007970317842
0.200326065754899 0.267527338028445 0.328597527873911 0.203549068342745
0.425239742179254 0.198654430075201 0.0796765059366688 0.296429321808876
0.230694953587491 0.160636066141356 0.374241245650018 0.234427734621135
0.0211384266557655 0.133108996420951 0.50301201532436 0.342740561598924
0.370207037753342 0.0479852797719068 0.313689533151879 0.268118149322872
0.013135237690597 0.465408264655829 0.347140262143855 0.17431623550972
0.326293333364454 0.356262083404886 0.250371893599116 0.0670726896315446
0.444746033725082 0.0920472712712073 0.116703008118017 0.346503686885695
0.470000624026027 0.165222633048369 0.354224055471351 0.010552687454253
0.289478875890611 0.227798768789911 0.198149806041941 0.284572549277537
0.317194111234911 0.0870409894922419 0.272244530287625 0.323520368985222
0.305291557299757 0.158669892545392 0.203310195764124 0.332728354390727
0.126588623256181 0.112225442793808 0.316895103398226 0.444290830551786
0.188781707425328 0.265800521450537 0.0537737449577178 0.491644026166418
0.431687886500548 0.339575984435917 0.0314134225445077 0.197322706519028
0.0160042843881883 0.54923211992565 0.106602967870336 0.328160627815826
0.393929326773156 0.537190317084921 0.0364584294205207 0.0324219267214025
0.423981923072992 0.215540913857191 0.0247822349253431 0.335694928144474
0.0173209441697497 0.525599114182385 0.189316054676983 0.267763886970882
0.120241286288663 0.290847457618653 0.521266026282865 0.0676452298098186
0.369780871301403 0.116494933212295 0.465383159328671 0.0483410361576308
0.292538696133652 0.126616095690289 0.232115258517071 0.348729949658987
0.272563587511223 0.0964178918967654 0.0626937406487278 0.568324779943283
0.345217208271226 0.287052133719658 0.205053955655997 0.162676702353119
0.0100098728946518 0.207649532214691 0.42957192207595 0.352768672814707
0.387164340650137 0.32056441829912 0.168864409599653 0.12340683145109
0.159603473879735 0.0764042463086985 0.596466566405307 0.167525713406259
0.148676569671011 0.0520689667359088 0.383406921571927 0.415847542021153
0.291599341928273 0.405367409894842 0.27880620424532 0.0242270439315646
0.116352540026292 0.102492569257278 0.54813183859489 0.23302305212154
0.0487061236745731 0.135715040003525 0.694520993594501 0.121057842727401
0.419855396966286 0.226556737346082 0.104292552650054 0.249295313037577
0.211309615022718 0.14637153576201 0.29321602989513 0.349102819320142
0.116024835650727 0.377847866826078 0.0627504786140994 0.443376818909096
0.362797123106249 0.138332284050523 0.17702992264426 0.321840670198968
0.125852218648191 0.334160513366612 0.173889020050215 0.366098247934982
0.18672262019059 0.300577026115849 0.363911491516437 0.148788862177124
0.139683497436564 0.351970573279782 0.234717134478003 0.27362879480565
0.249890456546746 0.349838121137309 0.143538613150365 0.256732809165579
0.0677650370931338 0.312365491362421 0.357083885742694 0.262785585801751
0.276090682783469 0.20129852850717 0.248419933437099 0.274190855272263
0.308441526657451 0.351226866211181 0.273355391545721 0.0669762155856475
0.294309066011819 0.358268488132553 0.0453159914822047 0.302106454373424
0.0492928866749159 0.319297427487707 0.437564731134056 0.193844954703321
0.0164402181018635 0.243331671493076 0.38625357346071 0.35397453694435
0.0929076501117061 0.367632617028221 0.351134343692469 0.188325389167604
0.398852309401366 0.229547570279717 0.123824395453378 0.247775724865539
0.164500684358687 0.169310384031772 0.320094176332789 0.346094755276752
0.408702870773774 0.142325400813679 0.05422560286855 0.394746125543996
0.402000510739773 0.348089821362332 0.010235479558835 0.23967418833906
0.329598121530738 0.273622095352524 0.201301671324745 0.195478111791993
0.54341098270928 0.168334254235015 0.228561500582428 0.0596932624732771
0.249515023227988 0.0534215773134939 0.412054929201524 0.285008470256994
0.0420532182571366 0.313374094710818 0.129036629907823 0.515536057124222
0.235411377108715 0.352157387202627 0.128210723335192 0.284220512353466
0.274637658598279 0.0275055041069021 0.39691155866327 0.300945278631548
0.28721071693344 0.232722518812567 0.0695795438834581 0.410487220370534
0.238155545386738 0.00779822141632972 0.263213292942654 0.490832940254278
0.430406332480239 0.242263230090702 0.291548066151029 0.0357823712780302
0.20897642062799 0.0535111182864307 0.302685309588225 0.434827151497355
0.375264027219476 0.197221620707614 0.110880735458216 0.316633616614694
0.311311270813466 0.29910133101301 0.0591010269252368 0.330486371248288
0.222483555782654 0.400030638290244 0.275023889648565 0.102461916278538
0.267779146838626 0.220070862466005 0.250103217503561 0.262046773191808
0.480669359306881 0.167371877837172 0.351371501960122 0.000587260895824534
0.00885248736254926 0.410330488668213 0.303467826131335 0.277349197837902
0.306093051258334 0.303865065495449 0.237946456716285 0.152095426529932
0.0219275774811147 0.486207620114692 0.206190202998557 0.285674599405636
0.316264533826002 0.315471934308486 0.362230374356891 0.00603315750862129
0.322696498363339 0.168033724445459 0.234352908183284 0.274916869007918
0.399426178135452 0.106550548118505 0.0743827197423601 0.419640554003684
0.155504356671583 0.655250369840153 0.16342867733241 0.0258165961558541
0.00129918705964374 0.333767320421642 0.449769718022684 0.21516377449603
0.0602132848129401 0.0611245825742634 0.710805315415144 0.167856817197653
0.121783796302836 0.164708492947835 0.188182361870753 0.525325348878576
0.100506440612255 0.122343978030183 0.354759948539867 0.422389632817695
0.391808394592795 0.0979541811597153 0.227754500661229 0.282482923586261
0.157791866734482 0.180015758368784 0.29049107728055 0.371701297616184
0.296430000919152 0.261578642566563 0.205044068875982 0.236947287638303
0.274339211259911 0.377393942187775 0.267875251941844 0.0803915946104698
0.0587211904397699 0.312116473247434 0.515112278615631 0.114050057697166
0.00431802527321916 0.600796182046208 0.105808016622929 0.289077776057644
0.33806543108699 0.119380068032782 0.24231407853233 0.300240422347898
0.39739306062258 0.262678557866471 0.273310829505907 0.0666175520050421
0.154257076932203 0.401030834648829 0.0237266706998069 0.420985417719162
0.276970180915947 0.246525971639228 0.252336875751466 0.22416697169336
0.170529666400927 0.455331865706943 0.152479662978812 0.221658804913318
0.307562499346573 0.284849268112122 0.256396363366243 0.151191869175062
0.212359969766519 0.331217544744542 0.037287766716433 0.419134718772506
0.360253218230518 0.25919413397435 0.28030075925267 0.100251888542462
0.250970622237747 0.140397197791066 0.388366269795657 0.220265910175529
0.298740716883824 0.214805769457425 0.124275605939645 0.362177907719105
0.273980577618822 0.0708502465536305 0.213510670995248 0.4416585048323
0.139223357313208 0.0624000548852309 0.406150753696166 0.392225834105395
0.285428739314564 0.315774212992257 0.177797446042147 0.220999601651031
0.23060955160284 0.172660427881321 0.338731281238272 0.257998739277567
0.227452371134109 0.346613566010864 0.141256076038768 0.284677986816259
0.213494785083616 0.232055301960631 0.0829187716908082 0.471531141264945
0.123020260685626 0.286957111843749 0.277743371119428 0.312279256351197
0.197301163721356 0.0217093894292116 0.551509636288981 0.229479810560451
0.38816859924572 0.24732485674855 0.0869096852271769 0.277596858778553
0.38584757814658 0.195561283659173 0.29141188236422 0.127179255830026
0.30272907354004 0.243074061398016 0.199190780956281 0.255006084105663
0.0810374798608497 0.356545897660034 0.198896830548027 0.36351979193109
0.268678603849161 0.463540410849029 0.183325741243604 0.0844552440582067
0.292073621718199 0.411016005832132 0.128784163656797 0.168126208792871
0.0209981427861596 0.490980733990697 0.0611093541454068 0.426911769077737
0.248671688743438 0.121258494281573 0.414490748288843 0.215579068686146
0.234493311221081 0.220747619583657 0.375247950116278 0.169511119078984
0.169353153564282 0.504447106879439 0.293333801444324 0.0328659381119544
0.24689059568643 0.28423843119386 0.207051208643208 0.261819764476502
0.342080282630786 0.23527237805139 0.298916397461123 0.123730941856701
0.198365916392251 0.329499552744132 0.312866837147244 0.159267693716372
0.0851790709109767 0.24338825353138 0.536688816445372 0.134743859112272
0.408517417371311 0.0309070096603745 0.443016618126264 0.11755895484205
0.227037502586779 0.0511249364466425 0.330392938000811 0.391444622965767
0.452189798509911 0.261517860804523 0.21249821992552 0.0737941207600465
0.192145567910679 0.239060664380784 0.458060408348214 0.110733359360323
0.518891814915187 0.351156774489704 0.0988556462502939 0.0310957643448153
0.234166501609438 0.146029228388978 0.283619344495712 0.336184925505872
0.230165181118565 0.0695663448428354 0.347903556809943 0.352364917228656
0.324273130838075 0.144228249990263 0.225208666126115 0.306289953045548
0.365869351884893 0.28596920625505 0.0206348898465444 0.327526552013513
0.284592045204484 0.293417519438162 0.0318228291927403 0.390167606164614
0.0777253450569788 0.178507887182005 0.438702006381625 0.305064761379392
0.0290992239803012 0.169140757266057 0.248527890667893 0.553232128085748
0.254359888129022 0.205448778438017 0.260232006565635 0.279959326867326
0.447136050919437 0.477798262106622 0.0216036946043609 0.0534619923695802
0.288355159934252 0.284570623263493 0.200575133424165 0.226499083378089
0.44768406745624 0.0885435581918599 0.0895321923049689 0.374240182046932
0.536378756379899 0.339431806504826 0.0948678715523524 0.0293215655629232
0.113246195817425 0.312947510079817 0.109126998668998 0.46467929543376
0.0766399200951419 0.327974879912737 0.392834320733331 0.202550879258791
0.314581485615675 0.281434700109501 0.29963223814949 0.104351576125333
0.0971855314405018 0.132090706692688 0.286704748674754 0.484019013192057
0.42912147317606 0.42621942887656 0.0152903592467118 0.129368738700669
0.535236387853079 0.190155191149766 0.245874924670834 0.0287334963263212
0.430089564708577 0.162927772405218 0.240727853620924 0.166254809265281
0.305574356053306 0.124600784703483 0.124266008069802 0.445558851173409
0.238521568350937 0.350890496610616 0.0619472616746156 0.348640673363831
0.283887236853285 0.193505007633332 0.268460143626989 0.254147611886393
0.0747517592692278 0.0185877409894054 0.359540938596154 0.547119561145213
0.0514702643914881 0.339002902530155 0.157784819490444 0.451742013587913
0.354469809594742 0.389888884036421 0.240439081360788 0.0152022250080487
0.109714665170021 0.147426390559236 0.556986707312931 0.185872236957812
0.182413648171504 0.163521411132523 0.443584048120567 0.210480892575406
0.118184441442277 0.456468411643203 0.256191225648074 0.169155921266447
0.338607392080288 0.300373051053126 0.162123475234518 0.198896081632068
0.186407388592958 0.199997855828747 0.265239849264832 0.348354906313463
0.379688826576342 0.338314232460292 0.218864383834394 0.0631325571289727
0.210621327546196 0.182228211061666 0.2461049778439 0.361045483548237
0.544021610403047 0.337221914784338 0.0714168763214582 0.0473395984911565
0.426474133728212 0.553092837736849 0.0141154445905336 0.00631758394440575
0.211751782197946 0.0462513071231709 0.465700972459006 0.276295938219877
0.24231231611105 0.262112349257675 0.213463752961403 0.282111581669872
0.34172003751332 0.0956836418480917 0.0490689036148199 0.513527417023769
0.297170052265195 0.0621558483622977 0.399891967347436 0.240782132025071
0.130852822978513 0.119404714010584 0.495650162485359 0.254092300525544
0.222671796367989 0.55327815011237 0.088671268290765 0.135378785228876
0.163076777950247 0.169333357968028 0.355218615649803 0.312371248431922
0.148246244706151 0.335869960360819 0.217235181201422 0.298648613731609
0.213555751278404 0.427704540523886 0.107255951988694 0.251483756209016
0.110695340173359 0.403452136974806 0.0706048454823237 0.415247677369511
0.244952682677121 0.329501027029436 0.190657798559632 0.234888491733811
0.165977703209926 0.528986504973276 0.0560083009204944 0.249027490896303
0.0477910998630353 0.112604730518259 0.542774610917117 0.296829558701589
0.350275114244413 0.223150137740194 0.217966931849294 0.208607816166099
0.140326424672947 0.143278992562882 0.648671828524633 0.067722754239539
0.323274756734243 0.169786521833568 0.394024851037709 0.11291387039448
0.321141100524028 0.0154030724240769 0.26847825612122 0.394977570930675
0.225367314486934 0.177571608954323 0.467181089788601 0.129879986770142
0.220010683258126 0.255306661927155 0.406230805544379 0.11845184927034
0.0168100313002355 0.15820639237098 0.408119107207987 0.416864469120797
0.365805859207257 0.388389425911766 0.184362609032108 0.061442105848869
0.0510545658331688 0.101114608132118 0.241789503997806 0.606041322036907
0.248630967838619 0.09913659992807 0.219258147108186 0.432974285125125
0.257672752358255 0.312479723456871 0.171049178057049 0.258798346127825
0.234355475574672 0.126203240038359 0.340428833196381 0.299012451190588
0.204515124582169 0.310783278294195 0.171428166247122 0.313273430876515
0.207479854561443 0.27501546687131 0.308901360058239 0.208603318509008
0.0219003279147513 0.44933516753258 0.214002533119107 0.314761971433562
0.195927203224114 0.297565165751881 0.222151776975107 0.284355854048898
0.0992197411299194 0.247956501647421 0.133687095350713 0.519136661871947
0.0617678155294624 0.272001899197842 0.337791484215902 0.328438801056794
0.307282292055822 0.139444259979283 0.305098312340938 0.248175135623957
0.293289037831577 0.317712289763055 0.101765521366921 0.287233151038447
0.0576891378352168 0.55060749773672 0.0465489758244539 0.345154388603609
0.271266147593095 0.345369038449008 0.278969173283557 0.10439564067434
0.3921403631179 0.15713359108554 0.31221431789768 0.13851172789888
0.377450798851676 0.164277335116469 0.415437680658247 0.0428341853736085
0.586831025402333 0.0369714174286934 0.332226288908251 0.0439712682607225
0.0495795862972067 0.0436500454382285 0.320521260607773 0.586249107656792
0.284410573892626 0.35632174859749 0.0575535178540852 0.301714159655798
0.241410557589293 0.359864634802053 0.139871395503627 0.258853412105028
0.0486883971558016 0.214390766183032 0.301043684234239 0.435877152426927
0.300548365938875 0.174977908610869 0.430835678221081 0.0936380472291757
0.163755587230094 0.216807240789296 0.328636168776968 0.290801003203643
0.137634311522643 0.427828850401938 0.415045697636634 0.0194911404387856
0.235252159968092 0.182470686047403 0.386211596597968 0.196065557386536
0.364531263351713 0.0985931407564124 0.133832102624167 0.403043493267708
0.355554103765114 0.24340346429944 0.294959190583887 0.106083241351558
0.117352244463691 0.320561592484949 0.150027662382998 0.412058500668362
0.336184501554278 0.381947514983579 0.0765128003182241 0.205355183143919
0.329893977275373 0.113807759214238 0.288158144807741 0.268140118702647
0.040077996236236 0.353141611915954 0.559596668017102 0.047183723830708
0.144360404222564 0.219691501327382 0.208140136702574 0.42780795774748
0.187956528159619 0.289250507377912 0.303156756530109 0.21963620793236
0.317196729014245 0.3140110267698 0.200350685865201 0.168441558350754
0.0795485163690072 0.343679933446542 0.212746511809464 0.364025038374987
0.237962835292058 0.352162962683293 0.408326832576312 0.00154736944833719
0.00315750390094425 0.477334622123549 0.266411344961508 0.253096529013999
0.20140616438322 0.264737460039375 0.31993500818322 0.213921367394186
0.347810781712759 0.16312955034144 0.0740622922745322 0.414997375671269
0.198541824529611 0.112410474571713 0.327308783859689 0.361738917038986
0.416031647107564 0.0124234683181427 0.496830547863223 0.0747143367110706
0.0311610398639357 0.378543017658861 0.29021737721215 0.300078565265053
0.070076652335119 0.214714785659472 0.65341241774594 0.0617961442594684
0.381219821382559 0.232101474565301 0.0341031154894649 0.352575588562675
0.43321102250279 0.203468640514645 0.0319580484449026 0.331362288537663
0.301151603740475 0.436996476132399 0.19679201516521 0.0650599049619158
0.0511608252710402 0.461102823641772 0.224675242453703 0.263061108633485
0.375877869342388 0.420717114421024 0.143035514876625 0.0603695013599632
0.475293564316312 0.410913445840461 0.0396169329630662 0.0741760568801601
0.321060886862326 0.275898960848212 0.220968304302785 0.182071847986677
0.371770403691824 0.0784315313353264 0.332527832396617 0.217270232576232
0.0568078257843557 0.589393778094784 0.26280652118347 0.0909918749373897
0.157424467448001 0.103829748357586 0.412241390683567 0.326504393510847
0.398753127564777 0.105390027722779 0.468639060853116 0.027217783859328
0.286650251886532 0.19228018248246 0.175120255750491 0.345949309880517
0.20834341970914 0.529121626013922 0.0836680194805783 0.17886693479636
0.438251933567318 0.135631528838399 0.387404268370188 0.038712269224095
0.368538738163595 0.0892903523472462 0.192517979013449 0.34965293047571
0.173103379083467 0.379230788890661 0.11398635736619 0.333679474659682
0.27937584923792 0.161726128050142 0.486359414806719 0.0725386079052188
0.3969104368939 0.420048949223185 0.0763302236143556 0.106710390268559
0.345973758118897 0.127321503393056 0.239427743244037 0.287276995244009
0.187228463492705 0.0890891396681136 0.440709530202182 0.282972866637
0.347185337031288 0.101151957089105 0.383990476289464 0.167672229590143
0.303724013491593 0.0285357901446908 0.38110833027423 0.286631866089486
0.376711017892106 0.322651443594211 0.119564549409002 0.181072989104681
0.239910467670672 0.190045152351751 0.164295083138592 0.405749296838986
0.331181304548347 0.335405124095491 0.0292698408156737 0.304143730540488
0.0463765942260594 0.0781960351588846 0.410839480369898 0.464587890245158
0.0644965703303881 0.308395638467654 0.566172484571199 0.0609353066307584
0.0524121517411662 0.416506761387755 0.456502871429434 0.0745782154416456
0.0185884818155916 0.389850970690873 0.126781467716303 0.464779079777232
0.153951213406708 0.398560091020839 0.388365430765979 0.0591232648064732
0.278747318976168 0.194801085761479 0.20133406450053 0.325117530761822
0.28632510037539 0.2086157214994 0.216985424715138 0.288073753410071
0.311591039479955 0.330852169846623 0.198188266192285 0.159368524481137
0.314919241617078 0.168263062282803 0.280356762407161 0.236460933692958
0.119669088076747 0.526896210844499 0.160247175713728 0.193187525365025
0.407451362764133 0.259322785445949 0.127250125588013 0.205975726201905
0.368283598510676 0.237119331745272 0.170901727453361 0.223695342290691
0.37351563878956 0.174683365786875 0.308466488536489 0.143334506887075
0.40895521270761 0.311245926130937 0.206730477351297 0.0730683838101566
0.220351332542611 0.216048136894658 0.184600110913974 0.379000419648757
0.0823762270759554 0.442693177149492 0.378609667382837 0.0963209283917156
0.140025704113093 0.105502558926482 0.319389786953491 0.435081950006934
0.34482669594569 0.0167054815771018 0.365247315218283 0.273220507258924
0.328523043200786 0.0317641132358437 0.438874598389256 0.200838245174114
0.203291388514576 0.348437921221244 0.0403759531409577 0.407894737123223
0.339290962926532 0.363544716540793 0.195204332097986 0.101959988434688
0.327030800486727 0.261272109124588 0.0576175675131425 0.354079522875543
0.638066709917683 0.0726675930903657 0.248549443119175 0.0407162538727771
0.274068619053042 0.171296634875882 0.515632292593187 0.0390024534778885
0.246218869579615 0.271306991635485 0.21738888767824 0.26508525110666
0.0912417280803212 0.519785953348201 0.278141167847941 0.110831150723537
0.43155739647664 0.131216011645637 0.393208947124098 0.0440176447536243
0.152314723750178 0.0959070409692424 0.369411792112129 0.382366443168451
0.160491135357503 0.240990625504859 0.214633002459592 0.383885236678046
0.16299941490575 0.0342704796908325 0.330719605189541 0.472010500213877
0.338700831242738 0.0835334081266318 0.338807668224196 0.238958092406433
0.368520959560132 0.0269464154391857 0.313890544430993 0.290642080569689
0.289065567018313 0.172962348669668 0.16403840225267 0.373933682059349
0.169775280132574 0.28191726613327 0.326490547234236 0.22181690649992
0.129904173817229 0.248474354003947 0.462713102458361 0.158908369720462
0.178428076559343 0.327794684725954 0.110562860540801 0.383214378173902
0.292135375832637 0.115987871695138 0.178667816679253 0.413208935792972
0.0705241237940704 0.0737891058545035 0.382279198258378 0.473407572093048
0.0903601215864982 0.416916214073289 0.308950598613376 0.183773065726837
0.398859977880897 0.0734792675880114 0.14584153764035 0.381819216890741
0.0806065244813164 0.354275469069438 0.041664227166385 0.523453779282861
0.141616734710473 0.258860026533266 0.230659746471525 0.368863492284737
0.0975300966613106 0.147373487782102 0.47912477747866 0.275971638077927
0.445261428096507 0.0386860805889354 0.17468194486621 0.341370546448348
0.0450273922430316 0.354961815795454 0.196427121386548 0.403583670574966
0.0947379771992265 0.594042732063011 0.0986601348913604 0.212559155846402
0.40681394125687 0.143523305550427 0.436507223808687 0.0131555293840161
0.670721668537362 0.0763700158801672 0.0258610165100283 0.227047299072442
0.160063701938726 0.263809299607177 0.358792756203513 0.217334242250584
0.0786029935174623 0.336994144977356 0.229609536982419 0.354793324522763
0.113358488203728 0.00496917311517691 0.641624880873898 0.240047457807196
0.206621058971113 0.623606648287941 0.134257116462637 0.0355151762783089
0.015406139191234 0.096045961881249 0.246542425326598 0.642005473600919
0.24872970815007 0.0955299591668675 0.248797355138588 0.406942977544475
0.010207541391545 0.0845053992221186 0.432475609938369 0.472811449447967
0.251834476413973 0.240822687285154 0.279946761493339 0.227396074807534
0.271971009786586 0.220585403988422 0.213859847330015 0.293583738894977
0.199682136942369 0.290000915059208 0.202876904209954 0.307440043788469
0.232597836564574 0.341449874449385 0.199806567844237 0.226145721141804
0.254343108233587 0.266950952164553 0.0718929244769251 0.406813015124935
0.0350424504810755 0.273956650662539 0.451019389746619 0.239981509109766
0.240805009434037 0.481899999537517 0.0100210152385557 0.26727397578989
0.332815314072504 0.307362130586663 0.133891754448536 0.225930800892298
0.0770709649806479 0.205754614573561 0.396946578978615 0.320227841467176
0.240380592837525 0.237483074845664 0.202140488433652 0.319995843883159
0.113861642361197 0.358685359692357 0.20790172880951 0.319551269136936
0.265561666878766 0.359489770406902 0.208508876586869 0.166439686127463
0.241626344931001 0.0347539884297401 0.33936941793292 0.384250248706339
0.290550804401162 0.217146740699945 0.33003742250064 0.162265032398253
0.371540384743996 0.405371723314867 0.104910448222466 0.118177443718672
0.332204210291626 0.48794539664967 0.139963278654273 0.0398871144044314
0.134436446757557 0.333938342726652 0.210454344511413 0.321170866004378
0.333283821854056 0.354876045081685 0.0589081660860785 0.252931966978181
0.231063289471108 0.0201340703463072 0.251079434016168 0.497723206166417
0.353474126840311 0.131765816473882 0.104487572426526 0.410272484259282
0.151855814650324 0.284393735184363 0.215401787381522 0.348348662783791
0.0510532668569143 0.501448262371109 0.131074082474669 0.316424388297308
0.153268616409103 0.194331678016843 0.422175094620576 0.230224610953478
0.110099289688562 0.0875325321775651 0.36051540732061 0.441852770813263
0.273940193258901 0.332458495071264 0.236690013127442 0.156911298542394
0.357325858605985 0.272724876676748 0.269505764027622 0.100443500689646
0.117827698938799 0.332002276007905 0.351988962987316 0.19818106206598
0.44412907863753 0.207628459707628 0.177571104828215 0.170671356826627
0.00709479925696874 0.281559896956662 0.270925247101583 0.440420056684787
0.385394951500339 0.0513887958517824 0.062097172560091 0.501119080087787
0.0883514373765447 0.0546202824224832 0.456700024481071 0.400328255719901
0.169199906886364 0.381180445814934 0.124331838040007 0.325287809258695
0.33752493517813 0.396457755355186 0.17234259088843 0.0936747185782539
0.162666676919336 0.0947894359376829 0.484109227851557 0.258434659291424
0.387827843150784 0.235060404062191 0.0890590178864755 0.28805273490055
0.0595507561595282 0.363809848289216 0.339012238684098 0.237627156867157
0.284561343837152 0.304206383826448 0.264768387381105 0.146463884955295
0.0967932352912412 0.30824058093155 0.0544852944232438 0.540480889353965
0.421293147103697 0.0737158694730547 0.217373965634348 0.287617017788901
0.28597962438939 0.333435018579533 0.0344284865231703 0.346156870507906
0.256699080612291 0.486093405974935 0.135896922416677 0.121310590996097
0.486759219638365 0.191394141499172 0.178659887338832 0.143186751523631
0.250790872836508 0.209968149075886 0.350035162469797 0.189205815617808
0.262127763527677 0.109241549639134 0.270668577403467 0.357962109429723
0.273398673271144 0.304324961948987 0.11592043618896 0.306355928590909
0.153919813585292 0.368805078478063 0.157418006071107 0.319857101865538
0.449116848265807 0.159576212232751 0.185300065189256 0.206006874312186
0.0494420636513695 0.236166211317135 0.488102395466289 0.226289329565206
0.0776301704949619 0.14924371552882 0.430127458571492 0.342998655404727
0.0938822421494128 0.472067341929961 0.409965756834211 0.0240846590864152
0.354366835172342 0.119722113669188 0.118037424212539 0.407873626945931
0.314103673497487 0.208435521461611 0.289919787574128 0.187541017466774
0.352748275889645 0.148471400965569 0.284273006858752 0.214507316286033
0.29886982038185 0.0753442387062197 0.310653801558798 0.315132139353133
0.0175906507022097 0.509761381360546 0.0870634402075546 0.385584527729689
0.249370938833951 0.425225604517775 0.194916349800688 0.130487106847586
0.0992171295179217 0.397343365735301 0.173918024829779 0.329521479916999
0.390703461039656 0.240436363374426 0.126498385854828 0.242361789731089
0.339604153621623 0.391919852516935 0.151679447978932 0.116796545882509
0.172005542581129 0.374417758576916 0.286337875319885 0.16723882352207
0.0929257613576926 0.237390117511677 0.519984334569391 0.14969978656124
0.530977714445319 0.127232937062354 0.0119235132413311 0.329865835250996
0.203741838796663 0.412138345317052 0.169587339029879 0.214532476856406
0.346439483575612 0.240718065255407 0.13485250215868 0.277989949010302
0.102660284809011 0.35250339010767 0.185045819698311 0.359790505385007
0.185112114166935 0.357573858374609 0.219167004241538 0.238147023216918
0.27792853593335 0.151063603694407 0.229635840795358 0.341372019576885
0.203834360976469 0.341680243358853 0.105648882160556 0.348836513504121
0.226953792797579 0.107085588865812 0.343935755551721 0.322024862784888
0.35490259602546 0.415178315128197 0.0150123467114365 0.214906742134906
0.412387129321452 0.166986969031682 0.0496606664101699 0.370965235236696
0.110974911660033 0.465514879867352 0.370517063169398 0.0529931453032168
0.109399860751997 0.357425631022465 0.210371967964364 0.322802540261175
0.351394307816532 0.434902020180459 0.0845866146912787 0.129117057311731
0.181325076460567 0.227079072990232 0.380197095429703 0.211398755119497
0.290447949330814 0.239968166666458 0.331976441204163 0.137607442798565
0.218180998735106 0.204260617402538 0.147246905468106 0.430311478394249
0.0849532027667606 0.515673100081007 0.26207917274077 0.137294524411463
0.175251528486002 0.267052755616048 0.415229953213666 0.142465762684284
0.246754002349132 0.322805420144014 0.298110955066616 0.132329622440237
0.0440010367583564 0.269802434098488 0.309022530774534 0.377173998368622
0.167397784161934 0.171795342368239 0.282912694217255 0.377894179252573
0.284989297005796 0.318787095924216 0.127149235446665 0.269074371623323
0.192943615682214 0.274563056100918 0.144254379495005 0.388238948721862
0.127562877352329 0.425187870298665 0.0284490500838916 0.418800202265114
0.0962724072862114 0.247839781348458 0.318629733797258 0.337258077568072
0.164738288518195 0.333166359732172 0.124278866925118 0.377816484824515
0.204358583927413 0.320482521846567 0.382845623741765 0.0923132704842552
0.456014199144606 0.148992115290533 0.265961962169831 0.12903172339503
0.370134523714732 0.142430312215858 0.0896103909268422 0.397824773142568
0.337475836302405 0.107998269115071 0.506991508077946 0.0475343865045771
0.511449406674615 0.219068222893661 0.170807933154758 0.098674437276967
0.239232369109292 0.372755862573549 0.293544163980158 0.094467604337
0.219023731252254 0.23480580217768 0.346919264942888 0.199251201627177
0.0452069537897638 0.330718689300175 0.184140980754734 0.439933376155328
0.382703227329732 0.211424383399231 0.00476737169768618 0.40110501757335
0.302210256817768 0.259426863181463 0.435090167883512 0.0032727121172565
0.149693831357485 0.272875483685363 0.29993601056128 0.277494674395872
0.265235923512685 0.162760288176896 0.314310526065559 0.25769326224486
0.0425178267548179 0.440378765905457 0.122441573469776 0.394661833869949
0.195223380958755 0.0080605123709854 0.0443046234324357 0.752411483237824
0.24543463469755 0.14938641596876 0.277830731243892 0.327348218089798
0.261402827931787 0.224765212556796 0.298769526645331 0.215062432866087
0.104994312464263 0.319557386188233 0.0984410000471966 0.477007301300307
0.381566547757718 0.22733300269372 0.0407928707732657 0.350307578775297
0.414552655480385 0.382854967182225 0.128292954047105 0.0742994232902859
0.758179605174404 0.0153841726454496 0.0161207049796754 0.210315517200471
0.375369900609447 0.26973282120779 0.280684784269546 0.0742124939132175
0.0898979751983813 0.143135257240306 0.70071926959883 0.0662474979624828
0.068994220859919 0.0728834118014151 0.812893104845869 0.0452292624927969
0.396889590026123 0.167069076795994 0.0988582991042219 0.33718303407366
0.412202628786845 0.426858270917646 0.0233656377353978 0.137573462560112
0.233744861520831 0.0656698228543114 0.320738441507168 0.37984687411769
0.197014479515695 0.24783948592061 0.134324828882889 0.420821205680806
0.0757867409241973 0.123986840170867 0.144308129982283 0.655918288922652
0.362714692981117 0.0294345165871319 0.274565302457432 0.333285487974319
0.020434817946071 0.444557731527169 0.150516914838537 0.384490535688223
0.112108072098243 0.324512259613535 0.0508904427801277 0.512489225508095
0.187721371173546 0.250899795351452 0.0237387612395128 0.537640072235489
0.276892042095605 0.53530367744095 0.0955282562231176 0.0922760242403276
0.126260879630626 0.28864805349277 0.264573571722793 0.320517495153811
0.4055616766303 0.311672437232069 0.0580958244570908 0.224670061680541
0.387846468527107 0.136238567843656 0.254136677442102 0.221778286187134
0.352880980921184 0.216848704185638 0.148458700876217 0.281811614016961
0.0939687450248437 0.276515012108857 0.365483595456819 0.26403264740948
0.415997987348581 0.0906652033965789 0.0177429573520633 0.475593851902777
0.382455211199164 0.270986059288594 0.235115490759762 0.11144323875248
0.178149500973573 0.383178816151024 0.0487138103603413 0.389957872515062
0.136993517087898 0.569575192853724 0.237425078045737 0.0560062120126411
0.233893740877922 0.497576895920714 0.0818661901736094 0.186663173027754
0.275797594575717 0.180942148475793 0.259211407164709 0.284048849783781
0.27977421631496 0.221272037228757 0.0494811716712561 0.449472574785027
0.250566249624066 0.283994506785409 0.170803427907119 0.294635815683406
0.149364943899071 0.385329715559823 0.359366175849629 0.105939164691476
0.377294661891203 0.453370986803339 0.141238341149031 0.0280960101564269
0.244130569932948 0.1160422561898 0.324296962996379 0.315530210880873
0.462986649899539 0.146492755799566 0.260477709045842 0.130042885255053
0.225614079934873 0.324154219354212 0.159978490356823 0.290253210354093
0.0546353035844409 0.477679675621466 0.236331004512724 0.231354016281369
0.240270893907846 0.328002999611043 0.168219043355919 0.263507063125191
0.388610911294246 0.311443534620731 0.0540681060959765 0.245877447989046
0.330800893947042 0.0939907293229407 0.175752339292988 0.39945603743703
0.396375459507889 0.33024109338634 0.0638553894851347 0.209528057620636
0.0272847618455012 0.198110701310468 0.656838699049986 0.117765837794045
0.302444708161661 0.271790545450331 0.22654676752367 0.199217978864337
0.432076147870032 0.0177663817152019 0.184147053525363 0.366010416889403
0.273869397379901 0.0367163114728429 0.326530808943516 0.36288348220374
0.366765102707586 0.302813498870545 0.16706301117996 0.163358387241908
0.0581552015803965 0.224277278176754 0.30083080364533 0.41673671659752
0.0667545126831893 0.36167934162129 0.391812498814017 0.179753646881503
0.130330117302093 0.246017935208177 0.0860716470945321 0.537580300395197
0.237767750695292 0.305155492324213 0.299188163113211 0.157888593867284
0.348756907156036 0.14950718807014 0.28116030676145 0.220575598012375
0.333336873111508 0.0599127870512831 0.240167697079729 0.36658264275748
0.180768728073768 0.131746804941088 0.285926172204907 0.401558294780237
0.342755358647516 0.276588635815737 0.132430094564681 0.248225910972065
0.412679459849768 0.209516444871017 0.374094624357984 0.00370947092123057
0.155665996330816 0.181720289011093 0.32011251590787 0.342501198750221
0.437327600571971 0.00659260836271054 0.223561088017905 0.332518703047413
0.290458960923502 0.336084811474893 0.317998512359139 0.0554577152424662
0.196711105281218 0.348026287337071 0.265875994560493 0.189386612821218
0.238174609594705 0.240839082097346 0.0854639195548965 0.435522388753053
0.359689372934731 0.0742145288613152 0.504780097737069 0.0613160004668846
0.457734392729855 0.357196079101118 0.120587575807521 0.0644819523615056
0.35923287669549 0.119070059825615 0.105751907366037 0.415945156112858
0.0476632509500886 0.239816181327767 0.453159752474964 0.259360815247181
0.140334335565193 0.272932406022449 0.0417365129331239 0.544996745479234
0.384417111125989 0.236895872642857 0.275253112224587 0.103433904006567
0.215205811794453 0.378024031736188 0.317129565207194 0.0896405912621652
0.0194482238077346 0.263941270307924 0.319828242085125 0.396782263799216
0.260498925844258 0.116005135806625 0.261791503437994 0.361704434911123
0.382146139510549 0.514649240317494 0.0148911537845185 0.0883134663874389
0.0821604284330089 0.415989148008714 0.391396495921685 0.110453927636592
0.400355869376605 0.435485499105989 0.163337037663415 0.000821593853990537
0.00251089489940865 0.53704741238572 0.077659074833639 0.382782617881232
0.377016694721908 0.188046483556039 0.107813652777606 0.327123168944448
0.348610353290323 0.0508908334463883 0.553028204151967 0.0474706091113217
0.214819791040133 0.212912933269106 0.52526503861839 0.0470022370723698
0.51030870980536 0.0316647409165264 0.0126347590075158 0.445391790270598
0.43669793133165 0.440358268550557 0.0717607211698143 0.0511830789479788
0.233563046505802 0.32694030694107 0.0896664200337065 0.349830226519421
0.017829086915978 0.449256777004446 0.398071526672011 0.134842609407565
0.229273274894503 0.0861749722797103 0.415961650137138 0.268590102688649
0.303490828072784 0.237775294702092 0.174418362248633 0.284315514976492
0.0204119618531634 0.378696075790137 0.31988892192627 0.28100304043043
0.191106422440195 0.27406079096209 0.167478507782427 0.367354278815288
0.340716592241473 0.24891351258263 0.142290192361736 0.268079702814161
0.0915814369161268 0.13438159476594 0.294670776228309 0.479366192089624
0.309541665297459 0.0836899521732566 0.328502875624967 0.278265506904318
0.76902469376395 0.177315408589478 0.0475943401694396 0.00606555747713174
0.366560063837393 0.198219463613368 0.396662969681912 0.0385575028673266
0.339281312914371 0.32679923559823 0.0737355733996395 0.260183878087759
0.171238684001419 0.315442175652206 0.0054277060808764 0.507891434265498
0.258987707939517 0.0875478306003272 0.554817054786926 0.0986474066732293
0.225179842096659 0.346334671093254 0.210518244369472 0.217967242440614
0.194976821189123 0.317670487410448 0.189028350273469 0.29832434112696
0.184737679589132 0.202062164588339 0.311984106577311 0.301216049245218
0.220327642991495 0.378670349312067 0.117638127740002 0.283363879956436
0.0777089149905969 0.324305486488956 0.0169993259210786 0.580986272599368
0.336642297934978 0.324210857979187 0.285726693068964 0.0534201510168714
0.069088727620757 0.283311691868293 0.292582926362556 0.355016654148394
0.209811805801469 0.469607765079349 0.105504091183985 0.215076337935197
0.323841259295757 0.176582623052997 0.302799102407768 0.196777015243478
0.424874251421856 0.412614176099968 0.14349567612843 0.0190158963497452
0.010144571104807 0.118516024630072 0.6599244039824 0.211415000282721
0.182560981259395 0.21039021603216 0.418345506127928 0.188703296580517
0.105928723169945 0.416288985290095 0.160794926549749 0.316987364990212
0.271537453816258 0.116664385360505 0.226915258434356 0.384882902388881
0.319058112975044 0.249912088153422 0.158970509357381 0.272059289514152
0.325379743522552 0.388281397735061 0.247267721548831 0.0390711371935558
0.163524740311333 0.49363496535564 0.249706423468757 0.0931338708642702
0.23222750963144 0.24357984579809 0.240605389479439 0.28358725509103
0.179710713160038 0.15830356129534 0.214326393723879 0.447659331820742
0.306494664543836 0.392555038352032 0.253855233786478 0.0470950633176536
0.014774603383998 0.112629870713721 0.466887337869737 0.405708188032544
0.312874580462667 0.291871246729627 0.260495786720261 0.134758386087445
0.156040087854697 0.0782060749756124 0.352430954958636 0.413322882211054
0.171268566924036 0.136164871798716 0.198838380141063 0.493728181136185
0.0215687323357827 0.0418958768102851 0.743223166467012 0.19331222438692
0.679847325726837 0.0375092830430363 0.00257279024365679 0.28007060098647
0.230149835562317 0.297216428510338 0.14367268375757 0.328961052169775
0.0758134798534446 0.321143735936123 0.316681821866102 0.286360962344331
0.326282813751373 0.3932185599043 0.0157812269560338 0.264717399388293
0.111745090748669 0.40675301849535 0.0101372385260772 0.471364652229903
0.371543596822993 0.292997991163464 0.278372679947536 0.0570857320660075
0.124662271225412 0.0259588675929938 0.538012107198008 0.311366753983586
0.292735807522636 0.023750756683963 0.341362476106061 0.34215095968734
0.364166585049246 0.143039093138239 0.396389684415406 0.0964046373971081
0.153235601620233 0.229193690635699 0.382250616572944 0.235320091171123
0.229713086048142 0.29994874970454 0.240226897787248 0.23011126646007
0.0506989685321351 0.547597842864836 0.116950988599895 0.284752200003134
0.373306238570088 0.116994855169221 0.375782748452706 0.133916157807986
0.405199573553174 0.165831423397612 0.343193198364649 0.0857758046845651
0.0697567010758665 0.330702407790796 0.222608331254174 0.376932559879164
0.108767885749301 0.330901615758888 0.442741853586706 0.117588644905105
0.262602348237839 0.3035682719316 0.136034330978309 0.297795048852252
0.355262085250239 0.286818593476969 0.0844626485565778 0.273456672716214
0.328319772351597 0.332034327817931 0.21019982214033 0.129446077690142
0.127052394247643 0.248073575655702 0.31736923595864 0.307504794138015
0.253620892202485 0.184877287359662 0.245219633594767 0.316282186843086
0.181528382382207 0.665037976095474 0.1278839614658 0.0255496800565192
0.0504798375177797 0.552051769392724 0.324846287243277 0.07262210584622
0.200722574702582 0.262126580413431 0.26780753298781 0.269343311896177
0.338127703495713 0.0194245346087222 0.338239509148607 0.304208252746957
0.306399491266477 0.288449063136743 0.259327332703625 0.145824112893156
0.124548281502535 0.455583399881691 0.376869207850424 0.0429991107653498
0.40099284685723 0.206507138253379 0.0156777710329756 0.376822243856415
0.295909978809724 0.237412967154872 0.158723102420278 0.307953951615127
0.160617113184325 0.076368013490214 0.236413221315048 0.526601652010414
0.318355919907275 0.251846365486432 0.237279575504206 0.192518139102087
0.0302573226519971 0.567815030187845 0.00241222847770044 0.399515418682457
0.2060844752779 0.158771399293453 0.243455016624942 0.391689108803706
0.361138063713574 0.236713546665757 0.344224098715565 0.057924290905104
0.0870181932869453 0.0736204509165439 0.497746222963269 0.341615132833241
0.418785421884116 0.123587069121721 0.182649619390978 0.274977889603185
0.267468759193725 0.33764307091665 0.328466763177473 0.0664214067121511
0.348416567901607 0.17612584151545 0.138213300642673 0.33724428994027
0.265564919167909 0.271119830689374 0.263442395068505 0.199872855074211
0.198780145573244 0.34186226187117 0.0317714587224511 0.427586133833135
0.303478779967159 0.171157796287985 0.392911462886347 0.132451960858509
0.177358658618078 0.242793805962066 0.384792711572503 0.195054823847353
0.209962410908162 0.251088527130826 0.250055978343004 0.288893083618008
0.478393850439299 0.0948605561160214 0.077951642499055 0.348793950945624
0.370369991883355 0.310082092670615 0.237202388108029 0.0823455273380009
0.0867876041756985 0.13333526711454 0.428811299278304 0.351065829431458
0.131355192510093 0.363630767588123 0.0890859058150894 0.415928134086694
0.21982119660931 0.153257589960592 0.131977586388458 0.49494362704164
0.313865231258895 0.22775079240406 0.429836851519943 0.0285471248171016
0.350264546840527 0.337760302103992 0.102747330474617 0.209227820580864
0.0157212121358915 0.174008873441487 0.523343315265149 0.286926599157472
0.414649209111083 0.315772551670365 0.242390310322048 0.0271879288965048
0.150233327166345 0.114444727244715 0.271041444704453 0.464280500884486
0.450474445370898 0.0429516485102111 0.0332615983963192 0.473312307722572
0.0524818027179543 0.499233760494477 0.401225999585359 0.0470584372022095
0.12136226184531 0.243294334683135 0.433996389153962 0.201347014317593
0.296202875370533 0.0301609368094171 0.177531764195026 0.496104423625025
0.0554493628741146 0.357476818705511 0.332572269108875 0.254501549311499
0.21918880186435 0.420267189872796 0.2912757952022 0.0692682130606537
0.385241441295663 0.254824563747235 0.0672843375831738 0.292649657373929
0.197333889693894 0.33056478272052 0.21915990899861 0.252941418586976
0.106502844187161 0.359331455908159 0.257226885279894 0.276938814624787
0.340107733195816 0.161549796576781 0.149609004813505 0.348733465413898
0.440142297472921 0.0307689607385209 0.0774880374600356 0.451600704328522
0.239300822408101 0.097737859970614 0.191801401351156 0.471159916270128
0.352259291931378 0.0134323761334807 0.313131568140409 0.321176763794732
0.472266858036782 0.153265905923293 0.0225212449718188 0.351945991068106
0.325806181100641 0.450524279960511 0.140330844608857 0.0833386943299916
0.472756788153131 0.0983798652087333 0.0153202357113765 0.413543110926759
0.188891599791569 0.277688999624618 0.2679930106433 0.265426389940513
0.367531193863988 0.100618077211913 0.31010363461893 0.22174709430517
0.186532815108875 0.248780069429743 0.0677737053351869 0.496913410126195
0.441827035207809 0.465334127715756 0.0433633867132741 0.0494754503631601
0.164754046126725 0.424433520178584 0.353138658314831 0.0576737753798596
0.083004242389364 0.143128008657996 0.106041770643676 0.667825978308964
0.254534592528495 0.172652748192887 0.21298670047314 0.359825958805478
0.334472674955356 0.0929481806336284 0.214410281720583 0.358168862690432
0.279887312146416 0.282761536885755 0.102664325285833 0.334686825681996
0.373303835937141 0.395877596416649 0.00814665423502092 0.222671913411189
0.206728389444457 0.292054429652673 0.219337396989233 0.281879783913637
0.177811631480427 0.0674793018325034 0.547448233535282 0.207260833151788
0.163796090474194 0.282440804396414 0.352978543461089 0.200784561668303
0.260761131377184 0.285005159589808 0.241983055804938 0.21225065322807
0.422988580719244 0.0081815006116225 0.262157097046198 0.306672821622935
0.231755228137992 0.269222813677336 0.0356286677965314 0.463393290388141
0.0505574006930074 0.474892908948594 0.471510911582699 0.00303877877569955
0.235405847467462 0.134734484339121 0.286848695843838 0.34301097234958
0.319553590909532 0.400976866583698 0.1619327673223 0.11753677518447
0.273667776620454 0.278968545502616 0.234232285616444 0.213131392260486
0.263369782455529 0.282455397472064 0.355268493536897 0.0989063265355098
0.241772824834755 0.358827875550197 0.329391876752145 0.0700074228629025
0.291965929076865 0.366534324638845 0.17961234037145 0.16188740591284
0.183008449320398 0.309767974854259 0.292659702050041 0.214563873775302
0.219899958265014 0.463686716709507 0.253000542827635 0.0634127821978445
0.243768387263339 0.186336558481713 0.258326755840545 0.311568298414402
0.0979832973072105 0.25765179959857 0.288101953769629 0.356262949324591
0.346291470113353 0.088421410546229 0.21538170289174 0.349905416448678
0.337616824838349 0.100296811015747 0.475408350695613 0.0866780134502914
0.375575797765017 0.240100515710173 0.0983582767351783 0.285965409789632
0.000678876272085445 0.460116884057153 0.325098492588629 0.214105747082133
0.394003262798849 0.413726527963545 0.187905020944142 0.00436518829346321
0.257198059593039 0.160320638052209 0.276876912282956 0.305604390071795
0.305725328107386 0.138420391844688 0.168207267598603 0.387647012449322
0.0616375711254164 0.194887076395977 0.191755582857506 0.5517197696211
0.191549515432279 0.18939543412056 0.574174599662167 0.044880450784993
0.224932473600201 0.44634162243204 0.235023013720161 0.0937028902475981
0.329700436416015 0.260695054523325 0.187994236153483 0.221610272907176
0.258566592288007 0.345969193388851 0.288354538749757 0.107109675573386
0.117784783012087 0.00247873105765701 0.235458834215903 0.644277651714353
0.278197937315086 0.184083249381866 0.413409525687137 0.12430928761591
0.34427832481996 0.313513026273437 0.115860269168471 0.226348379738131
0.162116998097944 0.216904782022142 0.313402958629332 0.307575261250582
0.31699896751185 0.0357142223985976 0.383772826600118 0.263513983489434
0.619329058413141 0.0689881251647198 0.293243811119112 0.0184390053030281
0.256640132823186 0.314476753519741 0.060488097078288 0.368395016578785
0.179003800316877 0.177280383593979 0.343824124031875 0.299891692057269
0.0112276785684973 0.210576986806393 0.264437793667044 0.513757540958066
0.209727727125022 0.264035343846122 0.371874156388144 0.154362772640712
0.186066222779823 0.00556358253184636 0.363614220497602 0.444755974190729
0.267666641700252 0.0586972620221337 0.426337373888089 0.247298722389525
0.151587522563484 0.409778181006172 0.125615073209309 0.313019223221036
0.00658701553446989 0.340935185658212 0.188082049963083 0.464395748844235
0.0712927907494166 0.750694708169257 0.00450653687822497 0.173505964203101
0.370113699139079 0.423890312343191 0.177989130130427 0.0280068583873028
0.360028681242809 0.00629381225039284 0.329871633352715 0.303805873154083
0.337688934342966 0.237993359482699 0.232323880977601 0.191993825196734
0.176895301294887 0.19835835552192 0.0867457257315939 0.538000617451599
0.286147260757889 0.166840136872662 0.129648722873976 0.417363879495474
0.358713745106104 0.371746806439817 0.0784825079873324 0.191056940466747
0.344161024058257 0.0484562453723584 0.234239140226751 0.373143590342634
0.299689118134648 0.541390509335667 0.0838079886485932 0.0751123838810923
0.181906774731724 0.138138800066889 0.31951342404559 0.360441001155797
0.375821154207208 0.228121808623907 0.161208268242533 0.234848768926352
0.263940860530235 0.168572766270615 0.318607444529886 0.248878928669263
0.127663172924427 0.273400711100313 0.567772528870479 0.0311635871047817
0.250972501209559 0.0273455981078134 0.523546289342589 0.198135611340039
0.2543459962956 0.226766947053794 0.351957878627431 0.166929178023175
0.167206140191967 0.404802695686982 0.362830075054862 0.0651610890661889
0.211852973397957 0.357140370700468 0.396453580656252 0.0345530752453234
0.32130137218335 0.221855212455457 0.287377554334784 0.16946586102641
0.219733739471419 0.128817910639806 0.27805409057603 0.373394259312746
0.563199139421777 0.0539845869719122 0.343834328863328 0.0389819447429825
0.30270980829409 0.199439943144555 0.272407492358512 0.225442756202843
0.0221571856547216 0.340753299235202 0.231492722357351 0.405596792752725
0.113183909297579 0.392596717260309 0.160303591247338 0.333915782194774
0.25944931610312 0.185540794336196 0.223492154672168 0.331517734888516
0.37279196016061 0.229693790668893 0.231161781000246 0.166352468170252
0.45640454938945 0.480858524158326 0.0243422305716951 0.0383946958805285
0.0231077072360446 0.301779197932987 0.514132342444779 0.160980752386189
0.278898016886826 0.403627774201112 0.169609885784788 0.147864323127274
0.30061091285181 0.0778360423016059 0.199797354629466 0.421755690217119
0.296102701313319 0.268706092563929 0.307098364996631 0.128092841126122
0.349578237998894 0.0130837361061489 0.260839945207046 0.376498080687911
0.183499640777539 0.298379857609326 0.480551892318925 0.03756860929421
0.475848712681628 0.10594926087519 0.367159331617028 0.0510426948261532
0.434883075104837 0.281195238208151 0.0437984252118334 0.240123261475178
0.336242956033074 0.0555647631919276 0.328348646414297 0.279843634360701
0.34855356749704 0.39426136319542 0.129738922958015 0.127446146349525
0.278491152766162 0.0222637513425774 0.521325330027704 0.177919765863557
0.278220390048511 0.247204641162633 0.257436138927845 0.217138829861011
0.213949080089482 0.176464477749375 0.13515875282591 0.474427689335232
0.132570275571785 0.443315092991344 0.0150451330756025 0.409069498361269
0.335315734680748 0.121163340970698 0.248382995558815 0.295137928789739
0.166449865003595 0.29649517972511 0.319765403733816 0.217289551537479
0.110987367505157 0.579094428013859 0.262288620829972 0.047629583651012
0.0818197503419255 0.442749946835981 0.225498885415212 0.249931417406881
0.31543458181414 0.119719964122006 0.295029166792258 0.269816287271596
0.246453843471354 0.34195441676524 0.20250044083275 0.209091298930656
0.293831378585639 0.247114878569859 0.136407666857577 0.322646075986925
0.0161730721696981 0.466167435795545 0.0117327440183644 0.505926748016392
0.212289884469051 0.00193973785938252 0.429579467531403 0.356190910140164
0.364108320796815 0.321801991907615 0.251446821011299 0.062642866284271
0.336303385568658 0.29136472243118 0.306802956323729 0.0655289356764328
0.213638327076828 0.295073735872303 0.327355141386823 0.163932795664046
0.0499048152043633 0.021009314614224 0.555019440514505 0.374066429666908
0.197811297622756 0.37969751490983 0.228063452410733 0.194427735056682
0.2835876797294 0.28301527599055 0.290384367739784 0.143012676540267
0.387021712077594 0.186356357956941 0.0800832215266937 0.346538708438772
0.354228348890597 0.175677114417809 0.319438806716343 0.150655729975251
0.414198915465602 0.139822372806975 0.124339122146484 0.321639589580939
0.104050424752085 0.368502589820752 0.21763659350663 0.309810391920534
0.329694965524772 0.302324004820004 0.0997953834653986 0.268185646189826
0.462995726383852 0.380321487429197 0.0955465326975486 0.0611362534894028
0.407285859234813 0.0241935818445585 0.551016987860206 0.0175035710604226
0.271516706375869 0.0140373360126174 0.129482767768835 0.584963189842679
0.250302183016999 0.36644184707144 0.0685078866243011 0.31474808328726
0.375676105123869 0.316355406985628 0.183054621880629 0.124913866009875
0.27244741804015 0.165258764911135 0.151889186805334 0.410404630243381
0.425371279767376 0.211716103620298 0.261928817340869 0.100983799271457
0.334004740312043 0.191463975501009 0.283413316594282 0.191117967592665
0.423753397054378 0.0955594017821765 0.46448982915684 0.0161973720066059
0.0831859116341531 0.325882820026286 0.237324062869875 0.353607205469686
0.179421918657301 0.347833832717431 0.448991706662189 0.0237525419630792
0.126497034752948 0.124149428401167 0.370235733152702 0.379117803693183
0.188892538147003 0.29558230407377 0.456511713663097 0.0590134441161299
0.151977263165879 0.169685671633052 0.465573935189949 0.212763130011119
0.365369580270968 0.372104740989455 0.231274379711863 0.0312512990277146
0.151611369128532 0.197397059870542 0.313416823543679 0.337574747457246
0.245078283379277 6.35871587748908e-05 0.440253713849663 0.314604415612286
0.0572110455184233 0.0673578334401684 0.453661983920604 0.421769137120805
0.416242048831292 0.224381653696697 0.13032160907731 0.229054688394701
0.148864379043369 0.360617295585406 0.331941125883891 0.158577199487333
0.217401539193805 0.165283601842099 0.397234335805818 0.220080523158279
0.130807719872515 0.262689625125071 0.378062142741286 0.228440512261128
0.0671617661717334 0.396939547266923 0.311678448008951 0.224220238552392
0.2218797760805 0.222018474707314 0.250749547848041 0.305352201364144
0.358923262257498 0.338716610902739 0.127479246457072 0.174880880382691
0.12512678949349 0.303106660458868 0.39470257592014 0.177063974127501
0.163651470321506 0.235510647575631 0.213011581957673 0.38782630014519
0.12257224705372 0.080642988825206 0.349393152862734 0.44739161125834
0.149066321500818 0.18310880395002 0.462945563239303 0.204879311309859
0.263219116034879 0.55838811731939 0.012809813719683 0.165582952926048
0.187430729019918 0.208135513272566 0.364157518925306 0.24027623878221
0.341509349034545 0.0611988640335994 0.253917927707926 0.34337385922393
0.12053761845388 0.289411564930239 0.178423824648646 0.411626991967235
0.323259525106538 0.109076797903536 0.446948190507763 0.120715486482164
0.151844618073152 0.352632409367252 0.246178588180248 0.249344384379348
0.288953771820387 0.105977025736884 0.158713240287157 0.446355962155573
0.198542575772104 0.204286065788154 0.366816258806832 0.23035509963291
0.286987848022269 0.105537940674391 0.382928776942171 0.224545434361168
0.236645802925577 0.194988917300064 0.455326599533941 0.113038680240419
0.0245872802008349 0.395782234890599 0.324621882716318 0.255008602192248
0.0651714391160764 0.152173850452418 0.408627345721325 0.374027364710181
0.274379079802624 0.234196252417807 0.362805367497399 0.12861930028217
0.301091257472914 0.194278950512703 0.322428736408167 0.182201055606216
0.101614356605138 0.0649083890479726 0.360172517950085 0.473304736396805
0.193779665653977 0.192491142616923 0.587784429568034 0.0259447621610655
0.113213751894018 0.303165687343663 0.319434879195027 0.264185681567292
0.226545109491078 0.0810914767384141 0.331987041073471 0.360376372697036
0.138068354070557 0.294888349367687 0.224014593774367 0.343028702787388
0.342642455354761 0.305264616429615 0.0995759682183283 0.252516959997296
0.179231373148513 0.39173158670837 0.400665698859821 0.0283713412832965
0.196007169250865 0.141502323905678 0.327005077709598 0.335485429133859
0.117952020903677 0.311504310948556 0.233800681405561 0.336742986742206
0.746747261324472 0.0136242173239554 0.133715377979152 0.105913143372421
0.252261765762967 0.333330016198807 0.184389163797213 0.230019054241014
0.422182888280577 0.171866079754674 0.0501710065561746 0.355780025408574
0.314476055321418 0.186613192139862 0.425578902036153 0.0733318505025674
0.258857829131611 0.1717847415198 0.355864395275579 0.21349303407301
0.704675456849464 0.00439664387297224 0.20815414487868 0.0827737543988838
0.0950991769753786 0.460441328064429 0.302819447826431 0.141640047133761
0.104426489126227 0.386636918622485 0.0974196031498382 0.411516989101449
0.284645200605344 0.373295137778062 0.0468713746463764 0.295188286970218
0.0828843314046636 0.442836185937217 0.0608883780960865 0.413391104562033
0.188852718243346 0.0930282848332346 0.377367977302461 0.340751019620958
0.555866775390444 0.250394175532432 0.0811923308512387 0.112546718225885
0.190885412479004 0.238563148652034 0.0720557146998489 0.498495724169113
0.147035859382309 0.24837125855309 0.211152754182832 0.393440127881769
0.298788866225609 0.0549278945168863 0.442938311517106 0.203344927740399
0.352446047441676 0.128112915791454 0.106906940360353 0.412534096406517
0.364520372604047 0.119848009838217 0.26545724543866 0.250174372119076
0.366290168213996 0.418987678120892 0.0761572393387128 0.138564914326399
0.194657369608617 0.188829136527872 0.198452195887613 0.418061297975898
0.317861020407789 0.24747312337922 0.353865962917558 0.0807998932954337
0.0689627451276813 0.251902558107781 0.301781541583046 0.377353155181492
0.334348059441016 0.0715418143247241 0.188314502428225 0.405795623806035
0.236484515782058 0.370967988962493 0.263604649858738 0.12894284539671
0.223396361069099 0.027471591898044 0.431547338850262 0.317584708182595
0.336809103492365 0.170993231588219 0.261535890966658 0.230661773952759
0.291568203763626 0.35164113219357 0.11867247201933 0.238118192023475
0.157788290470011 0.298238761354051 0.253519126770433 0.290453821405505
0.226304242552389 0.139880210931239 0.290180542368777 0.343635004147594
0.280464822334735 0.306681706632035 0.265433980342719 0.14741949069051
0.377182063253816 0.351885784821616 0.108094056452354 0.162838095472214
0.0242825507286748 0.0575684759665077 0.407833178914471 0.510315794390346
0.203411254010251 0.484999372235675 0.263572485470067 0.0480168882840074
0.462510211523178 0.12440150921045 0.186499599019424 0.226588680246949
0.285658158623744 0.217863682140305 0.276982690568092 0.219495468667859
0.076996751612868 0.487667039303201 0.325635370848569 0.109700838235362
0.308816955431249 0.0559492625376624 0.156830612497854 0.478403169533234
0.640231149203567 0.0491243294503636 0.154088542264467 0.156555979081602
0.133778395565179 0.246154203808867 0.329890882128006 0.290176518497948
0.147189764633187 0.345975358910111 0.00388891534581599 0.502945961110885
0.115739569780062 0.616632229508204 0.0151023039348357 0.252525896776898
0.0543511536393236 0.203319483395291 0.560896137320936 0.18143322564445
0.0523336155090249 0.276273016244231 0.303854527918506 0.367538840328239
0.214776553165847 0.0745445464456572 0.327550968133523 0.383127932254972
0.0384746107341076 0.181125451643659 0.170044590756216 0.610355346866017
0.849520492359146 0.00950299525564534 0.0125195415115622 0.128456970873647
0.132701917046978 0.167287970854699 0.392941417670909 0.307068694427414
0.403801333070707 0.343086030752981 0.250484106704459 0.00262852947185378
0.251885843290525 0.00491469836526663 0.338601688836472 0.404597769507736
0.240858581784981 0.290832639930026 0.276491900985059 0.191816877299934
0.116175690874848 0.141408601962766 0.372833510577991 0.369582196584395
0.492610647710378 0.10893580474215 0.195367496247881 0.203086051299592
0.216222445474162 0.274080787851713 0.279396428204992 0.230300338469132
0.218517022443586 0.722807020025926 0.00596671005878503 0.0527092474717031
0.2084536545087 0.256615159404574 0.0273419910429251 0.507589195043801
0.36890560771229 0.0242211853577499 0.457269250794135 0.149603956135825
0.288426368990853 0.451607680490906 0.0407794858256965 0.219186464692545
0.332887697897625 0.128900202011194 0.204255415764376 0.333956684326805
0.133063747651383 0.02496063647147 0.422161862598032 0.419813753279116
0.02469069886359 0.435468172209387 0.329168307527961 0.210672821399062
0.292301162406459 0.229009207446049 0.178500750557006 0.300188879590486
0.607483418026407 0.0700978915534355 0.28546992123109 0.0369487691890678
0.236427838776757 0.211435390673149 0.246013544341247 0.306123226208847
0.146375648148553 0.207682473435585 0.334475155426508 0.311466722989354
0.301729368226723 0.314898316385404 0.227313108125348 0.156059207262526
0.141675583292796 0.386081635006083 0.363888887135388 0.108353894565732
0.293800324458155 0.281878252770992 0.411217737055176 0.0131036857156774
0.42975282818561 0.0575888265247632 0.453469370060048 0.0591889752295788
0.374993943921618 0.156743219198161 0.212923100366552 0.255339736513669
0.217157696763956 0.120406997140534 0.301271838014566 0.361163468080945
0.165471416858304 0.343301995029493 0.378530836410133 0.11269575170207
0.0606085978647644 0.213666325424426 0.289565769230289 0.43615930748052
0.34489156673451 0.327024306630645 0.174987490710793 0.153096635924052
0.261642257336016 0.0141737568019821 0.365580852897381 0.358603132964621
0.306251995025476 0.0215680999029336 0.407869913927974 0.264309991143617
0.461755064899912 0.102966630216466 0.131058999026128 0.304219305857494
0.129456322144955 0.43460039933652 0.191751826948033 0.244191451570492
0.134728123293936 0.29865477973578 0.272273644029383 0.2943434529409
0.119293579189827 0.241082287173334 0.31353672940171 0.326087404235129
0.211499654405289 0.168380664009856 0.452527954512154 0.167591727072701
0.640068276231594 0.135552312004191 0.00842886988578292 0.215950541878432
0.254947155233716 0.0674551067655507 0.406057953925657 0.271539784075076
0.298711527196501 0.0769067832952014 0.256093859345891 0.368287830162407
0.359617228457893 0.32173102397348 0.101061308036926 0.217590439531701
0.187333008820051 0.193532032193504 0.201847803563717 0.417287155422727
0.260335094629308 0.0949321502430555 0.410932917577264 0.233799837550372
0.162569780846167 0.106837314178998 0.375382542508103 0.355210362466733
0.246039728967248 0.283906548298391 0.276916554303977 0.193137168430383
0.113471219163249 0.308960745722204 0.347225986031271 0.230342049083276
0.239628616817604 0.211164757008287 0.28693478329445 0.262271842879658
0.300130140768893 0.524271598539978 0.109386130745163 0.0662121299459654
0.299193336766814 0.300789497499285 0.0836264722360814 0.316390693497819
0.346113125422794 0.218131511688956 0.122904309203197 0.312851053685054
0.302486541527457 0.0909793149747005 0.411640238686289 0.194893904811553
0.313231455756282 0.0742533848544109 0.32354603554764 0.288969123841667
0.374296353923846 0.20978750366529 0.36909520965253 0.0468209327583347
0.656171508248044 0.138251841939647 0.139365697806703 0.0662109520056054
0.356570191648185 0.223345455597072 0.246003349712212 0.174081003042532
0.135950969698436 0.236505920121497 0.168705988978658 0.45883712120141
0.110618871468582 0.0790949417056019 0.449723032575408 0.360563154250408
0.224891260627628 0.139084763494677 0.21203796172194 0.423986014155755
0.0672135143020838 0.369511239504397 0.426838813418122 0.136436432775397
0.152725314075354 0.28344454179731 0.28156374559418 0.282266398533156
0.195328238403533 0.189352624375066 0.0265311356084486 0.588788001612952
0.505126819364247 0.275164784686047 0.0587771089347017 0.160931287015004
0.31471836363129 0.0633370730953848 0.423844012740063 0.198100550533263
0.0864966463135759 0.305947064342614 0.523604673802995 0.0839516155408148
0.382714044534608 0.0154841038721158 0.174416267425716 0.42738558416756
0.333352778355397 0.0224219991709105 0.301841213201405 0.342384009272287
0.477611669426253 0.0654024819509132 0.187916326864123 0.269069521758711
0.326321278927498 0.148408257772608 0.318976644360596 0.206293818939298
0.105280860315155 0.504619012160238 0.238200971557991 0.151899155966616
0.226884713312556 0.0873139531690021 0.03838246956538 0.647418863953061
0.068373124746415 0.255966196076428 0.328222997131326 0.347437682045831
0.180950761480206 0.227244768372926 0.384547113967432 0.207257356179436
0.183061827248325 0.239275111766098 0.22706677728049 0.350596283705087
0.631599298901216 0.164618589687682 0.00500268879515729 0.198779422615945
0.0751058329910492 0.292721691401038 0.318151082104096 0.314021393503816
0.542871143230496 0.125753714374103 0.290355776204137 0.0410193661912632
0.302224080131816 0.0527851706773656 0.309304209620145 0.335686539570673
0.388943410929212 0.348785113055316 0.013849213970826 0.248422262044647
0.301573805588696 0.110827263243287 0.270954210965231 0.316644720202786
0.275976109939633 0.312566071963272 0.341263852490704 0.0701939656063912
0.395273983825627 0.102341443416623 0.275179030757964 0.227205541999786
0.158663826131372 0.333377183415212 0.349793812646498 0.158165177806918
0.323311884237699 0.27581291593342 0.299551306059565 0.101323893769316
0.327559463027225 0.284628685235835 0.0846270141057441 0.303184837631196
0.373180971433378 0.393630546793328 0.0569873327938913 0.176201148979403
0.1471908606838 0.0491823455325917 0.484094052130583 0.319532741653025
0.425037195556536 0.299062741238678 0.0133066382559579 0.262593424948828
0.490729533878789 0.191117808230268 0.0833032135910421 0.234849444299901
0.314780317692811 0.222507207848402 0.37633842362118 0.0863740508376076
0.381258332974147 0.267697417055422 0.0176159914762201 0.333428258494211
0.244726049053217 0.171081165629061 0.267118408855192 0.31707437646253
0.180153133551915 0.36612149269841 0.140625243779951 0.313100129969724
0.268830059507045 0.305782224623782 0.109683363844619 0.315704352024554
0.046545114408478 0.469025058413867 0.164412859525633 0.320016967652021
0.277087192952512 0.332558060673578 0.216789570960788 0.173565175413122
0.260781292863434 0.376205195648642 0.232237841075802 0.130775670412122
0.146619103129496 0.214397651952471 0.52119210367718 0.117791141240853
0.118199795219493 0.384533101695558 0.0315054501157973 0.465761652969152
0.30841767413097 0.0237975550273786 0.483717646314502 0.184067124527149
0.409934607337212 0.261633388145253 0.255862796715669 0.0725692078018651
0.277741375366416 0.191927254004774 0.233255341641367 0.297076028987443
