0.201920206089376 0.132760147100439 0.0311012504654086 0.140007116110156 0.133949818372483 0.0215310264875529 0.208001526066979 0.0610212325233661 0.0697076767842401
0.0698293907214939 0.0638506450746445 0.13880204258438 0.0115042931100221 0.0989538656939016 0.136112557942667 0.183776289016023 0.18852015342575 0.108650762431118
0.123955572056966 0.116079294035528 0.130944504998057 0.127861168433133 0.132796974504095 0.084251647930976 0.142646737694918 0.0515854493701613 0.0898786509761661
0.0552949032890883 0.179144867914274 0.00870638370252774 0.185308310996549 0.0163954328291402 0.0605969871999536 0.179329623312737 0.140570108294299 0.174653382461432
0.0594874755433665 0.0240614029958297 0.01114251469143 0.111474494428891 0.0161482972243539 0.215523982839112 0.183253616045813 0.186260991157231 0.192647225073974
0.206945098598222 0.0795546058590848 0.00538275613000459 0.0637452870128389 0.0803382536587722 0.0139005967850458 0.142580444028879 0.215564248100767 0.191988709826386
0.115607067698297 0.0733550220485256 0.164372408759348 0.000301931036989958 0.15534328044264 0.0673009828121786 0.150366628444691 0.0543384987226047 0.219014180034725
0.182807998533074 0.0529781479968078 0.0566232250332181 0.00858035819130588 0.0862132950941766 0.169347797728337 0.0937129119461053 0.188676016718547 0.161060248758429
0.120758666052456 0.240529311584254 0.0831049484396922 0.014720819495881 0.0528475682776074 0.0545963431415516 0.19796219074863 0.00709012029288345 0.228390031967044
0.175588594415603 0.0345299680713728 0.228205690556473 0.0445034873650936 0.0933567520630998 0.253043636046721 0.0736175450619324 0.0601654553393296 0.0369888710803751
0.163471885606881 0.0869254583264999 0.0534048472863575 0.155666036721916 0.130267588362752 0.0446681519581668 0.174120400444669 0.135462264802344 0.0560133664904138
0.1403165235437 0.154474421487673 0.0594836743477872 0.1201702278443 0.0944485263701154 0.0442536829557486 0.177003722074516 0.0784762330268555 0.131372988349305
0.0350615775059614 0.229987932463484 0.132700397951123 0.00781643112904299 0.187935817201103 0.224730007412718 0.0357414717672153 0.0847997349300498 0.0612266296393027
0.160214786719057 0.0797262591103227 0.184019707937522 0.117290975521422 0.0219301845155344 0.02414698394849 0.222004247882515 0.154919026296627 0.0357478280685099
0.123221225206074 0.241679962045538 0.0939896919453246 2.20773588079473e-06 0.127717899169347 0.19165658844283 0.0869816185519107 0.119315022061386 0.0154357848417085
0.0838173340091291 0.146643616979575 0.0459821460532827 0.158934036749332 0.134697483617467 0.0940424291732501 0.158385111298245 0.011107639169558 0.166390202950161
0.0302642737665351 0.078037508373085 0.0456004248136386 0.240993822012646 0.173524363569118 0.124929091470477 0.0417331096578318 0.0551482034504088 0.209769202886259
0.104154374759494 0.180783691472973 0.0106252645605907 0.0664794216939097 0.0608011943719283 0.178048596390551 0.0934574396531607 0.144122717178185 0.161527299919208
0.194395135041668 0.109487112930269 0.00619249630055809 0.124322486018574 0.169413856325863 0.0829037951083716 0.123625779176296 0.0534527685090259 0.136206570589375
0.17490962595049 0.161389388469703 0.109434531195006 0.0708131745078056 0.11480172591755 0.00430860834206538 0.0901188191015292 0.12421302204086 0.150011104474991
0.200288416645365 0.101048258112542 0.0846192340135588 0.181748901311046 0.0897860764916344 0.112182084741333 0.0525008313622926 0.0872142913619941 0.0906119059602345
0.0667353590718455 0.181363272646622 0.211887611863831 0.191880434581883 0.0130780941773615 0.082107571166392 0.111851725568473 0.101632543385275 0.0394633875383162
0.114544733522598 0.252116623657713 0.260196635314838 0.0463654805398311 0.105961607078403 0.0671659952770321 0.0650629618685615 0.0859633242857357 0.0026226384552879
0.196978619780429 0.202603731245986 0.0665363453373645 0.000971120352097639 0.0300887136059982 0.145188728820835 0.213027009355255 0.143283288722565 0.00132244277947135
0.275295912184245 0.081990949515046 0.0928016163872486 0.259487430542287 0.0645165241861956 0.0479686499015945 0.0608020451389617 0.067032614652531 0.0501042574918903
0.0101962511448649 0.1001361327222 0.0680234820754739 0.222500538537457 0.0485200751297975 0.0640898026932835 0.192759767103038 0.21385988900352 0.0799140615903663
0.0141244149796223 0.219280560777614 0.0811409832759708 0.199054386481792 0.164414560347274 0.156270701440155 0.0710273707496147 0.0328323626116407 0.0618546593363164
0.0430210199704682 0.00278030467242061 0.141436950324505 0.244827876312589 0.247591270797977 0.0499708665720789 0.130940354496581 0.0590829782624776 0.0803483785909038
0.155842017701056 0.160054106906245 0.112254794697889 0.000988159789815232 0.0864931978507768 0.08046157240424 0.125750650885785 0.149216716351784 0.128938783412409
0.0657224622475143 0.0662401659970523 0.0503345776492503 0.0336903622104455 0.208895115434066 0.236816539742432 0.137308977877124 0.187923950320367 0.013067848521749
0.161795352339186 0.0676988313351308 0.0270442562451346 0.167826452369012 0.136363742272984 0.100530979124934 0.0984429748039529 0.153704789825479 0.0865926216841863
0.159708538825697 0.0910971632318821 0.0276199816435812 0.230345975883894 0.0232911808834243 0.0570692191689341 0.211743133078909 0.0534751106990243 0.145649696584653
0.038119948885396 0.160520968557908 0.0246438401344573 0.113452474287362 0.209151166061237 0.182428991628527 0.153452050215912 0.0386091244756535 0.0796214357535477
0.216368546056024 0.0346746147414483 0.0878993048627891 0.181165232451716 0.10159880391765 0.0723664428586839 0.068700087485384 0.0928603519912065 0.144366615635098
0.0181715398785746 0.105775942010648 0.071244290738966 0.0727850824330345 0.154599639815909 0.150884620538347 0.135312196899698 0.11292326154824 0.178303426136582
0.0599727269491202 0.183853667395643 0.11963908450271 0.0458358139654273 0.171367799994073 0.0236991230032669 0.182396641634296 0.122458387622153 0.0907767549333105
0.147767864044509 0.148835270983663 0.0133370789960548 0.120134746958264 0.067829345291447 0.172941807753863 0.107205732802988 0.117782378929628 0.104165774239584
0.235777116026703 0.00111350520018299 0.0101777971355518 0.253039577731955 0.0280500582196441 0.0191598998181851 0.113598469448391 0.289548849293083 0.0495347271263027
0.174153989437014 0.265335890399508 0.0990043049502564 0.0367992192436081 0.143609014975284 0.00349054896722173 0.00776235021589482 0.150315449627294 0.119529232183919
0.109535363058664 0.112315930139264 0.105971644850348 0.109391775069817 0.00852605015149325 0.0958950099994773 0.204511101695826 0.0863449008910762 0.167508224144033
0.0474455434273945 0.053665988865458 0.178795415527888 0.202645571126891 0.198661089114655 0.0147567169151432 0.175027586070398 0.106692522384821 0.0223095665673515
0.0294548105534733 0.103084115883571 0.224855979079563 0.179050740595518 0.0563545683630936 0.106412371627633 0.064632736756462 0.217195462324388 0.0189592148162976
0.206494711520844 0.145906024977157 0.0846487725804825 0.0380466772566073 0.114840445786203 0.166448527923605 0.0361806279565172 0.0764728264932338 0.130961385505351
0.206969000330004 0.0388167560693173 0.0401626399028268 0.226475399352285 0.141205227077216 0.0180180340199367 0.0191202802947229 0.131697110096044 0.177535552857647
0.165090133895559 0.094476949708394 0.0784281386521374 0.206932001352851 0.0253166304869401 0.0433092507945964 0.121767162150017 0.0586905159665216 0.205989216992984
0.0276351181832392 0.112023682220507 0.226247553632883 0.218005766070548 0.100462848268686 0.0177878996123212 0.165313820836454 0.00804793334191272 0.124475377833449
0.00971835754047366 0.169043694978877 0.185337976499828 0.101027647701038 0.0411042337864866 0.190906881461702 0.194734908725671 0.102834903969547 0.00529139533637657
0.0766557003957655 0.202246609664158 0.133365669953346 0.114737831742506 0.198366144584625 0.0051413202924208 0.0475697077182399 0.197095131697254 0.0248218839516851
0.0332245514798954 0.15396236986158 0.150891289946329 0.174066410603472 0.147150428480197 0.0337374151053271 0.135945934638724 0.0626416230956206 0.108379976788854
0.0060961676859017 0.191980202400609 0.0033355703239725 0.136251112467721 0.0499015592255262 0.103398381726304 0.0834256174131196 0.184559752784396 0.24105163597245
0.148865786588694 0.0929267017310243 0.110705446693247 0.153152662640495 0.170469342793177 0.0358864074529634 0.0980868594466227 0.0150194953813162 0.174887297272461
0.129069428929722 0.0858839571974943 0.0119621053806464 0.129170204367212 0.123465849155013 0.160407528233804 0.144220246786506 0.158506539531526 0.0573141404180756
0.124722515928128 0.177795511550713 0.182753668113706 0.0688525640093978 0.0705126499052524 0.100062532857663 0.143739868917818 0.0695493304788558 0.0620113582384657
0.0358176665776636 0.0390671342687721 0.192298571285016 0.0325731790811554 0.0576495493057411 0.165842995008465 0.069605492457717 0.18516888873272 0.22197652328275
0.185211733528132 0.0899070275820617 0.0792209490079225 0.0261172259672973 0.162392761027221 0.108485953862895 0.0467248400331907 0.129953745398828 0.171985763592452
0.208321577748946 0.082700803775344 0.152397746855741 0.0201771025213512 0.18525293382952 0.0509355821254966 0.0417064146715938 0.107270767316515 0.151237071155492
0.276171460179592 0.227102030234607 0.105052676576281 0.0420385007059908 0.104312606140469 0.00833346453632337 0.173519414547926 0.03588952781435 0.0275803192644605
0.28540588075144 0.231250435632328 0.0880111134905462 0.104558869592099 0.180997881880493 0.0384388348655228 0.00257938065089285 0.012385838245777 0.0563717648909014
0.193616661387251 0.00407188657255144 0.0933961926778152 0.133774037696563 0.0375509327718279 0.184905865349202 0.130690942942314 0.00935559907188898 0.212637881530588
0.255898116780237 0.0941254003354343 0.0240892025090818 0.0815190822083984 0.142437633619513 0.0246214021689063 0.240844762710238 0.106188422410523 0.0302759772576674
0.146240265412123 0.207182635964042 0.0755037538589203 0.200303193720815 0.0260912584440938 0.0229481174397313 0.0268313455019496 0.0791026368973394 0.215796792760986
0.182543703380755 0.0805641864992469 0.0395457701281364 0.0304389222225159 0.13926419991717 0.157918277748493 0.0997457494427369 0.122196724640334 0.147782466020612
0.1006281548518 0.159800774934044 0.102942270382236 0.101661760206069 0.102475291221806 0.197597854713933 0.0758817936515629 0.00958486303882379 0.149427236999725
0.156191864040958 0.163139848001319 0.0587676284639231 0.161157892765424 0.214349490727124 0.0235827872595934 0.0186114102968471 0.164665720103535 0.0395333583412767
0.126687048909712 0.0612360481954011 0.173606656603966 0.0894624157999624 0.140334141682327 0.175118358739643 0.00822042304434036 0.165839218586943 0.0594956884377054
0.0902035630446874 0.078732875477988 0.15675166135207 0.172046084538917 0.167913057515856 0.106782762409364 0.0259599597034184 0.150423917169976 0.0511861187877228
0.173466731913575 0.0470076582864853 0.113357526966114 0.158476519451929 0.0270884121962073 0.122252206775653 0.0288662107925371 0.165535349727769 0.16394938388973
0.0386340896310505 0.16908938806738 0.118429025044313 0.18839677071048 0.116251906997625 0.0394168356868497 0.136180925173581 0.144460474731067 0.0491405839576543
0.0789214229274904 0.0502038889976823 0.0829819728566293 0.199289225314894 0.137476168237871 0.233222386066593 0.0232626034304256 0.139194614871035 0.0554477172973786
0.0954209119224335 0.192264451330991 0.0751286605039913 0.0515340521549169 0.0547912144648056 0.177718311048228 0.187764379361058 0.0199507817262197 0.145427237487356
0.183960385483352 0.117316484746987 0.162576581951897 0.0558730547472537 0.00733738758521083 0.0747681078041602 0.0409172728878377 0.156860527348787 0.200390197444515
0.19041496506246 0.173559636737613 0.0923107882133902 0.00943417702984676 0.0126829703424958 0.0890568156662643 0.155943155850961 0.176122698352702 0.100474792744267
0.132600427511047 0.0748818424862456 0.123885977842466 0.0648246429468836 0.0471715459615104 0.137839915180623 0.104215173565075 0.155009092337945 0.159571382168204
0.215279274967665 0.147431456261096 0.0101558805555467 0.0711718552859439 0.143447978726178 0.0626220674599013 0.050054479471798 0.115217383412119 0.184619623859752
0.0672783804068545 0.155526674495557 0.179280590567728 0.0484783266061501 0.0505578327555365 0.27286198099907 0.0233304677890964 0.0297260042211599 0.172959742158847
0.19423955896705 0.00424589125656643 0.0667283680559696 0.0402424909496448 0.139431316231763 0.147990584749901 0.228674910804207 0.0944755155883689 0.08397136339653
0.204226348189908 0.184371624817611 0.0165865794653052 0.190581282241062 0.112946203047042 0.0785373110692252 0.0403639496369565 0.126254538601245 0.0461321629316448
0.0497875578538565 0.00619681964139146 0.186282973120339 0.0761139187489015 0.0466157354753342 0.0546915677039126 0.223273477511898 0.143428644178573 0.213609305765794
0.0776754836387116 0.233574962125943 0.0115302217981326 0.0112233776946261 0.214162861293071 0.0185104452304364 0.180507152413038 0.0985365864421899 0.154278909363852
0.0601375259241275 0.0558631489978944 0.0859356791313466 0.10114663594253 0.163094451481589 0.1911577776733 0.0368262865282543 0.12427592582485 0.181562568496107
0.308721744231367 0.000187114434401344 0.0150679509531322 0.0211580949495239 0.142151295028952 0.0352896507726404 0.289257606826647 0.0672624162375839 0.120904126565753
0.102537322744225 0.0505455805430203 0.220723090793782 0.171043757840388 0.0304439642657064 0.213003577227438 0.0167909279294753 0.183528962293844 0.0113828163621213
0.146114042422825 0.043986579077199 0.136383966363969 0.107706364064205 0.142825649077056 0.0795162942681072 0.208346525553573 0.000102026885469299 0.135018552287597
0.20930953695 0.107861141760439 0.152337200752603 0.158070945796752 0.0873868411206652 0.0550569231599085 0.149853433679985 0.0239988615988992 0.0561251151807477
0.125978018082007 0.0497700399540034 0.0271025874862867 0.10165045092223 0.156029108403387 0.120091204787749 0.17463374673944 0.0774903129920486 0.167254530632849
0.25716785099628 0.00997609012473955 0.0285078108497816 0.0564478413682517 0.156318842674969 0.184722241287049 0.195752118803618 0.0673556489166968 0.0437515549786142
0.328694415238638 0.0545044638474033 0.00559804600276459 0.135258724731384 0.0617965140707952 0.0150531923460152 0.164670749140999 0.151291317409925 0.0831325772120757
0.160331557643988 0.0106920636743112 0.135037827948895 0.153658356075172 0.21319107994849 0.0403669517473173 0.0588314376689614 0.0347658425144084 0.193124882778456
0.0258857512137467 0.0986297443858462 0.212176313242129 0.0876459553035509 0.0922599347820398 0.079804493784544 0.110474509392713 0.0999476300178964 0.193175667877533
0.204931215960436 0.0742113987179386 0.169574548843372 0.0674430331493463 0.139622982361604 0.115241523902503 0.0476293074656043 0.108055913752 0.0732900758471945
0.0271731216053264 0.0342920029722101 0.133824626304682 0.130337615091626 0.0155688635878507 0.141570405320462 0.165941993631105 0.152412720083279 0.198878651403458
0.0422500229531858 0.118985455435269 0.114808893156446 0.135676578700494 0.143934828498699 0.0525229662499159 0.162872906126229 0.031324941531459 0.197623407348303
0.123341342797798 0.0536361492021296 0.0729808685293224 0.0148168619431808 0.182661759890843 0.0454269784231449 0.149247059199626 0.193736364146312 0.164152615867644
0.0680896892452586 0.129799130581504 0.0815517770239901 0.142936465542968 0.159625777969583 0.150297613711591 0.0847993270965151 0.161707541516182 0.0211926773124089
0.128366061766798 0.168196861556289 0.140617732130371 0.0903394776527691 0.21046797161468 0.0283947668481493 0.0847115073801153 0.140522284412441 0.00838333663838829
0.186778178246009 0.182163853877523 0.0879221362196796 0.164377787750986 0.120521425003638 0.09828880887893 0.0363620414775059 0.0541896551230517 0.0693961134226764
0.0814335747601265 0.0796557139097816 0.166337614670603 0.0843676755904458 0.128953822203971 0.125905140485525 0.139235539031279 0.136790852061396 0.0573200672868723
0.0240823793081402 0.222293591256346 0.23328885460988 0.00575200827462125 0.128490257924017 0.204219053139604 0.00632432056364821 0.172423456518364 0.00312607840537973
0.0154740506482037 0.149818464792783 0.134203714663265 0.173098872905297 0.0381434355872574 0.227311768781134 0.151158446341847 0.0962512622547348 0.014539984025479
0.17791109444144 0.050193135543455 0.181808279687522 0.020756788569639 0.167406159341859 0.0982956234995978 0.11660135079691 0.0646992959550185 0.122328272164559
0.15837948435512 0.149671851407584 0.0164178343797642 0.190378151418479 0.0941070816433735 0.0896928895126604 0.0689102995217523 0.153637811423604 0.0788045963376633
0.130116964427658 0.0741829369256075 0.111180715378935 0.0106578965493184 0.134315137447988 0.165415383827442 0.0801642424822188 0.158989010270275 0.134977712690557
0.134102109208832 0.0643165314243722 0.226660159607694 0.0302195616977687 0.207641603432646 0.0609001339861304 0.0522107586544355 0.0407626176205188 0.183186524367602
0.0698356954578942 0.159741253938752 0.132229523660325 0.0758638246262239 0.096115641014367 0.143058483684546 0.0204737684939847 0.109492521995866 0.193189287128042
0.0293594054789201 0.091964909212326 0.137306942448347 0.178213645903803 0.00787519064854973 0.161766981614137 0.0723911298259622 0.182565185704302 0.138556609163653
0.147951660856355 0.0656801588620081 0.0371683075101873 0.00838902084263972 0.0938317950045166 0.000787872476971095 0.214221246611051 0.337231540410011 0.0947383974262606
0.181932272090907 0.0271616933634114 0.0365573645089509 0.0435365486105808 0.124191901476321 0.147725689461516 0.0784258178297672 0.199895470087719 0.160573242570827
0.15041507972423 0.0901751454611581 0.0500794078760847 0.0212686679258605 0.2056575904084 0.0881792733184782 0.177053688427998 0.0915423628152393 0.125628784042552
0.0536114260323138 0.175067075314286 0.0855399680795004 0.0651538663505163 0.190137103334066 0.135019311069536 0.188426618642039 0.0623868214486832 0.0446578097290592
0.176175543454763 0.0549991054063732 0.108313001818534 0.149626000389199 0.0201252495234277 0.167141770775635 0.126694371485262 0.00456756748223646 0.19235738966457
0.17708430903419 0.0940257130707484 0.126330100914487 0.138245402632965 0.209377666509262 0.0225510266546041 0.0514684612738805 0.11930832333721 0.0616089965726529
0.121490831254509 0.19849424875043 0.169195052456081 0.108286351155585 0.00449312195663365 0.0291423656614569 0.0638898846511538 0.111069412044832 0.193938732069318
0.0741208374667632 0.0292628608527883 0.0329699032869524 0.135122694542297 0.283112847436331 0.105866898006176 0.0727793883645276 0.0956572372367735 0.171107332807391
0.152229089048 0.00600985860749252 0.0612114058413603 0.159359964491837 0.109031800325711 0.0792180615539881 0.158254457795992 0.131365157373939 0.14332020496168
0.124175952622944 0.137886830574821 0.0408820634875879 0.118724564170486 0.207168768002461 0.169645482130271 0.0475015824268088 0.108275324501999 0.0457394320826215
0.044086930316933 0.0281108244847732 0.288567821894591 0.125231416473688 0.000489935503784305 0.0923179052675211 0.0981161351467151 0.231318644245261 0.0917603866667333
0.178313920593737 0.104174215649599 0.149811941773146 0.0426783088603978 0.0130654905471512 0.0741961619365076 0.142985577851734 0.138277472078963 0.156496910708764
0.114494386890502 0.129550332685171 0.086243844079258 0.0688781051013385 0.110023444593103 0.126286462375547 0.0633696103601483 0.131424229182333 0.169729584732599
0.118519158740843 0.142261911961593 0.140919298293662 0.062769196214774 0.0981862242769417 0.162336415246542 0.0193792849537922 0.12670012189662 0.128928388415231
0.00243839307768893 0.0782672550314593 0.112035183451816 0.0911927775660687 0.188840666383098 0.148315789408883 0.117460983026454 0.155427277032909 0.106021675021622
0.178727120213276 0.146122578731579 0.0534722045086203 0.0571876434415941 0.119259689505643 0.0270248755529964 0.130356062349877 0.132700638933204 0.155149186763209
0.167688270245122 0.0178025720914424 0.15633154017232 0.171053828116436 0.0768388915389953 0.182870259025075 0.0905561639041133 0.0944619420910461 0.0423965328154497
0.156723951688355 0.0245655317716598 0.07583536550142 0.116389743952554 0.191549317130717 0.00348369148547447 0.168051987038934 0.163095497246852 0.100304914184033
0.103025732113923 0.00798064107699432 0.0832312980460818 0.0632310396110687 0.125821630218097 0.174858316865443 0.16921083147442 0.128565696105747 0.144074814488226
0.130689265449957 0.103226972407645 0.198719666620026 0.0828581476954036 0.0759141813449906 0.130461000697691 0.0332422299648476 0.0853025011012762 0.159586034718164
0.15926434988417 0.0607334802369369 0.188815459356623 0.183445660337462 0.0133140128206866 0.0363365118117653 0.0486029564309562 0.166609343061871 0.142878226059528
0.172763364809556 0.19966607536468 0.013996841790852 0.196632463057601 0.00686919279844711 0.104412132973118 0.0519963215526769 0.180638333733374 0.0730252739196951
0.0684795868004913 0.237440736254792 0.0657507010165738 0.175278855539348 0.0778592703263328 0.0863279172784056 0.0866573223861726 0.0410353517405502 0.161170258657335
0.183769955438414 0.00595276606733815 0.132606805817397 0.198655659598434 0.208398365595308 0.15702022890862 0.0177594622309609 0.0010324305322394 0.0948043258112882
0.0354129820478976 0.237889776786467 0.189531221908527 0.0104254678825481 0.0204211880388544 0.187648137920168 0.146654588247008 0.125037307364832 0.0469793298036972
0.110717379822172 0.0221180911661698 0.214051612042067 0.0742591917650196 0.0760972496680445 0.05951426348558 0.0680028276130075 0.123732480263229 0.25150690417471
0.121204949028361 0.188648745993925 0.00708041513152064 0.155579939763814 0.034624314727165 0.202500724826394 0.160589102480506 0.0462719041544628 0.0834999038938515
0.0423702343521393 0.0830031471544186 0.0324489431239874 0.188228793912053 0.0336355883106744 0.22619623504329 0.109255343839776 0.138768818490995 0.146092895772667
0.13438988828964 0.200375395140636 0.142651846751119 0.094972795019111 0.00993617256983157 0.162049724180177 0.101880896293676 0.0212955218811155 0.132447759874694
0.0528887692082886 0.0609548766982873 0.100256771609955 0.0489919446501034 0.181424294264082 0.147203815069212 0.136523802839871 0.250039255871882 0.0217164697883187
0.176087514668782 0.216814678201215 0.0440603423130032 0.0333607722411047 0.199097272263514 0.0392148239292321 0.101002517970629 0.00916215375670188 0.181199924655817
0.164075411731462 0.00410622486061724 0.101496575368905 0.14369108528614 0.0290363087522208 0.0595199078283446 0.196125903972187 0.192345011812143 0.109603570387981
0.0785764578859062 0.170298532962231 0.0382313492477597 0.0715372074166624 0.185601565570802 0.0918633522412327 0.0552725631608076 0.171109079139961 0.137509892374638
0.0739580410673034 0.0684880604029038 0.196416109365399 0.0920049413937345 0.0303045290015917 0.181623688184794 0.0362032967691668 0.228682540730489 0.0923187930846178
0.119566738862225 0.0566630712627562 0.193142932135725 0.0418968793738816 0.157249019387118 0.126728984568614 0.111102254502877 0.0761741516199317 0.117475968286872
0.219513795210898 0.0360686307202052 0.050442386858098 0.0155687894499199 0.126556291615117 0.219103004672704 0.123513508620169 0.205008057233045 0.00422553561984465
0.179747336240826 0.0391046573916011 0.163115306906961 0.033510024809089 0.0740084761959631 0.173046121078498 0.128131531935417 0.129045558356113 0.0802909870855318
0.124230584813744 0.0103954238678337 0.220070697687424 0.00505181209133596 0.0950493780547474 0.185403018221803 0.192469054415953 0.0471501554436381 0.120179875403521
0.120774532317278 0.167064838844929 0.162009163584294 0.00584269832468788 0.114761037961173 0.151382496939666 0.0413654875990406 0.084231744791813 0.152567999637118
0.0385804572590294 0.203978743104214 0.172812315036695 0.203553447835002 0.0979270334767196 0.00866618730393891 0.126273573667235 0.0301853364660649 0.118022905851102
0.0381121949844167 0.123846973560088 0.149185055208939 0.0225652376070416 0.0674406596689291 0.054021710692731 0.17994441261603 0.17823109855059 0.186652657111235
0.110169568100188 0.179414546287957 0.138871650991622 0.0230423612897877 0.131234217450534 0.183125958056192 0.0212804163959056 0.0552952783163089 0.157566003111504
0.176729644078787 0.0290138159977897 0.0400892868902076 0.152302412457751 0.050280956138592 0.113383287540757 0.157718460895319 0.149474947225273 0.131007188775523
0.213447583266892 0.166163431818082 0.138510723670102 0.15085910034853 0.0591240812251986 0.0780851344086246 0.0205010237341351 0.0772813048402547 0.0960276166881814
0.195868624544178 0.201950320935753 0.0104793218307107 0.193635036064575 0.0575771683784557 0.0408642930574174 0.0586870444233999 0.140806742513282 0.100131448252228
0.140424832811513 0.0238600665660429 0.0936327548276178 0.145369895928256 0.146253693411494 0.092728037441958 0.174510806864247 0.0100226339525903 0.173197278196281
0.118162486980185 0.0129687077764355 0.0548797397832848 0.170257438234488 0.141469062009053 0.0902700862780909 0.136052095423972 0.16670300711196 0.10923737640253
0.0939306127595096 0.102737864558663 0.164885721987119 0.0970556597063552 0.0862673541285413 0.176662144530531 0.00966810934461305 0.143365951627934 0.125426581356734
0.0867578200356438 0.074016657932819 0.0825982923719106 0.122745431253251 0.136025571199975 0.146208149134474 0.0725154503942862 0.0706718766005811 0.208460751077059
0.169699625228703 0.0382830626841872 0.129358106963114 0.0949856432515203 0.0996321460288004 0.0494462627136228 0.180655889090802 0.0455559208207441 0.192383343218507
0.0703224238042286 0.1232009286425 0.165216697206253 0.103208604942928 0.112462980548422 0.15996956136736 0.0310407022714311 0.0519872430240025 0.182590858192875
0.133091192662777 0.0197248531630201 0.150169679069129 0.0137383682655803 0.169472767827511 0.119050322373316 0.176722083657548 0.0651239971821659 0.152906735798953
0.076168688418774 0.211480012378169 0.0771225268982644 0.152987536332314 0.00578442485445438 0.0170761805929052 0.105443615230292 0.194358257165763 0.159578758129064
0.162240966741903 0.163422098441027 0.116190431672355 0.0960917589053146 0.0857848528242298 0.132174071005557 0.055876630381274 0.0935219399705442 0.0946972500577959
0.119304401372227 0.122661732240221 0.0146309824753699 0.149929107181916 0.0859028317923514 0.175207992592613 0.0773364894275528 0.0722423212417737 0.182784141675975
0.143929564381031 0.190970825528403 0.191626278588524 0.0888507018970191 0.131329681008348 0.00388115444850225 0.106993177172897 0.116398860340232 0.026019756635043
0.178811700886879 0.0499891916759206 0.0128734104553394 0.169036674955357 0.118110128944185 0.142172677644556 0.155916918134209 0.136782430962183 0.0363068663413708
0.0853057293079371 0.16877758672907 0.0215888708061845 0.0349676602243065 0.119295509520906 0.204867874778967 0.138405702463831 0.131792533275098 0.0949985328937005
0.0173573994581966 0.13247840609326 0.112933105797827 0.099560108273544 0.188083478058656 0.115889274488364 0.0863887614916894 0.181439830692514 0.0658696356459483
0.0655078019778443 0.0678828637345829 0.210489690567197 0.141934228711525 0.120165769570679 0.00996775775086383 0.161193700299608 0.17449608537114 0.0483621020165602
0.0991609784072192 0.107852765542381 0.095408468705447 0.195154616881243 0.174708860952454 0.110182199007683 0.0906166616619832 0.0971147021889509 0.0298007466526388
0.151757849638956 0.0449252966546109 0.0308110996849603 0.13127391637003 0.136166897517214 0.124641342112869 0.0913701773194666 0.149171994535608 0.139881426166285
0.207812530130727 0.175341450065692 0.0254882439741572 0.0439467417296234 0.00162044281113044 0.195494870704459 0.124158738570124 0.0499008233002055 0.176236158713882
0.0286075219585013 0.174252461695203 0.0211704273854396 0.0241094068953998 0.147903638419034 0.170140092224098 0.201231699765132 0.190146901551556 0.0424378501056358
0.14474010903781 0.00239396952366764 0.10302994946422 0.145244810219947 0.0806684376178108 0.00998221616812915 0.187240134006386 0.192126669740626 0.134573704221404
0.0493319742449184 0.0397612614462837 0.135885534128184 0.0886696791340909 0.199077210232301 0.0917480896464837 0.0242354377750005 0.182746929257513 0.188543884135224
0.101050891541557 0.0609337817067367 0.120383455134962 0.0737838929395911 0.145108277831246 0.156433793316251 0.167423173046075 0.154732997180854 0.0201497373027271
0.120651502385278 0.0881844232337636 0.14934306711734 0.136429784010541 0.00347444123119946 0.184584546919411 0.0641175712863545 0.144594332096184 0.108620331719929
0.0611885157670586 0.107597198589685 0.19973848879292 0.128724835971701 0.0226469883398428 0.0286077373368227 0.146772155616972 0.131818301730189 0.172905777854809
0.0366436358088145 0.234749512069028 0.116627924723897 0.163830463362369 0.107609379055249 0.131748503224096 0.194857708673781 0.00433622620857642 0.00959664687418982
0.0759631741332318 0.110099002753546 0.0541593630550113 0.015036764803411 0.0962461940956815 0.162830709262994 0.16751482533299 0.206028476866636 0.112121489696499
0.0505909848755362 0.082622409400373 0.218374840896204 0.096205393432202 0.0565915714337131 0.0105572425386259 0.0852586995000414 0.247985948778366 0.151812909144939
0.0358400535315099 0.164716602353014 0.109532827319857 0.109616191813221 0.0766052879228834 0.0317978731388555 0.185550534224464 0.181814387479548 0.104526242216647
0.0410182601204233 0.132731678632608 0.148528872306004 0.0625063636685035 0.125007437538088 0.140499335568461 0.124883866384529 0.113522109852437 0.111302075928947
0.0184091428728579 0.0937093870882688 0.212095453725218 0.208148855546652 0.0714566615746019 0.0197771666100557 0.163994490240915 0.17541702229078 0.0369918200506507
0.0088033545570374 0.0346164799225156 0.110111656590471 0.0840767238626021 0.034955287841797 0.0902648892316297 0.096091670240468 0.226856535850816 0.314223401902663
0.179137909358777 0.145932237556342 0.0930418134649614 0.0910734866914483 0.172427103117594 0.0328063954389912 0.187874594696264 0.0901910817065743 0.00751537796904753
0.0964898314121167 0.186642147868356 0.140028862912479 0.10974479132462 0.167438791768818 0.167531628347822 0.0392810601359433 0.0293476801799073 0.0634952060499391
0.18087873122439 0.116202442395104 0.140918725122299 0.0813160222205227 0.121923763968952 0.0306573601127828 0.200719461565641 0.0739835640987337 0.0533999292915745
0.126049184946296 0.128554255759448 0.105272053086002 0.123009691613163 0.0198442229507265 0.138925343850595 0.121157658167104 0.101282549631267 0.135905039995398
0.178072695507659 0.00736422429407479 0.0547914270018638 0.189061754999008 0.0454180259688633 0.168349959297903 0.063803260324994 0.118657552295614 0.174481100310021
0.0769070083530606 0.0352725996224994 0.141624386525235 0.189677033619823 0.126459536883273 0.0510739748856183 0.170085894341683 0.156588957903871 0.0523106078649377
0.00791512227436237 0.07239928678875 0.0679335349367005 0.137956993530497 0.0736187898973776 0.203064142529045 0.220304693418055 0.021583759128902 0.195223677496311
0.185074723123743 0.077477887270903 0.201626239490598 0.150322984072268 0.08638279144537 0.183933410071399 0.031059540407583 0.000360322424372606 0.0837621016937634
0.153771335357554 0.0649483825499201 0.0538172291584982 0.133496490847833 0.160772793886387 0.0195211753472184 0.139277352102448 0.150978023245069 0.123417217505073
0.170642256654802 0.200458843831318 0.157994274328398 0.100006775265791 0.0137448985600036 0.143850905028453 0.107986379615086 0.0603591387207375 0.0449565279954111
0.052895219220603 0.185442782104093 0.203311705418996 0.17089970579524 0.104119021817367 0.0509479844271401 0.00899192035504761 0.020569643128704 0.202822017732809
0.102012986096201 0.171499101527325 0.0262532930625355 0.136732231744751 0.231120012174022 0.137807930628007 0.0749489347834265 0.0168110527810119 0.102814457202719
0.0966549710038908 0.0131266291695893 0.124551427017195 0.0540115118690986 0.185080171098414 0.262692267963202 0.153416864257699 0.0516077879996041 0.0588583696213081
0.0322881026637392 0.0758841340078095 0.0967596973860448 0.131582967430536 0.053763970058167 0.181432367698049 0.203806886271076 0.219676288169864 0.00480558631471412
0.0828217693084163 0.0910618324059302 0.151498943821206 0.129328638299708 0.0540797941735985 0.207327292158513 0.0741576230462483 0.0028879840272157 0.206836122759165
0.0217253582072625 0.197935757473846 0.0629041908744607 0.153327489285132 0.258533972560127 0.0470314192910898 0.216622655826131 0.0199930151854943 0.0219261412964567
0.123896841330497 0.0615269789835022 0.161827766598315 0.122382592873374 0.151522397489604 0.0457165011828451 0.00813826557810867 0.161507856157974 0.16348079980578
0.083364052409757 0.0449260123986584 0.00786742964592986 0.174792046233703 0.198097390012438 0.0703952580232458 0.100036937543764 0.230471004407206 0.0900498693252979
0.213931401509381 0.0605238076053278 0.11002874256315 0.0287455864117399 0.0186905534644068 0.103738129597461 0.215103861661077 0.154650960015332 0.0945869571721235
0.103879161860127 0.0331368304892422 0.154554790296974 0.0676571311234091 0.190066659101235 0.133235517748538 0.0654150148798387 0.088984304372226 0.16307059012841
0.21722202945915 0.0140993620917457 0.0692309480826891 0.157502859164217 0.164430310980508 0.0791521009410163 0.175937007471047 0.0265345430330222 0.0958908387766054
0.0228413975243505 0.0892597990418376 0.220832776621725 0.148659520245234 0.00178566035386589 0.170135356767099 0.0848341899514296 0.169421475971681 0.0922298235227776
0.000758576482797603 0.0737911374501282 0.131205377535306 0.0880885259085961 0.00388900962861818 0.169507747482633 0.202587293973586 0.197042855905445 0.133129475632889
0.128194097927506 0.0215237781016284 0.173564804221501 0.130845760453323 0.18345892932743 0.0786661592532413 0.0140609089191812 0.169811265009441 0.0998742967867494
0.0388261580208617 0.16880275103234 0.129545418771352 0.063507175640671 0.0807581113324655 0.144074010241851 0.0935202223401525 0.138446240836975 0.142519911783332
0.000822374359437424 0.155350606143009 0.248365593103933 0.0546588820909812 0.0104413705973063 0.0702401938543769 0.275406862313067 0.0957262614400876 0.088987856097802
0.140613851469081 0.111757529684513 0.109213005615165 0.00478152657568432 0.104973881977921 0.101455369573526 0.095041728055107 0.256009481840124 0.0761536252088797
0.137774238799625 0.0352320923521863 0.176240994785901 0.0699793759770471 0.118105087983014 0.0921982299500035 0.186193821486047 0.0917043707702827 0.0925717878958934
0.12649114527706 0.010297262550816 0.119049667849612 0.153873546475184 0.153666812230093 0.123855166896862 0.0360889580750877 0.133574028321566 0.14310341232372
0.0704386282270116 0.0389791445014288 0.151303718074536 0.120467650248134 0.103644957977692 0.037875285009666 0.218885900849841 0.121312632246712 0.137092082864978
0.139443133351222 0.0627062886056691 0.123145289359405 0.00286624894952888 0.162664096034935 0.0663422024503299 0.174376497999387 0.12397340921804 0.144482834031482
0.0867310006574806 0.0983497009107375 0.0457554942685928 0.104700948603338 0.226363452689116 0.124899796566801 0.112510066099124 0.195085995381574 0.00560354482323587
0.128707993368968 0.00937177789790118 0.0191096366593286 0.0900627707086049 0.205841884585461 0.113070772998481 0.0740415832315987 0.141441895819338 0.218351684730318
0.165842495756583 0.130558744206581 0.205101942208109 0.0284665930651082 0.137811928703604 0.144791718198226 0.0117768636889427 0.000738002554449564 0.174911711618396
0.0932640471261298 0.00314994858870798 0.187912406993738 0.155563044771746 0.195044230747341 0.158245602727668 0.00241534611870512 0.068270463740894 0.13613490918507
0.0448898156010074 0.104957994576167 0.101239576613544 0.140210979186772 0.127321552610214 0.0997124056513481 0.0375621688691127 0.166460913202563 0.177644593689271
0.0465695835637456 0.0817303023649527 0.180133413661955 0.174195043226682 0.139640334522971 0.140993525380077 0.147187944888583 0.00647256476289174 0.0830772876281425
0.0489646319646553 0.00650236141356975 0.148811826785605 0.0783503697397163 0.0858386332879542 0.224331086730124 0.180476503294687 0.222565294912906 0.00415929187078291
0.197558684066358 0.0189811883556288 0.0871707518567374 0.157972610628862 0.0573246226960837 0.00251518777814248 0.205793981033865 0.170712842551023 0.101970131033299
0.243724663836704 0.143294033553328 0.0033798171410324 0.128883391613807 0.00923010577373014 0.0301857326494355 0.195436528944725 0.0909283680508367 0.154937358436402
0.0066176512444659 0.0589507462557569 0.139307845312648 0.116532533184403 0.130626719175185 0.239576447947649 0.0736428471913208 0.165144102316127 0.0696011073724447
0.078079974619542 0.14171320940661 0.229592795252718 0.114813540400282 0.0707853168788568 0.0415631685212168 0.183542826357967 0.101101653361144 0.0388075152016648
0.0153718429154177 0.0349501746626309 0.0847930947378459 0.0292786398524577 0.249913884580312 0.0509436586162693 0.104527038976209 0.200930521263575 0.229291144395282
0.0495833016404566 0.174738282278561 0.122155533552433 0.0862984940260478 0.0360063907266746 0.136618275403381 0.145629270428524 0.0636295377609997 0.185340914182922
0.00216520691322003 0.0399858840769603 0.131028866681484 0.128720803059726 0.11854749822746 0.120853308365252 0.138112059098086 0.287576858322211 0.0330095152555997
0.214803242978926 0.22073934048818 0.0281241420978228 0.182750111743227 0.14171592949789 0.0730423410406449 0.0428724239153243 0.0521537845402247 0.04379868369776
0.00480270933788392 0.197244401908769 0.09099413842762 0.0248873856781051 0.139674994690886 0.188980868231771 0.0282140224911092 0.15261040485576 0.172591074378096
0.0691592852003026 0.103876760525964 0.0251946594419013 0.0782299455774587 0.0638395628972429 0.200472072064849 0.161033593510477 0.0886953072954142 0.20949881348639
0.0269795884480672 0.116878126287653 0.199198105598593 0.0165691747312262 0.0204205567468794 0.116563451343338 0.132833707152534 0.161011365226109 0.209545924465601
0.255292650992456 0.0665208468452743 0.0306185217597864 0.172195950767014 0.0678514311792097 0.0501600385120386 0.080508260980706 0.119288693803389 0.157563605160126
0.0979730440033783 0.185898468007511 0.222629038247565 0.00902150294166659 0.133816066895043 0.125718175081678 0.0296571394974498 0.0138820420542634 0.181404523271445
0.0540496483284524 0.156562724287234 0.157265672800536 0.128529037361338 0.0885231545375576 0.158340778961228 0.16367936373547 0.0535651828976031 0.0394844370905816
0.159550878257819 0.051448283012835 0.101928611865785 0.0246817559686027 0.114373413758655 0.181739329435904 0.091264589726786 0.0995897082342219 0.175423429739392
0.217150314054913 0.0448404264735439 0.00266450820423234 0.234308401789332 0.0765971350396581 0.0890409607608409 0.0326135812822007 0.196798743728674 0.105985928666605
0.0348193631700689 0.0821398977278113 0.0647772046874807 0.0316888000727781 0.160800302861539 0.153867955766715 0.114355802347128 0.15893308590307 0.19861758746341
0.0858212496981303 0.11175957087756 0.129164250373028 0.023099767818811 0.0991769531107988 0.156259608160877 0.117395283038775 0.158350457842179 0.11897285907984
0.0340714603649693 0.169352868704748 0.0779031099856632 0.0436057618493303 0.0520606940067932 0.0373730182458657 0.265151748699986 0.0806039379202641 0.23987740022238
0.0607993349683447 0.180895921509434 0.171010714362171 0.0470619795393529 0.132449232324414 0.048439768804454 0.115192734587704 0.194872319957878 0.049277993946248
0.0279753270729192 0.17314161680136 0.047626692339673 0.0960603481898981 0.109065595284269 0.246548806454012 0.0321494879144668 0.0542487871790972 0.213183338764305
0.0954216187599301 0.0163851744259955 0.148656898626153 0.157553454883426 0.147647671004199 0.151896680165749 0.115609218860733 0.163121171396338 0.00370811187747634
0.00581904784479221 0.120491059116982 0.0147846218271565 0.116483161471136 0.204946340519915 0.121895930067155 0.224744525368028 0.170562049477029 0.0202732643078068
0.0280618644849075 0.0798115192090938 0.102703560700975 0.201947272340438 0.133351859798652 0.0789907905114319 0.176293909086915 0.0467170115584768 0.152122212309109
0.052607252440486 0.0866864919053528 0.196766670986284 0.0393062831068767 0.117496417615791 0.19703791613054 0.0687375753067724 0.128823585946611 0.112537806561285
0.0459151316364519 0.131586839077526 0.192469061858474 0.23709991518153 0.0939053005160419 0.184664835517783 0.0146109209720389 0.0750543954909108 0.024693599749244
0.169496657159857 0.15318237918529 0.0356296605047004 0.208886484394478 0.105880841290318 0.088111873090646 0.124142320386303 0.0686247095424085 0.0460450744459992
0.184804180746343 0.0543856925517183 0.0267580509692114 0.0138068875461435 0.167257211955268 0.191038981843871 0.108080118125162 0.164602696068325 0.089266180193957
0.203241374745535 0.181710042884054 0.152229843420997 0.115886486971571 0.0423163399263509 0.0204122915825856 0.030702600956233 0.196959773067497 0.0565412464451766
0.173840945574324 0.010782090462178 0.169003434819277 0.0277701238531095 0.130961770629149 0.172095820169109 0.0686027110793509 0.0953724817429278 0.151570621670576
0.14248946869822 0.108869630399024 0.151214428291014 0.108240174976427 0.0410689714324894 0.124527162511516 0.0445515096924814 0.0732964160888693 0.205742237909959
0.0809276675693513 0.150644469882475 0.0013985991928671 0.0497730036776298 0.153710004091907 0.205569628140271 0.0232452844144421 0.167630709955519 0.167100633075538
0.124047923514714 0.0449998679035958 0.215334939142285 0.106405654839839 0.0422011467350766 0.138382792749287 0.0440328057343716 0.158772851671167 0.125822017709664
0.0429054712573899 0.230304278178848 0.058321585760225 0.0570000920075781 0.169107651931925 0.15259901255845 0.0925313191814317 0.174672113549117 0.0225584755750352
0.00253066976344485 0.0317692012127621 0.0280890494612964 0.14099813875631 0.201167339414072 0.177397143549536 0.191706746995411 0.0950188785510508 0.131322832296117
0.0159902741380092 0.117593122213395 0.00766899204255808 0.10231395878727 0.0519468896180044 0.22889522123443 0.142869373676234 0.167004697695296 0.165717470594803
0.0593218961274168 0.103186606062353 0.0174960965470624 0.200747765143915 0.160756664776981 0.177571504469965 0.108002463130448 0.00645907132026542 0.166457932421592
0.0460507215320566 0.157474919021624 0.0313693830644045 0.0960902330374025 0.109647608302645 0.118192851427959 0.0815146422474116 0.225582161868889 0.134077479497608
0.0344776154996074 0.179278031340382 0.0979390412488293 0.0771223614662065 0.177488192856534 0.0973506473304502 0.149304734376032 0.0296767139390311 0.157362661942927
0.126984237136507 0.192929340120559 0.133081378292493 0.0370008824628341 0.0568071618963554 0.056985003894175 0.21451798839001 0.0836370743926219 0.0980569334144452
0.0587623213191572 0.131057175132687 0.114396621080872 0.048545250127115 0.112498250599031 0.105178669626959 0.0620618592744018 0.196584371026645 0.170915481813132
0.140508771046191 0.147609397950012 0.120399010015106 0.137833969045357 0.140180244317311 0.115704794069222 0.0304958545855801 0.118932208621169 0.0483357503500513
0.0291446469498119 0.154842015733555 0.0717761815646228 0.0739450218186348 0.0608796649568986 0.126718492606556 0.172366926212718 0.173112295397069 0.137214754760134
0.0830110393689548 0.0600311441965715 0.189081055374026 0.133079338435894 0.174057974925872 0.00173489697079451 0.0727034467967239 0.133262198425299 0.153038905505864
0.0308818867484617 0.01267618087056 0.00803888620659339 0.146929890223844 0.247535224286335 0.110172735245494 0.228960208922097 0.204244400349661 0.0105605871469541
0.131954235167498 0.218642946949182 0.0104579560078361 0.183299412013873 0.0412069889577246 0.0662902760601695 0.0291242796201528 0.213148809529417 0.105875095694146
0.0310009516754597 0.130012727237046 0.0616415054832956 0.16157254385848 0.169192696458996 0.114391465423629 0.117733544412601 0.165880633032446 0.0485739324180453
0.0200931062403924 0.176706694581508 0.198090337010325 0.202978289657265 0.00243380914021198 0.137173557864442 0.116851538493267 0.0110411538763951 0.134631513136195
0.169926679830231 0.00985523876620669 0.0515299163338062 0.0827580285740321 0.290651757235582 0.15847740700231 0.121783150376751 0.0564012997771315 0.0586165221039506
0.114224631509641 0.181048888048337 0.152127021060487 0.147076166978278 0.133580575085275 0.0555630212627717 0.168488325173251 0.0200587348643857 0.0278326360175749
0.0958771180253493 0.0879116437810186 0.153435558105074 0.0894197423823853 0.156770032148791 0.116308277717153 0.0818544046271711 0.0650592052864823 0.153364017926576
0.11690345476459 0.188367998204565 0.139659129556805 0.00592197502977457 0.0797780282082365 0.0784242615252473 0.188208012140552 0.0878391927645285 0.1148979478057
0.0666100009055281 0.139209529812107 0.204637156332159 0.156409123241132 0.228922976166457 0.114106321662872 0.0487603354471677 0.0179499571938823 0.0233945992386947
0.0260843495616403 0.258307654546826 0.0736029749981261 0.0105189969644564 0.228155701447904 0.0861965832488465 0.161345864313765 0.109269656554639 0.0465182183637975
0.0506777589405063 0.196452152438902 0.0836736802253477 0.153846481063141 0.0674272006674715 0.0311418697054869 0.191837631036379 0.124238887143415 0.10070433877935
0.207727196140709 0.111481880084417 0.0609493419745043 0.0120015507435809 0.0471867658774972 0.0901334812941871 0.0803727454346006 0.237501115315162 0.152645923135343
0.0767188802868575 0.00322012078640259 0.176706623289274 0.0809689488499704 0.149072635703151 0.198280717342936 0.0301625877241559 0.138707294904169 0.146162191113084
0.0392048460853672 0.102650756320286 0.0245344527637369 0.106790576945606 0.174833674764974 0.102787947655593 0.111086223779086 0.138029640590911 0.200081881094441
0.0404342572134562 0.200715815097832 0.00203078903547213 0.249514380317156 0.00954309159234895 0.138912332781808 0.142857143970773 0.128612364335502 0.0873798256556516
0.141265766539959 0.0394196285538657 0.184278121036606 0.121450765053765 0.0944850268823747 0.125269463315772 0.085219442523536 0.0893525087931736 0.119259277300948
0.070125183955675 0.139059085033858 0.133496828503289 0.118591443694999 0.224365936450005 0.109053985030835 0.0523964877675814 0.116511679789015 0.036399369774742
0.102423328140586 0.127934983510784 0.124105503779301 0.0598196934413936 0.123265326130733 0.0522695788945929 0.169955767367094 0.110151019346748 0.130074799388768
0.118357042544864 0.129838338720931 0.0293999092252718 0.147527397964529 0.0893214985165317 0.0965676540216014 0.141538288391165 0.111426304500946 0.13602356611416
0.167110557261105 0.156727425347195 0.0783534176612372 0.0271576101927056 0.265055653368879 0.0779576238608385 0.0627091942282633 0.137584664924895 0.0273438531548815
0.211299159256111 0.0135603684565168 0.109500111458893 0.0649206228548079 0.122502886721382 0.171508948962323 0.010234786716381 0.162050244960067 0.134422870613519
0.0262387837433072 0.14137402190774 0.115741775018248 0.006225831998582 0.136288153340456 0.113577344523285 0.16082904687767 0.172593000752819 0.127132041837892
0.114217293776814 0.0443180439938953 0.217644235292451 0.0283800880188683 0.180578176372552 0.0824972539542576 0.185290291446755 0.146260100101954 0.000814517042452437
0.0359186385418847 0.271757641667344 0.0695298606627268 0.00485503674584541 0.0525166617650517 0.0283205187009479 0.178016845633559 0.276236954708653 0.0828478415739873
0.157447180625575 0.11618243695402 0.0329246918454943 0.0553970647398056 0.18662967522773 0.161017591770594 0.0897516810375256 0.153965355890782 0.0466843219084732
0.0591565006131494 0.0423724254291662 0.179458037704173 0.192354635170025 0.122885605024427 0.0994694698355416 0.145752653478688 0.150917326141699 0.0076333466031301
0.173916690930159 0.183546495367001 0.160625450846244 0.0232252015361286 0.144913616234235 0.136086680326567 0.0850453901201773 0.0708438778802903 0.0217965967591975
0.0641384803846775 0.0929641371468489 0.177891480618868 0.112356365616304 0.0605784789038646 0.0950716345451558 0.167686012122344 0.117709533227305 0.111603877434633
0.0266009839964776 0.081245023278016 0.117867318251748 0.175248790186861 0.00788840521500313 0.233173718006374 0.0981886098934844 0.0431093416766812 0.216677809495354
0.14359882053355 0.193492270552256 0.00155538610836971 0.134638672000036 0.105607282563411 0.116958512179132 0.0732980228291022 0.151141550214955 0.0797094830191878
0.0681433976071771 0.184261837706533 0.0720644735484943 0.123114698080072 0.00714607064694988 0.127322943815486 0.0692410131256435 0.20023971531704 0.148465850152604
0.0376473893812048 0.217983860393524 0.212969916829971 0.144710854414306 0.12344378191503 0.0834487117500116 0.103614359126835 0.0192667459845718 0.0569143802045459
0.0154230498911238 0.167811037375908 0.0531189330713758 0.0981725877906636 0.220925879401418 0.1562379576884 0.0710659300922663 0.159084270649021 0.0581603540398224
0.156871640713051 0.164531623723896 0.115858300615933 0.0309788636915454 0.180664037591744 0.06169039878398 0.010392263692525 0.126033739431716 0.152979131755609
0.019256909743335 0.0173410635764538 0.0943300536889785 0.209340169883567 0.18498295547763 0.0569281359292323 0.226777302710035 0.12772714496778 0.0633162640229894
0.0135103054660365 0.177351686626188 0.0377216290255343 0.199105463184428 0.180067681216427 0.123386711913842 0.119499580012026 0.0580494096956149 0.0913075328599023
0.00766861142310675 0.00471722998611874 0.045255565803942 0.139750251772018 0.0458695938248239 0.2181830512167 0.167201884741385 0.150826526854706 0.2205272843772
0.142554762357648 0.179583008469384 0.0616022560995173 0.0919075307664184 0.123917190708885 0.173563833889513 0.0495557610672512 0.105733370060144 0.0715822865812389
0.147720375535672 0.135797357793137 0.02621677869661 0.107981550443698 0.0794329868682517 0.141795951751892 0.108965288806227 0.13328430346242 0.118805406642092
0.0966038056974228 0.0705872492627172 0.0117747700397642 0.0284144347533159 0.108596798557587 0.186673007368832 0.194953995104348 0.157026579126227 0.145369360089786
0.122475946454468 0.0274834343090358 0.122690363548945 0.102150025770754 0.122377092684433 0.0835451354978359 0.161543391021401 0.0958875061706452 0.161847104542482
0.0899476277568237 0.0818323184661561 0.233138087269094 0.139231402527093 0.111479521548537 0.0310802308668727 0.179377137003339 0.0166966643394398 0.117217010222645
0.0381174387286564 0.222006827004449 0.10931370000534 0.0160838837997249 0.0543721410938731 0.106858607686208 0.237704284372972 0.130407897231633 0.0851352200771428
0.12572041292748 0.0899126741925637 0.0930660011903699 0.149851347134021 0.179153354687748 0.162831146085098 0.0867399855136093 0.0512872863445819 0.0614377919245276
0.10858711001962 0.0272463500621331 0.162136371416085 0.223553154057927 0.0163659487664999 0.166594767666166 0.0218369467200272 0.195995117316078 0.0776842339754641
0.190199294541671 0.103313203515526 0.0579484127445297 0.064725305515019 0.195747361671205 0.200765490151965 0.126962449871189 0.00693430774951261 0.0534041742393827
0.0837048451908236 0.0312176441252436 0.0497346862656632 0.152886693036411 0.0164054469183203 0.261018426345122 0.248432605923094 0.0768582488305242 0.079741403364798
0.125433523615347 0.0735229698515671 0.188966867085563 0.201379697293842 0.181098907248356 7.41240741603302e-05 0.017336651697512 0.144184146606525 0.0680031125271281
0.182563257684475 0.17722097889444 0.100790423021739 0.167844064300462 0.154925689659671 0.00942589403448356 0.000414519407933653 0.204534762925561 0.00228041007123394
0.18064131011347 0.136269457415046 0.115340795903977 0.190843503843577 0.0279131626986381 0.087739190100477 0.167281794386237 0.0273217286277393 0.0666490569108369
0.101118137760349 0.074501718664224 0.141065556151411 0.0924506469417892 0.181098542588339 0.0406942270913915 0.195372527272053 0.116282882588937 0.057415760941506
0.167083565106228 0.0266153632374767 0.197501684703722 0.106894252071963 0.0284680445756941 0.043065957254907 0.143195605117552 0.113311083968611 0.173864443963847
0.0146657289242297 0.0176597292915167 0.239150694048996 0.181776252457273 0.0514163138555468 0.0805819260972497 0.189660730898717 0.180471304720967 0.0446173197055049
0.109691805473753 0.19574309403669 0.0690755091726901 0.0396887816098754 0.140904607331582 0.177704887369013 0.196462560949681 0.00310071494698346 0.0676280391097332
0.039689127729054 0.226548814091095 0.0261645522824083 0.0132127326589045 0.0229473250333556 0.173667995879399 0.239522267313657 0.175721690929303 0.0825254940828232
0.141187195349879 0.00472380031446249 0.010009166320415 0.0934575038478538 0.147774934298887 0.141215360751034 0.192485470071832 0.0934685570452455 0.175678012000391
0.171654516489747 0.173857439769363 0.12396251833185 0.255383565820766 0.00189224341505908 0.0647114057468976 0.0483896171633475 0.0652435908418527 0.094905102421117
0.0923311554568672 0.0393673266317778 0.110904613580506 0.206731701969674 0.0263264831480199 0.0138246917784379 0.116173355087012 0.264431883360507 0.129908788987198
0.184952227501055 0.0128816218925374 0.141745770318447 0.103536025866767 0.156356579126739 0.0174791152106986 0.13841581412806 0.132401298967732 0.112231546987965
0.0999411547253694 0.16286391160991 0.034946516906664 0.0641711390524441 0.117973307874293 0.0452030060269716 0.137365929262807 0.170038363261434 0.167496671280106
0.194983254020436 0.122776759166847 0.16326786298481 0.094914097168408 0.124402046316123 0.160815823337979 0.0380216075214164 0.0844856427648157 0.016332906719165
0.0370558728107212 0.11997547209636 0.0718586665358509 0.0984805553154324 0.136774515655147 0.161595611353661 0.095075326060049 0.18847919571021 0.0907047844625681
0.166658453318364 0.172884238334283 0.124323956735824 0.132349840838159 0.133162197723612 0.071291882573649 0.124179979633796 0.0430379794433845 0.0321114713989276
0.0813151739900523 0.202443826307783 0.0383663417384853 0.131770000711478 0.147571573330311 0.15056812199537 0.0442735953812696 0.000502946048675946 0.203188420496576
0.0894597595963074 0.105172561015075 0.128930675340297 0.0695834356427234 0.15580893305011 0.150003562762428 0.109194009029263 0.0439613907604186 0.147885672803378
0.0935610275775191 0.166549479373849 0.109157575644292 0.0923016378686215 0.137264846375207 0.00833563650787234 0.134422052943294 0.177595142842579 0.080812600866766
0.0394371806291271 0.0563560219261951 0.127842044244169 0.147383904936055 0.117798660417943 0.137845579712704 0.175979548873627 0.0950687499357094 0.102288309324471
0.121841322176594 0.041471101115236 0.0378964941704095 0.213082051144985 0.0254678012720002 0.202917451171592 0.106254151350523 0.173716604220479 0.0773530233781816
0.0303471809024933 0.103845545880585 0.108650086616295 0.147246063405658 0.119810184283999 0.119382094718396 0.153962789990134 0.114660486386608 0.102095567815831
0.139142800733585 0.119145815782656 0.0495169165029649 0.113065849860488 0.0437039764968824 0.147871008755102 0.0667446646741216 0.155271113946755 0.165537853247445
0.0993538344219862 0.202892903427313 0.0818775118936814 0.145945709290395 0.184561656282024 0.0803338121070065 0.0523656364711265 0.0742517874970525 0.0784171486094154
0.0540167440817905 0.108150346366927 0.15357051869595 0.0388740137570258 0.0833688903983643 0.153813303805081 0.0710832795896455 0.174893953256765 0.162228950048451
0.186007061380828 0.178827149040678 0.0382025977678732 0.0707760698363439 0.208582319998927 0.0335964642193304 0.00852746812631612 0.0721010745979852 0.203379795031718
0.0221431709486133 0.14558221193631 0.0721324698411264 0.16759583626688 0.109122688556155 0.117009075191522 0.157213047121615 0.0658130196130917 0.143388480524687
0.113407909853317 0.0783263883199083 0.0934943058219479 0.19577730761788 0.0563826324247311 0.216211880382257 0.105889763715796 0.137346204779858 0.00316360708430562
0.0948707215146698 0.0528669881106245 0.0254081328908648 0.00579750128101013 0.199479870863184 0.364554341175704 0.0966137635089004 0.05641894159299 0.103989739062053
0.0591797373362906 0.091947461898867 0.0771696703583496 0.156524901939562 0.08558151522012 0.141221204188292 0.10455159519841 0.189505828832258 0.0943180850278511
0.195015561643203 0.0705946935781178 0.128801300148719 0.0748629773536253 0.14593074700076 0.0591638409915306 0.0637795783530324 0.0675303480655843 0.194320952865427
0.190569432814219 0.176179576440672 0.0614815419941105 0.251642644208632 0.0261814239998252 0.0579082899053244 0.0589892564116262 0.172724712386006 0.00432312183958461
0.079624423447964 0.173812521330474 0.0619794510364997 0.198683891807742 0.14111761442634 0.00174400051582503 0.0766385208075382 0.141238336138937 0.12516124048868
0.0723147155833599 0.166697347039301 0.143461806272031 0.0540450035748666 0.158879844879675 0.131400854614136 0.0738179783090609 0.124474692093704 0.0749077576338656
0.116179687253146 0.119356810648749 0.0871287530854012 0.18060883501318 0.0942344820109831 0.053964589085248 0.13706124431553 0.0863680346066615 0.125097563981101
0.0830575105555981 0.14740186572886 0.0762213124709223 0.14818329313731 0.0297909141679398 0.128888560048798 0.0894989267590982 0.0704390119750064 0.226518605156468
0.11019778707632 0.0916838007452939 0.0924802429981279 0.128886709453844 0.121955490748778 0.0970064120114517 0.0669691560790987 0.153727386089986 0.1370930147971
0.153213078376351 0.10043681110279 0.154986574698651 0.114596875151426 0.032527311750354 0.135534590101811 0.221418975652688 2.34917355117304e-05 0.0872622914304165
0.0148704538615837 0.117810354163416 0.153475076192158 0.168503594444697 0.0723576176827778 0.0431937462219701 0.134612324911167 0.156700307999605 0.138476524522625
0.175008121931179 0.17574904063994 0.0987825098434046 0.0423017525247886 0.0608261102117891 0.0308718636785977 0.146268536959468 0.164933287497367 0.105258776713467
0.159925039971494 0.156333815431917 0.00956556838898155 0.13111593474205 0.0726751346997562 0.0988721410790619 0.154026321388626 0.11745865258059 0.100027391717524
0.209279236789552 0.12302665012796 0.173123126360429 0.00855105359118786 0.152024796389696 0.0917230123432182 0.114573640261955 0.0318010500722281 0.0958974340637743
0.171932945392369 0.0476819338554557 0.167168996984323 0.102486143183806 0.0788638791263396 0.156133120411452 0.0924522677182413 0.0368619877190763 0.146418725608937
0.258727350877607 0.0197067759912555 0.0682192364414733 0.277174957853602 0.208876897209242 0.0999531255803278 0.0337133065805039 0.0264077861813267 0.00722056328466188
0.285895477006219 0.02046510512716 0.114509571337203 0.246690035659628 0.0186274853638396 0.051157783223718 0.0656932653208463 0.122055692341994 0.0749055846193922
0.130509695033369 0.165376543699337 0.0222327386832367 0.14521208885319 0.148939699618258 0.129170221384455 0.0956774467985609 0.15948808085011 0.00339348507948318
0.245788382291431 0.135661760429016 0.126124772007973 0.0213733118604915 0.0488316940828818 0.108958751642506 0.148619346167957 0.0707273596725762 0.0939146218451688
0.0856875312166294 0.196141970160622 0.0313084065818955 0.20243794120488 0.175143104489378 0.15335997250716 0.0482729829459295 0.0290630271002387 0.0785850637932668
0.0119441721511075 0.123615630735018 0.175799870023273 0.139176087196031 0.112729394701052 0.0335837290278715 0.121610495387262 0.176936599453562 0.104604021324823
0.205586791140025 0.0596839809158654 0.186413119592661 0.0627105114681665 0.0370031770155498 0.0599327186554455 0.105488289283212 0.170755976322073 0.112425435607002
0.212858923257567 0.0730001914765183 0.0978439637421423 0.0607398145652281 0.146377758002371 0.0750828850317008 0.124283974184283 0.166663193589039 0.0431492961511504
0.0995556240672927 0.231299695910343 0.00434228097583813 0.148198919322443 0.126772479869208 0.148117204320265 0.0902514398494582 0.0519973769750349 0.0994649787101168
0.0962911042199044 0.14580257727268 0.0186970295656403 0.115106183699879 0.0993692760124856 0.184371837290931 0.180849984280066 0.0235033948421834 0.13600861281623
0.139530042212018 0.0857933713629803 0.17174906636758 0.0886934476594091 0.0767946298452297 0.113473853869871 0.133963718773355 0.0779281134412633 0.112073756468292
0.063631987201873 0.0736192020432356 0.072338593512013 0.167398535453978 0.0664973383062666 0.102925826839355 0.180784632287734 0.114719506935572 0.158084377419973
0.0669757298857664 0.204058408895087 0.0497281406324134 0.078548716849439 0.218915274892631 0.0439120696308297 0.154097550319693 0.0831920936753394 0.100572015218802
0.190929507029625 0.0421684629373499 0.14584398663091 0.121361463945823 0.178348371198929 0.177153255471288 0.0153710018190294 0.122961513748802 0.00586243721824264
0.12684548849759 0.0352642744393453 0.0553561817472302 0.182982937190347 0.0878662806919136 0.14221488746622 0.146385160924847 0.154794620889668 0.0682901681528384
0.172038401785215 0.0812591441724766 0.00747899698734747 0.089323507038606 0.117872487977199 0.0690859890685956 0.171881730866988 0.193334328092801 0.0977254140107706
0.00088974864701628 0.139743009386526 0.0851156251473237 0.203709671810082 0.0380570255741851 0.111499187339604 0.121698885138772 0.17952517790444 0.119761669052051
0.0815346838364335 0.165395893872365 0.0360994042729136 0.0324653629647581 0.0945300359564993 0.138526152655187 0.0876454827390527 0.137836164122621 0.22596681958017
0.0551530107516597 0.0863760817449494 0.131000037733689 0.0932251762567681 0.139233662555752 0.157361584675641 0.115560229171339 0.135344908876567 0.0867453082336354
0.0745295135030775 0.0689019423267593 0.134219948289741 0.0715953311954167 0.18265705010575 0.106263867644335 0.00195577195244429 0.195247682168512 0.164628892813965
0.148544454644155 0.0995261748757956 0.105703766188924 0.159965944928137 0.114193279352839 0.100654560486214 0.0332478975089371 0.1522292286886 0.0859346933263972
0.136948553197616 0.0932556802960625 0.144574555740032 0.167430168517918 0.0448048135382109 0.145904990311972 0.0349348563331503 0.0464822515630973 0.185664130501941
0.140193035546516 0.107703207873301 0.145441689821949 0.159668267082254 0.0824651372016119 0.124677930683166 0.0306841226440914 0.173849810867391 0.0353167982797195
0.232707422353043 0.156426254535755 0.00898404362576107 0.165852282094046 0.0109733436854057 0.119358564710845 0.0572006381244328 0.148376213264405 0.100121237606305
0.0213738897922916 0.0774082280717181 0.0478784455725489 0.0472098998613905 0.12651332335958 0.14397679386693 0.189194566116794 0.18694051264363 0.159504340715117
0.135315813575113 0.0559324410340346 0.108885292603646 0.199242911181108 0.00890145814882361 0.130051119909741 0.119212496895748 0.16736880863131 0.0750896580204763
0.0863533388654675 0.0916477252303834 0.242988455655747 0.0759939996548161 0.0344891657875598 0.0918040358946017 0.190657284386082 0.0959447438508557 0.0901212506744869
0.347524367217394 0.00412380916903172 0.281495149944077 0.0268827996578147 0.071059471386037 0.143067733625114 0.0366146001078308 0.0890228136166112 0.000209255276088314
0.0848345177239857 0.155994531682985 0.150059833851763 0.110235253118014 0.104061062464187 0.119013128775675 0.172719886139523 0.0722694045500149 0.0308123816938515
0.0658165496393036 0.163371812933595 0.163959764376518 0.0834765282510943 0.0585348104907358 0.164782143885807 0.0270165243705898 0.184788260735561 0.0882536053167944
0.108242221680801 0.140149317015531 0.129889010229838 0.0326972534335256 0.132468291924135 0.085751699103002 0.103781378600329 0.163999588799104 0.103021239213736
0.0456713890068837 0.128424716685186 0.164530406823195 0.125445004291278 0.162141923032653 0.0803931466461891 0.0953517229981026 0.196417370238411 0.00162432027810212
0.133524562032282 0.198285645427743 0.07109520292842 0.0106858360606884 0.11686495718031 0.202110046041161 0.0541964149883165 0.15157753806043 0.0616597972806496
0.131030477562824 0.211717592876524 0.0217060092609146 0.0727285611188352 0.167815944110668 0.135530971824961 0.15302636999953 0.0643599374636549 0.042084135782088
0.0831079655837326 0.178761009890382 0.129079539346363 0.00805389075535605 0.142968071636665 0.160953753309945 0.186208728761476 0.00633821269055863 0.104528828025522
0.171859056782965 0.0853068025468384 0.111635483537018 0.0564514313613789 0.174914305615903 0.136617370217205 0.0645776012308155 0.157241209247836 0.0413967394600397
0.140447505296769 0.0472220611072483 0.17310382023512 0.108128440523985 0.153494412120647 0.11955536798246 0.157636431340476 0.0239708241820877 0.0764411372112078
0.0181890063369061 0.0395711721414377 0.0429791471308648 0.161585979433589 0.172041967642619 0.225209278110754 0.152973391586917 0.143900188587832 0.0435498690290793
0.159171697742265 0.0803137274031407 0.172994447237434 0.0471645711609981 0.107543665307526 0.246902803938349 0.0336343239118272 0.0353541372509762 0.116920626047484
0.0387940731136134 0.262901997523913 0.0423783475221004 0.178271553638532 0.0229369704660431 0.133009844833095 0.134899996482176 0.0381216863911028 0.148685530029424
0.145979994179353 0.153920952920134 0.083559239283122 0.143106852736956 0.0998397957806879 0.110172537149057 0.152746879572815 0.0686649260902565 0.0420088222876176
0.042723714333075 0.0503452653408675 0.0532241661651122 0.0258105528337063 0.0632166649834761 0.24770218785657 0.106461275392408 0.156008723851318 0.254507449243467
0.247026754065556 0.123354790193646 0.0747009232834678 0.0497688003729389 0.0633659196881199 0.134465970959949 0.136428642278857 0.160989937884428 0.00989826127303615
0.192885630712229 0.010399637717624 0.112253874395837 0.0745803784346065 0.00945144378264646 0.106819111069778 0.0432426923072023 0.229725063677063 0.220642167903013
0.0478008452088617 0.165581424474057 0.0884631837979592 0.13661086942516 0.0908768503742662 0.11012803225309 0.131024468019112 0.125471890422715 0.104042436024779
0.147516848181821 0.134747430907078 0.193548783077766 0.158816045495998 0.0209810819734542 0.0326542204885599 0.087472638970224 0.00279364365118154 0.221469307253918
0.034006599564931 0.0668616631207599 0.0473556224571793 0.23372726453276 0.0903359271149589 0.0160633076660036 0.1308201723677 0.125610926365555 0.255218516810152
