0.0911334594754261 0.00568298227493668 0.0438605513469308 0.348559354615996 0.199037244390096 0.311726407896614
0.28884481207396 0.0643694199250555 0.287671220140533 0.205551461824412 0.140253984488638 0.0133091015474015
0.224088851758283 0.00739244870663051 0.123863968187966 0.307269215211536 0.098223048771962 0.239162467363623
0.0840209662259292 0.344109362407053 0.214259017371852 0.0150655170699648 0.200811881634714 0.141733255290486
0.321448977889814 0.249562003804595 0.025816777819117 0.234624347012945 0.0927889928650958 0.0757589006084333
0.212157152139955 0.133606018778954 0.0651834017002853 0.0457221343728244 0.0686945747686485 0.474636718239333
0.0969468549719055 0.231997450122436 0.2161910760674 0.259542100145734 0.0199842981450816 0.175338220547442
0.0119532050924839 0.269837889512201 0.262594077508759 0.268803767379725 0.153864298552668 0.0329467619541638
0.113842155329715 0.150222484786952 0.258116326912378 0.0340019953060587 0.262522769603395 0.181294268061502
0.0785846857573859 0.0476284823878346 0.0968313604174327 0.250266719285087 0.263891500795456 0.262797251356803
0.287042189976888 0.29450140845467 0.0148031375680439 0.148239266741805 0.225515516173814 0.0298984810847795
0.233538743352368 0.135627168313662 0.088561589647577 0.183643356530641 0.142476628473132 0.216152513682619
0.054532556557065 0.31179648870984 0.18686222221058 0.0700150466607562 0.0918318276034396 0.28496185825832
0.0925921250279545 0.15947798475825 0.152348506278622 0.0832867184060906 0.246136638706924 0.266158026822158
0.0263136728070015 0.381274171591026 0.147528678966199 0.122379839924851 0.0159245652820813 0.306579071428842
0.202226750333487 0.0676203556057752 0.272543624457026 0.252263571402599 0.156840695503228 0.0485050026978847
0.206460274127563 0.170431934503588 0.184376125348602 0.0474960029673985 0.25746307776289 0.133772585289959
0.00862322156985942 0.218197905734726 0.21496042346003 0.274299490603012 0.208291178151927 0.0756277804804459
0.223265465666946 0.162595630782416 0.165382048188094 0.171832210146853 0.276592816744547 0.000331828471143964
0.111200215101324 0.148489282970282 0.26678032684086 0.245913672200955 0.0636659567973116 0.163950546089267
0.123337162906951 0.0678214032615634 0.297498358794533 0.00461810040717182 0.168824830809925 0.337900143819857
0.116561702603654 0.24692440198529 0.24450871629245 0.0514012441152887 0.126059301745303 0.214544633258014
0.260934441034334 0.250145046942235 0.148021853764474 0.00470079209799308 0.251887342800052 0.0843105233609122
0.197112534698845 0.251113798195617 0.202974328409347 0.257142632571734 0.00110330531848259 0.0905534008059744
0.0705533025508223 0.137574631234851 0.0840798744031741 0.162610103401742 0.270102686901561 0.275079401507849
0.242728922768361 0.354170469706701 0.164525700199023 0.117749624952612 0.0987205910974919 0.0221046912758112
0.0758361377422189 0.0730873171798355 0.383599733246873 0.194860276436429 0.152152760743064 0.120463774651579
0.259799131349534 0.118257178680755 0.291071848923959 0.00585889330916544 0.0906648912705258 0.234348056466061
0.189139752290306 0.215109949297491 0.314992912981195 0.185224290321593 0.0151650471350024 0.0803680479744126
0.155891419736257 0.224150033053624 0.177366664744123 0.152466163547702 0.0498139051627848 0.240311813755509
0.230161980443024 0.131751499535978 0.24297288133338 0.205736238177122 0.188846543928397 0.000530856582099554
0.0501272195001211 0.307107339622732 0.0911225256707219 0.193405333794529 0.24905136395425 0.109186217457645
0.362557442728177 0.288834403383872 0.0842747023950941 0.187581682951417 0.0731494879031199 0.00360228063831989
0.356440753683776 0.0264999257330414 0.0293888521921845 0.165957688127635 0.366878545308994 0.0548342349543683
0.257478449919576 0.0451483064763108 0.170272148564431 0.224051563035209 0.105658119274156 0.197391412730317
0.178053790509481 0.165148503240354 0.175358297277227 0.190013687885498 0.138519479858318 0.152906241229123
0.235846428136419 0.00309435192503638 0.271339403276967 0.138613996274192 0.197901345223113 0.153204475164272
0.135587023906057 0.296574909918809 0.299644700515108 0.0354036514394609 0.192588844998479 0.0402008692220861
0.230491741978287 0.199672333661364 0.188559090630785 0.00726561040336323 0.162563481070086 0.211447742256114
0.219499789359534 0.256165239182133 0.179881630882847 0.00955863689361524 0.0679760799329185 0.266918623748953
0.00915518190980924 0.226025044039362 0.126600002286257 0.266601392864187 0.188873131262083 0.182745247638302
0.247243024234306 0.101723257521367 0.112426739347439 0.248199793622886 0.0293915821087556 0.261015603165247
0.0899371225499788 0.0968322538892663 0.214872745347014 0.187467269429106 0.198351619802258 0.212538988982377
0.223648706401715 0.0894401403259676 0.115569769603519 0.262532816580489 0.208953506533048 0.0998550605552615
0.344190805626251 0.02871947982774 0.0210953136762107 0.0376274390758328 0.301866822274587 0.266500139519378
0.0975075865072958 0.145315000818169 0.146202793383128 0.144111892952688 0.252319476168247 0.214543250170472
0.196796527808065 0.226155158865877 0.304737098530644 0.163957580979011 0.0933497239021575 0.015003909914246
0.160540070422762 0.0524961802970356 0.23756415148841 0.160002907358169 0.155035844853714 0.23436084557991
0.183410769080929 0.0109688663559313 0.20328500849584 0.218776915037339 0.212876328062895 0.170682112967065
0.231597917520676 0.229431832808227 0.0698984933936532 0.195482498882709 0.199056073678356 0.0745331837163788
0.249461427343894 0.123300015580658 0.0417471426722025 0.244140804622886 0.168918693554092 0.172431916226268
0.0587931492862077 0.0882815462126615 0.25686871768897 0.102435465216745 0.245696080554718 0.247925041040698
0.217941118177452 0.151936307421206 0.202820255397371 0.207926812455959 0.0112507939111123 0.208124712636899
0.046385247267194 0.0624128031535347 0.417656778015381 0.376572330539645 0.0965083483261998 0.000464492698046034
0.231597046981615 0.189882431609007 0.226066556903816 0.151431853471087 0.058351078030615 0.14267103300386
0.0703439614877898 0.190625602203008 0.193810767763302 0.244764736728404 0.250355486803279 0.0500994450142177
0.336811340039623 0.0125856351178482 0.338984528775864 0.227268954933907 0.0300880779935191 0.0542614631392383
0.191591642233447 0.114993585717338 0.206119678427153 0.175899849459996 0.115866253398863 0.195528990763203
0.143427154904203 0.142969082528987 0.0802637831754218 0.289989400554412 0.0670200019103464 0.27633057692663
0.177814641404285 0.227661322913508 0.227741150794484 0.105623815557359 0.114503421230895 0.146655648099469
0.101022482189184 0.190593382687484 0.296616592562393 0.135083027753422 0.219160346416466 0.0575241683910505
0.0411683537728471 0.308795536577691 0.091770566766994 0.28003862597884 0.0815650472786779 0.19666186962495
0.081552906046025 0.168552353727055 0.208721009852703 0.145973780761898 0.168580512217217 0.226619437395101
0.308059525850042 0.0284086846019803 0.147857411604095 0.178999138468356 0.0845760968228722 0.252099142652655
0.162316004809068 0.284392643882854 0.279281660640835 0.0334704150090909 0.0317711043921016 0.208768171266051
0.0896376151859231 0.00116400517881611 0.184264125530745 0.21038251014976 0.130708617876191 0.383843126078565
0.256345035692938 0.218134018355283 0.0119248904149816 0.19793162545545 0.155909749244025 0.159754680837323
0.210389736755137 0.111564881569534 0.41878113955883 0.0849142380416895 0.128220510950002 0.0461294931248077
0.164573732373691 0.254253006071664 0.169238066369197 0.197291084224349 0.0862087886258556 0.128435322335244
0.195046964656863 0.0941420021129116 0.203353860090448 0.073759706210714 0.164146458701219 0.269551008227844
0.0382823446142721 0.21431548927456 0.280742774282564 0.193002601834473 0.249601936997752 0.0240548529963784
0.0181983795194714 0.060017954366873 0.272744746375166 0.363637659144841 0.267424255304895 0.0179770052887533
0.0895243919741675 0.308324376116402 0.167768130323251 0.181698508348577 0.127383600367261 0.125300992870341
0.175332455788139 0.357688663003987 0.240387813573308 0.0705405992707402 0.142866691630224 0.0131837767336024
0.127058280376682 0.123207029333175 0.0536135395149958 0.284119575650442 0.166675325054975 0.24532625006973
0.227715680510424 0.0393260607611657 0.220451088184221 0.330680462591803 0.172256857091575 0.00956985086081065
0.193166472842204 0.0592467013264558 0.0792702216188604 0.237554569242946 0.238390036792153 0.192371998177381
0.131920998954707 0.248813518682225 0.160992909759434 0.307182828335096 0.0811773537462956 0.0699123905222436
0.27340029108545 0.0582483006734181 0.115515038010474 0.21739953070543 0.120916334998358 0.21452050452687
0.0706026713404234 0.219929177304867 0.254436298443198 0.0668869945732302 0.247498648631991 0.14064620970629
0.202276810578094 0.147829937689646 0.181709465406268 0.184426660468238 0.0597362372060456 0.224020888651709
0.227800338334809 0.236271985456225 0.17235868114346 0.183950376015925 0.080507600907575 0.0991110181420061
0.339540790975845 0.0965820142127889 0.134348534386832 0.273291176529159 0.103731651917546 0.05250583197783
0.121601685790589 0.197973738743392 0.115312842226776 0.141548071046179 0.167863877881807 0.255699784311256
0.233196123866904 0.1212251907732 0.232291084626157 0.141108876413287 0.190282956790798 0.0818957675296539
0.2384859170258 0.0340931429321201 0.0845999333290343 0.185181321018396 0.447025640521549 0.0106140451731003
0.0422809592515148 0.116109189600752 0.348463341799458 0.316062154736119 0.169782340572854 0.00730201403930186
0.00306905789760879 0.230475728333056 0.236414872676289 0.116166672132924 0.0824765852486275 0.331397083711495
0.179186790434557 0.183807918638295 0.164488525122992 0.0407701395654366 0.155857401910363 0.275889224328356
0.178387737340216 0.309672993668449 0.202557675249808 0.0286149583896397 0.249901145930059 0.0308654894218288
0.162125588643963 0.330008948265838 0.0412636637548979 0.142266215776695 0.21025693127114 0.114078652287467
0.203563890044017 0.141027323823157 0.203819490554307 0.147475651800665 0.110302076110727 0.193811567667126
0.154131003623155 0.124350786956714 0.155835773818991 0.213639267658397 0.229103528926375 0.122939639016367
0.297050035912747 0.282744398765414 0.259585856752295 0.0618502690729746 0.0539904843797447 0.0447789551168241
0.0424537158308346 0.289873769170232 0.32917946251648 0.00298543319355814 0.234394061220517 0.101113558068378
0.20459280270713 0.0377951713123204 0.233786921101365 0.213229349450888 0.285884267540547 0.0247114878877486
0.0896458685164444 0.322080713329243 0.19126088430159 0.0241133204514196 0.248767878962097 0.124131334439206
0.507871219337081 0.113460468209831 0.0409403595841601 0.26775443150307 0.0525089139779741 0.0174646073878835
0.152165844857567 0.0135673187950959 0.255329551839778 0.0707515250708723 0.241973999997614 0.266211759439072
0.214293991760216 0.15828184922502 0.0670072261712913 0.27365247592561 0.109565468064893 0.177198988852969
0.184927882497463 0.211142655809965 0.105910716676351 0.070938271474034 0.287487808339487 0.139592665202699
0.35362826420949 0.1372320632073 0.164170270534416 0.0339735746823244 0.144547376864812 0.166448450501656
0.132780514485306 0.119228007850532 0.0142744479959868 0.227791504481855 0.298039152688171 0.207886372498149
0.218895217558402 0.0895895351075389 0.0717744215383266 0.269480728697789 0.260221131633758 0.0900389654641857
0.436058308146782 0.183631358822927 0.0308855198118565 0.0865178322956529 0.195455483997142 0.0674514969256399
0.164152756867952 0.151605816105885 0.199883142415557 0.234476190843391 0.184687406909545 0.065194686857669
0.327778473720803 0.0726738153401234 0.23166227992774 0.0969266559161945 0.121977040214863 0.148981734880275
0.0717863582092338 0.347093601618765 0.115900057349576 0.427385021715633 0.0254149881954236 0.0124199729113685
0.0400092909518895 0.299316656862998 0.243924996067081 0.0782781936340566 0.302603599602825 0.0358672628811502
0.110885539920782 0.163266966766246 0.207049044031917 0.0747578128213409 0.0878716205577216 0.356169015901993
0.190638965774854 0.201993634706989 0.0542852556552721 0.19878703065931 0.19442743928995 0.159867673913625
0.263628284213255 0.135083586182795 0.0376770458803821 0.273936423642136 0.116695058754204 0.172979601327228
0.171762144363621 0.255132896157571 0.169777728273733 0.0513630108346724 0.0933878331483125 0.25857638722209
0.363902446058423 0.267530339046658 0.0137066431845203 0.0301613818075771 0.0427294134482752 0.281969776454546
0.255588610102507 0.103231752533871 0.0687538465443331 0.24826717364842 0.168801520752914 0.155357096417955
0.27379031983716 0.209027558780829 0.188932932036383 0.0523508264368125 0.151636549382788 0.124261813526028
0.0364994842868208 0.477325248102214 0.0555854982002634 0.251794218909316 0.118712120926137 0.0600834295752484
0.301483317377841 0.0969979936112084 0.342476192988065 0.00672609666827711 0.0691102972998762 0.183206102054732
0.121903625436461 0.196381827475742 0.160393218764411 0.0535655072150639 0.193585928317521 0.274169892790801
0.0655105213724303 0.160338454766564 0.125803326812663 0.142815652758498 0.284692916969061 0.220839127320784
0.0388404371910399 0.0132435241513818 0.465318098058008 0.127814017250337 0.120821933638556 0.233961989710677
0.232583364518308 0.294622688492502 0.173990915357427 0.0745938655064143 0.206279347974739 0.0179298181506092
0.149676724581588 0.277790977500073 0.102614713054084 0.0732529495870623 0.109677804250226 0.286986831026967
0.00810796535878831 0.253818639296251 0.303690891905947 0.31169423816763 0.0690643248061812 0.0536239404652029
0.217764577834304 0.157529309079427 0.159891128012772 0.0748942009997303 0.212629194984496 0.17729158908927
0.00772711701128424 0.239930346745853 0.167861531336055 0.0864026672202446 0.2470081114268 0.251070226259763
0.186434063973716 0.197113869634482 0.101288897364059 0.258384994115846 0.217623016624071 0.039155158287826
0.0992304660845924 0.00927605049876911 0.303824823320745 0.109774530694631 0.303867141276768 0.174026988124495
0.10455882553361 0.0170291769201843 0.169355249693987 0.376259913927562 0.00643096299966114 0.326365870924996
0.268156901040967 0.168112747109436 0.0349018754721483 0.200521739414414 0.0907132109259634 0.237593526037071
0.134662457053353 0.26702677074815 0.296646491573091 0.200367335017404 0.00197445112077583 0.099322494487226
0.0461315508243612 0.185725584191009 0.0760557691436752 0.272877522841112 0.375927145260834 0.0432824277390096
0.151519220182464 0.00192789005856819 0.201157415841604 0.285488480983916 0.063059811063719 0.296847181869728
0.162189887621878 0.102920774557639 0.239203764122558 0.239386024866367 0.144537856572375 0.111761692259183
0.236777773653293 0.31987464225056 0.00344315835324259 0.0800961048246416 0.20047683800556 0.159331482912703
0.243472782765016 0.0695531049064217 0.141652656164636 0.259961184240182 0.0200859197309796 0.265274352192765
0.261688297810402 0.298425693524497 0.000860774594409212 0.118985230834388 0.29336152077204 0.0266784824642637
0.298128270489391 0.282990373167586 0.02159718763768 0.0399240529296481 0.0226046049321009 0.334755510843594
0.2803053148529 0.15780814541342 0.235348440521721 0.206946139905959 0.0309500189052989 0.0886419404007019
0.13233006356598 0.2837588044177 0.117035566257126 0.0370704626336313 0.0545087630575009 0.375296340068063
0.163636930438922 0.148655203463036 0.161324018303161 0.109574747165499 0.131139086434244 0.285670014195137
0.117650011559446 0.15285738237039 0.0645513272230389 0.163177079731991 0.396572531148723 0.105191667966411
0.220342680028997 0.0734515977838388 0.143668700288315 0.027654125731792 0.205054983761903 0.329827912405154
0.192569517889565 0.047664637785813 0.287417965922176 0.00463014004020192 0.2508578599501 0.216859878412144
0.0342475700249388 0.178404834103256 0.0560643435255213 0.257386741878846 0.234501815690728 0.239394694776709
0.137678976651063 0.0882483192399205 0.161046880764636 0.208162748243677 0.175539635964927 0.229323439135778
0.0364853406736641 0.203967249057395 0.239157948147022 0.256970329346765 0.0291956480661388 0.234223484709015
0.13008254972374 0.0170636440441427 0.309291712513261 0.124434393267741 0.258252181822727 0.160875518628388
0.0804510154188433 0.0423983281849109 0.220911405672808 0.237780964534987 0.200559000722083 0.217899285466368
0.130152670490871 0.233157433054332 0.0470763035028093 0.212307536225972 0.062882177455962 0.314423879270054
0.106091318914537 0.215710450540316 0.174709828965804 0.137474665835249 0.128541876198081 0.237471859546013
0.115416936071008 0.232348689247312 0.0413412711985369 0.212455192836939 0.294755142023967 0.103682768622238
0.179482753257465 0.161827818837417 0.195212081139708 0.228152158197865 0.171516846954193 0.0638083416133518
0.142171128315475 0.180020029159344 0.159553742774294 0.0945925395453335 0.195644089705874 0.22801847049968
0.121075261957521 0.0339919785760945 0.0626762732096052 0.27388500528285 0.230022455575617 0.278349025398311
0.171831959958497 0.239793369405656 0.165992123100831 0.184587643130381 0.108191016284549 0.129603888120085
0.0306291569011857 0.300794167568313 0.206254796237123 0.22423930745507 0.0843135072237398 0.153769064614568
0.503975814126418 0.0453973321213852 0.118142305730431 0.147680769593485 0.119722583994065 0.0650811944342169
0.169640632282492 0.156107739356493 0.0623905007284861 0.151756293046781 0.209872210053028 0.250232624532719
0.10241721616672 0.0176113759186552 0.244558903303483 0.299423204214693 0.0111598903862926 0.324829410010156
0.111383282363942 0.245052435672855 0.216379535930842 0.175511134877214 0.0390899490166057 0.212583662138541
0.255807122002146 0.209727304609237 0.0851321244421853 0.213308882555647 0.100056184236447 0.135968382154337
0.0506755065787059 0.0832351803871902 0.317416319433181 0.304498459843059 0.140977783508747 0.103196750249117
0.272613671230875 0.259615247598486 0.134380222495926 0.0704873143132956 0.215857103018005 0.0470464413434131
0.0852250099190427 0.176648618965001 0.274406930514749 0.108711352944889 0.2322502425418 0.122757845114519
0.0281639648252645 0.448980319463518 0.192613825312726 0.0302576976552899 0.202467792583965 0.0975164001592373
0.178772622250298 0.0184243863667934 0.220057159332267 0.226846340509087 0.226554107059634 0.12934538448192
0.0613115811967946 0.0185532586414397 0.277800686051845 0.220018544593705 0.303683644648513 0.118632284867703
0.343020424322779 0.0860196325082395 0.0663098193455367 0.150887470684498 0.0235121832658917 0.330250469873055
0.292090177080108 0.0070215793565106 0.264430774742722 0.00924295811653234 0.199909660420354 0.227304850283773
0.301117174754246 0.222370724946727 0.279606247186557 0.0703287066460823 0.0577850419367772 0.0687921045296105
0.185372178004389 0.16024398530813 0.249731177108454 0.0571449389847134 0.157584902693988 0.189922817900326
0.273180641967909 0.0608733863680331 0.27117197271156 0.14242286221681 0.10714285299065 0.145208283745038
0.201490257984051 0.129356553486313 0.0987620363326272 0.256042730442875 0.150802788130344 0.163545633623791
0.217542658420286 0.134252633862474 0.0979070793128571 0.224337822349932 0.155971495442202 0.169988310612249
0.222534201575629 0.182581267993404 0.242275930116274 0.00684333674781028 0.218084530027006 0.127680733539877
0.154148133648001 0.232891505765582 0.120978937233837 0.306683997432087 0.171579082738155 0.0137183431823366
0.166354660437718 0.138839073499569 0.164474484420186 0.180817359532771 0.0789346609830179 0.270579761126738
0.231695042899572 0.238602164855252 0.130813785160218 0.200490731047295 0.0144690737917513 0.183929202245912
0.215575546884298 0.0631901384351219 0.177264664140573 0.278664339225083 0.0115310177661998 0.253774293548724
0.169225154643729 0.0828212144321825 0.165142413640581 0.210972207581728 0.226211663140785 0.145627346560994
0.0849050494956156 0.137253564682199 0.207182132236635 0.178328304012076 0.172021569553649 0.220309380019826
0.0438789566714156 0.0943211735129597 0.271455493048138 0.164325388053539 0.159894151002578 0.266124837711369
0.074907910063866 0.222989251625944 0.194880960818247 0.0604405784242572 0.215539594875042 0.231241704192643
0.210955912172496 0.344408213819213 0.0334817625511448 0.107953213549927 0.0555231633987621 0.247677734508458
0.166413886032058 0.160800508749577 0.198268677868619 0.204106487726937 0.0481463202175908 0.222264119405218
0.131396398516587 0.164890725817546 0.243670493672944 0.197082084910498 0.0570907771832476 0.205869519899177
0.195601210995027 0.208180914187103 0.123022645012815 0.233256328120641 0.104340955240473 0.135597946443941
0.175296942207121 0.196963536923958 0.0972454664521468 0.170164649001574 0.107626061884554 0.252703343530646
0.211223783081942 0.0288247440295404 0.235288421541643 0.204939025594213 0.12725023701678 0.192473788735881
0.261851010598229 0.103575605592142 0.280491474051457 0.214332658936642 0.116994448416449 0.0227548024050814
0.13468604895815 0.154805031119329 0.0501810009514438 0.168983440033825 0.218397434037949 0.272947044899302
0.214278170308213 0.0354878541787536 0.172901023624808 0.342945276088314 0.172309903805331 0.0620777719945805
0.118445015452867 0.176261050683699 0.0683846872340874 0.236894814545874 0.220789390539783 0.17922504154369
0.0944091518710029 0.127986819435281 0.185343789855549 0.186223531138988 0.137808669549739 0.268228038149439
0.192869932710015 0.169685912028827 0.232088977433426 0.0418831600407443 0.164801496048025 0.198670521738963
0.268911397343806 0.0558144137699452 0.207000827139118 0.0882841872095807 0.194029722508243 0.185959452029307
0.208635936825769 0.0395326643179662 0.176175108328467 0.2311696862431 0.21453901554801 0.129947588736687
0.0161932100417376 0.411704475629384 0.0259814849834567 0.320647760324322 0.134026024702685 0.0914470443184145
0.201526173902537 0.319537253770447 0.0847629816044431 0.213129047761575 0.0670471880141592 0.113997354946839
0.146140077143667 0.240798826825513 0.0946368985578896 0.258853510803105 0.162412227438562 0.0971584592312629
0.332794204926852 0.0784193946085898 0.347048175120052 0.0750093999399448 0.0874699112935248 0.0792589141110366
0.020112932905678 0.0813159243325559 0.233743933379676 0.241152914884121 0.280861108905561 0.142813185592408
0.186437092428745 0.24492173968766 0.233855753707063 0.165497668767997 0.135588453263954 0.0336992921445822
0.174563361066602 0.111872348484074 0.228638081329512 0.0182759999577125 0.172481574322202 0.294168634839898
0.164177839618673 0.255136538209067 0.122205062276128 0.264121484138178 0.103716958772828 0.0906421169851248
0.0324230620815287 0.241220989342967 0.239416730119654 0.00892062145911101 0.0339130140951991 0.444105582901541
0.274034923146426 0.189515891045697 0.23707394781162 0.137390888064267 0.0382246220072403 0.12375972792475
0.22604488568727 0.047706051861869 0.155117591895896 0.249492653451224 0.226581348847965 0.0950574682557753
0.051161421323248 0.368084488727169 0.0991065781020736 0.260048427991963 0.197057766465661 0.0245413173898848
0.241954732807407 0.196035747456507 0.0853847145297258 0.264603239145195 0.144736559066385 0.0672850069947795
0.247073610998739 0.141977091728496 0.267785894750732 0.0547186839109608 0.0926633027200223 0.19578141589105
0.198420162027148 0.0862013856332459 0.0157511236858283 0.214763350220437 0.216149207865393 0.268714770567948
0.198950799481638 0.299999169593118 0.0296161977777108 0.245003643041814 0.0985591707946586 0.127871019311061
0.28708852292681 0.0554111188658447 0.227972466760885 0.252218435001169 0.0949174297115454 0.0823920267337472
0.25976253667034 0.17273026032353 0.091708890794851 0.2344084168341 0.0579383826651785 0.183451512712001
0.22353779271333 0.176618524781079 0.181128562328549 0.115575000427159 0.182964452271673 0.120175667478211
0.00847775671884072 0.293946812516762 0.134363387397539 0.0918036254691674 0.326928744060756 0.144479673836935
0.0910028094231895 0.239208293800212 0.158048442593335 0.245120202819184 0.19555834289285 0.0710619084712295
0.163765411565314 0.0709088637314475 0.212633733544682 0.246883517165575 0.044997235174102 0.260811238818879
0.0990973465413391 0.243417979395059 0.272520337048604 0.0758740206331607 0.19567263252644 0.113417683855397
0.264917650298138 0.0603455211954813 0.45344331785716 0.124125894028336 0.0674043284068716 0.0297632882140139
0.113256731746715 0.0735511079751225 0.248885250184171 0.18249259247548 0.208989791891576 0.172824525726936
0.148182207703155 0.202339853629725 0.0715514711400934 0.184862808254383 0.186352811510495 0.206710847762148
0.18089399758279 0.121709327727307 0.102906302350949 0.205766785831105 0.166182732458999 0.22254085404885
0.272073537693341 0.228375112796418 0.173406671752146 0.00521648494629044 0.0957126590585895 0.225215533753215
0.297829422250215 0.0467641877370693 0.279808253847523 0.123377536380958 0.181684664199932 0.0705359355843039
0.0537166035653989 0.24362299813661 0.172049311673468 0.140236171795846 0.103195067612551 0.287179847216126
0.130315696030969 0.252156796986966 0.258066463603287 0.105719366184814 0.165621364986229 0.0881203122077349
0.21991164426759 0.0147054206427493 0.211147586302309 0.174945540018666 0.185026622074467 0.194263186694218
0.119240036268187 0.167981370200385 0.0451386161538417 0.0685983551075118 0.332017023614611 0.267024598655463
0.146655412670591 0.0510126657383212 0.0768728694276675 0.137891626661435 0.441571034161885 0.145996391340101
0.23548190229405 0.314573444933362 0.208851580996575 0.158416836902346 0.0689246760492612 0.0137515588244056
0.221740616897136 0.196658411423424 0.232803548676633 0.228844254079253 0.0115406843140158 0.108412484609538
0.193440522159119 0.198283591860995 0.0698781393388224 0.161015554569855 0.200699953802603 0.176682238268605
0.0631044208641805 0.242927083819912 0.227912356483633 0.0101137443359867 0.198047891662568 0.25789450283372
0.0404063036787966 0.219091998878153 0.116824014646447 0.270040063296772 0.0890853666694404 0.26455225283039
0.22661420933714 0.161344811134528 0.15290454043078 0.0374011143209236 0.204051350716229 0.217683974060399
0.111601449527827 0.259820242142426 0.0532114311089492 0.199194003634383 0.166458149530475 0.20971472405594
0.157057215419366 0.0259517298870401 0.0741876803065377 0.442044309342473 0.0220368974984183 0.278722167546164
0.151622888276369 0.224332058161702 0.267930485639385 0.243114447088195 0.0136309896067527 0.099369131227595
0.129609205892091 0.148309867581634 0.243300322714091 0.171239031542465 0.176168143174437 0.131373429095281
0.243299990407608 0.146296530310258 0.00111525798134531 0.181575131750384 0.209119383617108 0.218593705933296
0.205439176355116 0.0481478736082044 0.0306577300334718 0.254498408697491 0.190333650499874 0.270923160805843
0.0577985851261306 0.196450429035901 0.170251038386741 0.452285500075602 0.114977434591672 0.00823701278395365
0.294274610183096 0.122025155559331 0.125102111183845 0.189889137168968 0.10553474046749 0.163174245437269
0.0663555346945168 0.142569275274497 0.351528234129405 0.358912622099731 0.075107565950584 0.00552676785126577
0.0764181248575649 0.20831833471647 0.180746245610546 0.166010163386261 0.177133209387107 0.191373922042052
0.223323552342416 0.0939054149637154 0.16860393386322 0.114003074217287 0.231001575482075 0.169162449131287
0.0754351284570571 0.0360450082666383 0.250677375915824 0.0969230697526559 0.1339998550026 0.406919562605225
0.26798152282186 0.212558204521736 0.213704003156164 0.143207504122788 0.0604754772886656 0.102073288088786
0.00614967073371073 0.129399793995507 0.114538937208026 0.272476522104172 0.294296073303141 0.183139002655443
0.0937593565916436 0.208605284857436 0.19275388759098 0.162915153561015 0.129592950196204 0.212373367202721
0.277467123632183 0.0642185816541386 0.394261180544275 0.00152056488476374 0.118612049141897 0.143920500142743
0.140312200920965 0.253917308022321 0.108594628757571 0.103460443936624 0.270738409110847 0.122977009251672
0.0977807255683288 0.180420279390929 0.212887078859434 0.136432701179503 0.200889223981659 0.171589991020146
0.177473682425774 0.174222180190601 0.192797446321872 0.0789110837408903 0.0834544784367569 0.293141128884106
0.157938344804557 0.0969372922019833 0.321029743692792 0.0172949218262443 0.0227278054245299 0.384071892049893
0.218851526815167 0.324812146118209 0.291234305908784 0.112209649460353 0.00518726455848291 0.0477051071390037
0.172200668933813 0.180535315851689 0.077315286421626 0.188543537404061 0.154491985558848 0.226913205829962
0.034374384536289 0.168393895227587 0.218851464918713 0.149212232817001 0.0636471033837502 0.36552091911666
0.0899547762296727 0.23300891112558 0.112407547853345 0.315537963577844 0.158579354213697 0.0905114469998621
0.253954377940541 0.205829850177701 0.0573209618863197 0.112694022672198 0.06783301427661 0.302367773046631
0.00117036141604722 0.252012431364324 0.204067332019756 0.254458796934144 0.0841405843428364 0.204150493922892
0.28752933607112 0.0609697476680551 0.214104545683148 0.0780063177280161 0.293612627713227 0.0657774251364332
0.08146599889583 0.140599242572316 0.305601211605172 0.0280528013855368 0.217751778336659 0.226528967204486
0.233718029554155 0.28380932905148 0.0380705620794005 0.212891389492696 0.1318373225399 0.0996733672823685
0.299769882760244 0.265700174561572 0.00170404955931367 0.109430937151978 0.0299679455130021 0.29342701045389
0.216268497576244 0.280358509653496 0.104236061879823 0.0834486743790084 0.136384746459216 0.179303510052212
0.0390977623016516 0.233914524129168 0.226503545781869 0.209516887727955 0.170270122364802 0.120697157694554
0.111280828544218 0.0914465221403699 0.179774692061238 0.206726338491176 0.194949907789708 0.21582171097329
0.216720660158349 0.215011395339388 0.277300549275902 0.079459874435861 0.0206005868615601 0.19090693392894
0.108496757742063 0.216624421195488 0.0925456967427515 0.210390197527439 0.209219775221256 0.162723151571002
0.251892819880014 0.0344324031985407 0.17183353800253 0.338924440557324 0.111992960302897 0.0909238380586938
0.099065062659521 0.14321831053216 0.191468588480478 0.0586337786472025 0.245600228550316 0.262014031130322
0.18524674359743 0.274713523216837 0.0123995162559754 0.0441136717076501 0.303800467554235 0.179726077667872
0.158902532734697 0.250311151450388 0.273546077476823 0.0489321017637212 0.116448705068146 0.151859431506225
0.101278361676033 0.196206790124931 0.101218698875779 0.197628865882951 0.161809786328405 0.241857497111902
0.224967148226068 0.219607419057047 0.0888821321733059 0.0751388537915372 0.156374008151501 0.23503043860054
0.0855496387958584 0.270150812289467 0.105653605959693 0.0179610561799705 0.257134246694297 0.263550640080715
0.112031047926181 0.351410357141552 0.029118797239304 0.0551700609816529 0.153013832318581 0.299255904392729
0.127198151941886 0.1762139799469 0.117359680094499 0.1136775319501 0.130682261401946 0.334868394664669
0.241374005399064 0.0695594070739127 0.224341858999659 0.0693152108048838 0.186999997225047 0.208409520497433
0.103230427295511 0.00137355312538634 0.13044496454286 0.168505895000699 0.282185097276957 0.314260062758586
0.115178006770196 0.104900080935439 0.21974391101252 0.138574823675137 0.181908679085398 0.23969449852131
0.10100242598706 0.0875958546920918 0.133033365673881 0.255782834558403 0.263791530038653 0.158793989049911
0.549577971741092 0.11770373295928 0.0264640639178456 0.155820828753485 0.0867538785503348 0.0636795240779629
0.0321535115420634 0.0101334106829656 0.355866253227932 0.108374918732809 0.209515925735178 0.283955980079052
0.0317693944194645 0.138479781073773 0.185703462771678 0.193162618247823 0.0916139233812272 0.359270820106035
0.16429381141868 0.19278208494169 0.282454335349138 0.191352933895885 0.0370105410302145 0.132106293364393
0.0372802492755824 0.0144423512202531 0.228537485182243 0.317806095593509 0.126905115898252 0.275028702830161
0.190633791598592 0.233653005815476 0.117659593500685 0.208554058858382 0.149539642295105 0.0999599079317605
0.220996604984745 0.0841661008435192 0.26613266328107 0.0813488089298924 0.307041578894052 0.0403142430667207
0.100532864449337 0.0295148558884403 0.0221269649668041 0.171405466367484 0.351305178686716 0.325114669641219
0.244631788207857 0.213401895264584 0.0192269047630237 0.044891345095996 0.21525038163551 0.262597685033029
0.00507963396039102 0.180562931954699 0.280771176379636 0.0110471121771248 0.239436935514752 0.283102210013397
0.252608096352356 0.170448167971367 0.125355436717443 0.115870083667079 0.245964555663064 0.0897536596286902
0.294111221528174 0.144907508590041 0.130360734998582 0.078233297526405 0.1601894661394 0.192197771217397
0.0613701762906828 0.143041576076729 0.073546967945602 0.298466962504228 0.234189085780839 0.18938523140192
0.138656359403478 0.150495450992407 0.258076259601095 0.167862118012081 0.237703419505663 0.0472063924852774
0.0773527872116608 0.185522221224995 0.118347205417423 0.205239604286326 0.203936495497789 0.209601686361807
0.370090733505096 0.128086816440363 0.114798555447444 0.218712097902526 0.0341129345623558 0.134198862142215
0.18485081485135 0.186409045343307 0.167493836037704 0.194045626821349 0.154812011861996 0.112388665084294
0.123277118651396 0.0586518637418617 0.197796962618326 0.286309124567235 0.250927237245773 0.0830376931754083
0.213502168646645 0.240640357663937 0.077446077122493 0.169130617244545 0.0798686318854005 0.219412147436979
0.0683206508591669 0.253374128073474 0.0444224293726487 0.255867439379444 0.225196334447709 0.152819017867557
0.175514446436502 0.18247700502335 0.137395940659557 0.246643798508967 0.121512701175122 0.136456108196502
0.0264821954417427 0.114078119749014 0.371764919203101 0.218541235090131 0.216563663462676 0.0525698670533348
0.064646350856314 0.22999024844732 0.0757297353142155 0.43330754622351 0.166838275761458 0.0294878433971816
0.222328175181657 0.045541989315203 0.196083721588589 0.0220883201853365 0.395850056068822 0.118107737660392
0.111834137404868 0.0725218618219584 0.222354751517722 0.0435789119795191 0.29459854278429 0.255111794491642
0.0094372162006959 0.239740184938596 0.122083321528343 0.274168634548055 0.0728375517901906 0.281733090994119
0.0473516154398824 0.155019699332109 0.142060320741195 0.110553700270936 0.224187378826251 0.320827285389626
0.203061281277758 0.201085257958005 0.0204403632077162 0.26461229681623 0.284340577755214 0.0264602229850763
0.101654921744154 0.261659981925017 0.20995139766451 0.0905247372422922 0.286023157878532 0.050185803545495
0.00796381076938794 0.227067569912121 0.194137487666844 0.264450166967026 0.0277143402564756 0.278666624428146
0.15695967980337 0.433392771469889 0.105424604129517 0.0304781193069943 0.106941117296623 0.166803707993606
0.192871080921563 0.232740006723049 0.101131622464667 0.176188468298369 0.178074855933512 0.118993965658841
0.566145997890624 0.0364571072254891 0.20097927712799 0.141456912135842 0.0518292747854766 0.00313143083457829
0.0911493809672707 0.0484380277047034 0.258687127824723 0.122400059653227 0.205812200482886 0.27351320336719
0.166636762030522 0.0845696770003719 0.00505467556565373 0.382718457435353 0.189122592663918 0.171897835304182
0.0595822754750063 0.240056792519886 0.0121833113873553 0.353024966813667 0.0428443087384001 0.292308345065685
0.329169921319457 0.165266160877978 0.0382633344376646 0.338635449974813 0.00506431625500205 0.123600817135086
0.162331606514437 0.106293853018948 0.284230038755366 0.081207426276006 0.0481692477479871 0.317767827687256
0.0558508269227509 0.0401965343464928 0.211773798329559 0.206284121973489 0.283211487109928 0.202683231317779
0.286684795577357 0.0195726545234915 0.220755863141663 0.0917355030456888 0.199624694131882 0.181626489579918
0.165635779327865 0.0115107388851378 0.24271835090171 0.258095438128184 0.160588440225315 0.161451252531789
0.100723155595899 0.219048492626746 0.188647229729663 0.102765235046976 0.0994504720250471 0.289365414975668
0.174501999021259 0.00876106493275867 0.203871999720383 0.179249266719338 0.249941066729614 0.183674602876647
0.18004276069932 0.151316584211317 0.0618218522917905 0.238046362405384 0.231378326197113 0.137394114195075
0.193645149988852 0.12093691518361 0.0543539664948781 0.144972084612145 0.244083567251614 0.242008316468901
0.254613235092196 0.0560370656785598 0.368845432037914 0.213886468919894 0.0454817216902449 0.0611360765811914
0.250590806943442 0.177746334282471 0.0113527063412298 0.154729787197437 0.323902405449012 0.0816779597864079
0.25644023460206 0.145897103184981 0.0869207930829631 0.00872806595496801 0.322348505636286 0.179665297538742
0.0382826745581248 0.322615963658409 0.252744300927949 0.0592961421199246 0.0509540371518688 0.276106881583724
0.0828924114336139 0.235011453162601 0.0406973793510457 0.3951719190198 0.204843863649613 0.0413829733833252
0.161079824879001 0.100427673571909 0.129138259125659 0.230205955168697 0.173257949813874 0.20589033744086
0.0567068544031878 0.174143104230058 0.0105159661228107 0.236247611870077 0.254840347450381 0.267546115923486
0.0453575309572794 0.151566029179991 0.323951532374901 0.20187884425617 0.269086063482991 0.00815999974866714
0.124673472413326 0.312557845762951 0.129936384403334 0.0439193927659425 0.284591013024159 0.104321891630288
0.0651282121072187 0.272472496979158 0.261097102477133 0.0648609577483277 0.304065036192009 0.0323761944961531
0.141220212382389 0.00126789845399974 0.173922128728051 0.23452806779974 0.201433495232097 0.247628197403723
0.154864263638601 0.25432048929668 0.116117673965764 0.0772875034333851 0.144476626738197 0.252933442927373
0.284919855534575 0.186054580316681 0.0547519618401017 0.116859136071941 0.216211461316642 0.141203004920059
0.0770570968989495 0.263746479068485 0.291303205544208 0.0668860676744894 0.206480866174765 0.0945262846391031
0.202424481061663 0.0527073226138196 0.0475029165514514 0.27439079928952 0.163709346718398 0.259265133765147
0.312508918528107 0.0357422103600849 0.223933842806371 0.0765251149008609 0.104923164679134 0.246366748725442
0.235121067307023 0.0698107187798427 0.211679141713005 0.0731102768111736 0.137045503220678 0.273233292168278
0.33824679125795 0.0261040393163369 0.0933680162539738 0.153042765228916 0.00471886130097036 0.384519526641852
0.0942218638288452 0.172635814587801 0.176216464125388 0.217101594279846 0.0696006081394222 0.270223655038698
0.128761339107495 0.178923820985931 0.349653210051935 0.0573728338511228 0.125168402739131 0.160120393264386
0.176142113324742 0.109665304878498 0.269193882566485 0.144603795871925 0.213554661596442 0.086840241761908
0.179177474944697 0.0846356804081861 0.12908914639538 0.251662116416292 0.150775239169537 0.204660342665908
0.180269845300423 0.309978103611407 0.0639872133433086 0.0166038415280663 0.166333944693713 0.262827051523082
0.135833011831959 0.239132985823541 0.287704398127103 0.128080743934391 0.152708462156985 0.0565403981260213
0.219363079759469 0.127103614383031 0.213859660977945 0.13654824484746 0.115346841624081 0.187778558408013
0.242579491534887 0.0222087613591929 0.0129236124002481 0.212271750684087 0.273391890225665 0.236624493795921
0.191304608493311 0.285401674864798 0.166616446965929 0.0286916956463435 0.103650628262526 0.224334945767093
0.282605838823572 0.231870614631673 0.152810765004147 0.0546526814750642 0.222528579393743 0.0555315206718012
0.0958052272220572 0.13951057088602 0.149655605282696 0.229543009847283 0.141666554848925 0.243819031913018
0.0231447044123775 0.273073573714749 0.280301794661934 0.10638106684969 0.128287590729653 0.188811269631596
0.0666899973600679 0.211537236513817 0.0303283023316569 0.123958828127808 0.25788559463306 0.30960004103359
0.0429032513079899 0.349641093016139 0.0968213310061823 0.0573460413146058 0.323715152327548 0.129573131027535
0.0553937064827232 0.304268837214283 0.079990877560502 0.1093307936626 0.15692633142584 0.294089453654052
0.0946503290798711 0.00748740699492232 0.430752235345685 0.305807840340175 0.14817703673186 0.0131251515074862
0.171447466303433 0.249748119365445 0.064032564646088 0.108236462751859 0.362975257563008 0.0435601293701675
0.191410698894068 0.209470045517097 0.166477690778088 0.0211439036450144 0.223995500251043 0.187502160914689
0.25412476314989 0.255584790731244 0.17591650329799 0.230070849910592 0.0709359390333041 0.0133671538769787
0.160520802472477 0.0143763172625754 0.226050962473402 0.148944402706351 0.154106335154795 0.296001179930399
0.146907333666898 0.239606817949972 0.134618031069212 0.278130095159209 0.171306917228253 0.0294308049264549
0.252147569889507 0.331704156421698 0.0499247118808529 0.0814054462080861 0.129717068923272 0.155101046676584
0.110175953124866 0.0471538291224108 0.326259943449326 0.203258210246227 0.0233480408897905 0.28980402316738
0.194474797983598 0.156630683040999 0.376747196477731 0.0335846202179008 0.0601073536526568 0.178455348627114
0.112094632793189 0.161768204713375 0.183938555980562 0.220870899442804 0.245223173176097 0.0761045338939719
0.127594554639858 0.209233366550521 0.257960034938152 0.152851278998192 0.0991513793756629 0.153209385497614
0.000638424500998764 0.0895747917000834 0.0105191875517138 0.184422859907342 0.46160529546611 0.253239440873752
0.152794685807734 0.138177657904833 0.24419859166933 0.0817680851226826 0.248269745492629 0.134791234002791
0.295059000018784 0.194993604215677 0.100159759444198 0.0366167349298084 0.102255346078559 0.270915555312974
0.176147842382634 0.329928903790261 0.318674776347567 0.0816475743658925 0.0296589055240875 0.0639419975895587
0.0197028279711644 0.304564768811908 0.221176189551877 0.307917796270573 0.0369988867515692 0.109639530642908
0.0197380726613752 0.0789003783192554 0.359050684524855 0.321188586435699 0.162178249137778 0.0589440289210372
0.0069198333124484 0.321269114355545 0.0498565860797711 0.146736451655066 0.237128583286494 0.238089431310676
0.157302486509879 0.216602282392666 0.133467412202497 0.216832963821115 0.264904380262469 0.0108904748113745
0.203176598146223 0.128724895783281 0.136404911262104 0.162940926724151 0.20175300595846 0.16699966212578
0.341196049941607 0.190541763053581 0.0435524511472161 0.271218605837615 0.10087304009795 0.0526180899220305
0.2518842478223 0.263412361117626 0.099024226524372 0.0970573285257235 0.140181724391962 0.148440111618017
0.09719981956776 0.184424104180817 0.0511587084916589 0.247341680805435 0.175661897406288 0.24421378954804
0.0707746631262309 0.219399451160728 0.276211578795194 0.111865734248355 0.143232825539082 0.178515747130409
0.0946238270797568 0.174686400670878 0.161893784026357 0.199987848473816 0.162558756434448 0.206249383314745
0.14336980494467 0.09854119671187 0.165370430089779 0.185398321612348 0.197162717833379 0.210157528807954
0.173174236170494 0.0996499645946805 0.191559779559352 0.388252007984355 0.0425707752448943 0.104793236446224
0.111555095574673 0.0761475152138851 0.241817588893358 0.295910869322923 0.0885202733766911 0.186048657618469
0.178775814446033 0.195973719069769 0.0700167494860302 0.127878639285554 0.032377462469227 0.394977615243387
0.151492663391211 0.197344347025905 0.116729584300466 0.106739376169434 0.222769815728363 0.204924213384621
0.153726271848212 0.126490230028623 0.261629598581279 0.190368207766143 0.043488484679142 0.2242972070966
0.204412212634039 0.0290762000065577 0.197012892904721 0.395896727780642 0.110443564076831 0.0631584025972089
0.0186526395800141 0.309596190819403 0.277902904968405 0.233285401906388 0.138780472944823 0.0217823897809672
0.0924934980176956 0.1757932534088 0.259694201177994 0.115800173622335 0.117253165169525 0.23896570860365
0.2420003321126 0.0530468208644802 0.0413276918778411 0.102266675246365 0.349039893417521 0.212318586481192
0.0542452229326669 0.167088968008245 0.13659332691425 0.203465189362917 0.132141641373621 0.306465651408301
0.20220143069944 0.300461920648396 0.168530012892078 0.205026628334023 0.0581103719671642 0.0656696354588988
0.289593780711671 0.0935605390580067 0.353147261678768 0.214467273382135 0.0261255061593936 0.0231056390100256
0.0770843067173298 0.0838576640841823 0.275854420684247 0.168357960336975 0.0616592996816145 0.333186348495651
0.307709019956407 0.00270547159580075 0.0742556246958193 0.232946583427516 0.249584488526413 0.132798811798044
0.0447485464647767 0.137170875139974 0.273486539609974 0.0155886138147566 0.314830027970458 0.21417539700006
0.0675681917313049 0.115399732072639 0.138587667291189 0.232871242075339 0.161800923077715 0.283772243751814
0.199157078935343 0.0566782531526647 0.115634051610566 0.127702780661675 0.272807543548295 0.228020292091456
0.0894789565744434 0.122450944495581 0.0656935776278653 0.259169534070533 0.199113695345583 0.264093291885994
0.238406007049044 0.154434659355436 0.111163084002639 0.214803010042943 0.208690022941941 0.0725032166079966
0.221969595449741 0.184369163814556 0.169645101523631 0.129084346692332 0.0856323554259198 0.209299437093821
0.119612693037524 0.139767201311942 0.040038054678405 0.222002474472641 0.269091443496268 0.20948813300322
0.16398664193605 0.166738536914643 0.100676883016494 0.20063251703163 0.166643879138722 0.201321541962462
0.104047969195142 0.160686494800085 0.217656083250174 0.179547175567557 0.145253272875859 0.192809004311183
0.142779213003974 0.184583621559512 0.187558843763019 0.13359521720408 0.136869763251372 0.214613341218043
0.16008313680878 0.0518151778924754 0.392741585559038 0.143884480444491 0.170173892152063 0.0813017271431524
0.0257872186565558 0.194354516134368 0.245162628645609 0.365955945794494 0.14757554274972 0.021164148019254
0.0921575479299359 0.145487714998809 0.310433541185691 0.227595733822082 0.158473060637715 0.065852401425767
0.279883108480026 0.00879682292981041 0.283212358235297 0.259699590827152 0.139732294863789 0.0286758246639259
0.00279291176667407 0.0483035409347292 0.163751377651218 0.21032014342094 0.266053282550433 0.308778743676006
0.208111431876403 0.189706595075324 0.0714032604000266 0.193551362089996 0.0800612641851004 0.25716608637315
0.205427130138274 0.152297796993678 0.242551283621047 0.216189499242699 0.0634333355823264 0.120100954421975
0.207625261721212 0.196901594490008 0.0473612168248687 0.230684116288356 0.0265043841795795 0.290923426495975
0.030155833257115 0.14760788171123 0.21461592266899 0.140425669812953 0.242569297212444 0.224625395337267
0.113762670099418 0.294956987056562 0.0672754854399198 0.24014903587718 0.266711793407906 0.0171440281190137
0.118338074613696 0.0835661656980831 0.0257223261254113 0.223100605461401 0.259697158518593 0.289575669582815
0.203869144414281 0.0431713676643826 0.330448466383715 0.19329051064897 0.190510608452117 0.0387099024365342
0.342257623990862 0.179212883156371 0.167095209880726 0.162393023404644 0.0726003075862752 0.0764409519811217
0.0372011982707959 0.156003318134389 0.0906996964699966 0.430064893240057 0.026792670273925 0.259238223610836
0.19489380087565 0.236610985829162 0.212843287430781 0.0970404466946317 0.0272814033141865 0.23133007585559
0.0373593797824994 0.131676352814668 0.0829928865531758 0.439437551805955 0.0546811927809795 0.253852636262723
0.103667611923398 0.311285917082237 0.157071922033916 0.261312044308498 0.0455318549388419 0.12113064971311
0.219389138896434 0.279056919146215 0.196564706165807 0.00385665307649073 0.102445396142791 0.198687186572262
0.202479920481719 0.175999435514106 0.0409308075550869 0.415343302495781 0.110802920296937 0.0544436136563709
0.217324546168585 0.120705954254224 0.237838945099838 0.0875853527604644 0.138695273371437 0.197849928345451
0.261871602655801 0.199616164547038 0.0664870313074555 0.14774609708366 0.262699631839166 0.0615794725668801
0.140987984774245 0.266843072162638 0.206183309211163 0.186911888059013 0.154311456339368 0.0447622894535729
0.0365543505393699 0.223773370126245 0.207930453976701 0.143814305133118 0.230241014378119 0.157686505846447
0.0102882519208968 0.199318882016887 0.147401149645953 0.182691263707178 0.224086213391742 0.236214239317344
0.0648348848670662 0.225005800231511 0.136324102750687 0.307262927389025 0.075473206712091 0.19109907804962
0.207058806453133 0.295773380753476 0.259450580485807 0.0578955591528601 0.0310975941492671 0.148724079005457
0.28880864680154 0.127781044848632 0.141911847453573 0.0179080591978856 0.234907838784093 0.188682562914277
0.322012911518467 0.323664498950344 0.219665780851511 0.0430066148774236 0.000173753550906778 0.091476440251348
0.291416293658796 0.0615754582742002 0.0310351219603209 0.228706768640996 0.269663726367928 0.117602631097759
0.122525791263238 0.0988106659805786 0.205624334523855 0.279433597290599 0.142489033960495 0.151116576981235
0.02295114728438 0.0353405776867271 0.288722294567608 0.255330429458215 0.258820451640057 0.138835099363013
0.189424576756169 0.169310421426704 0.13464146328569 0.246373128664113 0.12589450513312 0.134355904734202
0.246723759741276 0.211472003814305 0.187459104620473 0.176227026392841 0.0819871600684146 0.0961309453626914
0.359120153007052 0.159551489040953 0.0414954969759061 0.332590874438886 0.0104443655218309 0.0967976210153722
0.124244683705355 0.270854319712613 0.0287315944889507 0.275595111041355 0.0346100178608485 0.265964273190879
0.187844090423379 0.0469511762673967 0.0710206332525748 0.249385328673156 0.13276657398311 0.312032197400383
0.119187767611623 0.206466599768098 0.0832634655496798 0.239205668026038 0.150297076408371 0.201579422636189
0.27656109084783 0.222828850464249 0.126467846102673 0.176758417644567 0.167165257684818 0.0302185372558624
0.270486484563298 0.100921667787101 0.157119743553487 0.126279232154844 0.240260380427859 0.104932491513411
0.212251668774422 0.0926752731710054 0.207219526956224 0.220635178319841 0.0774481035148028 0.189770249263705
0.262922697263407 0.169263779691199 0.0259655347417393 0.0374156186240039 0.172534992628006 0.331897377051644
0.0969437178499996 0.201282623216048 0.263583633334942 0.202894953701577 0.197629854400377 0.0376652174970564
0.081837943705055 0.234938956703767 0.118694963769505 0.191617018686969 0.238632750538264 0.13427836659644
0.233132572561186 0.136195842536586 0.157390094677829 0.209078764779939 0.111291110633831 0.152911614810629
0.136810450869177 0.0548150270488324 0.1370637696702 0.284236166592775 0.213032786181525 0.174041799637491
0.191797878440736 0.134715880953747 0.244892750947404 0.0657403934437852 0.231367102613459 0.131485993600869
0.114998223329075 0.172318197151392 0.0247249833485214 0.197258034664571 0.21007729718995 0.28062326431649
0.301675884189832 0.14544974080897 0.149132367346465 0.0841760562179428 0.232393949567 0.0871720018697901
0.303424000319256 0.221790997902164 0.28765007088397 0.0561983432905194 0.01271732752618 0.11821926007791
0.150750700363725 0.00216274757294279 0.0667826745606479 0.21978593721952 0.27280506596103 0.287712874322134
0.0808848604966054 0.19913130390231 0.246308947141436 0.00411481754141059 0.221005536866078 0.248554534052159
0.0558080433957858 0.340661791476569 0.0839760499830332 0.0263913671956587 0.176722085951133 0.31644066199782
0.013854506450615 0.0807239027148946 0.168045454963809 0.148903399629797 0.129826040432508 0.458646695808377
0.248027759078086 0.207723808383425 0.0657523352692087 0.172351899722492 0.274413399276635 0.0317307982701527
0.0185913741192451 0.0520325272482114 0.34054256922388 0.25923574704783 0.32954471524858 5.30671122543086e-05
0.236970428041424 0.152776172860339 0.153381854083117 0.28337511208372 0.0137752000956605 0.159721232835739
0.239962667716584 0.0441057357980728 0.281037987044567 0.0665826957972516 0.175824425454906 0.192486488188618
0.164876120164384 0.363534347418455 0.310759256133846 0.093364200406357 0.0452682244688158 0.0221978514081412
0.380731606480657 0.0168233909090438 0.117073194926394 0.281306653328851 0.0441714097850958 0.159893744569958
0.335998698847415 0.0821287346391012 0.027419473032027 0.0983382145171866 0.207259983600554 0.248854895363716
0.046709962930001 0.352098231909128 0.035139030639656 0.38066777664588 0.0210478481320095 0.164337149743325
0.110717213812291 0.203304897815251 0.123978546005259 0.217898097263651 0.0208402214908927 0.323261023612656
0.124023565333856 0.360685972238305 0.147072178933665 0.180719705719917 0.169543679750096 0.0179548980241609
0.170256349131264 0.190831107610964 0.181210024823434 0.19382291723213 0.130194986534026 0.133684614668181
0.20649971167695 0.20511982431447 0.00239185005728314 0.250657986591835 0.257227627167482 0.0781030001919789
0.150503017849672 0.00694831988743502 0.206447233612341 0.280121385576854 0.177610929858959 0.178369113214738
0.245417948405944 0.203298740384909 0.0765747169874974 0.169237465389016 0.186295591272406 0.119175537560227
0.250999144750517 0.0403148068987503 0.208205917230932 0.164641488069283 0.0503742692694483 0.285464373781069
0.232223837727113 0.0804959820547211 0.245684013860722 0.314983435838257 0.07088655086896 0.0557261796502261
0.201699296132698 0.232553131822676 0.138720023769252 0.106291852814515 0.28136771274199 0.0393679827188692
0.480861105436617 0.0704186481957353 0.180102447562315 0.00395688447818467 0.122457760873302 0.142203153453846
0.0833433508065216 0.222167599071291 0.232932208601524 0.105524938493345 0.119141211177198 0.236890691850121
0.238770253596898 0.0276831419591813 0.250125966728527 0.201685497809031 0.130107860754153 0.15162727915221
0.117080403419065 0.279515151796113 0.0964844519638312 0.0901786189988534 0.0608205089692306 0.355920864852908
0.116611680638445 0.211177424447436 0.116941726691783 0.140098781218018 0.192356510339396 0.222813876664922
0.10735322172326 0.164131824748857 0.198687971732272 0.244868087224005 0.202488210396649 0.0824706841749574
0.21545511617733 0.315344974835195 0.0492869279425362 0.0331075748649524 0.269813227238953 0.116992178941033
0.163681527153079 0.0261150456679715 0.238990249713326 0.256109085505147 0.101386983884936 0.21371710807554
0.0236083685535844 0.262690264072732 0.0932382511021985 0.0903954337849445 0.221002389708016 0.309065292778524
0.268203234216824 0.192153646229081 0.249470762889257 0.119887485987682 0.101168678728804 0.0691161919483512
0.0569276658561449 0.199801061185858 0.206049977148325 0.157749307508314 0.188554383870684 0.190917604430674
0.164072077179461 0.294937923110885 0.099847443021366 0.0628588488623377 0.0977286820370232 0.280555025788927
0.134057831827013 0.262309150557368 0.0360815763329476 0.122313177084262 0.217076244253807 0.228162019944602
0.0577451605916336 0.222804252927725 0.208688115324689 0.0416215773741676 0.271001189941528 0.198139703840257
0.238869275478012 0.205844329007302 0.167404357312622 0.158458603959455 0.16702885386082 0.0623945803817905
0.0364879090928087 0.267856162581647 0.171956293540629 0.107749430698915 0.0878204300698353 0.328129774016165
0.255241944753096 0.185604894556005 0.0178891237100228 0.318136258487134 0.00308945738172002 0.220038321112023
0.0381501485189677 0.328113194955681 0.155348673970583 0.0915493484197075 0.128144852699685 0.258693781435376
0.135818199861527 0.194268601909604 0.199923987920067 0.0300324656276257 0.190704500517501 0.249252244163674
0.173862194122801 0.212760412261874 0.177151889609311 0.258061378102094 0.156968320107788 0.0211958057961321
0.174395813517915 0.12663112748889 0.0720478134400721 0.315947719135876 0.097349421505574 0.213628104911673
0.0887094313464638 0.206771752106774 0.120580836187694 0.203432880350786 0.31517513508781 0.0653299649204726
0.182434434125218 0.15144998785184 0.0803135239714806 0.00409585698612169 0.205335251422094 0.376370945643245
0.143355495616685 0.158260122643549 0.24348005897161 0.267668360467976 0.0223064259070336 0.164929536393147
0.0114939334022107 0.144713452153811 0.122764961242319 0.371623582387242 0.140271568015886 0.209132502798531
0.219168462439713 0.101686886878366 0.309654097377413 0.260331107975879 0.00161878938315259 0.107540655945477
0.0961372811610216 0.143280241889075 0.212686747193549 0.0313590164213854 0.257154272523286 0.259382440811683
0.137060562873294 0.0737502176024239 0.099930341904631 0.289836846408745 0.267675647046019 0.131746384164888
0.185689601224643 0.357812237653315 0.0850881356795916 0.0367595673512385 0.150756096337409 0.183894361753803
0.0966394806037696 0.0304984306775021 0.0706626138708809 0.562267314173799 0.0590400542739351 0.180892106400113
0.288342487827705 0.0976992465031975 0.0381584508270686 0.39422699648533 0.0980874267773944 0.0834853915793048
0.219271147657885 0.102880845578893 0.233287433185357 0.178502434706237 0.0808096881366811 0.185248450734948
0.0815112861497152 0.0227583159665081 0.184513047529215 0.173286183055076 0.228758708174164 0.309172459125322
0.245981956938529 0.193510449261897 0.239103614006669 0.0876815524157493 0.0198082146941899 0.213914212682965
0.248998758130644 0.197002012264572 0.0657391191288218 0.276061371151394 0.0338193340386424 0.178379405285926
0.0979147554554139 0.222856605700697 0.202400156608284 0.195092231719252 0.11256588163092 0.169170368885433
0.10133475852131 0.0393133822023998 0.261710909869546 0.0493947072953693 0.164028892470886 0.384217349640488
0.197479316930289 0.256187360903559 0.215386672487674 0.16528846034868 0.123504149902812 0.0421540394269859
0.178018512850795 0.185919008402797 0.212481163726351 0.167678708708709 0.148749125513887 0.107153480797462
0.00700478530193288 0.0701681799786365 0.25111024898792 0.311002331378182 0.0738572564229046 0.286857197930424
0.070283979384696 0.150301667577372 0.203277353689084 0.331350175310291 0.128954551626376 0.11583227241218
0.00224712445111372 0.0326525781331892 0.442399605146307 0.101115834786283 0.371215786164497 0.0503690713186096
0.273407885604513 0.177657617409272 0.0856694156422467 0.120004406351443 0.137313921250844 0.205946753741681
0.132587762854976 0.24005260300276 0.274166047099276 0.247304234964034 0.0364109039627418 0.0694784481162125
0.260921004837305 0.145935734337007 0.198952386469321 0.0856659490449437 0.158570882970754 0.14995404234067
0.147240131543944 0.0654854780839073 0.206184808474568 0.197403721555981 0.218058416327121 0.165627444014479
0.463537927953893 0.0188122026769395 0.242068429134423 0.0971606016447261 0.0709143288834304 0.107506509706588
0.186822537273721 0.263359077226647 0.00868268078604986 0.235430381932156 0.0231769346680855 0.28252838811334
0.0852248895039469 0.069487865141024 0.208415809231705 0.0338247085690375 0.295614782122074 0.307431945432213
0.213174917016352 0.0373166933017511 0.228483553284769 0.306098524519531 0.0494199239917962 0.165506387885801
0.234869051445053 0.14868413332043 0.262669065565207 0.110464921835265 0.0978159922749251 0.145496835559119
0.0631590521084759 0.479013249104061 0.0188585628324238 0.164208133773713 0.0274477202932878 0.247313281888039
0.275447799379474 0.256772091001131 0.12459099825814 0.0672267358043757 0.209820488946146 0.066141886610733
0.243448952672151 0.246701109248948 0.221092533504698 0.0259469444246726 0.18907704303565 0.0737334171138801
0.299716446413043 0.028154972298181 0.248417761254066 0.117764249387739 0.0382210624607644 0.267725508186207
0.211922665812973 0.101587839170877 0.0364526212285277 0.19899130794558 0.201539293607228 0.249506272234815
0.0745952678584864 0.0399655559823385 0.256510456250169 0.0404836969586088 0.285433318064971 0.303011704885426
0.0870797891633134 0.376382845571314 0.211488753435589 0.221172544516873 0.0382854575376383 0.0655906097752726
0.225733496797682 0.360992475133539 0.0929165907478511 0.0253272614360251 0.0152214496992923 0.279808726185611
0.270109369225736 0.0742527172152295 0.0907682905299344 0.125419448802841 0.219921700642134 0.219528473584125
0.192263338292206 0.100271930187469 0.267655358396011 0.209037308622195 0.135546013908214 0.0952260505939056
0.129643242150691 0.15129124522662 0.198795769120381 0.234451471148775 0.245375426880925 0.0404428454726079
0.301530779527911 0.0115259615600589 0.0186653163904051 0.0875968255698404 0.28102022520576 0.299660891746024
0.188714721983323 0.0625239465199485 0.216002200809935 0.275070360401415 0.216229769593535 0.0414590006918429
0.242775568675958 0.084528072546115 0.131861247904683 0.0982750827574511 0.3408664911744 0.101693536941394
0.392714044995528 0.185702453884301 0.026091902058133 0.00626785857486702 0.209081680246803 0.180142060240368
0.00732491953003557 0.20536296112254 0.247254896613475 0.0239231615902212 0.259778134641096 0.256355926502632
0.18976317342132 0.164085777800007 0.133938113951958 0.211292622550661 0.0165358723657315 0.284384439910322
0.0880690218207584 0.360361405612576 0.126056845523543 0.0629199769317583 0.116926540669988 0.245666209441376
0.207789738676464 0.242458331075128 0.121650129909066 0.0193811178013277 0.177842176632513 0.230878505905501
0.0029506087429288 0.335439988345386 0.329957550329261 0.000153308436078131 0.169594654939978 0.161903889206368
0.0128612824417702 0.311828448724043 0.027146126787103 0.211734057991735 0.107646432035626 0.328783652019723
0.203865426205782 0.0956308094643697 0.286915490975428 0.197092191665984 0.169581071006342 0.0469150106820944
0.147452009949176 0.019228551551384 0.31798500416129 0.0927484602906272 0.213480953263878 0.209105020783644
0.240832356682182 0.210997747402215 0.277348343538157 0.133905380848286 0.0619198695856127 0.074996301943546
0.215633928242562 0.242822514024 0.260297868084128 0.255117569738034 0.0178189280932159 0.00830919181806042
0.263964765313052 0.234964586628857 0.170653712709327 0.119588409867557 0.201293273781143 0.00953525170006371
0.0568506130318107 0.171687173491561 0.261961434164234 0.243181190974188 0.137542215048052 0.128777373290153
0.203357669589511 0.216328468423255 0.152672809595352 0.209501216949244 0.129603976548595 0.0885358588940434
0.07964896851382 0.255844786764499 0.174709644574972 0.228410511117748 0.2572193255408 0.0041667634881601
0.259870557436215 0.110430910748728 0.222434956275249 0.109658065450491 0.25543286716859 0.0421726429207263
0.250825024543574 0.230412229709992 0.0594117738495793 0.1054519518323 0.183404144356993 0.170494875707561
0.282547195562165 0.205906855277797 0.289643677868815 0.0626251337205058 0.0201663851513102 0.139110752419407
0.0772539524475176 0.251936303316979 0.240346784212572 0.159824570595045 0.215205145230312 0.0554332441975749
0.293951163651331 0.268087602105601 0.0745511544911979 0.093340842425706 0.226035833154542 0.0440334041716224
0.195339535433189 0.312377744219016 0.198891102682989 0.0681417682437629 0.0385138404100592 0.186736009010984
0.0643462293737111 0.086974291532344 0.245169921445792 0.237293861657843 0.14150566202385 0.224710033966459
0.00896616929698563 0.283972454042243 0.0631568096473401 0.226143293724055 0.169032821241369 0.248728452048008
0.197000842731807 0.121102607977776 0.0875778405172559 0.234042640453796 0.118651506054159 0.241624562265205
0.238327479108754 0.197455144441754 0.280150268407784 0.237006206122738 0.0245752346806795 0.0224856672382904
0.239384001132049 0.0886106707150394 0.195926881639753 0.136758705856341 0.0212940950226884 0.31802564563413
0.409943853622913 0.0284540987715692 0.108364909912273 0.0770493011422561 0.276941555876069 0.0992462806749206
0.200162066960748 0.249454158771292 0.246659129297636 0.022553665463996 0.0967737446032428 0.184397234903085
0.148198310458213 0.00594750745240471 0.366092320557924 0.0723770186138078 0.0436588137990361 0.363726029118614
0.00846951019830874 0.140077818247911 0.343603799583083 0.07472004459804 0.29638564801121 0.136743179361448
0.00402509426558312 0.126255414555016 0.221974446089356 0.217781594923034 0.215046560035269 0.214916890131743
0.0222356839563469 0.144301376875881 0.238904666640482 0.117461668051372 0.391756952651203 0.0853396518247154
0.0885825037132381 0.0123620508481104 0.175631092222068 0.25939908351464 0.204071791981117 0.259953477720827
0.00652530016767203 0.0176936927207702 0.212422320203284 0.296834390966491 0.26631915628661 0.200205139655172
0.193340624479125 0.237067798848586 0.0767478994584998 0.234341751275357 0.256156191025444 0.00234573491298748
0.238111798479289 0.17466189680979 0.334526917835782 0.0558511911311571 0.0909791819212332 0.105869013822749
0.0352522596486458 0.173579053778422 0.221719657128493 0.176407876323031 0.298679023253644 0.0943621298677647
0.0715378381402488 0.118234328449823 0.216753062510103 0.234350592088393 0.195691822052497 0.163432356758936
0.0389406809974668 0.322522422271665 0.213721354064746 0.0209990646534157 0.315139683738404 0.0886767942743026
0.377203684367293 0.139229183184624 0.337996510511834 0.0670689217691176 0.0708460515490017 0.00765564861812972
0.237941408477915 0.0802405360984151 0.100301545485927 0.342008097576998 0.0196092093429226 0.219899203017823
0.307969892564692 0.204860544068809 0.058619178349756 0.180022236389915 0.206843615466158 0.0416845331606704
0.301882416682928 0.00294316333337736 0.0104841422041898 0.185204688739849 0.32152112627337 0.177964462766287
0.0761537172212134 0.323001065237909 0.114885002840912 0.0794009783574455 0.320442014431989 0.0861172219105308
0.151022961473179 0.142028962971081 0.390010840470504 0.262910765764693 0.00056650338457637 0.0534599659359677
0.197926030027759 0.118088273216599 0.205927054951556 0.208950182475298 0.261107669675725 0.00800078965306309
0.21231175320419 0.0112036396375441 0.254455785407078 0.189728526915817 0.203033428542811 0.129266866292559
0.0720275451260685 0.166563430854853 0.179692887311446 0.158991988684342 0.170333305464764 0.252390842558527
0.0280427676521573 0.20466822072575 0.158088103078175 0.195599379127794 0.182340625310737 0.231260904105387
0.0337432308560297 0.131398556005411 0.206109754758742 0.171821767140023 0.20229053850371 0.254636152736085
0.176117861365896 0.422347160194353 0.190835126189277 0.073871859510271 0.0350823320528391 0.101745660687365
