0.157498703592576 0.134773138193244 0.161033789420138 0.0762544451192272 0.178663674059389 0.111574053842039 0.0218604907570981 0.158341705016288
0.178750606222126 0.0472250263698816 0.0961335263698322 0.180395018819719 0.163387330150271 0.0470524873662734 0.194590690423823 0.0924653142780738
0.0917104317107345 0.117102100804986 0.167074644765694 0.178197347507725 0.165314353691406 0.152818106664058 0.0198433947815456 0.107939620073851
0.124905976882891 0.0924812922434406 0.097018457063162 0.153053093270735 0.158854658327314 0.10347184516655 0.117430001790618 0.152784675255289
0.115207018411674 0.155841988689233 0.0880307337009819 0.0845828384529121 0.242328075204732 0.00865750729475747 0.101520976611211 0.203830861634499
0.00362309322164365 0.232672951214247 0.205636825518867 0.0709507898165892 0.0596971190884584 0.165353854927423 0.186036157388424 0.0760292088243474
0.225588542115891 0.0479726968348287 0.217382894167985 0.0661276921998778 0.0430523350335313 0.162085873063469 0.108834984497169 0.128954982087248
0.0579689315575827 0.106455006812133 0.266307991290879 0.0726251029678391 0.134412415150615 0.152337684292321 0.207346982246156 0.00254588568247405
0.0658501414625921 0.222200801286278 0.209680788205413 0.0125516360136058 0.105178092670187 0.000997740826894612 0.0978309868785484 0.285709812656482
0.152096379614214 0.0502373676189876 0.0631614620983302 0.172193948376656 0.174520696485077 0.144385040950356 0.0807631980893006 0.162641906767079
0.106903506497125 0.0465818973566527 0.245492962968373 0.0562261826632001 0.0893487184681958 0.230966372810179 0.143067160236418 0.0814131989998562
0.0750128670006655 0.140636127409874 0.171983566464056 0.173450666291835 0.0898969325024769 0.105931361528669 0.0431675137258461 0.199920965076578
0.137051221833362 0.19275039195701 0.170050948965846 0.172242134188456 0.0771760401515789 0.170838466096062 0.0235341704927641 0.0563566263149221
0.132502386493259 0.105380113145891 0.0387434995747736 0.190401211843971 0.124602761250686 0.103842989071452 0.0497192344252168 0.254807804194752
0.0994844718828814 0.0708727131327508 0.0604265232972434 0.0930972282112194 0.0164269030839516 0.197901034382031 0.24048443687584 0.221306689134083
0.155874363699184 0.0532116228886839 0.112810986109703 0.140118170944378 0.0147597019703788 0.11973037714198 0.195738427712296 0.207756349533396
0.168914429522014 0.09826206678578 0.0220279156801595 0.127132655698121 0.206594366095878 0.195546058165204 0.117265543413147 0.0642569646396952
0.0520236333605682 0.162769596226351 0.242023747722676 0.13206991854417 0.149836721973619 0.122838399582954 0.0563561222166785 0.0820818603729838
0.144394647692999 0.0881841095653174 0.0440465932270185 0.115417105469196 0.207904986591328 0.0720836590671955 0.218937573941159 0.109031324445787
0.034385111230517 0.0935134371841361 0.20823555351956 0.186451883917679 0.015306434619308 0.226982969998283 0.000947731520455815 0.234176878010061
0.0685569863295543 0.208995215726573 0.0882930466891015 0.130827766388929 0.12623042987331 0.0558750923631149 0.106627699462978 0.21459376316644
0.181933999257721 0.209543848034456 0.174126041070481 0.0943190595462686 0.0335187414748918 0.102314555112932 0.184039194728618 0.020204560774632
0.20405797197163 0.0136293374955561 0.223002215570151 0.0990148692665788 0.0920730545447358 0.040252625971197 0.223618685783104 0.104351239397047
0.121463587908619 0.239036669203864 0.0889946900379028 0.0939834733209599 0.131999302132237 0.0915666483876425 0.21563310023313 0.0173225287756438
0.0864547805034772 0.0871529223315077 0.241216468934119 0.0637629341898378 0.141114694251712 0.142267525235094 0.180866685336354 0.0571639892178985
0.0599037586872102 0.0372150012644519 0.218341844916086 0.0983919445038436 0.267919440961115 0.0949036253077938 0.0550039051632639 0.168320479196235
0.20940970681823 0.0188332609380662 0.108641481567969 0.000472536530598205 0.161798753725568 0.195581998085836 0.233183937988241 0.0720783243454911
0.192438933246483 0.0230643159689055 0.219248664633866 0.0066929434952072 0.17562992981674 0.197611144230766 0.180613303765832 0.00470076484220023
0.0260349464021576 0.222411855440587 0.187501839434671 0.157041692776198 0.148908499704837 0.093150776128906 0.00523040393905072 0.159719986173592
0.115252618677741 0.131344329227967 0.00593149396740885 0.206918736915605 0.162737630109001 0.204310257926972 0.16924854309545 0.00425639007985472
0.0796638152232067 0.0247741096125179 0.17976915377059 0.16682815864946 0.0987317652306144 0.0524028034672321 0.2462918486703 0.151538345376079
0.00630124247621585 0.357263924286025 0.187080411678804 0.0801473157325221 0.196308872643449 0.0286294676372497 0.0446919137537298 0.0995768517920043
0.225305173348247 0.0309078073405114 0.332908372250366 0.213998142913836 0.107182948097014 0.0610270695561054 0.011341404937811 0.0173290815561095
0.0684256745968753 0.103416927928908 0.183614994640962 0.13081383663235 0.0886335827904039 0.074468684104412 0.138499094788756 0.212127204517332
0.190091788576585 0.16799835815928 0.167826754964616 0.0294969213995947 0.176657474812572 0.0130493547480042 0.0737286816318588 0.18115066570749
0.183888296512747 0.081807055819745 0.103816699321163 0.0706608616805007 0.146876211265094 0.209304885992275 0.117502519051568 0.086143470356908
0.0499870139529286 0.22243514510118 0.0448385216053239 0.217452744032206 0.0289461606289404 0.263294187475005 0.0172284291971207 0.155817798007296
0.077446833200263 0.0623500791741547 0.0157676288468139 0.242888018069207 0.0996557179426384 0.247270118914316 0.235057190497354 0.0195644133552529
0.119628980244666 0.261400485509888 0.0822043496339277 0.00380070108669604 0.276189583037134 0.0256770094949627 0.047816812568593 0.183282078424132
0.00758887173460965 0.224025036573792 0.134488182660852 0.130427134237682 0.150246990009946 0.0171256423115151 0.106413295079939 0.229684847391665
0.074594346190665 0.00922604280923654 0.122114180012436 0.239415396062145 0.0900475092479792 0.203057097789676 0.0685658259124293 0.192979601975433
0.0751984898352411 0.156409594657433 0.0309239005593247 0.219369185229082 0.0667192790526324 0.17086028107189 0.0932831506513131 0.187236118943085
0.253795122876249 0.0208326455074175 0.283117124666415 0.168900340510957 0.0538091997577223 0.0797704529648158 0.0875543802423653 0.0522207334740579
0.163653206595388 0.163611438535392 0.0728259184699337 0.10982085339159 0.108717209443794 0.166728467021895 0.172165111010624 0.0424777955313827
0.0964126927072062 0.140219447257514 0.125241881265456 0.158201298440774 0.0351530274156587 0.175901820418334 0.197186734978522 0.0716830975165363
0.168853408509555 0.140647389219696 0.201178687174737 0.145034739298456 0.190392992245495 0.0904670718002041 0.0181475695557786 0.0452781421960779
0.0750818683809037 0.0947402145564928 0.203877123971417 0.178240985712032 0.148761619182992 0.135872619779086 0.0764125520551223 0.0870130163619543
0.11510528583601 0.13872587591221 0.116187319602884 0.0717824184459903 0.12719609542418 0.14697436876452 0.183031236735879 0.100997399278326
0.134773105153181 0.014516428176801 0.0669629366959934 0.215641458989736 0.16014624670804 0.106241482246675 0.274063427068386 0.0276549149611883
0.130266963574592 0.0229862822361123 0.033386567207248 0.0495708701208029 0.0550359609243225 0.329514358130736 0.1486967051324 0.230542292673786
0.073590741978795 0.157842240519287 0.133089162113053 0.196787855089218 0.11240710140935 0.0487110404762903 0.149566550414624 0.128005307999381
0.186522098306739 0.231374584515581 0.239127585347574 0.0487268133543908 0.135774457228507 0.0514395221662862 0.0411366975895558 0.0658982414913664
0.0764265425052393 0.106601639342308 0.144842664894996 0.211880288008787 0.193489357512132 0.0665234080482754 0.162406337393783 0.0378297622944799
0.192098273795766 0.0181573978922713 0.0327502810455576 0.173502928774684 0.275565835309753 0.18733195672369 0.0636526063601984 0.0569407200980797
0.177288500467403 0.0554085082133717 0.0877065598559378 0.181131815847108 0.0502703178453802 0.192199845413239 0.166527351961445 0.0894671003961143
0.193341167899068 0.119489009184827 0.18253246555646 0.156250243837912 0.0862226837641687 0.102565535573542 0.0114348168195429 0.14816407736448
0.147941758294673 0.130636590766718 0.146930303017376 0.175951287875693 0.100261916275566 0.145292817225755 0.147766545835722 0.00521878070849882
0.237114834840682 0.03529303785428 0.197681799639835 0.0493265451248162 0.193132452611123 0.102949056530828 0.0138041139101361 0.1706981594883
0.133332835754405 0.082826742795264 0.197098820655079 0.190494626652224 0.180384058605432 0.0475160772032904 0.127869587687687 0.040477250646618
0.298203003347979 0.0357497567299836 0.22407693939191 0.230203622323304 0.0209277762225215 0.0397241666025447 0.0588932693462926 0.092221466035464
0.178101645291368 0.14007526503033 0.143340796724434 0.0121705268829872 0.0968989304126607 0.105443395024478 0.162524637805702 0.16144480282804
0.0552853395198769 0.0805220928769053 0.0423543594136131 0.196997189478721 0.194271244609321 0.192676035942308 0.213597198897112 0.0242965392621429
0.26431513582207 0.00403241892735526 0.111682505672695 0.0728280910902786 0.0762796590844929 0.143004571247016 0.284453099983998 0.0434045181720941
0.0690619550708536 0.124214852191001 0.102659647192343 0.100614451219961 0.157384901660355 0.0738641068661413 0.164332001527178 0.207868084272167
0.0311226134196035 0.0557196693755359 0.198461790925019 0.0401563535471769 0.14123903454237 0.237733918547425 0.0898352910373536 0.205731328605517
0.0623354497766761 0.0847566413182866 0.189669338174305 0.152584034516484 0.10676289828019 0.0134482059207092 0.178076924953356 0.212366507059993
0.194492976497005 0.0388768828233172 0.0244211277911749 0.0539414168051951 0.0937455235848639 0.210497260221655 0.166373012472071 0.217651799804718
0.0932500555028137 0.0437976943994108 0.220623991975274 0.192113867917567 0.0839770444077165 0.0139537606214825 0.192019761678544 0.160263823497192
0.070103863353848 0.0578863554244388 0.113194457445066 0.131269791708108 0.186064077974909 0.111628687665076 0.213489513659986 0.116363252768567
0.0777729580071421 0.113773156765687 0.0428755918550765 0.16429973947706 0.209732434130424 0.108541066978815 0.138525983961939 0.144479068823857
0.0533679031585273 0.052227524654522 0.240111345904301 0.110471393116061 0.161823069970893 0.11960760573816 0.125566871776441 0.136824285681095
0.217967827781687 0.0539312374487585 0.210744018885335 0.164457690724013 0.0449980775070088 0.0147079256123304 0.00251858956134152 0.290674632479526
0.278587002475374 0.185167389855077 0.0402860869891488 0.0396088744641847 0.0949231269436056 0.0610414154727163 0.0652041268523977 0.235181976947495
0.0478102576933328 0.104596887409713 0.210462134405716 0.205642499094696 0.0561223009821323 0.166900076579596 0.0174784233585554 0.190987420476259
0.138016214352913 0.0574888248032401 0.244180815251134 0.194552973214295 0.100414658240468 0.149385241420738 0.0413510638645497 0.0746102088526616
0.231386320573333 0.135479564357511 0.157108014639871 0.0696757905124665 0.0227457839771973 0.184127820677461 0.172400205350358 0.0270764999118012
0.140749983441521 0.159836311288302 0.057990124434775 0.155763886931546 0.119347676160961 0.0627621107008249 0.0989071001738081 0.20464280686826
0.0808306608085809 0.147093723000379 0.0409433930498247 0.0566915115396797 0.256462030217027 0.117293277774686 0.150231261944974 0.150454141664848
0.136636696009003 0.155706513338995 0.0932652654567094 0.0501400056053185 0.178189769669939 0.0404021062548154 0.189887264717351 0.155772378947867
0.17403976400031 0.0084129184875966 0.170306922125608 0.0771142163354051 0.211013764695597 0.120140948526343 0.0932756500485064 0.145695815780634
0.0946780399575654 0.123339944121744 0.155495462475038 0.148197125313375 0.189479435908493 0.110170045861238 0.127278473681891 0.0513614726806561
0.107648976276205 0.173939318151576 0.103502760058995 0.168529467520544 0.104127981672022 0.187500171714894 0.113789630337887 0.0409616942678772
0.0881340029387746 0.0366559901022646 0.192480494623412 0.067725107332469 0.271028919567394 0.0363243381871992 0.193313987710003 0.114337159538483
0.0498299544539878 0.150363711055138 0.211325747550349 0.0635044184946944 0.111485800878558 0.0315888485378716 0.212207522963183 0.169693996066219
0.222224204397914 0.0288912803833734 0.0637550250949156 0.104800215885179 0.268609005009254 0.128908555884158 0.157417277288572 0.025394436056634
0.0824440393296473 0.0185052636527054 0.238327088135325 0.123825776322369 0.195897881318529 0.0443513051183346 0.292903165026484 0.00374548109660562
0.0920919638316797 0.301169398035942 0.105248426434977 0.136690946511439 0.071483687591443 0.188089603581912 0.00352978587315816 0.101696188139449
0.252337998148275 0.0810356356402001 0.125243719949008 0.103966961108761 0.130712453227894 0.161650101081273 0.0256412647767542 0.119411866067836
0.147368230312458 0.183855035217274 0.144167996487466 0.051169228181208 0.108169973883061 0.16827682779022 0.0827219196972354 0.114270788431078
0.214389493170887 0.110869460888043 0.0821522204627247 0.0192981730930827 0.205767860627719 0.166587915387862 0.0207465395929679 0.180188336776713
0.214291622770477 0.126614759065207 0.0627074750152395 0.128682664528648 0.0568155846192078 0.156618415060002 0.0911600946818152 0.163109384259403
0.236829425385532 0.0863875820618144 0.0627900174182701 0.0210093188740578 0.115907872280257 0.0508614379351149 0.213324945501367 0.212889400543587
0.0776121236527303 0.0553301217354064 0.221542043292082 0.0333029635739616 0.180852563653268 0.230292302891449 0.171498619795045 0.0295692614060589
0.0670900148837926 0.0411616753567403 0.157014226998699 0.0306022690054716 0.202554628929027 0.227419326352784 0.0936357496146746 0.180522108858811
0.153534584054528 0.101921266236868 0.0718783742232788 0.213546314263188 0.208027066253233 0.218771592309056 0.00640895879431164 0.0259118438655364
0.0544118086291808 0.114558010769819 0.207883962864795 0.198983162886994 0.0974496312937483 0.165296184672564 0.14440022288732 0.0170170159955785
0.148787583585039 0.0981322935392449 0.00903907437319876 0.242356569780113 0.016228186860927 0.264517670325902 0.0191940512283506 0.201744570307225
0.060491756606923 0.185331771802767 0.11216104012631 0.128493122129745 0.156128232026965 0.195577897263166 0.156795212564746 0.00502096747937657
0.145492157634241 0.100503196949127 0.0510259770589512 0.218010551583266 0.227500718225144 0.14048902851081 0.0887018246722195 0.0282765453662408
0.170041873562602 0.104937702958791 0.00288357655544594 0.192390934247333 0.127048778474426 0.113598677087815 0.176058174291151 0.113040282822436
0.190857331206924 0.146506958115967 0.122186935640892 0.121785303523938 0.103656082546288 0.117007462032226 0.185149881924359 0.012850045009405
0.178204008597028 0.0246558186799619 0.182795361443216 0.0690216681608821 0.0332811997288764 0.185882985450217 0.139723505685986 0.186435452253832
0.175678890452457 0.132871404750337 0.0455752974158175 0.142122013876562 0.182708337361042 0.177226091093353 0.0743871336293875 0.0694308314210433
0.204042179875432 0.0771869354446304 0.121264557389345 0.102835619807317 0.0338784738615462 0.180572593171349 0.151439310086104 0.128780330364277
0.0025931646648145 0.203077395695019 0.0312002480669465 0.133620299146116 0.139003710208831 0.0892859806966937 0.120785266979442 0.280433934542137
0.0426841661229039 0.103233945474895 0.065811869670634 0.271414607636199 0.0359362575850163 0.272909750234063 0.195401987996515 0.0126074152797745
0.0349967057367559 0.0633307281883076 0.0730606388369239 0.133866632751748 0.137027021278149 0.149790363579957 0.216495921934805 0.191431987693354
0.214369515771741 0.0844571446704918 0.140567162462469 0.164093052813893 0.0390102572430721 0.300023907865957 0.0503409822204401 0.00713797695193605
0.0725816561051975 0.141890222382453 0.0647125723152955 0.154931371750899 0.301093424553169 0.0904451074364501 0.106514934886636 0.067830710569899
0.131600632176571 0.116667344290192 0.0841315288270485 0.121180091852948 0.0892585029877627 0.140098606769333 0.150241960033843 0.166821333062302
0.0857534353163643 0.0132862820442351 0.14912149554711 0.214411949230156 0.134978341040689 0.203216076369052 0.0851063460677181 0.114126074384675
0.238554474272052 0.0700500833871116 0.03027008323717 0.234298432144311 0.211010043012634 0.0246265372073586 0.0217682191587195 0.169422127580644
0.224965413660566 0.0277534982529659 0.181336806548045 0.154427352662841 0.0791431377781013 0.161332815899647 0.0661348369778437 0.10490613821999
0.0936366586009863 0.197133262153047 0.154586980148306 0.173327363576547 0.0732718233157949 0.12627435551018 0.0799214251697932 0.101848131525345
0.0882369798890139 0.101843473576689 0.0630789111781417 0.126461895609478 0.193235171838632 0.0345004970650406 0.230110814405308 0.162532256437697
0.0939089675133221 0.0795965848479804 0.218067332917059 0.0359907025529885 0.131349788820219 0.0843450787029159 0.20729963198521 0.149441912660305
0.0743919624634806 0.0728778728189502 0.196776902204698 0.156213511249515 0.228699666658295 0.144065362878135 0.0127732040259954 0.11420151770093
0.125695875997077 0.0503768270831017 0.0284076587565269 0.152338720890833 0.212265459599719 0.15367357723645 0.138776890819059 0.138464989617233
0.207070702039232 0.000866137999975181 0.15833363779646 0.175704058062506 0.0828976549782137 0.119762435743346 0.115267657870856 0.140097715509411
0.113756773269193 0.236873367780211 0.075078114176926 0.198142840380291 0.0657885461567944 0.160332190761289 0.0287470937853498 0.121281073689945
0.119008582805871 0.025435704169687 0.184950106915084 0.12148533976034 0.0388309000805431 0.104283316995009 0.25588140138229 0.150124647891175
0.190302289218994 0.198926449717947 0.100453534785453 0.115069198693331 0.0174908635090212 0.169643612714963 0.207895755295046 0.000218296065244143
0.0192531557598433 0.149571232142378 0.138457100574741 0.211794692981 0.125413863270696 0.0697914913244655 0.210196693006117 0.0755217709407596
0.139162614219655 0.0590841483250601 0.218197126236873 0.0924931002957261 0.316372746740118 0.0921558573788734 0.0452766330308996 0.0372577737727951
0.166330107065091 0.166564071778387 0.114562377800229 0.135279115873284 0.034464339331566 0.0188924433154011 0.212328220726784 0.151579324109257
0.195999141347131 0.012051854192519 0.172845740557851 0.0273280627744464 0.21229670223023 0.116472191551162 0.107584055803722 0.155422251542939
0.150030203094663 0.102738134261119 0.0119730000599238 0.239467164568454 0.330063398974808 0.0368520969593256 0.12225443657226 0.00662156550944697
0.158471955920571 0.134706178549793 0.10561740868579 0.0258443170948557 0.138260470294249 0.162245914406715 0.0980977982002155 0.176755956847811
0.138336236191911 0.0238941759134481 0.0898893481941488 0.133352418234819 0.13572618614051 0.156728897185229 0.14819128792934 0.173881450210593
0.0548209230914792 0.080663791397138 0.175148460291967 0.180451181184233 0.137589401526509 0.154625545963907 0.172847778360096 0.0438529181846709
0.341527110378865 0.00731720472827021 0.0873241963754213 0.117149606887493 0.221954162295202 0.0114609947464467 0.0713050143434187 0.141961710244882
0.194917337328015 0.125254284273563 0.0215723765231191 0.11882491495878 0.0918244840582889 0.168616175428645 0.215165280037526 0.0638251473920624
0.112515710510079 0.103582419250504 0.0737473947275936 0.0066031277588032 0.131201581371555 0.208865083437552 0.232340234384081 0.131144448559833
0.150368707130792 0.131286851385287 0.0975902873558642 0.173235694978372 0.0993086592270147 0.0182931911443792 0.175794667223254 0.154121941555036
0.176297190847033 0.0224844969959067 0.311006183587384 0.131589462187584 0.223243208650522 0.0894999689884495 0.019468369746372 0.0264111189967491
0.0546556569766057 0.328606196871723 0.0313875427212706 0.165235851807454 0.0115268294716939 0.0868314605331989 0.196944836292699 0.124811625325355
0.0375249771183279 0.164006057475665 0.192590552502495 0.103865811437334 0.266933199882713 0.0643028744588018 0.0184512664728009 0.152325260651863
0.117982944082642 0.239540112388714 0.12766168324206 0.0467458220833634 0.0168249415920325 0.232878670816981 0.148091495471946 0.0702743303222613
0.153312301785173 0.022522531667883 0.0980894027374963 0.0191743392292695 0.141212934008914 0.209439841575489 0.0843605522722168 0.271888096723558
0.0483671751767774 0.0438281565564067 0.012674529819214 0.206108772866436 0.155556967955737 0.141020832118318 0.221399132460126 0.171044433046986
0.0513609864035582 0.171355406568127 0.283229728198381 0.162219664615789 0.117400361522299 0.0475078209324089 0.116103794396504 0.0508222373629325
0.189555050625861 0.309479538104173 0.0387223101755793 0.0113111504708513 0.0263025004296656 0.112852188397526 0.0360920623859794 0.275685199410365
0.238801370421811 0.104309549756387 0.162252949914618 0.100497531639567 0.0691138475417629 0.0406865411490072 0.0437011284999442 0.240637081076902
0.215155309752358 0.0276848144697653 0.133090624508267 0.0832794329502596 0.0272701033043928 0.23894669364068 0.0512197400169156 0.223353281357361
0.0918589401855019 0.0220423543493172 0.0171222771100783 0.153436781406043 0.241027635574744 0.201771602348877 0.182559184584495 0.090181224440944
0.0586135909614787 0.0846264411856061 0.0850064493431416 0.148467411989975 0.154109174331196 0.146039684047238 0.157881986228058 0.165255261913306
0.0287285884563025 0.124076135542674 0.151704882723945 0.213510833396258 0.144053721142892 0.140148886603991 0.0890991999501219 0.108677752183815
0.118778431046996 0.168147642503392 0.0982406764652798 0.121145228607375 0.184072688566024 0.013059453499256 0.146346352690937 0.15020952662074
0.18270699934902 0.175514232541396 0.180500177012988 0.0968428008058161 0.0379153362050177 0.0722833962215599 0.134446996902586 0.119790060961616
0.0641707976698249 0.200134665202764 0.127744776781103 0.200481988358005 0.0852285154807592 0.244315627135227 0.0197462186223872 0.0581774107499298
0.120283716198655 0.155786560138586 0.180108940889322 0.134162063948593 0.0389300690913327 0.0541083423648876 0.149229696968687 0.167390610399937
0.00864771383207146 0.222386760086958 0.173387383511709 0.150375141706076 0.159316080726545 0.104079905925611 0.161042241472757 0.020764772738273
0.190405825844927 0.176778347014022 0.173448273626768 0.0505275214466087 0.101092295090676 0.0534736951871669 0.128051230238235 0.126222811551596
0.0264809718559005 0.214937084594825 0.200979908347589 0.0422350871193845 0.0651247149768942 0.0588079105922275 0.251796002211624 0.139638320301555
0.0950322615302854 0.262402121986961 0.169703158809239 0.0422462813027755 0.0774018999406456 0.0260970819039188 0.199535044871039 0.127582149655136
0.200301334516902 0.0607127846167964 0.148688642227694 0.000533023688329795 0.120467460918814 0.213693415174828 0.0871378360087332 0.168465502847903
0.0460425966894142 0.294176342386136 0.0487779869124907 0.331857498678986 0.010718864106035 0.0394429024380617 0.0751732375071229 0.153810571281753
0.0214112664331885 0.0145823649390891 0.0271273657755353 0.151669403622476 0.199213901048019 0.260878147639725 0.234897590436737 0.090219960105231
0.163865389459126 0.00282408770328939 0.167135759994433 0.0622937303494098 0.0238816228582032 0.0934989855431671 0.266840438917686 0.219659985174685
0.00974949782018192 0.00632408207316969 0.197721695427701 0.19999835994049 0.102507909897896 0.134731114138768 0.123004034311191 0.225963306390602
0.0387120319811331 0.0175219835353747 0.249148919694398 0.0405871188789045 0.247418448993217 0.0972737360937323 0.154372011893666 0.154965748929574
0.124070408952903 0.233236777165011 0.0783289512193156 0.129674412398018 0.171811723435856 0.0696062189344016 0.043842837757751 0.149428670136745
0.0493856916211849 0.00622887354954776 0.223995326845671 0.217494001958781 0.205527504165921 0.0361784900245819 0.109635474619354 0.151554637214958
0.213730124626561 0.0811667907620077 0.0316526541430388 0.238564583556322 0.0422168727691098 0.200369794739843 0.012356027599385 0.179943151803733
0.175022788260621 0.0428088259948092 0.0686347369367188 0.131865383368281 0.136728292149424 0.147329664240426 0.208022395194444 0.0895879138552772
0.0644809023463143 0.00643699575192184 0.0143490587048271 0.0404057427937299 0.253702558251632 0.200621432005475 0.229592865962843 0.190410444183257
0.142743904642201 0.177418834472036 0.0143842549521224 0.225489932593212 0.130242227953945 0.0685660541197111 0.224242152129785 0.0169126391369874
0.00730619834569697 0.1663589412423 0.0132715902935451 0.0677198357583878 0.254667102800443 0.104670830836611 0.209400723764524 0.176604776958492
0.023106955873624 0.231802598739201 0.00877998760048422 0.215191124543493 0.0709977988378069 0.0209037354658046 0.184921459703492 0.244296339236095
0.137044273849644 0.203037235063509 0.132783289029488 0.0766558994840847 0.214233299364273 0.0800469933134222 0.0253678950619869 0.130831114833592
0.0612568445149405 0.223387488905824 0.105993612358989 0.0314224088918676 0.180012135952132 0.0736569387495428 0.144057347198197 0.180213223428507
0.114861536691884 0.105876312777462 0.159143682363332 0.225753020231286 0.0847582699521169 0.158485165003604 0.0512737852391686 0.0998482277411457
0.0516043740915125 0.223236198740525 0.206922398941492 0.073000524370035 0.116466167726063 0.00271184694052851 0.107953847312532 0.218104641877313
0.0641130239846584 0.177209897158419 0.180316257279178 0.12002984854824 0.00539518108517504 0.186191321215835 0.155990515610868 0.110753955117626
0.154463375909197 0.0963683615989269 0.105528780649976 0.135225929438079 0.151218601099242 0.0880279132666985 0.0734301590898542 0.195736878948026
0.0222076907126019 0.107633735062996 0.509118572953334 0.167853433326011 0.00349039100897127 0.0787676375008144 0.0349941486214006 0.0759343908138704
0.0451918264758643 0.0714984735610406 0.145775507990163 0.194569645709116 0.23045465192585 0.0442899518088799 0.191782450342769 0.0764374921863187
0.0998195911796729 0.142409450891818 0.198511109277912 0.15726177389241 0.144316651736006 0.0949440517714053 0.115518626503208 0.0472187447475672
0.0452175533213363 0.00555711019949805 0.0187447372437363 0.166917049498628 0.161391375903804 0.12861267071365 0.271138245115577 0.202421258003771
0.114113108465392 0.169057601686147 0.113678097907108 0.00594232532136419 0.198621831700626 0.086048468120417 0.186975359776093 0.125563207022853
0.186799198539051 0.00835082299857794 0.147768402631665 0.217168669805002 0.0563965991894319 0.044467839780671 0.160130132729417 0.178918334326184
0.142778121328981 0.208952615701876 0.214321494470125 0.0644056384798103 0.145480095719253 0.0978825848327475 0.0199978919445976 0.106181557522611
0.0293823811942173 0.172625737041264 0.0921032932517044 0.111335981831369 0.112057759766363 0.165782926702065 0.177882771831832 0.138829148381186
0.01680284936784 0.0300566299138465 0.0546144425953616 0.242658772821835 0.248353291196734 0.128845820413479 0.183950671918682 0.0947175217722221
0.178303133249248 0.0195086176303583 0.167091014373756 0.221364990256585 0.0455463492544003 0.222978680838383 0.0525124583175479 0.0926947560797215
0.217699024771138 0.0741967234619581 0.22866833891721 0.129403093327389 0.0764187785759278 0.106464888780922 0.0404215970144424 0.126727555151013
0.0562734874148977 0.22013278622123 0.0766123017264468 0.0876083389602492 0.175649468781417 0.166692498252337 0.0627308864715945 0.154300232171827
0.161762423001477 0.165759239585098 0.0925192477027529 0.163895083158065 0.0863303189866891 0.0450061676183874 0.109326782733067 0.175400737214463
0.0720125695196655 0.238641233350548 0.266001556795441 0.055611079557839 0.0886643767248314 0.111032610538183 0.0392157452248363 0.128820828288656
0.0416763640834803 0.130969146077881 0.0250483463409656 0.0692222928872562 0.167111821712378 0.219470864545856 0.238690872391018 0.107810291961164
0.108262773421274 0.1845128290975 0.110737820402716 0.0767551045184124 0.0616505527845096 0.198796645788459 0.188217448285671 0.0710668257014578
0.304854922975559 0.113405930622394 0.137380672959703 0.155756183825378 0.0865079148275076 0.119167769731803 0.0452542108679588 0.0376723941896953
0.00245805502968088 0.00073806406706882 0.336988946053419 0.0592879537949956 0.129310372854892 0.142586351893008 0.185581338965469 0.143048917341466
0.259841185490313 0.228212514879156 0.0824099129410569 0.0224766539394074 0.0034856709842338 0.168379452391192 0.0426150381051841 0.192579571269457
0.168630069739155 0.151168751373851 0.150190653703555 0.0802820163000625 0.140677877995428 0.122079826396472 0.0751247000530515 0.111846104438425
0.0124085953695584 0.160194079756103 0.194538971122711 0.0449007297477944 0.0780417124183978 0.169594531117257 0.1790136191914 0.161307761276779
0.0164897345342281 0.21416817682857 0.15704947920605 0.170219135639691 0.0259339958271679 0.141443196897819 0.249179495727945 0.0255167853385273
0.143510543312236 0.153679700544217 0.030367673204255 0.0765447340344939 0.177294264038977 0.0921732701144935 0.129266630990794 0.197163183760533
0.0597296513820721 0.16269299916594 0.0240052861509952 0.0788586627103383 0.0525514261602052 0.181352108555763 0.179836051229672 0.260973814645014
0.0807783283971642 0.119818887836651 0.29658444380314 0.000324885257012213 0.0910451894693766 0.221004081473482 0.0257376079993485 0.164706575763826
0.0488886958203833 0.0889324420015777 0.184766694719358 0.209028205406411 0.0309458973428954 0.0957040129777084 0.171826630628591 0.169907421103075
0.120900324713054 0.101934719585227 0.106149710059257 0.134223782038163 0.189631636777788 0.0423804642620389 0.0370654771059265 0.267713885458545
0.0472338900027476 0.191127787105813 0.106912230901829 0.0883715732520573 0.0928422531962214 0.194377439314616 0.159695603045599 0.119439223181117
0.215991096921171 0.0693062503786444 0.110046546863419 0.00575795231420996 0.233943087922038 0.120214777379508 0.24211233882467 0.0026279493963399
0.163495519089882 0.161066399842794 0.204541800645963 0.22740202352476 0.0188741054669798 0.0771806783595237 0.00677326709259279 0.140666205977504
0.142075746111902 0.206495737667812 0.0209296663830852 0.147349168468121 0.232411588240533 0.0906107257003159 0.154062314355059 0.00606505307317106
0.0733836400723421 0.19046195390705 0.238672309600158 0.162987405964075 0.0639699159828395 0.0593585935642567 0.194622069992019 0.0165441109172607
0.034989620611664 0.1227411999221 0.21576524272929 0.221389076144089 0.113565256928523 0.0733952853352438 0.11993421756421 0.0982201007648806
0.0724956819383425 0.168334083506082 0.0199200561087156 0.180676985759403 0.134302691353124 0.0726695946446969 0.172649339464679 0.178951567224957
0.054319754807797 0.221342680435334 0.020586612512414 0.177608300809808 0.220405538167354 0.0823919950610189 0.0159593439645469 0.207385774241727
0.154511694921231 0.224665253414038 0.14434893717921 0.0111339762788899 0.194702703298022 0.146899450277109 0.0618912760090925 0.0618467086224083
0.159996975591913 0.178281281022792 0.0127788612231656 0.171493158845356 0.117469413750282 0.139519093446782 0.185981515729099 0.03447970039061
0.138455003660106 0.104744853068676 0.106560825620764 0.0450507418006766 0.218820595974356 0.115413862089297 0.0769864067221429 0.193967711063982
0.0605501511684996 0.127838188836894 0.166838420231207 0.102711447004136 0.186506927396819 0.0388376465582857 0.178229223807233 0.138487994996926
0.0135556586147851 0.211942645575376 0.0347147194890832 0.122539063186076 0.18670202301421 0.194806195692887 0.186865674733578 0.0488740196940047
0.000679050071965117 0.182489528979615 0.040169622784919 0.207345396488071 0.180277944524099 0.114975242019065 0.110608060729103 0.163455154403162
0.0483087708481167 0.107466797638035 0.228865114016901 0.128527731056196 0.0990237489674606 0.190476393238311 0.0969621117158667 0.100369332519113
0.186275751170809 0.125329730318385 0.144132684824515 0.198427308831761 0.0653843914844596 0.0905083761504054 0.132067982722247 0.0578737744974173
0.178422794288967 0.196023719297492 0.213998402908513 0.131172106467968 0.0835134428955658 0.0362188495557646 0.124506683316029 0.0361440012697001
0.213333769159097 0.0207502184397128 0.138118448616246 0.142303995291497 0.234122114238477 0.134860743191975 0.0234612793187926 0.0930494317442026
0.0218323849999356 0.0449786745108646 0.0409088148366024 0.143674760098136 0.137381127078512 0.213705988537891 0.254911405145727 0.142606844792332
0.150142021113145 0.104403647674943 0.208886266444893 0.0505931066257251 0.0983904750351472 0.150858481536228 0.219889999419601 0.0168360021503192
0.00276314862993584 0.211026293232154 0.074298083768711 0.231633498168614 0.0763221714772333 0.175437734573162 0.0632562777801251 0.165262792370065
0.0324499844501537 0.0976372450878745 0.128154330584738 0.172516619682698 0.159835943612078 0.167555214085279 0.058689739849894 0.183160922647285
0.177235766949288 0.133245942961101 0.172067488671463 0.170971165885367 0.167996196962612 0.111740984482998 0.029967533301873 0.036774920785299
0.16324586122431 0.0583144678375034 0.225334253978208 0.0731584732471992 0.163439833678709 0.000559994317971511 0.253832892630209 0.0621142230858897
0.147206408983895 0.0969182566900179 0.0916623749209588 0.163782947272257 0.113667968736936 0.146811196983568 0.127183550039349 0.112767296373018
0.228538038657241 0.117650709471842 0.154187002857147 0.20212889319289 0.0917008916391407 0.0251295122303482 0.0638328712252075 0.116832080726185
0.168185972086432 0.0693101696339183 0.180404485613007 0.104148726248678 0.0986572468066645 0.169263560461908 0.159988392040339 0.0500414471090534
0.0744384718202516 0.205253483047938 0.141920239543479 0.0327376250096424 0.0964866969198315 0.213565993698505 0.152703756475246 0.0828937334851066
0.22903670395865 0.183507620792758 0.0148813388117474 0.139899119246745 0.143813501831167 0.00569084433910318 0.176359927927215 0.106810943092614
0.126524538827432 0.0567536026745496 0.0443827176412647 0.169295059728701 0.0996025619069314 0.234393124712267 0.0355628492681163 0.233485545240738
0.16366196809017 0.248207993501692 0.0779456053167284 0.270492397905135 0.0648640996269315 0.0743954610127668 0.0681815667647991 0.0322509077817776
0.0674993455479448 0.23509735703978 0.109391278011921 0.0337152289317219 0.146876767019818 0.213775769496197 0.184027025786172 0.00961722816644548
0.147907150626083 0.156980658621256 0.0378132992277008 0.115323112583496 0.156515076551793 0.221011067402884 0.0693348996606861 0.0951147353261023
0.174842067384871 0.092642481124858 0.193454976711871 0.00903954683772834 0.0700232318790224 0.243984547208206 0.157840421401555 0.0581727274518885
0.094138463349607 0.104933523645485 0.217901361954443 0.0104637641813884 0.159524891731337 0.192049419845572 0.197432614095966 0.0235559611962011
0.0953607771327352 0.197283848189525 0.0321828772993553 0.147018028647651 0.0450217992720712 0.231194101975721 0.0325311360019715 0.219407431480969
0.114952869168031 0.147927672574279 0.160824833835776 0.156989500602129 0.0316318412096954 0.148885503555854 0.094958270107375 0.143829508946861
0.121019850839286 0.168713350373431 0.104403485454959 0.16883515841841 0.0958338680600615 0.05488769581748 0.136044723475734 0.150261867560639
0.0737329379670438 0.0457819229489836 0.189259871852927 0.125555431926875 0.126580824709724 0.356951805347964 0.0764064923089599 0.00573071293752232
0.160017108803444 0.0632734840128634 0.0605306270813625 0.168553237217554 0.153780702652262 0.14903249533891 0.116902424404432 0.127909920489172
0.190144105030607 0.082595792229137 0.160256451419533 0.0485576550018773 0.129842458420403 0.220763360318883 0.156381964942034 0.011458212637526
0.0136191247411128 0.0851802241537059 0.1405528078099 0.0353162372900509 0.0503302254922229 0.313474458085642 0.294364955277364 0.0671619671500005
0.154213419711319 0.195218814019672 0.0889286490700344 0.0650424729794846 0.206030952963169 0.0034883927981412 0.263257584108029 0.023819714350151
0.198714762979336 0.0109549135169103 0.0796657584148848 0.019717907262991 0.203063691614505 0.074780577920955 0.208865243521278 0.204237144769139
0.0291697612118068 0.12444629600469 0.0650035356977975 0.106760629687474 0.165871964673262 0.244863161824904 0.262359660533088 0.00152499036697794
0.0979684621772837 0.218322817681647 0.169261205545471 0.0415624381992442 0.0589993232535125 0.149440075700321 0.0509976006334089 0.213448076809112
0.125773468242413 0.169289670346661 0.167265695458026 0.0625316276733841 0.138443954649116 0.0151587026834884 0.142360301824807 0.179176579122105
0.0124976497502197 0.22645578397377 0.00436680068996835 0.220996942723348 0.22929727167537 0.02692197722189 0.146030886984885 0.133432686980549
0.0810105016001672 0.262465521179835 0.212984085335101 0.0927634708547151 0.145450134712546 0.0297525622828112 0.0548752265196787 0.120698497515145
0.0118190145620894 0.107496137116866 0.0608728793949539 0.0379191856170324 0.220939166983519 0.0455446358184013 0.278756166501376 0.236652814005761
0.0341729748469496 0.17210427123649 0.113396481227614 0.00132826561309046 0.216638658221997 0.162975991260079 0.159716693488472 0.139666664105307
0.0895656523004911 0.145632379720608 0.130364712431261 0.150385988932658 0.155808487802413 0.151670098744981 0.114244490554259 0.0623281895133284
0.188150201995798 0.15932184921241 0.197698342197234 0.19867099891873 0.0789225503241151 0.00635177805840149 0.0136029379350072 0.157281341358304
0.0136545345371487 0.0363460183126533 0.00494287433506776 0.290249307663779 0.244178425096587 0.0991919900907457 0.118284974618479 0.19315187534554
0.0648933914495681 0.23323675952006 0.18533859240402 0.0184972032155549 0.24706530371905 0.0676269208531982 0.0393136113410072 0.144028217497542
0.128354617239287 0.0300826681536199 0.0986555871457321 0.00416361004390893 0.131830652768363 0.234621580526357 0.206394868626128 0.165896415496604
0.132916158691611 0.206814420838631 0.0975080650972571 0.0498001699808591 0.206728647698899 0.163042009913206 0.0129151885053733 0.130275339274162
0.12312144006314 0.192754840136815 0.20593531932226 0.0961115888932267 0.138460435981771 0.0324147888250502 0.0636044111565583 0.14759717562118
0.271283487619386 0.00355129957124912 0.167862597382376 0.0566641572039505 0.243781136050548 0.00201852890466501 0.00521348167544131 0.249625311592384
0.00684793833538381 0.207146397215016 0.0886715640848977 0.156160044299086 0.23298701654189 0.0991173040805615 0.0255727253692732 0.183497010073892
0.0900747649588903 0.139104929173108 0.156491097321143 0.207687346484326 0.0281433133875864 0.0501004530309036 0.168991317561506 0.159406778082537
0.10000510931898 0.0941342352958726 0.135448006030131 0.206069833344296 0.121457090596002 0.0372228592780495 0.137623292622115 0.168039573514554
0.0208277190720456 0.0342233811726402 0.0594207759305547 0.0929460018522099 0.185019962673823 0.249812114371222 0.158330462801105 0.199419582126399
0.064634798288237 0.131217399588133 0.183241002401401 0.175938955094927 0.234114881679702 0.192768756339602 0.0156084413793929 0.00247576522860377
0.109641274603757 0.0833598671226026 0.149951262825295 0.235728325145164 0.0841575065254964 0.00934776089165141 0.169654809241941 0.158159193644092
0.17548169448897 0.209253001433588 0.0673296098962533 0.0703192512047036 0.208295195158908 0.0616531276624995 0.0680567581101948 0.139611362044883
0.0188449695966852 0.245248747807966 0.114385294163214 0.221372531175985 0.237669830980015 0.0189220502816166 0.14206389302635 0.00149268296816829
0.0135387853097436 0.167872453469399 0.158520778896414 0.0115565718470875 0.0327889251919578 0.258520335093793 0.25047863405963 0.106723516131974
0.00886119839780373 0.180434303888388 0.12310399361612 0.133007979935768 0.110199435418658 0.106507900447216 0.292839304732213 0.0450458835638338
0.165513080072477 0.0558290290644702 0.186723259325587 0.18402508766493 0.0208869535792947 0.123622240599323 0.107049049703508 0.15635129999041
0.0279137721155191 0.223225503356002 0.189726293733589 0.110759154520787 0.0273700657215332 0.121330064499037 0.189672797738248 0.110002348315283
0.0577974875345065 0.0320741378196384 0.0847820806004083 0.188636127279379 0.186009737433264 0.193815065409989 0.153510269360141 0.103375094562674
0.0331518102817009 0.216148154887811 0.160877613803618 0.188162739192171 0.184632668525564 0.0230236544215398 0.158434454192407 0.0355689046951887
0.103279081174243 0.147382019783201 0.155486837761438 0.0475146718090015 0.1363624862491 0.21040448999324 0.0946736017167478 0.10489681151303
0.204094813234284 0.104629049492051 0.106657627628876 0.0286277467040183 0.0858732879932773 0.221525646259746 0.0430188758245496 0.205572952863198
0.149301382211375 0.144520092014721 0.187994522035528 0.0201080649129275 0.22395385698785 0.0251193125899683 0.149054523144989 0.0999482461026418
0.0313607022989726 0.159765901825352 0.0789545807419301 0.101708109984813 0.289061611707171 0.0317705135771643 0.101473219121966 0.205905360742631
0.000336525741020755 0.208401162703317 0.188986351488607 0.0950162876531983 0.17662794925952 0.174982083162261 0.0320227001131573 0.123626939878919
0.206638510478014 0.0247349434827617 0.0383456963739889 0.235207879185255 0.230447304674603 0.161559260271667 0.0396945053369677 0.063371900196743
0.218220759646707 0.216225433733742 0.0918747514145146 0.0550800621444729 0.197053422392294 0.0653714937335676 0.0490651132853668 0.107108963649335
0.253095409179601 0.0103926515655961 0.0293475872943168 0.20932709282679 0.045814740597728 0.267334533144938 0.129997071471884 0.0546909139191454
0.0765041759702368 0.0708916447754009 0.0113373359447779 0.172057455113704 0.133053164535557 0.092901383453803 0.172572560627563 0.270682279578957
0.0263548075124645 0.179178212093329 0.176976570065793 0.00681104984501888 0.146875414958284 0.231146588654832 0.041598107484603 0.191059249385676
0.232638570172725 0.151640118107105 0.138105197633708 0.123328762397977 0.05078282323182 0.173323096930364 0.119332019267357 0.0108494122589452
0.0713333147289518 0.108829098804548 0.174171476832442 0.113702835106347 0.0292801791802866 0.165498606631212 0.190826436236113 0.146358052480099
0.00211436075529586 0.37524419074953 0.0178476627009295 0.00874092201085655 0.0388890765947898 0.0342844187948466 0.0978730632445979 0.425006305149153
0.218393596839159 0.123291271661509 0.174809856916623 0.0327658749701467 0.235154525884556 0.0132714868842614 0.196639364466123 0.00567402237762279
0.0654172731119287 0.142711802353958 0.0512791126161216 0.0573207463716311 0.186487199113574 0.225030865582293 0.0342393186216681 0.237513682228825
0.184018014314485 0.164206857275875 0.129810703954819 0.199697508836001 0.0855020905744468 0.0051013864382608 0.0289432220356914 0.202720216570421
0.0210359214058334 0.187009304056003 0.20607631461568 0.141361780276396 0.108253897523726 0.120701003011003 0.0937013781131072 0.121860400998251
0.133103979978708 0.0872600745986512 0.0110459680580821 0.228629057677053 0.0499341890824574 0.178735107486718 0.129767486509825 0.181524136608506
0.185261179534027 0.11651593141267 0.071725274712906 0.221770532096281 0.150099913913881 0.150954747979671 0.099713504444937 0.00395891590562746
0.116230868856844 0.00592845866901879 0.147500246097383 0.133421580590957 0.138535659432706 0.154237911874788 0.11537601287675 0.188769261601554
0.0979245176815636 0.196451743794813 0.141783297314579 0.153998921941998 0.235945730221941 0.0261370997811365 0.00699225501632405 0.140766434247645
0.0695150810471167 0.032652037183842 0.139171235752575 0.170620429256849 0.207962225384002 0.14359089117322 0.159404938699818 0.077083161502578
0.091090898509874 0.218967704792926 0.234200502051331 0.0834575856612912 0.09711094367106 0.136778069954376 0.0191361942712248 0.119258101087917
0.0984627792848053 0.194718252879988 0.0755864104280712 0.0824562119253545 0.139393378851222 0.156156170328826 0.217976257215479 0.0352505390862536
0.0269179553795624 0.152992861825273 0.196494633491457 0.0175036130342625 0.173961023220527 0.162032788659401 0.165272749117858 0.10482437527166
0.122218427812013 0.0958981088787778 0.14900667970567 0.0984698040850501 0.10900095274555 0.00232191124303463 0.199229032023343 0.223855083506561
0.202936202401021 0.271092921997575 0.017408939528113 0.00201004103706564 0.172696590676721 0.16491317849179 0.112102239107748 0.0568398867599667
0.0102579441052754 0.227753874288441 0.004174098387908 0.26625115326823 0.00669506310702342 0.246956851073067 0.0748194549092559 0.163091560860799
0.22898493456024 0.162724185404916 0.229585834218998 0.0680766122648849 0.0737644723788265 0.0352967885077344 0.0987727845851608 0.10279438807924
0.234950140638248 0.0128191214135525 0.147190941638606 0.222201990386583 0.0824747019087097 0.137861014527072 0.0152057491969146 0.147296340290315
0.118777747441134 0.126554444427281 0.0231703867378067 0.0916665013162622 0.14215433758883 0.234119287148369 0.258017752964184 0.00553954237613273
0.171856108902534 0.0497100758310172 0.100765171110296 0.141108339176953 0.116352436769607 0.124505737167742 0.135038991810003 0.160663139231847
0.082365208980303 0.188850817943438 0.151233444312833 0.0594999591835258 0.112223918422076 0.225844567768671 0.0689958112260185 0.110986272163134
0.123921848947032 0.146094037289909 0.11373906615313 0.155198781165576 0.139553366416218 0.0145106576915863 0.143815827468614 0.163166414867934
0.0626541013102725 0.161422207706206 0.136603417128271 0.0531524824529265 0.16841171312955 0.0488722368012854 0.200203906187889 0.1686799352836
0.00812348939661169 0.0159563199268305 0.161616820593304 0.0179390915689007 0.26324117891437 0.260567884193314 0.127712842918926 0.144842372487743
0.15694536565965 0.202043169505269 0.0195077788939321 0.193153992051257 0.167079414854141 0.205863394467788 0.00822898961356425 0.0471778949543987
0.0433532749408221 0.156299736645862 0.0710803269188694 0.0780926513879981 0.0877209532718622 0.189378162189329 0.179294100462234 0.194780794183023
0.124944600566181 0.179059285601504 0.0913042516726359 0.0909611613535508 0.172257438904479 0.0839220030042818 0.0410979169391675 0.216453341958201
0.147013860413381 0.0935914116811149 0.13196023463457 0.206106233469882 0.122496216726427 0.0664742511710247 0.104725944636154 0.127631847267446
0.0386700260818393 0.15351415267128 0.169559936406263 0.0987471084973089 0.0867907230263057 0.150491326807081 0.0818114757844865 0.220415250725437
0.404673535852932 0.11249497942326 0.0618461673643245 0.00388041926493626 0.0870187681490892 0.266598951406304 0.015131928938325 0.0483552496008299
0.176820538458542 0.151637389260622 0.13211482181209 0.178333449895038 0.0983784980605929 0.0690475517849045 0.12732776240975 0.0663399883184601
0.156786653603126 0.135117832248977 0.0788306347251344 0.227147121106907 0.191188562251736 0.0311737553157725 0.116735325380804 0.0630201153675439
0.139631785248748 0.169781584865279 0.153151071634247 0.044513553638019 0.0421460001579741 0.129219078521446 0.107822085533718 0.213734840400568
0.00432490383512245 0.0489175428099779 0.110216384505744 0.115637364003776 0.305567064034704 0.176770120549397 0.147867194412353 0.0906994258489264
0.028432914090261 0.125484136118462 0.170262405928691 0.0658852786051063 0.176240983854431 0.147165100045701 0.152839509658559 0.133689671698788
0.0768135150965045 0.226412445192766 0.0649708297428411 0.0726827382791068 0.221495789658533 0.104057037067751 0.160857092346618 0.0727105526158802
0.149354155997667 0.01317204877369 0.0687525185749943 0.103204658020232 0.221222814517371 0.21389828504961 0.0833884769592929 0.147007042107144
0.198636193632537 0.0408368473430516 0.124666632334539 0.107113192130862 0.0884691688262735 0.24993812629355 0.00880707423584147 0.181532765203346
0.118899605176317 0.110543200488114 0.135411350499749 0.0905613779842833 0.0960063147022152 0.18234850545738 0.118805166894543 0.147424478797398
0.147591427503025 0.0913585760836503 0.164001446063644 0.137701439099695 0.158090977479924 0.0748984022938541 0.0868999960595828 0.139457735416626
0.0810994851605307 0.157865207715778 0.0788948892573866 0.0920582712680631 0.123816252906539 0.0541407474614086 0.048801675260627 0.363323470969667
0.145959231552251 0.212575399724121 0.132630311699075 0.233441478019566 0.0125543848604139 0.0396271272465074 0.0122726249482143 0.210939441949852
0.143498267887947 0.0326874897510733 0.136287905244751 0.0442071634647483 0.281390226503483 0.0321674887553367 0.245303121977259 0.0844583364154016
0.167390366115323 0.176255997246804 0.149206415925771 0.156129118465451 0.0136633637514152 0.0442510609348214 0.142377328285198 0.150726349275217
0.0323167979036388 0.079116672564753 0.233589620670479 0.147779110063825 0.220796658900701 0.0829050448943065 0.0544940316570328 0.149002063345265
0.22251959081467 0.0557868232155691 0.187481617301114 0.0523095760364944 0.0800124388802929 0.116175308625722 0.17935026927459 0.106364375851546
0.0596583381331207 0.0988720287324806 0.174235895915523 0.07316039584401 0.103275538723652 0.0742380653770034 0.188600172832246 0.227959564441964
0.185177950879239 0.0967410861051567 0.0574395900628363 0.21556353287636 0.0318076511684661 0.209892301412361 0.171005762856932 0.0323721246386493
0.254237201862381 0.0663649942066398 0.0379989707783248 0.0906635135728781 0.0730117632959323 0.245695623179059 0.152154489358444 0.0798734437463405
0.179174592416281 0.0751807286566395 0.0997285456912212 0.0890664052179823 0.199569619249886 0.0987072298620418 0.169398029727348 0.0891748491786
0.0684245271822429 0.135121003203889 0.0559069324846761 0.0335806660818826 0.297470260800178 0.0420636056047214 0.14351403246757 0.22391897217484
0.139803029082187 0.0948327650310533 0.167346247896907 0.0915901287321176 0.0499373274974669 0.168027718666587 0.135241939137744 0.153220843955937
0.144778963805767 0.140297187568819 0.243320249707934 0.105595947994572 0.0405434905856734 0.21109584049281 0.0216361458579476 0.0927321739864779
0.186437224804269 0.00454930089911973 0.110878706965697 0.190107271379906 0.215270235730087 0.103489551423018 0.0314709596434931 0.15779674915441
0.0352859904719716 0.205724922205144 0.0748219136680647 0.246050239416299 0.189483539190418 0.079232095513955 0.000800208582250813 0.168601090951898
0.0749183771771246 0.133917263761985 0.0124574251474529 0.17854573110839 0.0174547871455604 0.173300276741639 0.281892859278954 0.127513279638895
0.0893627950344263 0.132449144534374 0.137498065514074 0.0459121109377316 0.177475317180406 0.167160103200925 0.0927278954149418 0.157414568183122
0.28594190943062 0.14090463491889 0.00350719880090444 0.200709794996873 0.178481375054487 0.0868990306672119 0.0286349220271112 0.0749211341039023
0.165110941179191 0.108481768942727 0.0355961781896077 0.249986464512901 0.0574688806153847 0.043008150716563 0.248168805146192 0.0921788106974333
0.209430146911876 0.306006150524388 0.0378217752022728 0.196712947843799 0.0908150147909751 0.03265978243889 0.0261787699290826 0.100375412358717
0.203394884146983 0.0498336305754093 0.0448431146786736 0.12936393405947 0.233931726930616 0.127759430394428 0.120028574588033 0.090844704626388
0.0344577961231148 0.109876557877251 0.221371878035502 0.0053593681239507 0.159927419889865 0.0940338734639408 0.145264977329597 0.229708129156778
0.186413135392771 0.215145425449276 0.176147245722195 0.140176329444955 0.168554626288679 0.0169077853901021 0.0728882009324957 0.0237672513795262
0.0472436166247877 0.164076555718378 0.176349658675244 0.197423039222918 0.00729881580908818 0.124424504089375 0.211846887656972 0.0713369222032373
0.127231520794952 0.0764054249827527 0.119201286909852 0.152055219975101 0.0800409665740406 0.121619226016107 0.137140569916133 0.186305784831062
0.0654634419614229 0.116073049356353 0.0215326843226349 0.161775781786499 0.0553223105457907 0.251492904451058 0.193427679913224 0.134912147663017
0.0215741547494126 0.25247029947102 0.11842784670955 0.0990124711915933 0.133672635054655 0.204838393596229 0.146641608606421 0.0233625906211184
0.227013240506428 0.0470134995511447 0.0895339484290947 0.0200293314416954 0.0642145623934236 0.259672269300323 0.229459148886179 0.0630639994917117
0.11467142347352 0.0371706679520818 0.128668766198841 0.245761659062176 0.103981244752729 0.137486696924422 0.0274730829513792 0.204786458684851
0.00101802512551647 0.0781156676839295 0.165826922115808 0.0817989113315541 0.0181977457708969 0.17920469562861 0.241601597542205 0.234236434801481
0.0392055234608134 0.133339002572463 0.00434087642657908 0.102642451030466 0.117993636926833 0.278096359414253 0.2742812318647 0.0501009183038928
0.11807382573761 0.15399962310429 0.0868878219419761 0.134943409437356 0.222833387077557 0.074374427782374 0.0886425372366375 0.1202449676822
0.0426172996387027 0.10092945256777 0.150543638342942 0.121387340712235 0.109834777266468 0.212881678016478 0.147649307745628 0.114156505709775
0.0683957632503534 0.145335865967146 0.141122418931915 0.1274320278494 0.187891793372274 0.0440552461147904 0.133900562073488 0.151866322440632
0.0577243787293508 0.0507446699487205 0.068641790953384 0.268566527240597 0.154307626681934 0.06616976556225 0.0976481552959181 0.236197085587845
0.107443729682257 0.175328048888449 0.178813237858481 0.0405697508906039 0.044798689227927 0.129937835792355 0.139833640661241 0.183275066998686
0.082586079216495 0.0805898849497916 0.195924954397393 0.0913488276359355 0.230686451634099 0.077965160475618 0.131097336011378 0.10980130567929
0.175161471203346 0.179729561502561 0.165411418727853 0.0772056421004351 0.0747510035070284 0.143095737028639 0.164024824716141 0.0206203412139961
0.227364392576768 0.15045208513346 0.145253022205056 0.0746380848791665 0.014781034793003 0.00036692354109791 0.196565413623311 0.190579043248138
0.0296084867961187 0.319142200024052 0.267995977624819 0.0210493981479039 0.0133159528744461 0.0200848211920499 0.0828846348723686 0.245918528468242
0.20783108023339 0.0489974959262896 0.13725528083413 0.168494532512442 0.229061893363887 0.0866115935924938 0.0999437398829272 0.0218043836544411
0.210344612366378 0.0694184291824353 0.079813907493938 0.040597468692244 0.171167192099181 0.221152152200864 0.170011556115678 0.0374946818492824
0.233729379125259 0.0207614874839331 0.172823177937461 0.114699607502829 0.0500091450704681 0.0546006458519064 0.199726474317324 0.15365008271082
0.174439886511375 0.105038657484173 0.114399150953831 0.0847628346454815 0.0520817549013699 0.169667594929804 0.12769370348441 0.171916417089556
0.233434086482953 0.0527173336145774 0.150063845228452 0.113037788708056 0.03336993566833 0.08671047049668 0.112522124587696 0.218144415213255
0.134293746819135 0.158210887342145 0.0129838026242954 0.176581433938976 0.0903859244255304 0.165511776503304 0.148044371495842 0.113988056850772
0.184636754188435 0.106621557838647 0.0460801543969188 0.130941350437487 0.106154055261424 0.152872555740171 0.147444829202518 0.1252487429344
0.067274807701965 0.0174502168841401 0.192051665511032 0.119110183128138 0.163312655861729 0.176189492427109 0.180032984277259 0.0845779942086263
0.199346961206832 0.00294651512857498 0.147256942817827 0.147901535895763 0.104627295460059 0.247131746945226 0.121978327244463 0.0288106753012542
0.177375427587996 0.146333019381715 0.128930076690725 0.018434625215478 0.1037521746355 0.00687103841288853 0.195156876264968 0.223146761810729
0.0544595756687775 0.325848393622605 0.0339681206882513 0.0435190516105333 0.0207730102709008 0.181229545363641 0.0163230182195859 0.323879284555706
0.0489233947333182 0.210502423702386 0.0998973018014492 0.129212512142219 0.183938873293146 0.108305148936055 0.0630833404866779 0.156137004904749
0.0142815098467863 0.146297204144998 0.219561429643198 0.101401945709902 0.10793540355841 0.120369122182821 0.119914170847433 0.170239214066453
0.180145330078871 0.153569641634191 0.139204740770391 0.0853503510985785 0.115788641369219 0.0669921853974526 0.204896808505925 0.0540523011453724
0.101222338734232 0.207511965664769 0.160047302341834 0.0203353309756037 0.0672059900779626 0.173694094551562 0.046549380403148 0.223433597250889
0.0890181783417286 0.0773602473265037 0.200927160677106 0.0987395634475946 0.0685550055326046 0.121095065371989 0.154799493266635 0.189505286035838
0.00497891039651174 0.101604128409819 0.0382807162357655 0.214738904805232 0.222962304696624 0.158725684619988 0.173875290493784 0.0848340603422761
0.0331129409215372 0.0861199615732082 0.0972197870779149 0.168250234144123 0.203255527096614 0.0270138108930009 0.170352405146348 0.214675333147254
0.106086942321236 0.186717640539862 0.197370958253022 0.166754045582221 0.139566262787821 0.0176417344210589 0.0376061100986365 0.148256305996143
0.2761594390891 0.0435213540862707 0.00942765365768788 0.166729874313372 0.139531325092037 0.18025728429426 0.163059312159422 0.0213137573078504
0.203081037914699 0.0413633420219752 0.0809202952590577 0.086391114579425 0.213622371777564 0.00999669338810445 0.18387824525594 0.180746899803235
0.104906233850397 0.268430501846097 0.107633657666437 0.0516054384574469 0.0552201147095374 0.139031433380065 0.0417056890077774 0.231466931082242
0.256554992233113 0.0541913016768225 0.080676784990333 0.178979516124223 0.0221541871539718 0.0149107670962863 0.198933480053639 0.193598970671611
0.0969557382149206 0.174444273209232 0.115050373033054 0.150188725604971 0.0411138328121134 0.118410188908244 0.177043854140524 0.126793014076941
0.176386836521377 0.0241734653292893 0.205775744603477 0.128020744289335 0.178648874161071 0.134141483475904 0.0760178661297208 0.0768349854898261
0.17957591799036 0.20761067117636 0.146485439678511 0.158302306476627 0.0456208632474923 0.0159025191526749 0.0273182501410156 0.21918403213696
0.229428538379286 0.07047719761347 0.109468336814506 0.0789755954461705 0.0763023908278604 0.172042284322487 0.103089287001752 0.160216369594469
0.0412320715771578 0.232121892475515 0.0898466712558504 0.182314437895262 0.015660800054941 0.203366166204984 0.0258048007570159 0.209653159779275
0.243414470408756 0.00872025544589078 0.101681802258115 0.0969836839454067 0.114155814662443 0.169184359211447 0.227524017694038 0.0383355963739031
0.0797494119140876 0.119830814746242 0.0550166184682779 0.237290276445129 0.238970115698428 0.0167588586159663 0.207532810793013 0.0448510933188561
0.0384961110819104 0.0664390918342122 0.117950040773019 0.233377634491381 0.220204489864957 0.0670246633497887 0.250428737783099 0.00607923082163226
0.0755582848790931 0.0804211329466241 0.0758234512276448 0.0574369115779533 0.178189003971183 0.178951982079913 0.18500963275538 0.16860960056221
0.159927080691128 0.015738619392003 0.162424587641131 0.0642126028284411 0.175057691170748 0.171692356990826 0.15481803857448 0.0961290227112416
0.118340018780287 0.134315323320737 0.162497763039013 0.100771405234859 0.0173968207563011 0.166570635604782 0.208301567053737 0.0918064662102827
0.0419816848244935 0.185707044660614 0.153051922374365 0.0774584429169485 0.110955217360034 0.132114199531212 0.187657640731079 0.111073847601255
0.110485176019959 0.117299836189192 0.150986891688545 0.186769092776011 0.0898856077231119 0.154958798908935 0.136922857310609 0.0526917393836365
0.1664193051003 0.0673823514885382 0.145144776531738 0.100718289117189 0.102547732657529 0.104265352578496 0.308305499851333 0.00521669267487598
0.144800333636681 0.194086767775439 0.212091131185595 0.267947549589726 0.106986352117602 0.046891485749346 0.0253665727685507 0.00182980717706074
0.130033021608349 0.148440744191461 0.0877751457235864 0.15028311407359 0.137111133686067 0.0657262474319384 0.110168327537028 0.17046226574798
0.197292755203429 0.229677936507064 0.256362608897247 0.0489012098414666 0.037236841681006 0.0557395948687618 0.0437623268234152 0.131026726177611
0.131522382654938 0.0318582555367988 0.336195299465042 0.131586721883278 0.171745442187071 0.0760328093836697 0.118599076030479 0.00246001285872393
0.216854986992374 0.04578134907834 0.279939657477947 0.00825499632229681 0.165384152894275 0.0762283268450016 0.129666139823688 0.0778903905660768
0.125718765744672 0.111502810861652 0.168435784904966 0.137970244111825 0.184132528828394 0.110909991824334 0.00728962817797868 0.154040245546179
0.0200996304974307 0.129031630202556 0.173601830637776 0.152794372130212 0.153394029487871 0.198559939139269 0.0517112346355984 0.120807333269287
0.0286292461149947 0.229607306209419 0.260152158467927 0.0373195121593746 0.0761543169741419 0.12978338490612 0.078821486891231 0.159532588276792
0.0225233685392444 0.0928453296452913 0.132777470038994 0.144360433804722 0.220280644765211 0.0149851057388868 0.21352991517488 0.158697732292771
0.11008314483081 0.166946081423863 0.0251095429894236 0.230457450628091 0.170193546622378 0.209711472850634 0.00401143101077576 0.0834873296440252
0.26763630750737 0.0234980041140756 0.14132214380458 0.123471485369947 0.0756160107669499 0.106792366019853 0.114740795421009 0.146922886996215
0.101972784692513 0.0794732835130437 0.0336946481369491 0.206835986949588 0.218903023836425 0.195822884289186 0.153413348182104 0.00988404040019263
0.147616028745869 0.0665889068392082 0.248564903228062 0.0731663069765599 0.144928315616659 0.0940364689007693 0.0849892529976475 0.140109816695225
0.149387648345492 0.0241808974689687 0.13468255611655 0.18332740404685 0.178920156558705 0.128370675180854 0.0598640957486443 0.141266566533937
0.0407019490044382 0.279504362944385 0.25471757232346 0.0727671285614737 0.263435398743528 0.0116329393870987 0.0117704210519381 0.0654702279836791
0.0454972725490463 0.174969476092899 0.0182039080885281 0.157620157531642 0.201331735780196 0.0650412715563974 0.1510161687691 0.186320009632192
0.105636072177886 0.1612125191905 0.255897708365415 0.115267574020959 0.175081733141992 0.00474497585278739 0.174246281160565 0.00791313608989638
0.022258861584113 0.189669071307632 0.0589129282350769 0.0843377086170622 0.168344071052529 0.216026776951593 0.162350263769641 0.0981003184823527
0.172022499640445 0.186491264278742 0.077997720913192 0.162336256530915 0.177066226805173 0.0688110656809341 0.026454304285987 0.128820661864612
0.0648940783683351 0.0494647940165997 0.153703865418244 0.193700311488679 0.0458642052324804 0.131732426134783 0.160666196187842 0.199974123153036
0.0921892465061656 0.0497137207790691 0.0551049464768569 0.19145094270976 0.12637098265565 0.222395367445643 0.143809424371406 0.118965369055449
0.108624258139562 0.127917505231832 0.112411585143645 0.183282062631888 0.100541655559692 0.145067332764424 0.0175901625666897 0.204565437962268
0.225862802092753 0.214245905317355 0.149972386284589 0.0245862412673826 0.153401277146278 0.077148838356032 0.148183176259165 0.0065993732764446
0.0819829421210385 0.118315069956999 0.0748862508240833 0.175938568230137 0.107058026797878 0.17865981646589 0.111495206744641 0.151664118859333
0.0619905108046806 0.309749856338017 0.170882723043002 0.0406042585463515 0.183820587711243 0.115667996331595 0.0993172872411467 0.0179667799839646
0.201299304433636 0.0958560741652736 0.171677495684034 0.0669341242030294 0.0609288951127674 0.137841298886393 0.120000876398962 0.145461931115904
0.247156779107938 0.00985141613271601 0.0774382698752212 0.0334210066514735 0.249195821874053 0.235158815945075 0.121114998013566 0.0266628923999568
0.111731173122869 0.0769684166701488 0.195268662657851 0.0800412243191153 0.141950988873061 0.171995644537935 0.215682856641169 0.00636103317785154
0.0476461075984931 0.0909622896814205 0.210836273776654 0.116127405256389 0.074917664148348 0.154148884639301 0.164809624088314 0.14055175081108
0.197214078304804 0.0350497334743259 0.0412772890962638 0.179686566616771 0.0251508046863795 0.0969785959889005 0.151954368684253 0.272688563148301
0.107106017630004 0.152233865557772 0.186146501760283 0.0500579631856488 0.155344977001702 0.0285004199780836 0.177391140576392 0.143219114310115
0.10110246785351 0.181283716189245 0.217896465917704 0.148632050884768 0.0865274030583631 0.0472128741900584 0.0136480754722967 0.203696946434055
0.156699223521882 0.00191453065995323 0.198342461671392 0.155271689461416 0.188877657341544 0.0642016378652923 0.135890144501983 0.0988026549765372
0.121979745974279 0.206262499313044 0.0574249408107637 0.166048054739781 0.00582330522048194 0.134928869892371 0.217662014705575 0.0898705693437034
0.0626741570095316 0.0581647114151783 0.123361097335928 0.199033803249543 0.101581635664467 0.148553744357565 0.11992317064226 0.186707680325528
0.124362359700667 0.0124123910259434 0.155686166723619 0.210043730776633 0.199069744174048 0.0774870992234548 0.206354916736861 0.0145835916387743
0.00665022450655077 0.329751537386609 0.31947689480245 0.0123409026473754 0.0230913060224665 0.136895539654186 0.125041058385932 0.0467525365944311
0.179890234799468 0.119100422231718 0.155784536956957 0.105629010480059 0.140527479881662 0.170535148131272 0.00188154877173389 0.126651618747131
0.0206009022622035 0.11550826564696 0.0255183940236478 0.250301255635671 0.0579658932827983 0.198430669424774 0.246768920688582 0.0849056990353647
0.213966445962456 0.205364847815341 0.0404467390716845 0.117942900072342 0.00186484649842206 0.104452752435168 0.103009300755757 0.21295216738883
0.101034182514494 0.160148736000886 0.0150957815703978 0.231056206711364 0.158627365870437 0.0285176877129266 0.214115899493756 0.0914041401257388
0.13060108981113 0.158823599139006 0.210082598253754 0.22120881787206 0.0327692579112934 0.0575671079263244 0.0384280357513181 0.150519493335115
0.209357341087186 0.166893692432206 0.0647947606944111 0.0502160963219125 0.0935859209022162 0.203439009388241 0.170091956448146 0.041621222725681
0.178713438652511 0.0978615798563595 0.00874420073526339 0.273514689315227 0.0206719481236597 0.0570246669625267 0.0189535781558606 0.344515898198591
0.149550746423156 0.23171529852956 0.00816912309960267 0.208373170793909 0.0539327894074089 0.080161718520542 0.23826726937148 0.0298298838543415
0.0421869400092841 0.0171323541540718 0.040881391659289 0.247743132588304 0.189132369586753 0.277519211635268 0.178995713392816 0.00640888697421478
0.180848325506919 0.000938846959680553 0.100737960186494 0.0307322578368013 0.239526230682825 0.130212091971007 0.0792087874198342 0.237795499436439
0.161727396495224 0.0184128941827836 0.0254085997382845 0.0510667439068552 0.0381436614150554 0.209195518633028 0.276145260070207 0.219899925558563
0.138124182556838 0.183454310287454 0.0291431463112099 0.00644699688252623 0.258547931761709 0.105986281125225 0.11390855207139 0.164388599003648
0.0839032349385897 0.286499466042906 0.043510004650932 0.142246598911056 0.16252623640977 0.104101562328141 0.0368737540739061 0.140339142644699
0.221216083060301 0.101362852090861 0.210980803356577 0.00833388870575849 0.230872118931634 0.19069755881259 0.0127662521228727 0.0237704429194069
0.0308237355650356 0.0550141259232988 0.127435691709044 0.131595252972058 0.0462702654382227 0.198687723228522 0.289352916351842 0.120820288811977
0.111289647821813 0.201414411881131 0.0877649467161963 0.0468739581873177 0.018455337913264 0.390130100332112 0.0128315904633395 0.131240006684827
0.176781032722909 0.079145770451051 0.0309740903934368 0.169872535218243 0.093566762430078 0.163128415017829 0.100351144755415 0.186180249011038
0.192678869978971 0.145944451138475 0.117928029982022 0.0295664808518678 0.089611387103147 0.171250862379636 0.0638349346211976 0.189184983944684
0.222491053619083 0.086721398773789 0.0854515625530023 0.113266063993718 0.0366377519376076 0.17600240027354 0.109177376137579 0.170252392711681
0.120929470503804 0.113027211321524 0.252260442603666 0.212392892144583 0.0631200432346939 0.0622295308278515 0.159662208009341 0.0163782013545362
0.0282472473466115 0.145212236112926 0.149318182054144 0.269774541440993 0.0470882665135491 0.0937509716700015 0.128268917907823 0.138339636953952
0.113740482700723 0.194893250155029 0.0274498405947986 0.202429687894136 0.107503231852626 0.224598076981385 0.0465960422448395 0.0827893875764626
0.260699689182886 0.133456196068874 0.089307481997861 0.0129354998551687 0.204880349595639 0.0411918640012513 0.213931175870924 0.043597743427396
0.146085816543589 0.117073394958132 0.0954938704512411 0.181579186781174 0.201873259141454 0.20408260902027 0.0437809721259305 0.0100308909782097
0.345202836540201 0.0401611705873724 0.0746039366376168 0.20582558715429 0.060280737472976 0.0371289477276975 0.084028770054607 0.152768013825239
0.0493029444528122 0.216381163001245 0.016181305371213 0.0876009795164259 0.198959358217874 0.142697489207779 0.120361711030977 0.168515049201673
0.0366182776987276 0.107937333382343 0.159069987125371 0.256545448934591 0.130269077428505 0.0598186244926197 0.0683599960435486 0.181381254894295
0.177595589505842 0.147042704462433 0.101050894509483 0.169165412813682 0.213306979130151 0.0608552442768296 0.107307604477639 0.0236755708239399
0.0452200843479831 0.00876929545914952 0.202819254149639 0.208825321252236 0.171786686091892 0.165961637239921 0.00161650955584884 0.195001211903331
0.141176243046947 0.0510798322334906 0.0259584844261359 0.287512801148993 0.128342521247367 0.187699376354505 0.175687824070637 0.00254291747192488
0.160342013210718 0.158950912611433 0.186629182205706 0.03580971785935 0.124456355159339 0.0571684007874646 0.128256832229363 0.148386585936626
0.165786493869536 0.199827135994899 0.0902723719813525 0.190016394412605 0.0272844815531981 0.1046419242306 0.0475939210958304 0.174577276861979
0.0167443642567183 0.130337597797734 0.149227473032211 0.0387989283582732 0.133637568362859 0.13562732585223 0.187430277685177 0.208196464654798
0.116715599511447 0.280584057285354 0.0632419160969853 0.100418800335037 0.126351823677485 0.164541952347782 0.0161403437010561 0.132005507044853
0.0411035665080803 0.251067588578228 0.225106407287552 0.126738398438939 0.00101350393612603 0.0210439523859032 0.0714450776725181 0.262481505192653
0.104512423622095 0.204260970884722 0.0518398814317819 0.111847318662812 0.286902026751838 0.069290442921842 0.00882624536658807 0.162520690358321
0.182378941913039 0.200113937935699 0.193538894936761 0.16101133549524 0.0350852532677624 0.102202350356194 0.125445059607153 0.000224226488152107
0.175424005503426 0.0574381262714899 0.0656109393521011 0.127340254384858 0.101569350050535 0.0939020437532869 0.325910240746011 0.0528050399382921
0.0073798441954539 0.0793964595074611 0.194562994673753 0.212171082110005 0.0503772015089515 0.155088478741834 0.171915288689696 0.129108650572846
0.153943968021277 0.174034000365051 0.157452136301011 0.0909198771148912 0.0902748204446328 0.119268862373984 0.151091391327505 0.0630149440516485
0.143562920653157 0.266381131138864 0.0561251262585734 0.0276343578835826 0.121848229103016 0.0505061738721699 0.244932455592634 0.0890096054980023
0.204137386806478 0.0247450292360218 0.050366472696014 0.0286358398597094 0.311158363992161 0.252702016407351 0.00192503125556879 0.126329859746695
0.0411961965794853 0.227884830097364 0.146418802896976 0.144259086714908 0.123476070814164 0.130424612665355 0.101797542965402 0.0845428572663455
0.0941062453389555 0.200607244108534 0.0622223272243025 0.127302201410111 0.172154108982813 0.0234313278417546 0.203380642645926 0.116795902447604
0.15816936108092 0.107655845940088 0.085848208062155 0.0156900173783342 0.164094829494618 0.22650098436619 0.0208205885082467 0.221220165169449
0.0843862846336516 0.160424799910078 0.178071665466008 0.152183145031591 0.068754072426332 0.141363591666389 0.0247468354292625 0.190069605436687
0.107811487870041 0.12783770191808 0.133216965017634 0.184356969888517 0.172277725661442 0.148272638739803 0.0825252307278299 0.0437012801766535
0.048768159698383 0.0537715799574265 0.11273243191528 0.0829281771405342 0.198693803197024 0.127848438073668 0.118544536731007 0.256712873286678
0.167626821379116 0.220617030440375 0.0193012711051235 0.185449496117974 0.0447474015190406 0.213637743360939 0.124972540017453 0.0236476960599792
0.16057402425125 0.156301652273843 0.0215920265714987 0.18028672319024 0.113052714195702 0.0930819051446631 0.210843215738482 0.0642677386343207
0.0989885578274535 0.183298451594059 0.102565398326344 0.123800860120964 0.105211404431296 0.0804752150776277 0.137026666953664 0.168633445668592
0.0801788567216606 0.145301267715412 0.0496949284865823 0.247457103884608 0.117901121277973 0.0547004363872493 0.0289092358115456 0.275857049714969
0.0922280398818123 0.06492441372773 0.183447124095563 0.0809976562646106 0.0251899110326067 0.0745555382132944 0.297377785868149 0.181279530916234
0.0742418844648532 0.096948492320692 0.0222616415287502 0.199849249432175 0.0500476200449107 0.23956372249129 0.112645651158729 0.2044417385586
0.142070727703785 0.0956096556310705 0.091770045069715 0.126944897827304 0.0109853827416129 0.214182402933684 0.132251891845366 0.186184996247462
0.0672446516389267 0.15978484945118 0.225750975114621 0.0537785036741906 0.299366611608747 0.126143356348996 0.0193866877204896 0.0485443644428503
0.00929067211237172 0.204723232921979 0.13593869532923 0.163050544508882 0.00868201100990318 0.183589730639022 0.106492484029152 0.18823262944946
0.131471092656943 0.201181522817614 0.120491967713968 0.282444496060168 0.0645005656670798 0.015354139505331 0.0846276339515339 0.0999285816273623
0.16567219957304 0.168453474675286 0.106852337040556 0.15539621487253 0.0156350713152946 0.200318369698075 0.0578055811626354 0.129866751662583
0.21115807463397 0.162809904819291 0.0945743286204873 0.104990578770586 0.0235594958108098 0.0123589810977471 0.183781792163937 0.206766844083173
0.132493279803262 0.191481559469761 0.148338200755635 0.125324598116839 0.0302703898094976 0.205859092138671 0.0422819543380345 0.1239509255683
0.0518940894325413 0.121110883749064 0.231717846862051 0.132080228540939 0.0888226202213462 0.0962043473992656 0.0494178059319765 0.228752177862817
0.2315955004963 0.0786186636165253 0.00228695424907653 0.0436087117975194 0.147911978070128 0.161905572039255 0.0529482101690496 0.281124409562146
0.187714684998169 0.194974510519488 0.198555546761309 0.00378128344755212 0.214870150046345 0.0837029973526244 0.00967000223631431 0.106730824638198
0.302731052275876 0.153336506228638 0.174142553856423 0.115227606872662 0.120179012412149 0.127143085713405 0.00714217952753352 9.80031133131043e-05
0.114303093443233 0.000648188317257973 0.0594762746205518 0.239185576953376 0.302161134492256 0.0492898263153838 0.148086778625488 0.086849127232453
0.174074510719009 0.0669473885639887 0.124637019478733 0.197234115877051 0.170442550872627 0.0223151405034239 0.196596539227337 0.047752734757831
0.0482677497797436 0.0933230539808801 0.178319960851699 0.203480930829557 0.202781661025396 0.106387846984578 0.0541782997845537 0.113260496763592
0.176697855051672 0.0171443282723371 0.0679354545341818 0.277699382662722 0.0139686625975907 0.0234682967483654 0.291207164224977 0.131878855908154
0.159835153418673 0.0988437404077103 0.0814392230480406 0.121371921077102 0.054929772006966 0.129695442835368 0.20784238745486 0.14604235975128
0.0170110082434548 0.166547538187552 0.161927803192377 0.140022190354294 0.204732267888475 0.0384795951152113 0.196783512987597 0.07449608403104
0.156775879585927 0.209043008578018 0.114463894371791 0.103884601296094 0.0865012652492175 0.112325529299418 0.194884132372985 0.0221216892465498
0.209134665288723 0.167770374434439 0.163815339724978 0.0798726330463201 0.11070035049968 0.167083323302316 0.0603733201346652 0.0412499935688793
0.154816490513553 0.144748617279651 0.083915900398827 0.0852750827526054 0.179172786019598 0.11476313263283 0.206865425158643 0.0304425652442943
0.229495139598809 0.371516604967913 0.04136990433753 0.0364977766482265 0.0098728265467076 0.0361019660074928 0.109548430258033 0.165597351635288
0.0467268207532283 0.18406065750661 0.173588026252175 0.158957374456934 0.148658973290982 0.0207613351349376 0.159009437286918 0.108237375318216
0.186807192008323 0.230868850722263 0.0339241475562634 0.088428435256181 0.107439713521431 0.150036952744119 0.116189124010498 0.0863055841809212
0.142004415347143 0.0602536526715452 0.145999424049166 0.142925780379483 0.150642994393836 0.126311880592198 0.0683350757118393 0.163526776854789
0.108259572336512 0.102709155444621 0.202746599482327 0.225797487306498 0.0543971282009638 0.145857337928796 0.0976458062000866 0.0625869131001967
0.0121386938431475 0.177031311514245 0.0746333098009357 0.0986214283703443 0.0635448630192208 0.163715038970271 0.120097770547726 0.29021758393411
0.156717197317978 0.0257144810651667 0.0813010632252207 0.175735562841862 0.0802693601328433 0.161410025211203 0.176333453168718 0.142518857037009
0.144985422817044 0.108048003881297 0.1873386488372 0.142081936894502 0.00512071930194761 0.117892981385288 0.189515533235683 0.10501675364704
0.155429759605451 0.0142030433362112 0.154372725933946 0.227477042131488 0.100317135164592 0.0207207146647373 0.0798344816347706 0.247645097528804
0.113714825018469 0.101771014437716 0.182663536030579 0.195568217152687 0.0861019815206633 0.106821048423849 0.0659021202594663 0.147457257156571
0.0770455507752228 0.273352902359322 0.0933424072444238 0.112689694649393 0.0260171483457887 0.258821565638112 0.0614360194567862 0.0972947115309505
0.0831775790195501 0.216068375584957 0.271381210542763 0.0148439526686534 0.210992529364881 0.0622184879836921 0.111174945099822 0.0301429197356815
0.0589597231414958 0.0165871567606104 0.0945087869604453 0.205951455485414 0.0913866990362723 0.194650845713696 0.172634082422332 0.165321250479734
0.00392239400618757 0.0310887089755128 0.114855827911928 0.0582807020348126 0.176033666661969 0.276402081031787 0.203294691831969 0.136121927545833
0.0755797090091643 0.318603447269341 0.082493970532788 0.0574182934729072 0.173575412879009 0.0155342760813989 0.133245623608104 0.143549267147288
0.00110795579127756 0.0465689996544403 0.235049549460602 0.274604640267019 0.112968378096756 0.0729109929496209 0.0184360845327235 0.238353399247561
0.104161610853957 0.144371129487787 0.23601409085309 0.255494724303666 0.0109162410908569 0.0281516379437949 0.0484665904696727 0.172423974997175
0.0443696734177882 0.210010710022055 0.0954401370293681 0.119114790898311 0.0209063965908061 0.206048334221981 0.159863137452355 0.144246820367335
0.150424733575847 0.115909946424546 0.00085406826465325 0.229411417488588 0.0297173163994609 0.0940273516424811 0.246434054804582 0.133221111399842
0.132061382088952 0.161895946750413 0.158086965619716 0.128673684444789 0.177742387221007 0.0353269208585705 0.0857238988476416 0.120488814168911
0.115316703438898 0.31146884475418 0.0359666789450969 0.00431577159925109 0.0152235831530994 0.172559114057239 0.124366622230384 0.220782681821852
0.116238185197177 0.0926650807337115 0.0867948819678039 0.188122330738366 0.126562067250385 0.155848509504032 0.137195591875057 0.0965733527334668
0.0643383843563903 0.213239649665049 0.183769518993121 0.0355744134408926 0.113574422490366 0.107338143177559 0.158810215176584 0.123355252700039
0.0200124253567597 0.100483139991416 0.202597817182347 0.182710923163479 0.0954379655792698 0.210945236679234 0.0522003529336072 0.135612139113888
0.0330838468534813 0.142062100936922 0.125280689098434 0.181727068051121 0.0730096264285583 0.0698252971180901 0.243512627559102 0.131498743954291
0.334004329546986 0.0425187219453659 0.0435727773091876 0.050211231047976 0.067389628479275 0.0707930342918068 0.135631145246981 0.255879132132421
0.1749934578777 0.107480214800173 0.171137528820325 0.0637290066423304 0.134717586267108 0.0718611327748922 0.218651009507113 0.0574300633103582
0.153016144747575 0.0050301105230731 0.18192765739426 0.151862609028194 0.021500610223616 0.202718242773833 0.159232707524618 0.12471191778483
0.173250882895465 0.0468692723816646 0.0878083952538653 0.178150868095839 0.168662165021806 0.0886696176828689 0.120296674568032 0.136292124100459
0.0751990586494892 0.0924700339349391 0.0868669672353714 0.159944469552517 0.165212180246806 0.160040677203796 0.0993087600961269 0.160957853080955
0.157926180045707 0.246719152192366 0.103106450545082 0.00574871417485117 0.109789126597385 0.126007921830188 0.17989737266633 0.0708050819480909
0.0562247956210349 0.150678538875681 0.137083690696199 0.154690537473378 0.123203327573918 0.166737292927456 0.102440400135162 0.10894141669717
0.190633565135914 0.0168147417946768 0.225748492372511 0.158304438040101 0.0470731915023889 0.0475208076876673 0.132235017149096 0.181669746317646
0.0851506651491119 0.0973913317893875 0.143934480461244 0.216525369406038 0.065015214339224 0.143033476306483 0.0442875771802916 0.20466188536822
0.0373922619353695 0.0333081237109896 0.196476908781681 0.157099570196966 0.0471273134321875 0.275302816885345 0.136851685703904 0.116441319353558
0.177325586872666 0.0244543843384825 0.195652759979482 0.130147174105855 0.0190072681748631 0.186026118685684 0.0935729872556095 0.173813720587358
0.147461333738357 0.131323137154346 0.212486021467807 0.124420398471127 0.0946061930695805 0.134099314115746 0.130485510487385 0.0251180914956517
0.122492959039599 0.103889255262459 0.0173872163422405 0.164254971637296 0.182559220855172 0.0874340104671567 0.16144364223134 0.160538724164736
0.140550008629523 0.0482347772109809 0.142188513455615 0.150744115457601 0.229104744869836 0.00727533143201559 0.184364418857127 0.0975380900873017
0.194213147934103 0.0815772002862419 0.122663728736126 0.184387447368595 0.115779079857984 0.0542534910143834 0.067480442000642 0.179645462801925
0.0480160459630318 0.223929315720561 0.17808186461221 0.100292199279911 0.0383672996233849 0.211048304725122 0.103608053211238 0.0966569168645412
0.102184352168799 0.188000991991459 0.0461895399613068 0.109328926321741 0.158443215976592 0.184509828237982 0.162428418838142 0.0489147265039794
0.166287183439735 0.0278228884248431 0.0867618232494584 0.19310822609536 0.116188503650461 0.0454563441013033 0.202119567668712 0.162255463370127
0.181702527228602 0.192525957554338 0.0524385408284391 0.0823371437999234 0.0990502697050438 0.084006071613304 0.143321777860858 0.164617711409491
0.147193412380768 0.141654859275057 0.0150159705756565 0.0907706896243163 0.12638702463178 0.181382056824432 0.164988721952875 0.132607264735115
0.104324969822761 0.0850010996938207 0.138570729504891 0.12525021056098 0.189177983757997 0.0186785895589623 0.147858681898766 0.191137735201823
0.0900899646645972 0.0830329816628895 0.170560850045758 0.083423547128384 0.162668768886102 0.115074143610409 0.160118896010792 0.135030847991068
0.173179655728369 0.131774923688725 0.0476474378345582 0.0939644636872073 0.191866712929857 0.238545952509662 0.0269900671728739 0.0960307864487476
0.0719521515358448 0.120434116696588 0.161890849583652 0.174274092242722 0.1728170412906 0.122017394528302 0.0841227214596787 0.0924916326626121
0.192544565522414 0.150461470014697 0.206633349290101 0.230158974888158 0.121510025458143 0.0381473385012549 0.0451001318417725 0.015444144483459
0.0165363212208629 0.149522274999191 0.0126971466031521 0.154910498435347 0.111136371123243 0.210618934371208 0.175562946904527 0.169015506342469
0.188560774526336 0.2004706369315 0.0640597017388615 0.0650285151358147 0.230531980794765 0.0154291866994006 0.188759661772193 0.0471595424011295
0.177581598376538 0.188259787709554 0.139569443202022 0.20430729523619 0.0342887399663233 0.0533458411177056 0.14822946062225 0.0544178337694171
0.267695876305272 0.164691471059545 0.137323691486367 0.0820891450721077 0.0800533383600672 0.0997934525772817 0.00755524703163196 0.160797778107727
0.0473640338276817 0.161427986218214 0.103697192845648 0.141851361966505 0.0276155440147724 0.172811350543258 0.169168855633209 0.176063674950712
0.177774462871595 0.167504784528271 0.00642054394215999 0.138620089601925 0.189615317634579 0.107711993867464 0.118266735107926 0.0940860724460802
0.0171857587724022 0.165915664546923 0.109433393898724 0.205147007564474 0.0158744332958108 0.149606975650621 0.116907882074476 0.219928884196569
0.120437073544563 0.0537021136577406 0.168894381095449 0.168231928698435 0.130275238188555 0.134557308399622 0.106303760633195 0.117598195782441
0.204187871250243 0.18953702436927 0.00294923123260652 0.0566324771617522 0.0712536607321784 0.215070149024134 0.161832202198275 0.0985373840315416
0.191444027485031 0.025070303408478 0.00260117446699722 0.155172607569246 0.260736857711882 0.294995846829436 0.022768863108197 0.0472103194207326
0.0619739674173113 0.0876880832588755 0.189991362797955 0.217896262960195 0.0441778097583517 0.173159277302336 0.207068678701168 0.0180445578038075
0.206454532211552 0.147771346574326 0.0953551472887215 0.0622463991428199 0.0350368121594436 0.0433820464166792 0.0937326971815593 0.316021019024899
0.16703596611729 0.11471723077204 0.0561162408961824 0.0708518912080878 0.185205808505045 0.117740886994446 0.0896418351569027 0.198690140350006
0.290280057895086 0.182084801127175 0.0239001081829424 0.0143738511686244 0.0478518908486969 0.0921710705916207 0.133320585268817 0.216017634917038
0.148900578368032 0.135053157852031 0.0969524828994734 0.196751387650244 0.0850412339219336 0.0906373478862178 0.186591976499072 0.0600718349229961
0.26863433476733 0.103823763669303 0.0810199191079636 0.0270153000440209 0.16167761468353 0.0613886914829609 0.103207484285508 0.193232891959384
0.228479231503888 0.0167843845403614 0.0703656834234198 0.226769299684307 0.155105674744394 0.0232417123328511 0.150062782809279 0.129191230961501
0.00164349636630209 0.213451816112288 0.0145417794694353 0.325930876068266 0.205951368793241 0.110570480602234 0.110511969150524 0.0173982134377097
0.137494487109635 0.128417815973871 0.17925572037921 0.172712231524923 0.128820152997185 0.155693896145629 0.0743119329336247 0.0232937629359221
0.048648810783271 0.186337441606135 0.270254940354667 0.0603893256820706 0.248427173131397 0.0566640713827478 0.0324650870831392 0.0968131499765721
0.0608555885122647 0.0259144706214181 0.1988584672962 0.216340259704547 0.155711612299962 0.0971730004425479 0.203946909476201 0.0411996916468597
0.19089943800127 0.00527865761538364 0.228028884266626 0.152187702636154 0.0975563132038632 0.173787524173109 0.0858812509343498 0.0663802291692441
0.274345400573143 0.125568800806053 0.179748245114768 0.12154227364183 0.140294873330711 0.00392493031503561 0.0240423082557808 0.130533167962679
0.0500525390253626 0.0794281507682572 0.0871845245581317 0.288614431957227 0.0229582784470027 0.30862033269719 0.153991693434291 0.00915004911253795
0.118417235844639 0.0679578354956786 0.138935197771781 0.0232300117770241 0.202341191673612 0.186391289942196 0.0606777726752702 0.202049464819799
0.143917501263612 0.0369957520975356 0.0478073611169505 0.196464299855384 0.230498115909682 0.129988958563973 0.088583251596203 0.12574475959666
0.186682454958444 0.0487995563245148 0.101413169433284 0.142467661263519 0.229173519181068 0.0927250986522913 0.0915317581677568 0.107206782019122
0.0971365801146659 0.181176152712903 0.0662937422535924 0.0377925541169657 0.106252570841585 0.164493042675816 0.178517755399863 0.168337601884609
0.0486702760852492 0.185872781461926 0.176041506306787 0.168430912389334 0.0557115135272647 0.177516930076595 0.00350271653926295 0.184253363613582
0.0403723742446703 0.157538190508196 0.0840825177853627 0.0965632380928099 0.191784696473057 0.168581699404091 0.171870807713553 0.0892064757782596
0.207631739526848 0.227717828560558 0.160456516038013 0.0161870399118662 0.0910660454568551 0.121380827991263 0.0722449337992538 0.103315068715343
0.0433202722468815 0.149539882497073 0.205375110555695 0.103729027494724 0.00446347255151802 0.118616601004323 0.204039217476771 0.170916416173015
0.101252709825943 0.106162288347404 0.106104333592578 0.219797049226732 0.12226525971461 0.154238496565003 0.126048079389308 0.0641317833384223
0.187851915873827 0.134182036833453 0.0403420208555907 0.158448665593696 0.134792953540151 0.0712649284725462 0.213323297107181 0.0597941817235556
0.0863179465359187 0.0922956308383312 0.0986509276142233 0.176954457123981 0.122311618694376 0.00945474772688482 0.172835781295512 0.241178890170773
