0.0590643182044551 0.166840724221222 0.078672949409786 0.149201482469352 0.113941538651088 0.122615759548579 0.172364131932637 0.137299095562881
0.102601020088578 0.095937131600244 0.011492298313459 0.208258312390021 0.0892327543794454 0.213671131685276 0.00290447677655872 0.275902874766419
0.00398327151492402 0.25891849896096 0.0841430513977731 0.379833075846886 0.0599574888261753 0.104507979379936 0.0232714944364433 0.0853851396369016
0.128453856808078 0.155673053003116 0.117202730942044 0.0680282858143978 0.091808425250337 0.201781844593875 0.1580045610588 0.079047242529352
0.0744468787655233 0.0934641133323907 0.0132740062228678 0.254550759254417 0.166038183510735 0.22730824225476 0.0516620798608145 0.119255736798493
0.156582503826226 0.148788321729493 0.0900843451735387 0.0889100800569249 0.140346036467406 0.109985370129356 0.139570786768745 0.125732555848311
0.0661640592172919 0.195246974374451 0.138393716152588 0.274439901681456 0.0372114355135737 0.0191454267414719 0.224705077585188 0.0446934087339791
0.136313950990647 0.0571006235387962 0.160019763778555 0.152515053672973 0.142369905918738 0.160192607138116 0.114865092167534 0.0766230027946398
0.117858589758727 0.0773941876500869 0.0602313252766861 0.259417621429574 0.215317657939246 0.0298478005342017 0.0473708327285893 0.192561984682889
0.0462649193044712 0.114809383196651 0.0662565959499549 0.229775550341098 0.0721952450310281 0.0755876635415929 0.157015201581871 0.238095441053334
0.0360936002703231 0.0468846084337936 0.103087516272655 0.106190090333119 0.224233999028036 0.192361169582275 0.115276214127417 0.175872801952381
0.130718575360288 0.147944963888967 0.135442405708415 0.0426320446791833 0.0729647925819751 0.172106231608025 0.15771792348054 0.140473062692607
0.288581487217255 0.000475719221059818 0.14562044049127 0.0323585870677727 0.26036679526289 0.0676126067522681 0.136116649745944 0.0688677142415397
0.112975424857089 0.144257398829161 0.118585263910315 0.21614750573136 0.0300587730649447 0.150825946775831 0.133342113017384 0.0938075738139163
0.0153989529057933 0.261103039187685 0.250454154877204 0.117061697837564 0.0408300230253155 0.0893380785008081 0.00306286687989272 0.222751186785738
0.177628826405666 0.0619997495993158 0.183091623492058 0.152054724555301 0.22225910256923 0.0610761652356425 0.0778389800538999 0.0640508280888861
0.00102696762524282 0.0965570142714581 0.186562953318321 0.13556998438239 0.185838633404139 0.111341615002759 0.133247075082023 0.149855756913668
0.100796851736586 0.0583111259462686 0.103280258424522 0.237465905996688 0.0987867620407704 0.151306971303863 0.118761462751538 0.131290661799764
0.214522105454916 0.290181176189597 0.0551748629502809 0.00801346683444032 0.069912167757186 0.00134044168703642 0.158458485737305 0.202397293389239
0.0648053799510665 0.091410560014409 0.0292346871189587 0.0957498448073731 0.142641217618424 0.121242311021497 0.225935083537191 0.228980915931081
0.0525287812027378 0.0581255055437928 0.112307363181017 0.222340452333285 0.0983208046780514 0.235700074206391 0.140762841360264 0.0799141774944611
0.209899348004549 0.112734426999537 0.19053153875402 0.0999794879631789 0.00974966127607512 0.176529202071589 0.129069931052024 0.0715064038790259
0.00524959872207194 0.133408439549343 0.0279032999313013 0.27737958066707 0.00702047688794423 0.211676424911567 0.241731743833965 0.0956304354967379
0.137511605490849 0.0871177350407132 0.0903388953021501 0.120909077459738 0.139124502882072 0.10554934379999 0.177740594885363 0.141708245139125
0.19195730649516 0.20520721536346 0.0100524472273622 0.162353336065802 0.0866522105772349 0.00379983051105071 0.163266731340394 0.176710922419537
0.16095947798904 0.00669485113930894 0.0169256553533826 0.159232031345 0.201353539330037 0.134466673710476 0.161825748835839 0.158542022296916
0.19813210440589 0.0298521386001666 0.157288078620975 0.176267879302089 0.132246633788767 0.146646920694725 0.125541858272228 0.0340243863151595
0.035929634729394 0.0258169720184102 0.188590352451066 0.215789810084296 0.152423460051406 0.0784446813805954 0.154412202552771 0.148592886732062
0.17854005909515 0.10520983018856 0.188192611354879 0.0666879731975812 0.184550954920485 0.108999953183022 0.0143362463172165 0.153482371743105
0.153085468204898 0.141297401084622 0.176955872690689 0.0032720624898934 0.140441623608918 0.180137792971505 0.117821882767955 0.0869878961815205
0.131638376997438 0.153168716562647 0.129613803788283 0.161209431682725 0.141174197259786 0.0572497644402285 0.0164951787274935 0.209450530541399
0.0454235536753407 0.211040318640996 0.172171155897197 0.174723426017325 0.0525658134913286 0.0796629941540159 0.173688934825496 0.0907238032983
0.157927569662623 0.103733940250571 0.228190214454782 0.129309811573853 0.12873415509353 0.0200296831240487 0.0281787275757662 0.203895898264826
0.167491653874611 0.0171049414893686 0.205390509224413 0.207105518359253 0.0900987639495312 0.0443232027858142 0.0252604601328526 0.243224950184156
0.243637512953051 0.285986307285003 0.0678968971481413 0.126093203436443 0.115473339562112 0.0223624348098798 0.0594497727034693 0.0791005321019002
0.277650698347397 0.0798530439986109 0.078448061717567 0.174675346271811 0.0416449984547864 0.0379681370915162 0.105235734334342 0.20452397978397
0.0237630747332815 0.0116536292550261 0.264319155888851 0.149831125365233 0.0196405679711487 0.122764612400505 0.0738944706528549 0.334133363733099
0.0534271620051824 0.162013775046843 0.0956621436362442 0.136555052312712 0.149617333113498 0.162179271204799 0.0703942001571781 0.170151062523544
0.0884330451394004 0.173709810735553 0.160568769465955 0.150635373673036 0.150356696777033 0.0944559836563701 0.00479967223812012 0.177040648314533
0.00142676406904158 0.0549838744704563 0.140087005340865 0.206477928415754 0.209981381134942 0.217433580168607 0.0333407727881406 0.136268693612194
0.156249288049792 0.179708026398011 0.00406061288780706 0.117370073418014 0.0971694075808535 0.161831248045727 0.143883493610748 0.139727850009047
0.0899422407041174 0.0774297367929997 0.168886013347951 0.198967430732919 0.0212187929945687 0.0506624677120422 0.206289176628452 0.18660414108695
0.113178981887797 0.0684514661165165 0.0839683871829518 0.108944424047727 0.092998135257128 0.243466489554824 0.219953581107873 0.0690385348451834
0.106853147766929 0.0847840988635913 0.184490536030131 0.111300608061699 0.0743175896279478 0.135540510621791 0.155190158033521 0.147523350994389
0.146252255522144 0.205790945460386 0.232137800614083 0.158875098363442 0.0029741230213936 0.155961486363636 0.0545278111992291 0.0434804794556863
0.110317692119117 0.244635236286009 0.0291785554334899 0.22099749957041 0.130957564938994 0.00304438216360693 0.142617428047733 0.118251641440641
0.183250060898191 0.135925331544199 0.046756516679848 0.0851772370995433 0.211752390175222 0.0677719157707075 0.206120368316868 0.0632461795154215
0.0372758429772302 0.0646181093639968 0.0080216411626398 0.248387148746873 0.209678575356505 0.0272857799200011 0.258271647421524 0.146461255051229
0.191110303789877 0.133603621432057 0.0592181155895978 0.115691789601296 0.198513350139739 0.156037875291471 0.107672468068173 0.0381524760877886
0.216375698215316 0.0697882214486159 0.213329000110533 0.158720488762465 0.0249599413761341 0.0852277371535234 0.164022120150279 0.0675767927831349
0.0450999858525126 0.0847834085794719 0.00197974552145588 0.296913719381477 0.196772470936136 0.0436643023082762 0.197315958189041 0.133470409231629
0.115722019913906 0.170787957693011 0.150464060878644 0.150815120451711 0.11792773046952 0.152534812964585 0.115657192649456 0.0260911049791673
0.178471255080236 0.0399188447125848 0.122719733802094 0.183057476502359 0.165601010330406 0.0990046067618462 0.10535789058564 0.105869182224835
0.165267982174951 0.180996485807413 0.176449389960082 0.0263980345731865 0.204863378986219 0.0188018045512764 0.208482686823209 0.0187402371236632
0.0838004794755405 0.0115126226174307 0.199318739469998 0.0828776364372356 0.141471877172621 0.195485444084477 0.159414912738324 0.126118288004373
0.134532216384923 0.0623286314121347 0.0889506645176113 0.0754835497171874 0.18352810453983 0.165466016440645 0.120437604167238 0.16927321282043
0.154922158030998 0.109166432776415 0.161716621919952 0.0431414227220405 0.364444078100154 0.0166688345130625 0.0361895083546792 0.113750943582698
0.0293570040050475 0.067432641388095 0.119644433112335 0.100860838498023 0.127682202102803 0.199768953104507 0.154322206132601 0.200931721656589
0.141692936603712 0.123428899733467 0.0611144793763977 0.133498142600432 0.153547229551271 0.0484821888749002 0.148600076972836 0.189636046286984
0.0374229502051534 0.0109815910527653 0.151941417047196 0.130650732121677 0.305440083662793 0.238449888237592 0.0049634183806314 0.120149919292193
0.182956942436511 0.17952070307814 0.125818854318421 0.236578487844254 0.0624992296216481 0.139127766748223 0.0478216476371087 0.0256763683156946
0.115329497017334 0.139426079564806 0.178158528402485 0.0562220929116347 0.145945317648206 0.132360129737891 0.0562398037121914 0.176318551005452
0.0876797825276834 0.0204597452988283 0.01898760097188 0.15640722705133 0.123705114480726 0.24809946050657 0.23393553014343 0.110725539019552
0.223343994646878 0.0597481513826662 0.129276390646088 0.0837341932684142 0.0482549895395048 0.26032164563777 0.0618470533390884 0.133473581539591
0.237663229950375 0.0377075195328299 0.0244840370597756 0.227938987069544 0.176615114319387 0.0700580626113219 0.21547261491656 0.0100604345402065
0.204620918735166 0.00908438134947741 0.123747732131401 0.14592796872975 0.241966088570545 0.205191219383479 0.00597938390800366 0.0634823071921781
0.00835542511969001 0.112615167978763 0.131386601257268 0.113057546286147 0.187090350972193 0.221896219829091 0.190926952910998 0.0346717356458503
0.125412153078483 0.142793038349092 0.0643024321622548 0.0521164798370658 0.203115849536396 0.20066921697213 0.0481604184425549 0.163430411622024
0.181716174979158 0.249705691286444 0.0330893819263479 0.0216572584970627 0.192521903652686 0.0615661486819526 0.103475358136048 0.156268082840301
0.180039659694408 0.0836862219336482 0.00590300611630932 0.253054831757168 0.0771112687322612 0.107174505562449 0.196492935489262 0.096537570714495
0.192150783322328 0.208436092345789 0.189938788657715 0.0510727577553449 0.0321215319441098 0.111531977376954 0.159310972731319 0.0554370958664396
0.144910378963783 0.174811872244536 0.0958920527659053 0.132242660889841 0.161322857623857 0.0972884394869136 0.161185465653068 0.0323462723720976
0.0131490607797468 0.244508624050673 0.169851418499807 0.265840508874469 0.205117276825579 0.0430585274286933 0.0352141139016174 0.023260469639415
0.178922766818806 0.0375022459217522 0.18565853781398 0.213422640003682 0.0121004805123731 0.190609386022221 0.0890039265939677 0.0927800163132175
0.214784579132081 0.168077519595162 0.0740922699317426 0.0472632291201213 0.0592821107758699 0.110185628312221 0.131665145115329 0.194649518017473
0.265650568758868 0.0953470491893824 0.0127939306289887 0.0994786660783151 0.03696851708051 0.0784689938382245 0.302731003363665 0.108561271062046
0.127514200826783 0.0962651257615093 0.104170757818017 0.138501103048335 0.109112115983037 0.130250188397214 0.152291576591442 0.141894931573663
0.14557185830973 0.107200065265289 0.160083420036487 0.177798083682892 0.0625782221183935 0.154616557377181 0.137253439872503 0.0548983533375238
0.171586226273203 0.210328170933749 0.0426589354766923 0.0082726305994402 0.136044417127369 0.210118003318777 0.0306745593483283 0.190317056922441
0.139083797642316 0.270032365575598 0.0439467145224848 0.113977765821969 0.0577851535889514 0.181095026905785 0.0511284311445893 0.142950744798306
0.0876360196401768 0.302586202111012 0.0231188277580468 0.273531091552541 0.0294720692317644 0.0950214155588081 0.051819957079383 0.136814417068268
0.130375093880095 0.0269690807978696 0.187730070879182 0.060148561956681 0.171890052954668 0.1828631739027 0.0963773126990914 0.143646652929714
0.0120652876432363 0.15045097373113 0.108652385089275 0.15228316402197 0.114690379542267 0.150717381731959 0.157186034518405 0.153954393721757
0.0636261808182164 0.148220112858102 0.123385906024052 0.139560694362019 0.165992321299233 0.144912737070633 0.0474448040248165 0.166857243542928
0.0162400804748169 0.0248252701334281 0.0112514266419378 0.203639751410868 0.2950216078359 0.17783781671669 0.0687363274920311 0.202447719294328
0.17187100833954 0.0892326615165763 0.134621353075514 0.0997894196438318 0.027562375234729 0.169096253741085 0.156054901687306 0.151772026761417
0.207215311095332 0.065114551379398 0.192655189387172 0.222492489239862 0.0308518769941699 0.0924433511142498 0.145065472779701 0.0441617580101152
0.0673872567889783 0.14670534097619 0.217826764475544 0.0131596217238702 0.194133605696075 0.104093421338256 0.0955961983636642 0.161097790637422
0.181256984153632 0.0492650478798202 0.086421222940213 0.111398763628121 0.117224862035109 0.149711128849094 0.148144258304603 0.156577732209409
0.12619451346467 0.0381715346617311 0.183038633730048 0.244998853500028 0.19036896533528 0.11067716157238 0.0171241511585424 0.0894261865773215
0.0116327216612935 0.0857084345664509 0.180362736674196 0.131507159343551 0.250256817552231 0.176461901524224 0.0459848199622402 0.118085408715814
0.0332537192683553 0.174080850119024 0.114966185461309 0.0148948453679674 0.151727352351131 0.217301878361631 0.160894570807572 0.132880598263011
0.27344165736483 0.0894016174668157 0.20667565156416 0.0405150738330568 0.183698102806889 0.161835869016081 0.0152667632447879 0.0291652647033796
0.0279615581125923 0.0426027836226105 0.117749337282691 0.169358800790408 0.0796856220866404 0.221169835393287 0.249906708447088 0.0915653542646824
0.169302919645297 0.0664498268090709 0.190476375589382 0.142304776983273 0.161653206227115 0.0737047989264708 0.0418710910413238 0.154237004778067
0.00593585631012748 0.221808727388508 0.228436067642477 0.0868885525750862 0.0773197204049382 0.150985959052306 0.186012812868338 0.0426123037582199
0.162900281567631 0.240816339997241 0.0845663544576506 0.0656491375958036 0.0588168485047769 0.155514437588089 0.0622666827494038 0.169469917539404
0.114825554069936 0.180566775517697 0.168817143748687 0.114186085766833 0.108493063493247 0.174611159281055 0.0739552776234493 0.0645449404990974
0.0364298412387287 0.221411240381965 0.167522526636116 0.02131953198559 0.200814319911934 0.0610788882461885 0.0992902508894796 0.192133400709998
0.12548521592964 0.0533042124541975 0.104975159543889 0.127476521435029 0.198301344639523 0.172881579001346 0.0964950746718045 0.121080892324571
0.145469987671447 0.124353710163719 0.132625863897308 0.119413723462195 0.131737472175701 0.131755107417363 0.131397864196785 0.0832462710154806
0.127438230517346 0.0457075303515678 0.061092547989508 0.229646372349038 0.280334279503625 0.0454669174447502 0.208119452128879 0.00219466971528708
0.081530521103405 0.166145845824746 0.0305478638746288 0.142382790234312 0.193827767511655 0.0672226239530039 0.215818212443101 0.102524375055148
0.0458322014584219 0.0368317652877412 0.0629327106770579 0.213027026406713 0.0947215330268462 0.277692125683745 0.0411498296009054 0.227812807858569
0.124220703732344 0.177201086767242 0.138287009428127 0.179120104891878 0.24121766276979 0.0997506965104458 0.0235075241748181 0.0166952117253556
0.0692862468234858 0.212470283911967 0.0409825462847737 0.124258732423402 0.0971266951479051 0.236852872210159 0.200747929729243 0.0182746934690648
0.165428561900834 0.221193899041184 0.0548369257312508 0.134905885118727 0.0437626287591037 0.0263599026714645 0.150390493785074 0.203121702992362
0.206599987780897 0.10609950518671 0.133211367246828 0.194655708879975 0.0152338536356667 0.0803771592520672 0.0732457659355312 0.190576652082325
0.200048838775787 0.0870359286860436 0.0693442098668338 0.156798532716736 0.231346984977748 0.143585434510441 0.0287892863956479 0.0830507840707622
0.0742512045025388 0.231860073515938 0.0465006713665611 0.198660650999999 0.0766166396152279 0.180421061272737 0.00502865820369688 0.186661040523302
0.0857480260122159 0.271277446822687 0.0317967602652121 0.100945687244996 0.0213950388902777 0.137029746038229 0.109941006134258 0.241866288592125
0.105920681817807 0.0684162473481728 0.0700016233718546 0.243741904807983 0.21552871769557 0.0515660547510106 0.0253665308863337 0.219458239321268
0.160139705144644 0.202132912369437 0.0403797464741341 0.174132958565734 0.152326271416483 0.0553220417743633 0.0994695252849701 0.116096838970234
0.043534579396977 0.124635013257417 0.260704484050824 0.0899066173796524 0.0492232745500998 0.138634466384686 0.10944470426879 0.183916860711554
0.145848681079655 0.0141630846214199 0.339450032306439 0.0370288054139429 0.273529215355949 0.13365168204183 0.0525548727687673 0.00377362641199664
0.145882362853992 0.157737641125982 0.0401595629255097 0.15672153931318 0.136767274847279 0.158014968584394 0.0809553686870372 0.123761281662625
0.0516997697204596 0.0812417218336442 0.150906777584986 0.177405071629142 0.0964189168587302 0.215341713965373 0.0663698450466041 0.160616183361061
0.0857298419208586 0.134418156084358 0.109632938548371 0.188421920471028 0.0932429291325041 0.110271432156344 0.0702918821094173 0.207990899577119
0.111561547495677 0.230118802493724 0.0471919707569711 0.134647748822791 0.0594046873877631 0.185637223409737 0.0748998476650392 0.156538171968299
0.205481331447711 0.116268834076293 0.090143206161721 0.208996635503253 0.0208540691040364 0.179022842286176 0.089125783403323 0.0901072980174866
0.0953965664569806 0.0472480260129994 0.219804324159406 0.184267449104675 0.199017646404538 0.0191778535052582 0.17639204251912 0.0586960918370242
0.207142154673638 0.143773193064987 0.0799311756414357 0.137325952484314 0.0651951579213821 0.157029593949521 0.2033237796651 0.00627899259962305
0.184815674175804 0.0422481564762159 0.141640003602432 0.152246190928238 0.185081683297649 0.145567350631586 0.0570465370216827 0.0913544038663931
0.197080225290941 0.0919096983364525 0.231908336327551 0.0077621009148096 0.132834875147732 0.191175111453309 0.0823770956107671 0.0649525569184384
0.205683621194249 0.0694914498482987 0.0386439083446438 0.0957944237065059 0.225286139042256 0.181807530808217 0.133712562193501 0.0495803648623286
0.00399662617793092 0.371701544287261 0.0907299679820183 0.181797166814493 0.00806676993307651 0.104217080927102 0.0972813519252585 0.142209491952859
0.141589688392036 0.137350927403835 0.183526230280317 0.0588329870833088 0.086188805456637 0.0457882531205046 0.16451214252577 0.182210965737591
0.22666214202772 0.0502423149648522 0.138876450406021 0.127199991086323 0.019839534757306 0.18767859536281 0.148405552441804 0.101095418953163
0.248236151435157 0.142615604420438 0.199843067859348 0.023996531106637 0.00374521326826195 0.199959664241492 0.0501286745716271 0.131475093097038
0.0964831600900756 0.0732340297024909 0.254797265418685 0.101783848128878 0.0855405193732763 0.260064596971037 0.0137439555745546 0.114352624741002
0.0277685415729131 0.121611319673094 0.0568674275315729 0.10407043284936 0.13917505718667 0.220460987925723 0.29590350849443 0.0341427247662371
0.0777282983187218 0.247458332159937 0.0855776457896835 0.0216056843615709 0.0658874884027415 0.100510268003405 0.241602930772132 0.159629352191809
0.0672613490345882 0.303188281686483 0.0571734064958442 0.0733909370162812 0.125766343002965 0.104653745448413 0.0538549471939051 0.21471099012152
0.254345432082621 0.0613219946425904 0.0942392638131113 0.0184049980157651 0.11183050609443 0.0855523453351941 0.219484296190249 0.154821163826039
0.0682876328058068 0.193287237959853 0.229934109291634 0.0917004808123576 0.225267984280564 0.00908405737552326 0.131499674402846 0.0509388230714148
0.106591878575689 0.177898957207424 0.0582706019790485 0.153651097968094 0.0894826286720243 0.191339820833523 0.209115616611289 0.0136493981529095
0.124512125758685 0.0690089181798688 0.0564354111810408 0.195868718428026 0.12908263890275 0.148737031949174 0.124126646366231 0.152228509234224
0.228166307177357 0.103070765430211 0.246568323458093 0.185624088096759 0.00530949933134027 0.0422735594630831 0.133284501416731 0.0557029556264263
0.093222865545793 0.146056038377797 0.195293957018268 0.131304279526794 0.0730427915562776 0.288599622356696 0.069825914905979 0.00265453071239584
0.0922547431942162 0.0957908703907827 0.231544589428454 0.183244925670132 0.190848609375233 0.134855884059298 0.0166194596282776 0.0548409182536066
0.100429031749464 0.162209186246036 0.119675411092367 0.0904962486324448 0.103968287246974 0.0698056783583358 0.0783400723515354 0.275076084322844
0.0137210415301452 0.174001858686683 0.214994927189459 0.0305903549501337 0.0150270839762215 0.14091644878218 0.282614359439347 0.128133925445829
0.138207220937239 0.164744055568487 0.084895250941152 0.232667913618989 0.103420655290844 0.21646124021155 0.0430628067618328 0.0165408566699063
0.0159660179912941 0.157562118760047 0.0832967276792679 0.095436694229678 0.0705542308381987 0.173475223555439 0.17383525219716 0.229873734748916
0.0163984364422533 0.163104049295459 0.0606023673675933 0.197502089607094 0.238526520892876 0.20463453755966 0.0685435710076244 0.050688427827441
0.0536476347707045 0.161056545099021 0.13085737975889 0.280696601929956 0.181628453420803 0.00852526841828568 0.0942117225874687 0.0893763940148714
0.0591694556775445 0.0874757614264925 0.145850723608846 0.0766179372303033 0.171170294167694 0.204525921696297 0.0400754224690241 0.215114483723799
0.041088187385678 0.0533152847745733 0.191834426566931 0.055793702070512 0.0717981065139425 0.310257136400074 0.0244562944212047 0.251456861867084
0.0681227486825505 0.0911716876816937 0.0576450596409473 0.153525469293471 0.142864796242415 0.257754427135904 0.143935625404953 0.0849801859180659
0.0295434152119338 0.0457014069167053 0.20881823127293 0.119836313475103 0.0545326631870155 0.202588766728587 0.210005343766429 0.128973859441296
0.0250511109410736 0.241361475036277 0.286644392393851 0.126964282421398 0.0278905029790482 0.122313218657955 0.100728074908834 0.069046942661563
0.110320279502504 0.187249558590926 0.11937089611947 0.198973842799663 0.168482326368804 0.114829699807366 0.0691529770514722 0.0316204197597952
0.140780825826879 0.13291529695224 0.0165125808532073 0.0598608207530324 0.192547727059124 0.173943230231955 0.17156817494854 0.111871343375023
0.0607103173528495 0.0058703211504725 0.0607842923894571 0.213203639836058 0.194180750968068 0.0100283291173979 0.391507611888813 0.0637147372968833
0.00597938714767295 0.136271046631765 0.0914909731880997 0.0395791547996731 0.233577863224543 0.109305397882942 0.176850444160651 0.206945732964653
0.160526081779376 0.147861057986679 0.0634710250712629 0.0974225381094422 0.0525739744748077 0.157586914201933 0.195701164074278 0.124857244302222
0.109904045780566 0.212996147842781 0.123871836848852 0.135711440774858 0.0888095266541447 0.026978736991441 0.181340497012938 0.120387768094418
0.10375075893927 0.167020349702241 0.0910935165840964 0.210940430868654 0.187584649015515 0.00812499963032199 0.146018896169125 0.0854663990907761
0.0923365742466843 0.073469025970846 0.0616396720784107 0.0644313134896952 0.201411774237461 0.22211626457721 0.138080578839829 0.146514796559864
0.195784653198313 0.119810176506021 0.135441936240563 0.0638281711137028 0.125392627752641 0.075953888943941 0.111484742011522 0.172303804233297
0.116497223541606 0.118357856072656 0.0186584646934936 0.0635923656997416 0.234131047761143 0.137239053032087 0.0740122556969971 0.237511733502275
0.138328724436453 0.17594448544707 0.276464403258395 0.122955781918098 0.0480653504791306 0.15384750112144 0.0697581020039364 0.014635651335477
0.159183194740104 0.23398089406179 0.0964023532772549 0.106378329363279 0.0456646836219607 0.0251475954617175 0.225547264079456 0.107695685394438
0.283456316031555 0.13115562378408 0.25511405006641 0.00804074234250303 0.0928328566074059 0.0469996321406951 0.0447478098964651 0.137652969130886
0.130813135580869 0.097524212724234 0.2967424621165 0.1103815659461 0.0609056588317211 0.127261981804341 0.0398866792733841 0.13648430372285
0.0204365140227917 0.184141373138327 0.113408937827908 0.113937757650206 0.0978790261048285 0.150618243146173 0.119207347070989 0.200370801038777
0.135497875372333 0.200288513128766 0.0711777313787566 0.0911575514577369 0.0972438616522101 0.123031410940712 0.124926623440874 0.156676432628611
0.26369794580515 0.0749289234809726 0.0662943574240842 0.0457893021193272 0.171620479497537 0.151207159865224 0.220870726870137 0.00559110493756803
0.0244812701940588 0.265572966313092 0.239902476437687 0.0689908750640017 0.0221626972741612 0.0529300455602489 0.196065653517888 0.129894015638862
0.203579378589514 0.00837344607162578 0.00929085360688746 0.259170767396961 0.0869231451961913 0.120288669676324 0.163999891508106 0.14837384795439
0.0845439553359436 0.132239013677386 0.203564235625007 0.186759531382974 0.148232134409067 0.0340555153114906 0.0920862210196524 0.118519393238479
0.168112773570627 0.158838761912202 0.0606215787183095 0.159662996637596 0.0917035127234083 0.128353840577222 0.0838015937729447 0.14890494208769
0.0295436474799137 0.00171278082363539 0.209452025574995 0.091745619699098 0.152011897768859 0.188418712805659 0.102112861352017 0.225002454495823
0.127753236037065 0.040091694691432 0.143911662566539 0.138927631961361 0.186953651969034 0.150653397576303 0.150876383171489 0.060832342026777
0.0596793429303449 0.178361265593624 0.153873880547298 0.143613662924824 0.196486084557921 0.0136354588338612 0.126240470076152 0.128109834535974
0.0728292344119368 0.240966451197858 0.0271679566663757 0.17318657027974 0.123665725318242 0.116078797740033 0.155145094188583 0.090960170197232
0.163351320933496 0.184308283906988 0.0827521795781607 0.0017027381156949 0.11308616901282 0.0987545305831421 0.163971082518249 0.192073695351449
0.201809506203465 0.0660358860850467 0.248090578887626 0.0441575775995216 0.232029763548731 0.00630756424020839 0.106200843447317 0.0953682799880838
0.142054859885182 0.0637622513710124 0.134291552724339 0.113388451084361 0.0131541225833486 0.270374409621924 0.189099434665635 0.0738749180641996
0.044126028493521 0.0912777091362204 0.176859492168185 0.164071138974568 0.0572779773599201 0.251172952038724 0.182381270599257 0.0328334312296045
0.220142059791407 0.0588598655132035 0.0480392478113048 0.184323741101668 0.167263984921439 0.222400170249768 0.064338639278339 0.0346322913328706
0.026252675842155 0.140507205015483 0.300177418360535 0.0434153502380814 0.0334653186827646 0.214076530947565 0.211410897256074 0.0306946036573415
0.00419762643975319 0.00803823266710104 0.180905214475751 0.243977575152381 0.244084882699103 0.209152929444761 0.0624455242108269 0.0471980149103227
0.190262217516996 0.116679511293318 0.0537222970376193 0.0622202961939819 0.150296574028652 0.0561767556279574 0.144658482099553 0.225983866201922
0.0183675436241841 0.108541553998579 0.0379794775373192 0.176840065222423 0.139170921035147 0.284800714549185 0.0201965716666016 0.214103152366561
0.11303234008033 0.206527024976757 0.118395016390865 0.166211879327804 0.0276200686509227 0.189143552032489 0.0690922951798446 0.109977823360988
0.0410131054465094 0.244641467516152 0.178690674506412 0.131380277800627 0.0502763943388035 0.139368910245314 0.0573084502385426 0.157320719907641
0.00748402291304943 0.0794474034367271 0.202464152083409 0.190021576703268 0.138747555736334 0.0588356729727785 0.23752710239434 0.0854725137600939
0.155640595411543 0.136745992367509 0.0784616341256905 0.155167090190422 0.105889800501102 0.152439278195332 0.0793854263857082 0.136270182822693
0.015441994105047 0.00357585951759705 0.278381361646027 0.11039218772211 0.0477527725067323 0.13385397251229 0.140248921377573 0.270352930612624
0.0497869658324029 0.194691734067514 0.212481749305659 0.234436742327195 0.113508745695538 0.171840082776813 0.0133188756329713 0.00993510436190752
0.100379415541464 0.145235474900662 0.130064277461083 0.137315988287244 0.134230834364018 0.134947674525265 0.104921558855715 0.112904776064548
0.160077622697851 0.128269530865637 0.18027457934532 0.0476093950350899 0.249556096281398 0.0659487909464643 0.0855708596165221 0.082693125211718
0.0953391037837941 0.221620018777565 0.210158772102855 0.108767651217773 0.169173948835878 0.0779319949349327 0.0565872639098514 0.0604212464373514
0.143912670472383 0.00168400872153025 0.171630479385063 0.265664143346819 0.132604747471736 0.0345008371258155 0.176417151121973 0.0735859623546796
0.197699465441955 0.178390214740217 0.117188914947872 0.00997473538973857 0.080329496087325 0.169842130688589 0.174693537829517 0.0718815048747868
0.0661754936532088 0.149143983726156 0.0324013205085221 0.0429159577846809 0.132478187738694 0.206399731701301 0.184965734251678 0.185519590635759
0.161800209021506 0.0805056354447796 0.0325203727051613 0.217155913283795 0.0511619197719897 0.252889188956373 0.0236495322547273 0.180317228561669
0.140352654733173 0.187273379017437 0.0466446222940773 0.0989333197679 0.230905214091694 0.220275772609036 0.0473462050935042 0.0282688323931785
0.0688421998524882 0.0487852301781908 0.144977254907115 0.131120715098892 0.227941358926036 0.200833695996161 0.0826981965972743 0.0948013484438432
0.0373793584396102 0.0713518646060783 0.13343138828916 0.0667170037650861 0.0567846161970618 0.255617264176192 0.125657587737329 0.253060916789483
0.14952826689366 0.172886694133726 0.0566752355827106 0.092850429556024 0.104748915743841 0.18368558609704 0.0878977867645905 0.151727085228409
0.168763604898525 0.0848437352586001 0.102760141489811 0.254371577003052 0.206300085931603 0.0124437196965228 0.079701427405399 0.0908157083164878
0.258327728433475 0.0285877168630384 0.259807372718141 0.103656836634213 0.0682018321443916 0.108655915378936 0.0711146107597366 0.101647987068068
0.0301588404181352 0.0728307983899204 0.122055836867652 0.0412751515452273 0.106297577493644 0.371888405554315 0.117991535687014 0.137501854044091
0.233461903392611 0.170912072216584 0.0449640623744334 0.0400368152819793 0.0920826916341974 0.162081206765192 0.0163917675157141 0.24006948081929
0.213261390435431 0.158288873027817 0.0598872744398147 0.0535346967575322 0.204371884980412 0.00821389947519763 0.13083061132872 0.171611369555075
0.199401823370106 0.00246367421344282 0.111713688167778 0.0627359364134714 0.162144535785815 0.187427173348167 0.206519802951393 0.0675933657498275
0.0576130980467718 0.040153463961099 0.0102296569550186 0.30152851818065 0.151255613432647 0.195658994600025 0.15570139628625 0.0878592585375397
0.0156014339721533 0.106501351706195 0.0993727157783167 0.159466246152074 0.154171660988722 0.200477642774038 0.051012221746078 0.213396726882423
0.118730687960285 0.184262189333705 0.085351148047469 0.137713374826855 0.0588165695612619 0.121063555010707 0.0813821077793897 0.212680367480328
0.081754195454869 0.0827313219931562 0.151755107814048 0.143933489665555 0.128897948854993 0.165534439559522 0.146165650330202 0.0992278463276549
0.00902987560219855 0.0469047276278624 0.127277904260355 0.169933736702159 0.0220605460585693 0.234971640884067 0.22348582386513 0.166335744999659
0.197913323643963 0.0737114210110538 0.177709380841824 0.140713406159582 0.0697213292888229 0.0610326317047947 0.202195496179429 0.0770030111705313
0.134270360052826 0.174741460876194 0.123261066886817 0.168521544812974 0.0639823263186614 0.103324882801299 0.0378342814892775 0.194064076761952
0.0222586027596608 0.243077022319469 0.0291692815527445 0.102322109571847 0.115681849930923 0.262442898157588 0.087476261560063 0.137571974147706
0.114653845227504 0.176929745858012 0.0618310526172705 0.0633315856558387 0.173955005189946 0.15745073341083 0.0872637578262245 0.164584274214375
0.25259684125409 0.0624865096209689 0.0568708592661951 0.0644443168902573 0.00222638509426019 0.0413875654206572 0.261989228790938 0.257998293662633
0.073257322079268 0.190856896121298 0.134780460367008 0.00534456915405431 0.151996713502722 0.156576114475957 0.137890635812433 0.14929728848726
0.161821134026411 0.127579563558241 0.181214563244954 0.00684346794158445 0.174172042865431 0.156234131506198 0.143927971296102 0.0482071255610787
0.107841158357495 0.10825808682875 0.0132497223475108 0.0834069701999914 0.0074778148063317 0.149411067320789 0.276479211285016 0.253875968854116
0.189620535650404 0.0638430052051278 0.229577374457433 0.00472879410684756 0.0543123816097698 0.182055224819913 0.271377545920025 0.00448513823048071
0.167363580447699 0.218606255490517 0.0468000196354112 0.226802637470089 0.11216328356071 0.0288051779918002 0.0902896452995299 0.109169400104244
0.0309791062086996 0.259940724554685 0.238690765608465 0.0263656302514132 0.145174023815595 0.225615489618903 0.0685437282882125 0.00469053165402624
0.15364474612161 0.293779948690203 0.155489310496313 0.0657901430386762 0.00369324692601016 0.160010527200432 0.108386087235709 0.0592059902910471
0.223961512582377 0.213855234731485 0.192773610832233 0.0290291594715431 0.1081336581662 0.0706643454761428 0.121154324334782 0.040428154405237
0.209702761484959 0.054588889600012 0.202366868205214 0.132773213196917 0.135496918714843 0.135751192653073 0.0126630765666072 0.116657079578376
0.0118836889723987 0.0837702866138028 0.248407567614045 0.0764628043639938 0.290249675924827 0.0516722343132531 0.00915047669527221 0.228403265502407
0.148551054836021 0.200090318221121 0.00670424590508944 0.06143992805698 0.166837055029804 0.195564798060336 0.0635266512231297 0.157285948667519
0.0966481454331159 0.0845947663000879 0.0881664524367936 0.182534671571641 0.188187979522886 0.116911742393888 0.105253892263222 0.137702350078365
0.100715004475022 0.24101758627015 0.105134176532476 0.203539262345663 0.0257574482389158 0.0286652239800072 0.191727859262468 0.103443438895299
0.195519426675801 0.0300527895459736 0.113428849776248 0.0290358158616369 0.195744723355087 0.187332385999708 0.0878996423113257 0.16098636647422
0.259210708246446 0.144648313162384 0.177776369573244 0.0189547115914875 0.243670835018405 0.0387587324472926 0.0115771840869294 0.105403145873812
0.116577802988952 0.19420178406195 0.229943354056755 0.14222181229408 0.0011950505179552 0.0860927068735146 0.0694623712842018 0.160305117922592
0.176918101994656 0.182107499377701 0.00940146659584999 0.120682114932798 0.0650274871174435 0.153360155470753 0.202793787921566 0.0897093865892328
0.126167262639023 0.185339140194751 0.137240716572184 0.132267635867932 0.0228052383694156 0.10611243874454 0.176005209849457 0.114062357762698
0.0147318509778448 0.230424570523318 0.201109730221978 0.139382132282638 0.0113088555789179 0.0799879126074466 0.164920795266383 0.158134152541473
0.129846710952507 0.163686504920033 0.0634107957654217 0.181946774493254 0.13363020225322 0.151122736760289 0.114614540255517 0.0617417345997583
0.294103939335962 0.0752646659354044 0.155830653067775 0.200721286912922 0.00818341968440942 0.184374166269812 0.0459904261610092 0.0355314426327053
0.0893954510455492 0.0183372936879034 0.144223524759345 0.267623441557754 0.136640262417158 0.262738021745613 0.00132421743436235 0.0797177873523158
0.191436684033864 0.0794140579673598 0.114296502396508 0.112803443309895 0.140521983876298 0.13656204670156 0.0755473770119795 0.149417904702536
0.105354860487322 0.0215867937797883 0.0827110899868828 0.041084058596534 0.20439827679534 0.233048632769502 0.0883368710838039 0.223479416500828
0.0594720756645067 0.0303001001939824 0.147834863596589 0.0994193731167726 0.00591073208270574 0.175539471073549 0.204320343124716 0.277203041147179
0.0853520053534457 0.0605188409911339 0.148706555614556 0.152117737594668 0.215101435277871 0.1175542043964 0.163788276032942 0.0568609447389825
0.258800850541127 0.0247712703524896 0.13023911025992 0.0242393396515904 0.111134486755918 0.0839291307407928 0.205940033455978 0.160945778242185
0.0274186771385303 0.0807852756966332 0.171272476845315 0.091099808714162 0.344521466905017 0.0821730750810137 0.201197639608592 0.00153158001073636
0.0754583131010846 0.276781033751018 0.0410624304972331 0.0019673100460206 0.289490541462568 0.0236387262932476 0.171288155833123 0.120313489015706
0.308852083511268 0.102966375417488 0.193320081834547 0.0113973995800882 0.0163213771869701 0.0369427083672528 0.258537032155934 0.0716629419464517
0.0344745006623358 0.130125819904557 0.132223709096054 0.210445846589758 0.0965346205618531 0.147339315924153 0.0514629961336054 0.197393191127684
0.183172469514758 0.0622400433831924 0.106319287764919 0.200694771654507 0.0661942351909042 0.031890178956071 0.151731355916878 0.197757657618769
0.179760018420931 0.0389834566021274 0.171009919805663 0.170072263699017 0.097384088732226 0.179762195714758 0.114622704652447 0.0484053523728313
0.109896791864686 0.052216535056256 0.114080384670577 0.161724008355111 0.101807279571935 0.156317664305793 0.216376478913955 0.0875808572616868
0.176819031857226 0.0829626710217541 0.00861101455946671 0.192568574946927 0.103096975025927 0.0551515960178863 0.186748420259222 0.19404171631159
0.135332851199656 0.172353467886654 0.196711216343837 0.10278510345871 0.0745138158918435 0.0572356070459169 0.226496073080815 0.0345718650925672
0.244783400051921 0.0769029542432471 0.221404004415836 0.0673976729483536 0.00929581506042949 0.00749950348311954 0.136352788046914 0.236363861750179
0.179233663101755 0.0134905697704331 0.0165110866722467 0.117655972095668 0.260128542579753 0.0745064865647525 0.294453296533001 0.0440203826823902
0.0142630926835372 0.185550497289565 0.170839512847973 0.0914192845619559 0.124287939462798 0.160690135814201 0.0921442577318155 0.160805279608154
0.0967592195770249 0.173080999139429 0.196200710734102 0.0915276811403536 0.145285785898039 0.168409670662647 0.00470658824982735 0.124029344598577
0.137214998344019 0.0295349537599596 0.0511798383540987 0.133877702886049 0.256880533635185 0.0893896404142714 0.145398890800561 0.156523441805857
0.137266692391707 0.113382516496098 0.129482927166478 0.145919968065166 0.112269974149736 0.0924478983747689 0.205684142267729 0.0635458810883172
0.215518093502177 0.127696993857115 0.161431743349777 0.0592179412352626 0.175084303713549 0.118094183963589 0.0837588115294837 0.0591979288490466
0.218894544405788 0.02039934723688 0.130477928536189 0.207983955622581 0.0887964654226336 0.213198843186504 0.0382007385449443 0.0820481770444801
0.078546718290999 0.139129166656107 0.11889019971991 0.164024009474067 0.0489215997988195 0.188732468162072 0.095022994876136 0.166732843021889
0.196310080949108 0.0188795525627081 0.200200953830938 0.0328580346978087 0.0662279054801045 0.216739854527352 0.0720687790874236 0.196714838864558
0.10818228627785 0.00321850925613972 0.313021054677988 0.0553640573373481 0.0643258043587078 0.105480126744712 0.0791455045015107 0.271262656845743
0.151368042659961 0.0493575957596046 0.238912077723229 0.0416990867544442 0.287849326589414 0.142431959329841 0.0440734102845497 0.0443085008989569
0.113821428126853 0.135811310756763 0.0151684344235257 0.158613760918108 0.181663657061064 0.15865624342587 0.09349570088669 0.142769464401127
0.291756868962371 0.236114650105058 0.0273057412325447 0.153904728733445 0.017135833588611 0.0342622646307199 0.0392775899739409 0.200242322773309
0.201455174765992 0.179272040375446 0.195418751028013 0.159460797537312 0.12016422009428 0.0293970236366958 0.0579260546412943 0.056905937920967
0.0853499928172471 0.134264228366815 0.193435846468201 0.0408295633427318 0.172831799288878 0.0907687435383614 0.269570617978727 0.0129492081990384
0.00579295014735162 0.112801285013154 0.155740178477162 0.0408371490979334 0.2428838584333 0.119234212394403 0.215794786016134 0.106915580420562
0.0097162270783976 0.101994010404318 0.148917972341348 0.210297045080485 0.0400185457018827 0.150594517093187 0.125036177784939 0.213425504515443
0.136310719339047 0.200382810627259 0.0145418235201119 0.201441273910814 0.201669380254132 0.0548887904375718 0.157760044935654 0.0330051569754103
0.0921865382050475 0.0205540003546626 0.268303858102833 0.238741422153013 0.126886360097104 0.0578871115343175 0.0322715067481853 0.163169202804837
0.0138748839785016 0.00933760902469595 0.193678789408867 0.146206926646442 0.179810441373812 0.116165364028334 0.0912995345020601 0.249626451037288
0.0964821719457117 0.0278635807441993 0.062659516761446 0.177951289311829 0.0121786583087194 0.0213375989619212 0.243806289979452 0.357720893986721
0.0897881116912474 0.219750208790671 0.0242266494279052 0.172097846848427 0.211921793318979 0.24054453337319 0.0412262637308534 0.000444592818727806
0.220178396260372 0.172421259454446 0.0555758665903541 0.188670990585959 0.0976881409871902 0.0928500945991279 0.116199414369676 0.0564158371528747
0.0594388684148242 0.124007475331762 0.151296903350606 0.180136821847187 0.0979256239945472 0.209676919553266 0.00679726430094988 0.170720123206858
0.124381139894447 0.141040124186111 0.187851124297013 0.144299416390992 0.136368784162706 0.121590382452325 0.124919929703825 0.0195490989125807
0.170755561300446 0.20321057455457 0.00434980543395666 0.170405424300325 0.057923045523807 0.187202445838504 0.077219051848674 0.128934091199718
0.203646042998882 0.0109370398730721 0.0926303541260689 0.0221429143458332 0.189436281044947 0.145123578544327 0.2496301066336 0.0864536824332691
0.0299687336057958 0.14542846708162 0.0825432490849272 0.157537984197183 0.0282042726594083 0.214873842997441 0.208446320562905 0.132997129810719
0.183422833843492 0.0819339312587264 0.11873102468261 0.0195995285912354 0.247639837903065 0.15203882162633 0.0323650745391416 0.164268947555399
0.229575846598516 0.164301862971195 0.0896796413805726 0.0874284287773638 0.0581088265044802 0.206431317464795 0.122935685101939 0.0415383912011376
0.132297355497632 0.173787602291089 0.05640186081678 0.0171549692654634 0.233243804217056 0.111324618620749 0.152524344044298 0.123265445246932
0.0386886409048283 0.274303476737075 0.0282921000486802 0.251657173272341 0.00380915017596297 0.05729126515366 0.0710494216892876 0.274908772018165
0.197839801777667 0.0730763128700982 0.2062398460367 0.0186884094000008 0.0789264317020407 0.165495521523931 0.0803790551760657 0.179354621513497
0.179764770769933 0.0358991605983635 0.20497903822989 0.182117394066191 0.0730951122423771 0.187932489070335 0.0680475623220437 0.0681644727008675
0.0852520074059044 0.205519347647366 0.00126778219658589 0.126400984447763 0.132119199839505 0.155577360149212 0.0984286418556847 0.19543467645798
0.058044410604769 0.027095968727376 0.200674929565587 0.133101038104281 0.158097542716735 0.172413485613931 0.101074259536227 0.149498365131094
0.0140796841234719 0.0335341952349784 0.310349587665644 0.0305080077878394 0.338333324501145 0.0382196768721711 0.137081435688623 0.0978940881261269
0.0623330873069059 0.167030314925761 0.0785032917343872 0.230939115249757 0.129568243119388 0.0875415640964066 0.240790955967247 0.00329342760014707
0.124254080198598 0.131726392261208 0.206640882131823 0.110381772380503 0.010033930755989 0.0656525966351095 0.232626361418235 0.118683984218534
0.075749407199499 0.0365944377056357 0.0936792762741942 0.000227663687844177 0.155311758876891 0.264368221818134 0.143690459374849 0.230378775062953
0.134987454029478 0.152645282407133 0.0169556232290788 0.129703789900655 0.0968522069156411 0.176695852907503 0.156806751743048 0.135353038867463
0.226594339619606 0.0973069729594356 0.194640126532637 0.0221370558124517 0.120276995994731 0.0437857348274943 0.00140997253616211 0.293848801717482
0.0196483569238311 0.221883406407527 0.259533437756827 0.103230742401252 0.124001533628644 0.156066770234736 0.0771743571240715 0.0384613955231126
0.00198292526084066 0.0469032646963944 0.270984233341363 0.0343433824730103 0.0485484767787438 0.139823086768621 0.327133657687314 0.130280972993713
0.144006668523739 0.222621005636079 0.0677270590211764 0.00104476292915758 0.178678313325363 0.204327698629153 0.0274155621133314 0.154178929822
0.178011566089918 0.11765693249514 0.19978581264692 0.166690603323622 0.0918999869320605 0.141707487466156 0.0511645412820329 0.0530830697641509
0.207420129637195 0.153497483752355 0.160696939546921 0.0712025744014546 0.118359000191182 0.000387968102237265 0.192341169641933 0.0960947347267218
0.00081438426531531 0.277922310787919 0.180879715584355 0.114119057715485 0.170952925284588 0.0998290043943184 0.0843752997399346 0.0711073022280846
0.147559908942119 0.184061692986377 0.110346951206863 0.0923651774683785 0.0178702519339634 0.20901602594811 0.18892390641274 0.0498560851014505
0.0419509359375125 0.282988889076711 0.10862927021455 0.180527305681824 0.115761114890173 0.191627401193329 0.0227738792706799 0.0557412037352203
0.0266901343941019 0.179686500896781 0.102199802480519 0.183430169976691 0.0503905706134818 0.191795578721709 0.190232160646986 0.0755750822697296
0.0201660258633808 0.189691592089235 0.13683849846832 0.296613733782428 0.0223786000879701 0.0833174080643462 0.037510452065119 0.213483689579201
0.0694607756249171 0.193753512476612 0.151679927164557 0.165495726328658 0.00209728070442085 0.160169158090017 0.099675449617201 0.157668169993618
0.00950541841958199 0.0364658810567434 0.147242128121334 0.182784125277956 0.160822739615315 0.123075191068092 0.207647289570385 0.132457226870593
0.045305574702188 0.12976504116047 0.146308419096287 0.170810336286945 0.14572250633741 0.0546550267446363 0.108610288280118 0.198822807391945
0.0185359158964747 0.189530669708329 0.114102114553615 0.05042884554724 0.0339911419666159 0.116011183008852 0.111133945940946 0.366266183377928
0.0710971829882044 0.143088561829056 0.222903436436925 0.0281308773370825 0.180064955422097 0.128972665158967 0.185430307262567 0.0403120135651017
0.144591133205183 0.0127053752733952 0.0314614465676266 0.145970103746448 0.153060125730482 0.0372807254762349 0.181623806566388 0.293307283434244
0.0183719642212388 0.102370291590074 0.176492787842722 0.089979588212749 0.106403256502717 0.154167767639676 0.188607190991923 0.1636071529989
0.171688072559271 0.18033688432462 0.00957194783938382 0.062351310031167 0.0651599458791293 0.166554432230821 0.0984495711835968 0.245887835952011
0.139417651664426 0.281541915709964 0.0199159232982865 0.155490475458782 0.218919529006887 0.03185479570483 0.0848147347076255 0.0680449744491988
0.101944273048385 0.160228345708615 0.121695567620488 0.179038531555445 0.135803265876474 0.0254200726774133 0.215715901503352 0.0601540420098275
0.211525156721712 0.103562387203171 0.0368732907119423 0.0770169977165778 0.212506647669146 0.0990878777989527 0.075840598480114 0.183587043698385
0.108657900756649 0.0626324597991242 0.168814503842688 0.153413936874837 0.0878690663338467 0.120411946785996 0.130056719617875 0.168143465988983
0.281202440163084 0.278516959705879 0.0770322940571848 0.0479211147558759 0.114574953190897 0.0724412212694324 0.010473998041875 0.117837018815772
0.0464215183945894 0.094718174606984 0.0986419538201239 0.211490933775941 0.166004548519145 0.0833766435716189 0.11039384000755 0.188952387304049
0.187838468570188 0.0838736647257786 0.142709899189788 0.184970424841642 0.0970663742127946 0.0254720355051769 0.0742112117755841 0.203857921179048
0.161279371613826 0.193320065991092 0.0206881469640845 0.0269655658813787 0.157530772366687 0.242284736299865 0.0687117069823931 0.129219633900673
0.190738735992887 0.0939612645563205 0.188607580268283 0.0938150617800501 0.112843035769428 0.0162512624960178 0.102187859928501 0.201595199208513
0.205210949747339 0.0549998944946305 0.164517634935633 0.109642216646026 0.12698672804773 0.110063304608105 0.0614619395838752 0.167117331936661
0.147898179341024 0.244093551170078 0.0539651509113956 0.184671864127861 0.0222488265309941 0.293196384539542 0.0534262516802452 0.000499791698859876
0.231518922163779 0.0977527889092666 0.116249252425673 0.120734016784112 0.11068976119923 0.223047639768245 0.083740892259361 0.0162667264903326
0.158281752236572 0.0155134902425888 0.0283358671923614 0.192911537042268 0.0284586330440852 0.264812255939144 0.222304852253343 0.0893816120496366
0.0510386991849722 0.250858748056401 0.140012655606917 0.0482287936424289 0.142883559271925 0.0304248400363998 0.193699966811944 0.142852737389012
0.0609531164038338 0.273947365911215 0.131083633045574 0.042523742202696 0.0146140109174674 0.0220981316458391 0.370693526155137 0.0840864737182375
0.00464418429015716 0.00628011116529938 0.144795123570051 0.110374686047981 0.219111538741155 0.227647592861375 0.229527507446793 0.0576192558771874
0.128188624641505 0.130872478382825 0.137225894878472 0.111351064623941 0.0996936502080376 0.111202065452935 0.144786357623944 0.136679864188341
0.175785909678403 0.0935941614981614 0.115663212273667 0.185531539546805 0.033124234134246 0.156725737782356 0.16561183712121 0.0739633679651504
0.089955686697437 0.0841805547925024 0.0592143268816257 0.062366718197191 0.160781075147108 0.187257737553832 0.167076281607379 0.189167619122926
0.203494224060763 0.226068562302994 0.118295723081088 0.0125312111007572 0.0661811851184913 0.221236593073662 0.0687321971660231 0.0834603040962212
0.123286123698246 0.0588508866524625 0.395265077400576 0.0181871423960245 0.0177306954508496 0.0455665939635553 0.20881785287735 0.132295627560936
0.138215212104273 0.198134084118585 0.153030136907524 0.155172536088255 0.145392482030011 0.139544933173742 0.0371196211653727 0.0333909944122383
0.0327541232353477 0.097035952407197 0.0427424548614636 0.229255250211184 0.22310527526088 0.139265749709646 0.232798285560611 0.00304290875367092
0.176659681468191 0.111239939170929 0.102447924594886 0.14286855877687 0.162931734587988 0.191854456760942 0.0502378443690101 0.0617598602711838
0.14910244563426 0.160045993864449 0.0513415712305789 0.129282900314508 0.0933131135093557 0.149751171607842 0.138687209090284 0.128475594748723
0.0926086277826926 0.13197196243073 0.0785390058940429 0.112317193089396 0.164175969523282 0.143307290037621 0.131271365760452 0.145808585481783
0.0936927963581867 0.193909566960726 0.192364742626036 0.150190439012188 0.223390438640664 0.0168701991459175 0.0611671164326598 0.0684147008236222
0.202693019902467 0.0536338332872083 0.148175416159898 0.216007311922298 0.111358085168215 0.0449677368104068 0.201183738573785 0.0219808581757226
0.0750881641257899 0.129186701035256 0.106145975052309 0.183166191378209 0.0549589974093218 0.240309097668622 0.0490289347555558 0.162115938574937
0.103550085867274 0.12613193248274 0.0550886309989187 0.206522217996021 0.129407399179592 0.238068147964726 0.0635396667987704 0.0776919187119579
0.0462191104502429 0.0349951162649859 0.0476827507058968 0.0960798836226304 0.0221466826222768 0.118754394441628 0.318984491102843 0.315137570789495
0.0478809179079907 0.168693992284585 0.133326813527651 0.120088823924297 0.140627887295905 0.131362444996921 0.0946041090055395 0.16341501105711
0.0906710860478775 0.276240129920536 0.0951616241481037 0.0929116529073083 0.22047545995396 0.0620276609138199 0.0285886999889633 0.133923686119432
0.251335382967161 0.198238424783298 0.18436484940428 0.0865123676632212 0.0519689359248363 0.0778225934231979 0.0400481455862464 0.10970930024776
0.209414121127179 0.197555617820212 0.219573100209774 0.0273280364783775 0.110555105416419 0.106239848342851 0.00389573826216169 0.125438432343024
0.091080892025197 0.082111202369446 0.134864212497365 0.20260745504636 0.10872510160325 0.174058333560702 0.140596710581096 0.0659560923165832
0.327815230346598 0.0929234767745311 0.160207699829261 0.0417910436951482 0.0393906979072882 0.237202101368492 0.0311189214598357 0.0695508286188461
0.183871788654567 0.214701721368781 0.0948993967013729 0.0795085968202245 0.154479165992562 0.0163218589437085 0.241931629212894 0.0142858423058896
0.00974833199038831 0.00675426513938732 0.162586009583171 0.201145671413273 0.121903232126372 0.189869292914887 0.175755410680615 0.132237786151906
0.0410600204325439 0.20132554437617 0.235473111384065 0.0141734542453273 0.225473607061199 0.118604093459127 0.0111409677294302 0.152749201312139
0.250254596762105 0.0063178706224188 0.0237061927640074 0.0238175055815181 0.0306158444409116 0.0878477699836341 0.247168080645742 0.330272139199663
0.165680280174944 0.0729175923559676 0.0820295649576303 0.119903396215304 0.22772428969107 0.135710673886758 0.0694302062371373 0.126603996481189
0.167818826252203 0.0398062627057755 0.170184218483977 0.0938264750794438 0.156568108145516 0.0776836927734954 0.14725200951367 0.146860407045919
0.157174699453414 0.163130851293085 0.085862174122845 0.198545528211249 0.055621955930787 0.0478023539082659 0.182086607244477 0.109775829835877
0.182687764855978 0.157406749906559 0.0748039861650338 0.00689649392452165 0.151250249236931 0.155523242289953 0.141707889799334 0.12972362382169
0.102333240125386 0.063542920330329 0.110746032692312 0.228870707608983 0.103030884168875 0.157077788958364 0.173236364044663 0.0611620620710871
0.194716655280613 0.231256678350295 0.195065072907185 0.01226763301776 0.0115693853436117 0.148729273805522 0.0772469659502157 0.129148335344798
0.0461559618587279 0.0733558753531786 0.00632206613998175 0.176948079242831 0.0636036788366178 0.218580056110752 0.200730858825228 0.214303423632682
0.20599155318214 0.188162813532508 0.125526265496039 0.0453342414042539 0.0718637219472466 0.0879551855043424 0.153488472159881 0.121677746773589
0.135726189824759 0.13245802076669 0.204417753663961 0.0646602595726094 0.231583309416754 0.0240006892810531 0.1354153428647 0.0717384346094725
0.2857219206824 0.123180252565265 8.61221419848684e-05 0.0313386919776429 0.202248001288351 0.177502645658277 0.105724547879534 0.0741978178065465
0.0533868948357221 0.162155996013518 0.235647855810559 0.141610828244549 0.237591945154776 0.0800112406087525 0.0497065405768016 0.0398886987553224
0.197711265425375 0.189954892603446 0.149612984427993 0.118140949472096 0.102369750276285 0.208892031445434 0.00338331452315529 0.0299348118262158
0.2056642198723 0.122983567346468 0.170337905883153 0.15650499087458 0.0718645187869359 0.0853208870255737 0.133072401941386 0.0542515082696038
0.0041923621966419 0.159713581938487 0.124452828427314 0.189782744926538 0.200511057528683 0.0905370095200881 0.0275894526679946 0.203220962794253
0.192953990921863 0.0974690429365199 0.179212299224275 0.110481173384861 0.109696071695368 0.0178330950819079 0.114920537269442 0.177433789485763
0.0245863300336273 0.18714283744776 0.147232589050733 0.17217354675279 0.245481883178973 0.129155707255593 0.0592470737436746 0.034980032536849
0.0227536158438343 0.316290637755239 0.127001840531857 0.232637186816297 0.046089839348845 0.0195384097904528 0.0459898519635701 0.189698617949906
0.198522293466158 0.0155885698794462 0.221489888062878 0.00331607392474795 0.0989677374361938 0.0127062514908424 0.223364807039096 0.226044378700638
0.211912877368305 0.102938471093884 0.0806492437859243 0.133904039708834 0.185179823843155 0.133542125668929 0.131409242492365 0.0204641760386055
0.207552928802641 0.0276676178823966 0.0802452740132078 0.174158552121713 0.197771887134086 0.0447199654322306 0.0868986961798259 0.180985078433899
0.199716663237811 0.124617412792008 0.181783414615572 0.131257763893147 0.184739390060098 0.130048510202044 0.0143216655791026 0.033515179620217
0.144297124469457 0.111081178611164 0.067505764130896 0.0997182318394527 0.0520909389841838 0.181145992086881 0.15023668113152 0.193924088746445
0.186165639176123 0.152744681431604 0.0925084312183592 0.176577587686874 0.07661839378438 0.186239170832532 0.109014609560817 0.0201314863093102
0.148671924391501 0.112171503013233 0.199663360329987 0.0337918662747521 0.155718249956747 0.0299367722028081 0.141177155955602 0.178869167875371
0.22410538297514 0.00523046966005362 0.167694879611546 0.219715510669564 0.0815769879198913 0.0221879536016328 0.200808842018162 0.07867997354401
0.100932078441192 0.152639521576914 0.0588347243148672 0.0925195746445161 0.128453012956454 0.134042110844293 0.174445789615201 0.158133187606562
0.118930390433041 0.0426734524927277 0.0776134275833094 0.0759436814879514 0.0602632349824006 0.00133974370230921 0.306422156023835 0.316813913294426
0.145612060780847 0.103517364393814 0.226706218967752 0.0811967756179613 0.0989059866245816 0.0752382709842265 0.219759733083141 0.0490635895476765
0.0178212397034005 0.218986789008964 0.0602859792108479 0.0634984227853876 0.134907398922476 0.201535701235369 0.169244555882025 0.133719913251529
0.167135215832149 0.15764896760796 0.0519374713121116 0.174475998680002 0.199807376595148 0.134819480635593 0.108153183906782 0.00602230543025396
0.200577454782289 0.0752907288996606 0.0725090496829203 0.269475075215346 0.0217269220885208 0.132378013209887 0.0986553782360663 0.12938737788531
0.238467045985661 0.0157205961359049 0.170933798552321 0.166410914259257 0.263818843256585 0.0455979043126491 0.0177065069545801 0.0813443905430423
0.0717826326259635 0.0792215474602318 0.18058554441936 0.284497693390983 0.104691484563683 0.058711428059223 0.19649094438843 0.0240187250921256
0.203938549509721 0.10866941629875 0.0677527973911964 0.0263221710095677 0.0367280850759051 0.10431646951987 0.250641899705967 0.201630611489023
0.27205993377056 0.154434219240851 0.0425001063258448 0.0935040603913632 0.152582722163998 0.0205331567838937 0.164549418334583 0.0998363829889057
0.112693168993143 0.233446884511863 0.265698518628246 0.0434571818845628 0.00404183496770042 0.147210879351589 0.127660401023591 0.065791130639304
0.0582811922113509 0.0108615780801595 0.0650039504487644 0.258874633167716 0.0107097058627437 0.297261043000316 0.114856943470364 0.184150953758585
0.155659686506676 0.00657310999520566 0.0849599103232938 0.120416863831273 0.0693352169934453 0.17197954775114 0.200864162530236 0.190211502068731
0.310996359420639 0.0469941272821417 0.0182635495980502 0.0750078283924661 0.160692632743562 0.284885157597644 0.0832775070245838 0.019882837940913
0.216912624843588 0.0473318781357794 0.0471107845895863 0.186903366135346 0.202616859029208 0.145734543163988 0.0636956543503878 0.089694289752116
0.185179509090863 0.0648735944469745 0.0244382729047552 0.216078909313465 0.00548823363717539 0.118839488039469 0.227585519219847 0.157516473347451
0.102169479629176 0.203373612405921 0.0283093276347782 0.153326335905768 0.129725267773405 0.141061297789481 0.0719385404765728 0.170096138384899
0.186134699433627 0.0903832553519226 0.122535087416909 0.0914609468237496 0.16561594576533 0.0261763655840506 0.150618691464835 0.167075008159577
0.114103780043503 0.132653860070773 0.13017060352435 0.136399196393836 0.113474997364637 0.131412323771015 0.13545363852036 0.106331600311527
0.147445683323263 0.0365140587551397 0.129553862369039 0.0903534828566541 0.173846074979422 0.1563289451097 0.113084858056097 0.152873034550685
0.118549638190685 0.166043875388714 0.156356303087468 0.179969827499545 0.10730302398666 0.177024269215769 0.0724430032159818 0.0223100594151769
0.121733194553706 0.0713274414702293 0.122230980102705 0.207636126782397 0.0582007989477079 0.148698413154923 0.227550827250915 0.0426222177374163
0.133847410368739 0.12816178040634 0.0313270937520024 0.268805236138412 0.212229113836756 0.155327003853068 0.00295223506662872 0.0673501265780536
0.266578293482383 0.150742568443589 0.0569752678500709 0.166156952911873 0.0050359446173069 0.106976770743119 0.194582757570391 0.0529514443812671
0.0472999314344436 0.149237729849273 0.242119901628895 0.0078312052552157 0.200070709710848 0.0818586060837911 0.136267216126666 0.135314699910868
0.154481412494175 0.203483443279135 0.0331834367651244 0.134602844599424 0.0584470668521408 0.154150789705903 0.112678265186399 0.148972741117699
0.0736844061424826 0.138619671323654 0.0730953577578593 0.183900703853153 0.0998136596318702 0.10796785276655 0.198595676424763 0.124322672099667
0.0643463836928851 0.195043764091594 0.0572798418185255 0.215456416626553 0.00550592385462279 0.140009187079325 0.167768872335871 0.154589610500623
0.198008964476229 0.0108772213643796 0.222362646693512 0.215382905331557 0.144757437364235 0.0250545441073531 0.166421251863017 0.0171350287997169
0.180734917126981 0.167679346438077 0.099018178464276 0.0809038746325428 0.0750029513948035 0.175390266948539 0.156655202835245 0.0646152621595359
0.128055422644795 0.287010599795908 0.238196519053962 0.00551782127366512 0.0528652627955356 0.109051163207005 0.0581093712732922 0.121193839955836
0.159763179230116 0.1014042159372 0.225424539750215 0.109934572683803 0.155731926483525 0.0141690174254542 0.0152663430926455 0.218306205397041
0.163576358316685 0.233224899120439 0.0742770258924822 0.0757364588741078 0.258858694123075 0.0245331861123669 0.10530839049078 0.0644849870700649
0.0198589004033293 0.220058258763492 0.0211498351035754 0.191396664530843 0.218895906088378 0.11209499577476 0.0580064763272777 0.158538963008344
0.0747924635750466 0.144994403120999 0.126825267837426 0.0724407748315876 0.162099064788275 0.181848405225049 0.0738942025370576 0.163105418084559
0.049693151136819 0.166331670189954 0.104408658361449 0.059554343602951 0.175387856613509 0.161849963971903 0.0971170232268988 0.185657332896517
0.074407626248511 0.0907852121909385 0.10139704444266 0.202717181370584 0.10138393536991 0.12225791858256 0.0867857677472505 0.220265314047586
0.234403480776168 0.000304327526356149 0.0624264906666441 0.0442001614872669 0.380725088994441 0.137546791916741 0.101666198288942 0.0387274603434406
0.0352234982599201 0.134065482153011 0.18547229587907 0.20831638876638 0.180013211559966 0.198495309476013 0.0310454358724955 0.0273683780331439
0.0975840543434651 0.0321161213278061 0.163605689226639 0.154667884245111 0.0506331613724008 0.160474987509578 0.184140274499847 0.156777827475153
0.201547030864225 0.219582993947082 0.164715870352286 0.0574409271502049 0.147060012701134 0.120401563512639 0.0814937255608541 0.00775787591157523
0.0626688729331096 0.178571558091093 0.00616213945022185 0.0893544826524566 0.0434408120545191 0.214151046141867 0.221461854042856 0.184189234633877
0.173268885211652 0.131582199193128 0.14149966555484 0.0970695690157943 0.106586959178471 0.0319869386873372 0.133231923943098 0.184773859215679
0.108468186758941 0.114858430935717 0.199485704803211 0.179222870896063 0.0900277009728629 0.107226422615229 0.172187746165242 0.0285229368527346
0.136268801982126 0.212401741418695 0.193238665614112 0.00825202601761086 0.0614571259575773 0.0958443769892706 0.129395597033875 0.163141664986734
0.165636023377918 0.132111022188078 0.286313582175788 0.0358398151846694 0.000686048336383767 0.0842303951432291 0.0573267901259534 0.23785632346798
0.184522591119308 0.183062960158344 0.241469653898304 0.0362829724123161 0.0327956412004112 0.175044087371922 0.0504993391116396 0.0963227547277547
0.00103283691033885 0.101644793213878 0.192621336943545 0.209947778376246 0.214736134262082 0.0562671077192294 0.0287678250351905 0.19498218753949
0.0699965390307117 0.0903571783251414 0.204819442094234 0.0262585277093793 0.20140169903019 0.0869902580724947 0.132904274093796 0.187272081644053
0.11668616747512 0.055873058283916 0.109568946612427 0.267267310857169 0.172075909470545 0.00323199738093627 0.109805839222747 0.165490770697139
0.000660864894981995 0.196725567545467 0.0410543188054909 0.185399713274587 0.147347785308956 0.0831128666218479 0.19925247080031 0.14644641274836
0.217317127219518 0.072892435870665 0.0201000913403169 0.283050238846387 0.00958763628001162 0.125122929880055 0.122749023995853 0.149180516567193
0.216759575971281 0.087778222360856 0.104071341767869 0.087793431044966 0.144682915798482 0.157643811645536 0.115569312506654 0.0857013889043567
0.16230520433348 0.144154575996554 0.0229008058415732 0.165109133408735 0.151786106104306 0.0544197770080625 0.190797897225629 0.10852650008166
0.132435115496027 0.154006991260004 0.138505652443613 0.0924501393595825 0.142008899571422 0.0831034953804094 0.135549923127547 0.121939783361395
0.167591581479786 0.300246370375304 0.0684442988688058 0.114374202357918 0.0209737785198578 0.293078638573943 0.0282254284902475 0.00706570133413793
0.173676681009202 0.0170719227250043 0.210198986945689 0.172994476939504 0.161698673615109 0.13025490214427 0.104046519297682 0.030057837323541
0.111695360528852 0.198218697901737 0.197216278413587 0.089955173391951 0.238902475432144 0.0925927038014824 0.0425318674934147 0.0288874430368318
0.220657972185865 0.121494623939056 0.0378348459182996 0.120070899499506 0.104013977836696 0.0516349381086134 0.316023903221969 0.0282688392899957
0.122569763526569 0.114487818940553 0.135149563789552 0.0466715141398268 0.086840665416926 0.171378106159673 0.17270078219075 0.150201785836149
0.139386024476663 0.11651126036297 0.0931140231408076 0.213891901816308 0.110610820568718 0.0854508734138723 0.158612877278023 0.0824222189426384
0.136765147315814 0.16916586681794 0.200984665552751 0.170714254824246 0.0986876780467113 0.125939526236459 0.00567115674434512 0.0920717044617334
0.200682415917681 0.208444954277399 0.095845623299355 0.136080613597457 0.0738710455093081 0.0564317623016642 0.106147231590377 0.122496353506759
0.132798042893303 0.0701462997344175 0.153578138901907 0.157680634601429 0.0776510185519852 0.156455602300755 0.102073614264443 0.14961664875176
0.13964589792021 0.219694188911343 0.200679845402138 0.0631302660519073 0.148373813112262 0.013571397102243 0.0270198651755532 0.187884726324343
0.175471389666679 0.103032772665157 0.067985228105535 0.0984541413953781 0.159840301935332 0.134623647639446 0.175594686245669 0.0849978323468045
0.00593582074962259 0.179600570372522 0.00376345628567379 0.290591469370076 0.0293590175950337 0.0966309896366906 0.192764677712364 0.201353998278017
0.089757605921618 0.0940798690007461 0.229376982719647 0.114151219641732 0.203146041188036 0.0388631797037402 0.0463759126275738 0.184249189196907
0.13740916573695 0.0318680965508113 0.175238576742364 0.0485510675825307 0.0710164620849688 0.204192192212332 0.203239034082514 0.12848540500753
0.145676763578566 0.147269846579098 0.171885349624499 0.274500823360447 0.0123833524720957 0.15360913555895 0.0793528019509145 0.0153219268754298
0.187640741836607 0.209414477270593 0.0522777892401638 0.00240972365446311 0.180932975964736 0.0906022133149655 0.0491446153468784 0.227577463371593
0.00268365953926393 0.27929734454033 0.0720050501658755 0.00583175291402014 0.168018921142036 0.163797356033908 0.0995760330394484 0.208789882625118
0.0986112213474471 0.169859100138897 0.076020255607749 0.0726701854975853 0.168450736445981 0.194757070188516 0.147215900458679 0.072415530315146
0.0914986040874195 0.0431886866231243 0.234186217649443 0.074623050080302 0.136954557138748 0.0257295310197522 0.145698821086765 0.248120532314446
0.110406882665509 0.242243793126431 0.0481620808427966 0.118992981025461 0.045219725053972 0.153232404471301 0.135202582779074 0.146539550035456
0.133996168355276 0.220298489999849 0.105754813727568 0.0166669416474859 0.137661824073029 0.0108450012019676 0.156886200874507 0.217890560120317
0.071311853088867 0.0565957779621393 0.141277057359607 0.210013665054847 0.143314999980174 0.214104160557898 0.156412312555201 0.00697017344126614
0.00148359133534986 0.0930030499787991 0.240903412054518 0.12127385379237 0.123043809633107 0.151568997285497 0.219282878747586 0.0494404071727723
0.124739711229438 0.125285389973381 0.109237517063168 0.179923968126798 0.0468763589407915 0.175627958014878 0.0555278074310641 0.182781289220482
0.0413454786743882 0.099523774931869 0.151017138914186 0.167584273727611 0.128500707249347 0.22368084070808 0.0965782417332141 0.0917695440613046
0.195541108684043 0.0534131123485277 0.174572735344042 0.209054531422917 0.107655625252652 0.0243527496597225 0.0482706891715576 0.187139448116538
0.0663131018558236 0.192574389954503 0.220605672138372 0.00659259475432879 0.0607227657637784 0.221525502791868 0.192347753631595 0.0393182191097321
0.16451476683347 0.0344095560703907 0.230265432288525 0.167570193048345 0.0468472991152239 0.00133608577357088 0.149002390443669 0.206054276426805
0.00623530614167306 0.0808308799969039 0.208935673534537 0.00778825996284451 0.113742989570198 0.253172075058485 0.0751396908499961 0.254155124885362
0.0798093061204287 0.199583775223493 0.207676070761076 0.0821752181190623 0.0021617826879573 0.0671583611797677 0.165106482528341 0.196329003379874
0.213358048843029 0.00585183107583241 0.221586365868174 0.12353391705118 0.0206987543303611 0.107422727435568 0.243031403738511 0.0645169516573451
0.197907782908419 0.0659282526709367 0.131457897893606 0.0996738657785977 0.165512386585874 0.184731899227984 0.0940487026663674 0.0607392122682146
0.00762915330609054 0.151186114931026 0.0985967635579047 0.156204472618216 0.185800547090035 0.0942277076566488 0.148552693339659 0.15780254750042
0.234140618438378 0.0322089455714561 0.127153429996964 0.0774860768793111 0.0389784442767018 0.172752457005847 0.290925065445889 0.0263549623854531
0.269582220390963 0.0370791793004691 0.0630629969540925 0.016159644777383 0.138122145840701 0.193750979517999 0.082713124506605 0.199529708711787
0.0278116041238899 0.0713525100385131 0.189089884923945 0.00543785582676568 0.131633070934217 0.277717675537689 0.22057002002368 0.0763873785913009
0.0322700426831807 0.0657185107847067 0.0210714278269748 0.188730319435732 0.194091003432254 0.230907488534354 0.221085853213498 0.0461253540892999
0.15238589232231 0.056401346499534 0.16572994786171 0.0339365261240747 0.212898632222909 0.126693546435261 0.105695053952194 0.146259054582006
0.0681988882128064 0.059845477511193 0.183210119252028 0.0844034049276628 0.201178625397913 0.0735613879124216 0.194647188610735 0.13495490817524
0.116706743390394 0.125800277480206 0.187244782481023 0.0285867254626743 0.0729763192830538 0.172504457195202 0.192826324779978 0.103354369927469
0.18418076682566 0.118726319535448 0.178908110380048 0.0917047978133856 0.122837743303395 0.0827626513193854 0.200755838174624 0.0201237726480543
0.0781484775150553 0.170091719562684 0.19975105481849 0.0686181709239387 0.213244794036701 0.0647905524916037 0.0926654935250426 0.112689737126485
0.222593076759563 0.0439961948629129 0.171047445009446 0.063709787627723 0.00556172903019142 0.186899021670679 0.240851908398872 0.0653408366406125
0.166547851580145 0.19592441449958 0.135401199269533 0.10891315501764 0.00368494663335293 0.147376041343201 0.20050653678308 0.0416458548734686
0.0947340476692285 0.119330866692767 0.0281456693386934 0.110351448425275 0.103933241830718 0.170800367353776 0.16114990907738 0.211554449612161
0.0538893260492437 0.0948565541526295 0.136419166352734 0.0716140130027133 0.146835517139234 0.200936241383029 0.173293207274977 0.122155974645439
0.0640011476477664 0.13522611638929 0.0651002992646218 0.140041713980696 0.135222734130348 0.178750963370131 0.197162945597513 0.0844940796196347
0.195848028171042 0.0170445090762666 0.102779602303972 0.059734752383886 0.1480525340419 0.00315530788627525 0.205717701238139 0.267667564898519
0.0634995234944416 0.0798077578770442 0.187631242987735 0.0968943556104144 0.109553319046609 0.186264439572599 0.088571222801092 0.187778138610065
0.297006447840755 0.0191533607735429 0.0672322659586325 0.0149694984182246 0.128424807239633 0.0926453829317976 0.147227559248548 0.233340677588866
0.102082902995615 0.0314245995575879 0.0990669149207415 0.192783992857096 0.087257224298336 0.122850803701225 0.114835669746191 0.249697891923208
0.140424419925529 0.150438869501121 0.014915300631919 0.153295125692873 0.192156970464209 0.111425655077739 0.0996663908142849 0.137677267892325
0.144507538670615 0.0646196577455137 0.15251236950626 0.157727994693508 0.129796210395999 0.0708015455558045 0.126282044875099 0.153752638557201
0.134210726531094 0.162222578964845 0.164234371339328 0.0619019890441692 0.109889026601867 0.175706044112719 0.0968976464760262 0.0949376169299513
0.0409007738678699 0.14918405765456 0.148071787398105 0.0316116279983625 0.18221776977259 0.132539399916427 0.169236676676018 0.146237906716067
0.0425117859597055 0.00779430866895292 0.218180260780898 0.121995508672868 0.213601090048587 0.299171090663235 0.0371894575228535 0.0595564976828998
0.0862981143823242 0.15269908831217 0.0458581993841218 0.0757581948259698 0.0848192005076839 0.189338329503677 0.156931388051453 0.2082974850326
0.132631857026794 0.137220629700151 0.023969412085918 0.244323125454478 0.201582755636874 0.112322277925019 0.132309363274231 0.0156405788965343
0.0573484792138292 0.148404575114814 0.0833322681835021 0.143526918961791 0.21259339953096 0.189281104032921 0.0921052531650269 0.0734080017971556
0.057505724683875 0.0625790610316411 0.177683026448337 0.217940582592926 0.114400817599374 0.00479630251974011 0.206940388991454 0.158154096132653
0.186735980429337 0.128454359444038 0.0498561379496359 0.152910069126236 0.203503263783875 0.0902918945644935 0.0402928975329018 0.147955397169483
0.137034919679329 0.166216677882757 0.133511175646533 0.0157274776876074 0.072252121555575 0.165548910479232 0.104464093262225 0.205244623806741
0.0431770482867547 0.0544769464845676 0.0139312611644379 0.153631124511987 0.186305357779671 0.176242596577598 0.220878063063112 0.151357602131873
0.156604160515305 0.101218821914106 0.114247972212634 0.144037449413891 0.010388262624982 0.0579930621769268 0.188415448792371 0.227094822349783
