0.191774932971076 0.14029418072618 0.101721329443996 0.107373914365855 0.181268671306707 0.277566971186187
0.223691693225554 0.289470059525325 0.0955825641151434 0.0728419627581615 0.160864925974493 0.157548794401324
0.140620369628271 0.0124166766410301 0.123552128271878 0.295632851172959 0.18871146651527 0.23906650777059
0.254929814790204 0.00784475351418322 0.219438120760388 0.0787736840063849 0.253190438873621 0.185823188055219
0.179162370798141 0.102348258425095 0.0398065269819394 0.242037634278211 0.185719576345333 0.25092563317128
0.305297252822776 0.0939262922485172 0.0297814612369251 0.212650000599087 0.22050145083174 0.137843542260955
0.248010708156884 0.261672210972313 0.105691125835332 0.114043780900811 0.0117596074992418 0.258822566635418
0.160820584967484 0.170354547808552 0.121204806829638 0.0670684678503575 0.296339690722313 0.184211901821656
0.12100106093486 0.12511114963874 0.246813212348305 0.199778740026763 0.163235450104286 0.144060386947047
0.0265172351077273 0.357666310796661 0.0249215999681029 0.185793506152532 0.0604495191457217 0.344651828829255
0.195047984816991 0.163511089333747 0.311450339397725 0.183079295083192 0.100060500373151 0.0468507909951937
0.27310671368349 0.17021624914338 0.06479964283789 0.253384960337254 0.192238391879404 0.0462540421185828
0.0472513964239645 0.150140878932279 0.39946633623618 0.0548618009816306 0.0507941173004806 0.297485470125465
0.160873978063528 0.0780458335058539 0.100073356196436 0.20407684759113 0.373326805823695 0.0836031788193583
0.162888205419018 0.114614182914355 0.0958498145084167 0.197325422969856 0.104327804345039 0.324994569843316
0.054974358411065 0.157086538461369 0.132083710562169 0.054418390332213 0.270941879596275 0.330495122636909
0.0340980598066553 0.292819193451183 0.140905635101793 0.0888300665820488 0.275902275645173 0.167444769413147
0.098336272309655 0.0331670712209222 0.274461763653302 0.131340547076414 0.239456207867997 0.223238137871709
0.122490009868734 0.298013150489047 0.140998278899697 0.00870516710836651 0.30565412378403 0.124139269850125
0.204050158342298 0.261069543943093 0.0155007653852348 0.0884632921141718 0.254128917381221 0.176787322833981
0.243066849831515 0.258877003750521 0.355159364226704 0.00483090348976442 0.0701319892449221 0.0679338894565731
0.287778902194553 0.357445393790084 0.105628378896281 0.0290562967784395 0.060984775946579 0.159106252394064
0.189552238032912 0.291542087245472 0.0723985383602418 0.0247749499213218 0.177160712217295 0.244571474222758
0.258684274910023 0.213999023514957 0.0463521612473381 0.238389309729464 0.228601064853984 0.0139741657442336
0.0786169368550596 0.21455954767226 0.24443985044432 0.107539092831311 0.248530065446027 0.106314506751021
0.0995726474252683 0.0400826324541345 0.0255507782699839 0.299361738984557 0.111298218944666 0.424133983921391
0.19524238906554 0.130224393423885 0.0845716343350968 0.230816260286547 0.20287486826285 0.15627045462608
0.22862627960424 0.0524320826899245 0.100228350783214 0.198085603407922 0.262055075402465 0.158572608112235
0.0178940204538743 0.381572968863088 0.285742915424737 0.169631187801015 0.0384068374518336 0.106752070005452
0.0856299935256545 0.152872605475124 0.148879153020402 0.233939819989689 0.186296789094321 0.19238163889481
0.0183943628791425 0.246630741431187 0.0197383063477484 0.342698436967544 0.108717277299751 0.263820875074628
0.0807142855284057 0.361532267709112 0.000965628323684091 0.308281572925385 0.0743324805903027 0.174173764923111
0.281044963331534 0.0915994331693639 0.0683413655823299 0.252278299007946 0.288157109632716 0.0185788292761104
0.118362925540688 0.248693037594961 0.230795380205442 0.27909175157502 0.0953801336338136 0.0276767714500755
0.273339471889095 0.0446045204159724 0.191619750533564 0.174726863923378 0.289469470907287 0.0262399223307034
0.306386035997443 0.240975947920151 0.0674475057376739 0.0014466105046479 0.329822465116585 0.0539214347234995
0.175760794839629 0.0624094251790473 0.201172903164749 0.210136019270248 0.191780973218186 0.158739884328142
0.200749743570528 0.128486617874262 0.236040354667144 0.241746882962893 0.0565880911402985 0.136388309784874
0.197441345825867 0.233072404628079 0.202541728890969 0.0899497315903119 0.0932009745962685 0.183793814468505
0.259721587833354 0.155137503207132 0.0907659591719185 0.00509209270637519 0.105410785975124 0.383872071106095
0.00385328539921733 0.184503320211329 0.0702079436861268 0.287073531166608 0.226369586372039 0.22799233316468
0.259580279600045 0.248763895477692 0.268495714874374 0.0990650772514644 0.0612046857453902 0.0628903470510343
0.0320037703451573 0.0919536585672955 0.345949276411629 0.0835312532453369 0.102258321626811 0.34430371980377
0.0430685775328434 0.114646020240259 0.363544835682691 0.138615032255118 0.289079555299887 0.0510459789892023
0.0471787482760633 0.120443740736618 0.34422559774884 0.358524283595609 0.000620733318907167 0.129006896323962
0.00311770781437544 0.170210369236101 0.0741332330862816 0.279090091364351 0.334363906252443 0.139084692246447
0.212095734748779 0.0600506689648696 0.105197117940354 0.288014701239184 0.0564990408118622 0.27814273629495
0.195238226664852 0.185484987310606 0.185656042908399 0.0652001937947466 0.323068749834323 0.0453517994870738
0.138696064909099 0.0424512450586445 0.298678355260534 0.118900836178233 0.119071142150946 0.282202356442543
0.01909690658603 0.245393470370925 0.232972073086991 0.152856591677498 0.157886822612829 0.191794135665727
0.0983908745771649 0.241944634828359 0.0291934969533408 0.0887924697491194 0.269805868595276 0.27187265529674
0.207031580755688 0.15754214572107 0.24824786348967 0.0197380708185095 0.223661737314849 0.143778601900213
0.023113482824787 0.106481630404131 0.0234089549859756 0.461416449032183 0.224589192214569 0.160990290538355
0.00519336932616876 0.0411491650555717 0.302359451675837 0.24980285534015 0.282909969011768 0.118585189590504
0.0713949595671879 0.235994835161337 0.0184317087898718 0.21631048786087 0.183195012602407 0.274672996018327
0.371420338730005 0.129286332728031 0.0745885501618234 0.0977460441172362 0.0706744531004165 0.256284281162488
0.255177505304158 0.218264933755111 0.0528178775192584 0.252391885006148 0.0795492841661299 0.141798514249194
0.135884243341158 0.0121939301295627 0.298976885908722 0.0745881294793617 0.317519252361135 0.160837558780061
0.0674986400387809 0.334541660512283 0.175917226691746 0.131954116749048 0.258395446369377 0.0316929096387643
0.103392572274567 0.0830000237461016 0.303822667213335 0.190632623471588 0.0436871513990717 0.275464961895337
0.0536411067925374 0.0309936910037243 0.212085508101565 0.333061909257363 0.259129829601658 0.111087955243151
0.262327278487692 0.0473389980547925 0.0987468101568819 0.166546255685391 0.223769953471651 0.201270704143591
0.234703933420554 0.0618764261102721 0.00722188100678275 0.282547068702515 0.199615977762883 0.214034712996993
0.169184529217509 0.114946645572415 0.181227509901131 0.141035622929273 0.18168251214119 0.211923180238482
0.261785672459089 0.0783925516889909 0.258706097487733 0.027057651826347 0.0967484875939535 0.277309538943887
0.14046302141822 0.114051963873425 0.116492285775317 0.107106857528713 0.298645999940776 0.22323987146355
0.0487532416619605 0.182542121284393 0.295123061090932 0.0596873355049984 0.22527207735706 0.188622163100657
0.307042740433441 0.0107886132423754 0.0302983927706758 0.0836452717110008 0.295866020214914 0.272358961627592
0.156526310271366 0.333031315710959 0.0818361874609947 0.0863323935981018 0.226435991488937 0.115837801469641
0.0938888238525544 0.18424004620272 0.264464366248107 0.131892838369396 0.0420061868473574 0.283507738479865
0.0310230739526638 0.0517660852278036 0.113613628032937 0.172950268135487 0.289145368561825 0.341501576089284
0.194421558446732 0.181401925421362 0.0842354614881522 0.212396775308032 0.0141410188667259 0.313403260468996
0.321326014356166 0.135196631312128 0.0533594278680138 0.131040472166518 0.118936517899163 0.24014093639801
0.215346975384612 0.0471363074063939 0.154844484816805 0.287123374788426 0.241864447610696 0.0536844099930677
0.210455118026452 0.124301847719025 0.345669793708892 0.0476160267559831 0.042871960912464 0.229085252877183
0.00559987962705316 0.381650818514391 0.032202485234682 0.240747092974741 0.0878207506046441 0.251978973044489
0.435234529275518 0.416143835635729 0.0404449554268333 0.0737411115297736 0.03320180959465 0.00123375853749677
0.0383363732290825 0.127101102206978 0.0741219086868291 0.16976250023792 0.290646540813745 0.300031574825446
0.263865825076237 0.238527105152299 0.118377055104581 0.185973259206429 0.172023710489053 0.0212330449714025
0.166292219466558 0.234441818747892 0.242567493515445 0.0787278152663289 0.187101047121737 0.0908696058820399
0.169626566353165 0.2046032312274 0.119027574550281 0.174482458305488 0.209422229345829 0.122837940217838
0.0707819337998642 0.197231207620136 0.334291484128792 0.0277516485712952 0.071700944244704 0.298242781635209
0.266284931863665 0.00132513742296095 0.314689435107737 0.32895735017508 0.0522813644468503 0.036461780983706
0.25225833669495 0.200192834707596 0.272210819518551 0.123280498480823 0.139440946905102 0.0126165636929783
0.200300337909471 0.0882477095749798 0.175799414035483 0.18085375395576 0.170051000904709 0.184747783619596
0.342825317885692 0.0430705400441596 0.0617823330569135 0.299563450064469 0.22382331036516 0.0289350485836059
0.122647746935541 0.170088549565476 0.165103333573114 0.10279621265117 0.228666718505742 0.210697438768958
0.0524738010806186 0.113667321383181 0.362671843489733 0.0859671304235872 0.383656012061122 0.00156389156175725
0.177993348960559 0.155918001475481 0.150439200601956 0.143453913209321 0.184678623520673 0.187516912232011
0.210001416842792 0.229983693680581 0.0830863575468099 0.175430076555076 0.0913562616232006 0.21014219375154
0.223099436381345 0.0784223812552814 0.305380616912481 0.117197068282769 0.0865057933190336 0.189394703849091
0.0729145961115673 0.225367190724532 0.0471212022634399 0.230536440427598 0.260357564239308 0.163703006233554
0.158847322205485 0.310552480758893 0.31906717150018 0.0491245449938274 0.0396460342505425 0.122762446291073
0.0824876410174115 0.32621702651197 0.0125756536455028 0.0110362258001018 0.1515664657639 0.416116987261114
0.0793223236489427 0.278644772542151 0.326673965360829 0.0322057508407069 0.090101186898095 0.193052000709275
0.186881518068986 0.1352568235318 0.0378494659031713 0.0249945614920409 0.284016454741761 0.331001176262241
0.00418232588637494 0.123842091379318 0.195894715454749 0.114781640463943 0.238833252036472 0.322465974779143
0.0844005610571305 0.189372437408277 0.22152605038617 0.135246897817194 0.318703269927878 0.0507507834033497
0.215996747702922 0.239850668188168 0.0606618210156639 0.123123022460673 0.218118926762498 0.142248813870074
0.119511244955207 0.0738919644662731 0.22209125648673 0.289534243316273 0.275523692660894 0.0194475981146224
0.163410042751609 0.156525198309851 0.177272966739777 0.187613083385611 0.172095486324887 0.143083222488266
0.0204934708742876 0.0739762096280694 0.186723874515953 0.106731351072564 0.312119870442379 0.299955223466747
0.0283432928119143 0.21560735867572 0.111523793797679 0.120821734435898 0.282734710952887 0.240969109325902
0.262472542470675 0.265168258547828 0.136668307671572 0.19104452339095 0.10346727593291 0.0411790919860648
0.160858036425008 0.225767742026851 0.152127670911614 0.199808455680106 0.241405091586713 0.0200330033697077
0.252494694237487 0.112268683515128 0.10443987472901 0.143175649222482 0.180547399325118 0.207073698970775
0.0736593515338144 0.276759851596007 0.172071155540791 0.199442310854307 0.183207561498121 0.0948597689769589
0.313111102597965 0.0372609538852512 0.0755114758592945 0.0893881849618737 0.108185663641789 0.376542619053826
0.0874790457082415 0.0902652326632037 0.238399450993121 0.229372856702899 0.29459566284629 0.0598877510862447
0.222327637763368 0.25788018368469 0.0228268831191541 0.0170656143674702 0.240638700179571 0.239260980885747
0.106646192844621 0.218625587387738 0.194726166028126 0.171493776007522 0.193996768436785 0.114511509295208
0.0387816156158588 0.151477778624729 0.429898385972304 0.252219773659311 0.042807642269453 0.0848148038583445
0.0677278737454546 0.00673616426902271 0.316098441066386 0.15433153635433 0.146622612213545 0.308483372351262
0.0875425706571754 0.0993085960949056 0.0614192246425658 0.364276815446972 0.000919158684422349 0.386533634473959
0.067676646411367 0.220474882566839 0.274759747492618 0.225561867884188 0.131072324644117 0.0804545310008716
0.0610852705526956 0.149416892934923 0.135717554165855 0.20866137249716 0.251279184547861 0.193839725301505
0.23604600265484 0.0605793002720115 0.166386589856868 0.204331888837474 0.161361614758033 0.171294603620773
0.0711709559107871 0.153594382616275 0.0939427996991928 0.0254358007144942 0.398707347830782 0.257148713228469
0.246459652308704 0.119613121024118 0.170545179168345 0.191768783823983 0.0765385705641486 0.195074693110702
0.212286192873078 0.301641765886587 0.0783446256698483 0.228893731480911 0.0710062023354594 0.107827481754116
0.0604801534765761 0.243305932304172 0.279342999849571 0.118807007717693 0.125001388536072 0.173062518115916
0.0519637993384071 0.0238658685138457 0.0693985634655399 0.0528931836231567 0.501073919365398 0.300804665693653
0.280706193120525 0.288337420815217 0.121990537714008 0.217736989280494 0.0580032128586727 0.0332256462110839
0.21536878979695 0.405690829541475 0.0436925757258048 0.0397571666784802 0.138060040499925 0.157430597757365
0.0631550400730681 0.14654772076201 0.182434825244153 0.221410487935469 0.182970062402296 0.203481863583005
0.0486374173482772 0.0384854378938688 0.182900362991517 0.327196406335203 0.261586892559909 0.141193482871225
0.289428916189796 0.20980271848778 0.111548474514511 0.0447119782866145 0.119883997181055 0.224623915340243
0.145470043416191 0.264609805727035 0.16434133574565 0.0416914479974793 0.110975710401033 0.272911656712613
0.0656387295402416 0.118564372994442 0.335716040648317 0.2772098289716 0.0184038451445349 0.184467182700865
0.207020805327798 0.087815989720391 0.22325187806603 0.232891399562604 0.0168225025564757 0.232197424766701
0.174146258106486 0.124107216318718 0.248330753455792 0.234382907549419 0.124530386619214 0.0945024779503713
0.217791134549105 0.169766191788583 0.0342356655372416 0.201938316558026 0.181688382827794 0.19458030873925
0.225283214155585 0.0941300529052749 0.202239713488393 0.0128392412362008 0.189053510415659 0.276454267798887
0.261456872497929 0.342287288709459 0.122103038852407 0.040385478891032 0.0653205374071511 0.168446783642022
0.247555009903341 0.196851405682662 0.197649286775267 0.0608380157148021 0.250500084150728 0.0466061977731993
0.0511063392526113 0.183522171237427 0.0692324552577361 0.296282747574313 0.3159555656669 0.0839007210110129
0.0734627034549043 0.256233738024953 0.120304339004167 0.0932574528402389 0.184898119742707 0.27184364693303
0.102743150744313 0.137434511646978 0.0764375707687438 0.266712477494619 0.0936339153587695 0.323038373986576
0.228041585603078 0.0441248336963403 0.0895202651328099 0.140798887311464 0.254515080568121 0.242999347688187
0.326816105731784 0.029577976629594 0.17035693287832 0.168524370961635 0.170232949615523 0.134491664183144
0.297832590326929 0.0443447201344168 0.285007069567652 0.104778101930119 0.00936481553899034 0.258672702501893
0.209391010652968 0.231230801036707 0.24421453857892 0.187838120462379 0.100115798857277 0.0272097304117493
0.348256345305226 0.035426837870354 0.214124237320582 0.164757464486871 0.0748009968047673 0.1626341182122
0.224766221145964 0.165736247284355 0.0355789383547255 0.166885600319255 0.265102579679275 0.141930413216426
0.216769927885113 0.209730301731378 0.272180435113453 0.0190673479769462 0.0180262731059462 0.264225714187164
0.149613405977078 0.0946627814312961 0.217568711092918 0.0526110384155899 0.286086049052573 0.199458014030544
0.184337911334699 0.184959780539529 0.265018749152194 0.0419820272395495 0.128023186739302 0.195678344994727
0.00779469500763439 0.21414477136238 0.0925371009485273 0.0549287664473421 0.383879858862905 0.246714807371211
0.130185327481129 0.290232083086209 0.250366393344425 0.0771796462956493 0.13019659299641 0.121839956796176
0.145016165805696 0.326982050401351 0.156953524491243 0.0577040553503783 0.107834105449061 0.20551009850227
0.115817743758283 0.108089102727192 0.316139330893445 0.311888370977517 0.147442820117161 0.000622631526402759
0.247875401874034 0.440215354258957 0.0406229556948723 0.133838053748129 0.0504634168704368 0.0869848175535712
0.0681223336943516 0.0752624783782954 0.303083439079143 0.0830067076850244 0.371900706201036 0.0986243349621492
0.232371944399141 0.0239916494239043 0.255009732091432 0.197714012448835 0.263982152341095 0.0269305092955928
0.26427953620551 0.0047613446450523 0.162114108181665 0.272467726638742 0.178383754435607 0.117993529893423
0.161521093497382 0.115353561501955 0.178836303598814 0.175181716818114 0.141736402138532 0.227370922445202
0.202634294960512 0.0100164983247416 0.296732782841029 0.168887148140309 0.17327920738404 0.148450068349367
0.0689725619086865 0.218542997879947 0.130715649047463 0.270835546879742 0.244519442102135 0.0664138021820267
0.0974935436351103 0.0185696678932576 0.27936889555469 0.265061782942165 0.050289847134583 0.289216262840194
0.286368015884407 0.0372690739297135 0.0811974256493035 0.0407986229606846 0.320288883636929 0.234077977938962
0.201108490022214 0.184392347929577 0.161073368575885 0.216559251092438 0.109586597753859 0.127279944626028
0.188686064675019 0.105341642232158 0.1488763229645 0.178006111496237 0.188820809105703 0.190269049526383
0.106743573780281 0.208449894580462 0.241499212738246 0.239777708884083 0.103193386859159 0.100336223157769
0.0627512835942209 0.27650105738338 0.239287357853669 0.036795001573845 0.081726552747892 0.302938746846993
0.0253735265533148 0.143123760034757 0.0525246545390303 0.186269790208021 0.179245391656541 0.413462877008335
0.165998803818103 0.330541284546987 0.140802902229192 0.145147103426765 0.127216949342015 0.0902929566369378
0.344166274095937 0.0865468321372172 0.0738312839472011 0.115161185414163 0.0884858258627746 0.291808598542707
0.0145449330537734 0.0190533545540176 0.105881573595845 0.31447866921028 0.361567381202841 0.184474088383243
0.236831031392231 0.146304440948035 0.133616747444608 0.0990168247310991 0.193195098416972 0.191035857067055
0.191782375146117 0.0198925774236234 0.148219589245288 0.175361520074297 0.43328585901886 0.0314580790918147
0.138028841680521 0.258019314182065 0.208955663463236 0.0685680271744962 0.131954478578059 0.194473674921622
0.210608020564472 0.193176796631544 0.0290032352214044 0.228473094857642 0.214902226586706 0.123836626138231
0.0465332656027962 0.26977887366909 0.120957811604351 0.276695351799409 0.076886626314285 0.209148071010069
0.0943098358451522 0.145707492296936 0.102303720189119 0.219224512088918 0.119104114145867 0.319350325434008
0.0753466762982745 0.0679790849217037 0.301892262782244 0.271691029824875 0.257947862763057 0.0251430834098465
0.151353030841217 0.218851210697118 0.275072538572403 0.0145642225948781 0.128867306914569 0.211291690379816
0.18947731111389 0.135859550704136 0.00992072861386318 0.145014902771633 0.206252238467097 0.31347526832938
0.256144461141133 0.0307449444101286 0.316908851310097 0.182822128174412 0.145362922261506 0.0680166927027246
0.0612089981571456 0.317593497170767 0.0222943664264808 0.22180686097588 0.176384777127028 0.200711500142698
0.258882917643953 0.172655583394183 0.225266493241498 0.0595641517918664 0.192868608503174 0.0907622454253256
0.214865576999228 0.188217190996408 0.193730428422552 0.186752718886102 0.0152644500228319 0.201169634672878
0.259207960872475 0.0990589125849356 0.213814702135051 0.226805036393541 0.0241725039940097 0.176940884019988
0.0550769743404955 0.22976079043224 0.113325367906898 0.182094678247177 0.178723544884594 0.241018644188596
0.0288848809712309 0.104387058334138 0.213298850701913 0.471768625343129 0.0659462068951587 0.11571437775443
0.249286185402834 0.0823979310402109 0.0505224612263496 0.169937634333408 0.273850555853916 0.174005232143281
0.0237538874684111 0.00795750227276386 0.157724834836244 0.0583128032309441 0.373984063616459 0.378266908575178
0.230305321266064 0.185519073473606 0.299141448489404 0.196036572227541 0.0441412695499804 0.044856314993405
0.0264635052639684 0.0861519586664884 0.214770078681601 0.339675453080257 0.159256829365361 0.173682174942324
0.0868768201276013 0.0796439119235798 0.115714256252406 0.372241294014783 0.168111823194209 0.177411894487421
0.129047111149884 0.133404550132015 0.34463948617647 0.163710658953154 0.201229983234642 0.0279682103538345
0.0546864449351183 0.225719671355318 0.0275485798087249 0.0270024255406687 0.330765054247276 0.334277824112894
0.031431111511398 0.287301143054048 0.127649157785318 0.0348910084679291 0.245416414592944 0.273311164588363
0.116701758545968 0.140260636421392 0.17517476960858 0.218415796018402 0.180380472265954 0.169066567139704
0.100051211870662 0.163931420436616 0.169748624201688 0.183724422444866 0.206058163496099 0.176486157550069
0.152803992513978 0.12360055659769 0.0253560077715885 0.259571461629095 0.125645714097917 0.313022267389732
0.355169739599747 0.166178953861083 0.133942184722007 0.158209930390414 0.00816497729542597 0.178334214131322
0.204411841968999 0.250502015804553 0.229439181752317 0.157940853329151 0.0554005051757218 0.102305601969257
0.197704512350569 0.210636687731885 0.0966082335689231 0.123710415004771 0.161120984708309 0.210219166635543
0.182564518302242 0.108283645422664 0.114282382011567 0.115518613870634 0.20548842656007 0.273862413832823
0.149107463723755 0.154422684629466 0.150943839678186 0.193739092575503 0.326948810600615 0.0248381087924746
0.276425922074504 0.188829268149059 0.135860190556643 0.12312152880651 0.111811846002385 0.1639512444109
0.233105771518163 0.0867305248565046 0.199524825287121 0.0104746827899069 0.225989617990599 0.244174577557705
0.295468122863957 0.257527969979148 0.0857254113174379 0.0660719048634318 0.0742629101014899 0.220943680874535
0.334462561026002 0.151236775136502 0.0946414806909245 0.285592244263501 0.110627579646085 0.0234393592369856
0.0168418798114052 0.0844135898738265 0.183099600110478 0.293288469362506 0.204756470333027 0.217599990508757
0.286334840603358 0.0998029552735702 0.0593358163054814 0.250999185118998 0.0830965954666404 0.220430607231952
0.176526790461316 0.342665821444446 0.207816376888467 0.224721430756151 0.00997334821234069 0.0382962322372797
0.300506188550111 0.276142129925722 0.0152653692578567 0.083494814399881 0.179921532662299 0.144669965204131
0.0398910777031224 0.0980447520580077 0.167297542002928 0.142171825627601 0.231210549831548 0.321384252776793
0.250139113763687 0.0925801914525441 0.101612355289173 0.277953590419548 0.152584989294889 0.125129759780158
0.0285212397380474 0.360315526398676 0.0775537031339759 0.0641960985769732 0.0668020359259473 0.40261139622638
0.15072177886005 0.136698127050779 0.0282968750614737 0.252071552708321 0.142770163245825 0.289441503073551
0.262024634302121 0.0264519288309555 0.13836345955894 0.0989162063905211 0.307050109061237 0.167193661856226
0.0134727054747751 0.368768263716186 0.316379750860156 0.219636904806093 0.00891048815120572 0.0728318869915844
0.246642296235533 0.0272043533723244 0.165600234913201 0.183453601357268 0.152083966095842 0.225015548025831
0.164776854073403 0.125919590741056 0.239827013840534 0.0111278890912113 0.135991450539265 0.322357201714532
0.0403139540438362 0.160119619611611 0.171490871332668 0.219992285364213 0.202643680330037 0.205439589317635
0.0182062376060931 0.269408109953424 0.0517478839011415 0.269300592904023 0.0414942975738697 0.349842878061449
0.135029418820372 0.164640794139783 0.375308252057939 0.0394850143858338 0.0623772413600401 0.223159279236032
0.0029340862758148 0.0444309915759707 0.334395986413278 0.083332046707404 0.437168512042213 0.0977383769853193
0.286213469438999 0.184131653837236 0.13403496027744 0.226944154631096 0.0417454013345986 0.12693036048063
0.188455264353468 0.215315361976798 0.103840448594894 0.110879362269103 0.158153441576947 0.22335612122879
0.132112756897752 0.149311626524246 0.150362633017598 0.225419052869745 0.213539979730791 0.129253950959868
0.129161213608467 0.0713618258014927 0.190292351191659 0.275703016591456 0.160225341318219 0.173256251488706
0.196999868674785 0.175062003878284 0.22465455190695 0.272364421752725 0.118785311467526 0.0121338423197303
0.252212305715726 0.15912080872049 0.129125409648345 0.0608027390472013 0.189834073004479 0.208904663863759
0.262590075954235 0.0124411152404472 0.150179466588049 0.0545087648290008 0.298064950704381 0.222215626683887
0.0477218522508668 0.060934676926477 0.142125303999101 0.155011111243445 0.396195023907982 0.198012031672128
0.0660793737342229 0.223027317969648 0.244147967344263 0.0677843015218464 0.0734328082195094 0.32552823121051
0.120907656049585 0.190832546598348 0.242521192016851 0.0891244810205815 0.195803757274135 0.1608103670405
0.0739537760930742 0.326914333690469 0.0546674936506824 0.282515834099446 0.242995501078116 0.0189530613882124
0.132311424532802 0.209869516033753 0.367631979821274 0.163205122477804 0.0374106383755009 0.0895713187588661
0.0658457787786941 0.513722202665318 0.105820004842 0.117959876478013 0.161945354542017 0.0347067826939579
0.149975852013516 0.285812945214936 0.0975971571491498 0.200820719191282 0.0361993678126583 0.229593958618457
0.277873422218133 0.000712065855079688 0.221156062689194 0.0962297125854687 0.220788307707976 0.183240428944149
0.207696931427226 0.221832473938126 0.132316678465942 0.0940760171546507 0.163840921412275 0.18023697760178
0.207821918016544 0.112445468452194 0.252375722248774 0.214273203051222 0.049642614371907 0.163441073859359
0.0435398103115452 0.43263120261338 0.162714725043071 0.0074956536753111 0.000771478055341615 0.352847130301351
0.229642864403208 0.209180328571319 0.0156881530408928 0.200950188870604 0.004387663941156 0.34015080117282
0.0850235279186312 0.0477507542003286 0.268104414246623 0.3102102545342 0.0329958817730313 0.255915167327186
0.142726580797174 0.153655447821473 0.195865720549839 0.0543298676062912 0.245304778684109 0.208117604541113
0.196435597266929 0.156777467667104 0.203669850146195 0.0344404875220947 0.171402318549886 0.237274278847792
0.205761944234435 0.208293926182118 0.0950773606101363 0.0766070473422215 0.21725988956402 0.196999832067069
0.30844731407614 0.0823703091548794 0.147917010164875 0.0982519457629581 0.0178226001204982 0.34519082072065
0.150441446272995 0.190778884040191 0.0119931435222457 0.0532369650880704 0.35373899686866 0.239810564207837
0.294754487202303 0.27986216178951 0.105628212054731 0.0716221011079981 0.175772266476733 0.0723607713687249
0.272328674889156 0.062114581192029 0.0705337146894706 0.255561642819501 0.173839122486453 0.165622263923391
0.140160497659557 0.154007047454253 0.0857024772031544 0.25069032774734 0.185612132346066 0.18382751758963
0.241342374231555 0.0344604474332346 0.21103220724244 0.0685367665903217 0.180285142850599 0.264343061651849
0.228532983046433 0.30892674515517 0.108346594233004 0.223226867644831 0.0253974308183954 0.105569379102167
0.0720473091986667 0.105966951111735 0.292634056765247 0.355627615296519 0.0136172009516967 0.160106866676135
0.251917639216769 0.0971182289914944 0.122230571705574 0.347985257974577 0.110647639517358 0.0701006625942271
0.238611302163821 0.0451501485013572 0.372103337695856 0.128447900961558 0.141494836568021 0.0741924741093861
0.287063929410981 0.128396784237998 0.0106277724327534 0.193956127672423 0.089127416053714 0.29082797019213
0.21471551546973 0.211280416552475 0.139429505371346 0.186368969654799 0.125384519042386 0.122821073909264
0.0593547996898849 0.252708294097959 0.165671709305107 0.246659846789608 0.0639391480301913 0.211666202087249
0.0470214887610644 0.136752643516348 0.278340400316968 0.175506355820751 0.104732962471961 0.257646149112909
0.268379683621898 0.197325048923609 0.212589704272615 0.178286700705087 0.0831874877025157 0.0602313747742755
0.210705098550728 0.316810120735855 0.0480612438581613 0.288015585387282 0.0615407597405693 0.074867191727405
0.204572702037105 0.179234713011438 0.175554306954441 0.196975732234667 0.164915526831663 0.0787470189306863
0.31437691934732 0.143664344257185 0.139764591163189 0.0991721046424391 0.030048902696214 0.272973137893652
0.10734075364881 0.218742309831345 0.0849844771971995 0.130571608460035 0.206976211616604 0.251384639246006
0.152473000495417 0.110109582599175 0.123056972555105 0.298184978802492 0.264640114670662 0.0515353508771489
0.0810599472985726 0.216079509254285 0.186340841006255 0.0729833059842182 0.264204337284925 0.179332059171744
0.0702047497849268 0.289458608351967 0.0167092517400335 0.378798825391588 0.0317854098619771 0.213043154869508
0.2259694438371 0.137594425691795 0.218064172828569 0.14948456080354 0.145307278342515 0.123580118496482
0.237555785566278 0.354319272527837 0.0528998715721574 0.026639621824398 0.0522374338301463 0.276348014679183
0.284985630643282 0.199182007908685 0.235358536930965 0.178061368097599 0.0882634136036729 0.0141490428157963
0.184122363603552 0.247438285425493 0.166790163229156 0.0646741593079782 0.282199896387628 0.054775132046192
0.153404247452302 0.124383717219583 0.129640037825004 0.382111809018779 0.0390290151685757 0.171431173315757
0.177219281150215 0.0570322475374975 0.0298405392733318 0.184834412793361 0.138459338907335 0.41261418033826
0.208995231014417 0.199094624619288 0.0514563315615293 0.2841440138379 0.0378836390998414 0.218426159867024
0.209155978946063 0.0446485532080227 0.0154268478972473 0.114271958801549 0.285882008599987 0.330614652547132
0.072317456447418 0.134948063988695 0.209539670078918 0.131720990450271 0.301130783295204 0.150343035739494
0.211359369491935 0.161321183567438 0.0697088083563136 0.261666392086007 0.106498698558647 0.18944554793966
0.361040232126354 0.104662267714658 0.195431768245635 0.159097128531864 0.0231344260394709 0.156634177342017
0.199637012379218 0.259583292031007 0.0526712506642738 0.205277106558064 0.220601801940115 0.0622295364273228
0.14497064459431 0.0868778608759616 0.208702497109171 0.140998973657074 0.210455667182886 0.207994356580598
0.0901245114422898 0.210865978738466 0.180405062169651 0.154258080676088 0.137176439057378 0.227169927916128
0.217175207031102 0.209043576950434 0.153057190109481 0.203621330784693 0.0662894249130969 0.150813270211193
0.187181726195232 0.139199044087529 0.221325704784885 0.072519391156968 0.161103147649101 0.218670986126285
0.435726470856868 0.172458447595337 0.0369689170919112 0.104016705031025 0.159387418062167 0.091442041362692
0.189455401955637 0.228869150940909 0.186507981820967 0.182933593411924 0.008238729521492 0.203995142349071
0.0550106017466897 0.165079231027741 0.0766717627929117 0.263990481242347 0.251914049563278 0.187333873627032
0.187189257102402 0.141733239025646 0.228482256882042 0.163150352015422 0.112503888576609 0.166941006397879
0.0205221614549549 0.417917198575806 0.0203621787772388 0.227723034069829 0.287865004888424 0.0256104222337469
0.0860847790109119 0.0740375853955268 0.374640194383268 0.133215200283029 0.244301340985311 0.0877208999419527
0.0167127241802718 0.100340334388147 0.0225549170713229 0.184455236965825 0.246296977404835 0.429639809989597
0.0750573625041233 0.241832211756247 0.230822575248393 0.220843433727564 0.139317252904461 0.0921271638592116
0.0649943329025056 0.0649376152732454 0.225586561514519 0.274411587332993 0.0768808719974781 0.29318903097926
0.0989452966725067 0.257560008039434 0.0376307242331315 0.230453881723335 0.0736446145757577 0.301765474755835
0.19934213991295 0.202186944565455 0.0935098275340656 0.0816086804979756 0.232159866642125 0.191192540847429
0.0512139494584639 0.12708599032476 0.314296552943431 0.0991080698011236 0.286325902004839 0.121969535467382
0.0273075343424009 0.0360624810371521 0.0881425140869867 0.256844806310359 0.0941089479211954 0.497533716301906
0.137245915075082 0.0922723281759186 0.241990273569517 0.0469519860973491 0.347191318457939 0.134348178624195
0.0313079205186586 0.281305977238752 0.531956344777494 0.0124169357547654 0.137675965284172 0.00533685642615769
0.267363692071439 0.333302877034331 0.0536680947428569 0.0418579011937717 0.130440673090221 0.17336676186738
0.290047629089288 0.278261996992585 0.0647262872214742 0.0138724701223097 0.227730283413587 0.125361333160756
0.222742592140038 0.0860943429779366 0.154473099758917 0.143918045805791 0.182280122264822 0.210491797052495
0.0909697165519761 0.283467757130654 0.287765148518148 0.259138094501574 0.0754065307997205 0.00325275249792724
0.176558597199233 0.252361699850739 0.187744469382188 0.0512805263834342 0.0737728793716459 0.25828182781276
0.225443508159802 0.186886166388338 0.185076666410082 0.103358188186913 0.249434306609276 0.0498011642455893
0.216382860500586 0.207596387474317 0.148699267580495 0.171154193061708 0.179514321389632 0.0766529699932622
0.0351703797485037 0.31197618090824 0.25203584708196 0.0415712430105016 0.145947543248172 0.213298806002623
0.230494555966098 0.163448319031162 0.182447286037791 0.134519467434553 0.101939977936575 0.187150393593822
0.179319096851763 0.186774484640169 0.178908039125005 0.143562984301106 0.146543376245808 0.164892018836149
0.3289498046566 0.124903299491823 0.289290647954306 0.214329401071494 0.0338120194945671 0.00871482733120961
0.132337051828819 0.144564041156103 0.196387789740729 0.323431250882447 0.114891859262701 0.0883880071292028
0.220380407184894 0.176214269777914 0.108970982083713 0.283268531762462 0.0610266983825661 0.150139110808451
0.00789396793352175 0.210992413734999 0.323500937912683 0.0775497552166154 0.285299159894141 0.0947637653080402
0.28183867638701 0.107733390977316 0.277874349415845 0.0304206197113821 0.167685682915011 0.134447280593436
0.111635988053216 0.217059962331558 0.139037436520055 0.11580184774439 0.290826371299119 0.125638394051663
0.292313322560055 0.0643569068815155 0.0815656406052866 0.389256198163953 0.145675108246902 0.0268328235422881
0.261233929308738 0.0533534957341433 0.291326745184712 0.0653954923966787 0.306461420289329 0.0222289170863989
0.558117318332093 0.0499726717903947 0.0241422128106576 0.0261952408728215 0.0602109017292125 0.281361654464821
0.216833880761661 0.223302480177951 0.276061780097968 0.0757323830374277 0.0488172497113396 0.159252226213653
0.218463728846914 0.0559600263554739 0.186205641585305 0.1500614548641 0.159132656798581 0.230176491549626
0.128188700926432 0.127405778879692 0.1340530369187 0.0702577638472023 0.284248275223308 0.255846444204666
0.121683967101921 0.383676181773079 0.167388427474215 0.024448431521237 0.22978520527807 0.0730177868514788
0.135728885705004 0.292082822104361 0.0234535668983345 0.133391615940985 0.222334839506928 0.193008269844386
0.198224497279498 0.190508919550554 0.192975495712989 0.0200927406204442 0.242451608678578 0.155746738157937
0.324998048439824 0.209947484116316 0.313923365468562 0.0371860422476754 0.0123516701974033 0.101593389530219
0.259908409193732 0.251703858407111 0.216621289609271 0.106206084394541 0.0198610599667215 0.145699298428623
0.439830245269646 0.125514514405389 0.0242751128452401 0.0811011094771936 0.224150569758827 0.105128448243705
0.261035027315993 0.118396146613703 0.0462388222195649 0.238009965363662 0.182201011232983 0.154119027254094
0.235686336010416 0.269684735409072 0.210046934278318 0.189381101802503 0.00878745219232212 0.0864134403073691
0.170677530004302 0.0287841881916429 0.286835244581789 0.0820568693041687 0.193249089790431 0.238397078127665
0.241411588206911 0.252870369902974 0.00614231900105243 0.238172638063853 0.118205423100881 0.143197661724327
0.208660747820929 0.203512864912623 0.201174177923127 0.0869851999872956 0.134437427644551 0.165229581711475
0.193162638534378 0.115457765455706 0.171491349189883 0.196312483696956 0.165411485636934 0.158164277486143
0.0867285955928522 0.0988278740769785 0.148562861631699 0.192009406467494 0.295923423587932 0.177947838643044
0.119174101601585 0.371061081821687 0.298662650765858 0.0900082573802821 0.0499431029258645 0.0711508055047235
0.0914746693459161 0.054919533159519 0.258339469513406 0.146019752589888 0.330503004581345 0.118743570809926
0.231920906120784 0.208988625206433 0.0509199970777211 0.204220794857174 0.0479806222591617 0.255969054478726
0.0134551177159328 0.0653978786206643 0.337394777929037 0.100982009107218 0.260529317039151 0.222240899587997
0.256684583062155 0.070756811120212 0.214159387015201 0.288218364982842 0.128731891717838 0.0414489621017527
0.138650170452845 0.0124539682889217 0.0291811230073463 0.328655719272017 0.285702167422314 0.205356851556556
0.344518561736796 0.250230244295523 0.0057056888033221 0.0612417325881869 0.18371677126408 0.154587001312091
0.20764017607867 0.104360511568513 0.264812161936246 0.112134561769632 0.0433252699065052 0.267727318740434
0.213555817597417 0.244501160003804 0.0725984026922121 0.109687573784639 0.123556571569982 0.236100474351945
0.0841311726744702 0.0832909060817282 0.288019625343777 0.0900100371843988 0.299929322686729 0.154618936028896
0.269800151234167 0.0178151444496078 0.109710732084527 0.239937742359314 0.29650273025012 0.0662334996222636
0.191905901660721 0.155290304110076 0.207799337031581 0.22247404307299 0.0166440602560811 0.205886353868551
0.280447382966324 0.0664137633195454 0.0135122810031428 0.187594829740893 0.202835415078298 0.249196327891797
0.371168698406973 0.272821437714884 0.170576628196893 0.0217342708984229 0.0717715649269367 0.0919273998558905
0.268343287890868 0.00333999177490368 0.245965473689585 0.150748566422842 0.181122679567209 0.150480000654592
0.241097975531492 0.330325661940881 0.192915985119259 0.0499491351285599 0.0433085572645463 0.142402685015262
0.134577347349112 0.33670413259306 0.028132240518388 0.12604924471554 0.140175671778767 0.234361363045132
0.03575372188604 0.311100174191721 0.080182440975476 0.231442427688786 0.0251924188102048 0.316328816447772
0.0121185784116627 0.0608027178059717 0.221686201809126 0.225356441597862 0.212990529290992 0.267045531084385
0.0626311554119816 0.0255528966520796 0.334913252794503 0.318039523066157 0.185614058626739 0.0732491134485409
0.0303074411551616 0.0795753062417368 0.205025282879662 0.240680470805582 0.30642652478871 0.137984974129147
0.101928728083235 0.26262446096653 0.187549867296591 0.121407803016553 0.237343886130182 0.0891452545069078
0.234015812812269 0.294480914810339 0.0623982058944808 0.183420020724819 0.208523335074138 0.0171617106839541
0.0306303490027524 0.297642756311732 0.134093970319204 0.272254488905264 0.238846628250627 0.0265318072104198
0.297423918590605 0.00639016256949926 0.207370457325797 0.126494178895828 0.302523133836699 0.0597981487815731
0.137531300063285 0.184611500278011 0.0862581187173863 0.159259474178277 0.178723010267276 0.253616596495764
0.0769368843253533 0.0810836050138234 0.0591385031840514 0.279438366159472 0.0585091483677505 0.44489349294955
0.0675643385275912 0.200248316327806 0.204196584660071 0.193455132256083 0.185356327304251 0.149179300924197
0.0902717109050425 0.269670332374748 0.324477069985773 0.0436321952167222 0.0253932024976873 0.246555489020027
0.134996256793268 0.149297367238239 0.286195703319046 0.140431653256366 0.135854583987162 0.153224435405919
0.295036418802437 0.0341367390248184 0.155190244980175 0.104555312198375 0.236136024612206 0.17494526038199
0.143341018721369 0.228375301166364 0.160692254144738 0.0568231586655755 0.199363546554356 0.211404720747598
0.290246758056984 0.0279895824165149 0.116278223011551 0.219204883839391 0.0565884542370339 0.289692098438526
0.126441659439221 0.0710322640608496 0.216831741897543 0.160912990942829 0.18317028189505 0.241611061764507
0.267575505526653 0.25464405474662 0.201282158647965 0.168560624355271 0.073881655201961 0.0340560015215299
0.0451168002614687 0.0278908359106922 0.28831396736212 0.35124483206145 0.0594238540468421 0.228009710357426
0.308202718087441 0.149317573372448 0.348592496153018 0.0163362591910815 0.0539890905777377 0.123561862618274
0.279279462608777 0.0685438955000789 0.0928309011205919 0.236190032099046 0.224718381471354 0.0984373272001526
0.201668427245333 0.164360891864302 0.155265548377558 0.2028532470891 0.0625061138905548 0.213345771533153
0.343977258579614 0.0690762899826089 0.282832354654261 0.0467932570664018 0.14004225969962 0.117278580017493
0.196747076736709 0.100814764120568 0.28817297865662 0.21253367251154 0.103729878488749 0.0980016294858135
0.162607750059952 0.0730849901920702 0.212777703471549 0.195758440032178 0.300518888483974 0.0552522277602769
0.0098308229208888 0.1405757822791 0.234985458682367 0.192925855289916 0.165977699189248 0.255704381638481
0.247348489938804 0.109366057291199 0.114322899350554 0.218302654060394 0.178334820616949 0.1323250787421
0.248233915255475 0.145412907701532 0.159912604618075 0.230590250421681 0.206114049908768 0.00973627209446852
0.289208638182996 0.166860105311891 0.145426981229131 0.118067172180221 0.210627663230171 0.0698094398655903
0.268074052349525 0.15497536585495 0.0980312331259557 0.148070804881161 0.134879098054697 0.195969445733711
0.310537699681104 0.0335204916502498 0.378406124657255 0.218135782590263 0.0173944784219728 0.0420054229991554
0.229819809102418 0.15403203509821 0.0957241362706344 0.199790941241779 0.129296016099991 0.191337062186968
0.0865133139241454 0.313855043393941 0.209191243539057 0.0250424700920483 0.0956330798211001 0.269764849229709
0.121848820478886 0.10553610979741 0.176691605222966 0.281054083292575 0.257964708787729 0.056904672420434
0.179273921566732 0.232210578566164 0.0459579163330216 0.131583358960073 0.171687476255419 0.239286748318591
0.20357223975979 0.297707938426891 0.0775783465813646 0.139721461021907 0.163414653715688 0.11800536049436
0.239702596755828 0.300280366622754 0.0738563133273502 0.282683594937629 0.0377912795553103 0.0656858488011287
0.0671992483681116 0.362062701179647 0.234394924815884 0.0233914468614885 0.309424426770613 0.0035272520042557
0.054433055051735 0.279566605404595 0.307382403544403 0.0582782332146273 0.119836804904105 0.180502897880534
0.304460352471932 0.0308526867567103 0.113128074414919 0.170304640661738 0.184577703007535 0.196676542687166
0.141565985235041 0.181977684326255 0.180637104882481 0.0893094924761189 0.197102898106349 0.209406834973755
0.0792593471674612 0.275618970545417 0.164316095165226 0.0381913947409785 0.20839045198247 0.234223740398447
0.225611630951929 0.156165124119338 0.213068767552125 0.15356640322006 0.0523765605788488 0.199211513577699
0.27512729970671 0.0198056074988504 0.0496179992569323 0.252719441431019 0.253539347925837 0.149190304180651
0.000262436008547066 0.222073538818072 0.223381956491898 0.143253193116235 0.227707474008991 0.183321401556257
0.0796041257743437 0.151130225424814 0.114400587860146 0.270569297813234 0.155662571633803 0.22863319149366
0.207037201019957 0.00876576446395045 0.19120333913847 0.123261886190336 0.223151912493928 0.24657989669336
0.331677421616836 0.0445489392813787 0.292109642085726 0.00469805906951443 0.226435548954248 0.100530388992297
0.117578133690805 0.173581267476331 0.027574648221119 0.131162445614254 0.235018242417617 0.315085262579874
0.371756567360213 0.0453440737277374 0.203303878304757 0.0490463147301022 0.222741880754242 0.107807285122948
0.19552792189123 0.129438740385779 0.238660046298342 0.257702452178517 0.007844994753 0.170825844493132
0.167820564974281 0.203176818916348 0.135532265045927 0.194098241377154 0.114762826112543 0.184609283573747
0.0866487893246217 0.103696052305326 0.219745506276469 0.253355278369296 0.0945086864066403 0.242045687317646
0.120373988502613 0.425773367865573 0.223168926196006 0.00466719192721803 0.189436650370488 0.0365798751381018
0.230072423935047 0.111886969597138 0.178651046105986 0.25977690298764 0.0192405471388828 0.200372110235306
0.142227565534083 0.110671464260397 0.0830122106077867 0.0731824668827792 0.339091032414764 0.251815260300191
0.178282058187213 0.0139196026503061 0.259248587914046 0.306425475385066 0.0589122230632821 0.183212052800086
0.169329905029398 0.169609111495558 0.200307470980214 0.0760363101350373 0.205465141322054 0.179252061037739
0.154697350816226 0.169714966304724 0.265619920142414 0.245194834489033 0.0668669888205287 0.0979059394270739
0.0287264959301536 0.274175839204046 0.141281312517218 0.130246797160699 0.233594635421964 0.191974919765919
0.187632543208127 0.0185872190118351 0.212458473609624 0.196053726378397 0.193243782862396 0.192024254929621
0.172144425897505 0.313202557525324 0.203800530411418 0.138893271845833 0.0856233844479789 0.086335829871942
0.163082789357197 0.209072211754313 0.204448192590376 0.0865302846923554 0.126979485103483 0.209887036502275
0.35636484956584 0.0970582620986877 0.0336259900139506 0.312904080774362 0.193824409447537 0.00622240809962282
0.311923406701818 0.0173913418927068 0.00561020910779799 0.397551009468465 0.0456322254582206 0.221891807370992
0.194768772961667 0.0774439461790831 0.0665370618602285 0.271222171463037 0.12512751961316 0.264900527922824
0.0388147955308435 0.034193052023452 0.312061993038579 0.225841241545629 0.257837226448828 0.131251691412668
0.16680950693756 0.0601481450992187 0.104894397194887 0.00859677685329913 0.30382316528142 0.355728008633615
0.185718152200369 0.141928739274018 0.343081869515473 0.114580061714851 0.0576355023981809 0.157055674897108
0.322422857232215 0.208843272783011 0.032868681512864 0.320577788558143 0.0654117612824243 0.0498756386313426
0.103006691160763 0.184591542570167 0.268698058479901 0.269400371452725 0.163708201207414 0.01059513512903
0.345920242942637 0.0880744833172671 0.284209588843019 0.0463375149609039 0.0550814256860577 0.180376744250115
0.327922624422587 0.0536914904249736 0.202436230149798 0.270385359287329 0.130446974471923 0.0151173212433897
0.186678730864344 0.293402381272762 0.218849358366583 0.143854672308162 0.114851634826882 0.0423632223612657
0.251695270440482 0.032822697848573 0.245470617303956 0.256505765075263 0.188650891162415 0.0248547581693117
0.166088785936994 0.222319677275167 0.160199568545459 0.074271114051725 0.152299188262292 0.224821665928363
0.0578648193540015 0.0682276568490788 0.373299459060741 0.12563600399704 0.0906368829321889 0.28433517780695
0.108129993045143 0.260332482182331 0.137110055403816 0.130632907453676 0.21996926054986 0.143825301365173
0.131499536817481 0.416580580682654 0.0245256317388019 0.0623019989467107 0.1574742980982 0.207617953716153
0.153672657946805 0.0691439044820694 0.202176220739484 0.305323122444593 0.263186511281324 0.00649758310572521
0.228296411611443 0.120037879551661 0.10033850633641 0.171307839597383 0.181594795501312 0.198424567401791
0.129580678307262 0.177777826430586 0.12748697522371 0.224744225613214 0.264581405597386 0.0758288888278416
0.305190986709167 0.118664288339404 0.103612200656941 0.026408131061569 0.266585424554987 0.179538968677932
0.178636075738642 0.211408421890903 0.154649000470693 0.0145165609389527 0.248604066337808 0.192185874623002
0.195794368405924 0.154772197222089 0.331657263244855 0.124680244251843 0.173327101587046 0.0197688252882426
0.133889365773109 0.252166943331556 0.159499837786712 0.0659129237377975 0.147323039133398 0.241207890237427
0.158758498439208 0.34936256524557 0.0902699979901582 0.227540248760326 0.153521310358626 0.0205473792061114
0.235848960174512 0.0643838832273365 0.272802092807952 0.115521464395369 0.157864616947101 0.153578982447729
0.211895380576259 0.0051667415542421 0.11603828436924 0.222543534002382 0.208721178213237 0.23563488128464
0.164991392361678 0.204039091791468 0.0477494482833459 0.178327461012339 0.306780315351628 0.0981122911995414
0.228815105159776 0.243252657214816 0.145640634432437 0.114686176374219 0.176026763220976 0.0915786635977771
0.221079277790529 0.2090035716628 0.176575217874286 0.167998790128149 0.00936236043522634 0.21598078210901
0.245720114216201 0.150066257607407 0.0301167399478516 0.17833284384315 0.192257852832693 0.203506191552697
0.217842294923833 0.138234823489185 0.155966109562843 0.0275283215998251 0.115015045688691 0.345413404735623
0.253247913683161 0.17076410774881 0.0963074475442612 0.0132244963715826 0.405029845057565 0.0614261895946202
0.308384982491807 0.233880113229787 0.162099229987224 0.146394582347737 0.126998386866455 0.0222427050769913
0.0522594634818774 0.217193516772256 0.0474788064742091 0.288486728180657 0.170511289210301 0.2240701958807
0.16869748796488 0.147130170310781 0.116173906341402 0.214376660691322 0.187556414346424 0.166065360345192
0.199082310125229 0.0650022365211622 0.283241523836347 0.15161860024464 0.0628551565705042 0.238200172702118
0.287615878605961 0.182160793832135 0.0537598573900191 0.202863805916651 0.0260289133480457 0.247570750907189
0.338467781302398 0.0548146882486417 0.0983051583646084 0.297120349643556 0.208534175923593 0.00275784651720379
0.060097595399561 0.00583089741633029 0.100902148702372 0.343752533967521 0.1814081190761 0.308008705438115
0.17415836475474 0.111521070198705 0.124839692525787 0.0175454625528987 0.323546835226519 0.248388574741349
0.210138822062166 0.138267538605374 0.0891620583012599 0.2467149719057 0.0889463933014309 0.226770215824069
0.256307791715592 0.252138325969058 0.160012536128629 0.032609963173252 0.187126301297891 0.111805081715578
0.174381601003682 0.00476681255212881 0.0825060936510395 0.385104717723892 0.139170553287042 0.214070221782215
0.0869964010220387 0.198678194845343 0.275941455724534 0.0152142757444765 0.223623004749165 0.199546667914442
0.354997068330062 0.208360479478725 0.102271991345911 0.11236034370056 0.155518863573476 0.0664912535712673
0.251638658593945 0.27369966125089 0.141012401054978 0.247023188527965 0.0270360957010712 0.0595899948711517
0.040355116817461 0.380444818504228 0.0654981119872463 0.0102602980916003 0.109704408745083 0.393737245854382
0.145494387704149 0.259772678051982 0.266088442670541 0.0320613891118192 0.135105903042516 0.161477199418993
0.174985682420138 0.0532451148032039 0.268801958589456 0.117250328279282 0.308043563793538 0.0776733521143814
0.157612070251542 0.0198851340347372 0.233867127397635 0.227915782231227 0.275317452056421 0.0854024340284374
0.0238692134358812 0.185529451466989 0.249178886084421 0.263181472623276 0.0289289528032119 0.249312023586221
0.247429801846329 0.196026643031923 0.105012899743106 0.0714812463983827 0.104385412607799 0.275663996372461
0.125052333848272 0.185822269612405 0.183772773876324 0.146418962989122 0.203225738335158 0.155707921338719
0.0777098079230836 0.264286241093169 0.251546130564135 0.0696835860803655 0.167944800194512 0.168829434144735
0.197804077451822 0.334056407373207 0.133576554438435 0.0725008581755613 0.229585048035512 0.0324770545254631
0.331006753245063 0.155283372250307 0.151315000292575 0.00176315405984311 0.307081611405761 0.0535501087464501
0.207205102938953 0.242231296379337 0.0539682720651963 0.162814513287051 0.169630938890155 0.164149876439307
0.144588840918878 0.198605929529707 0.16395165383711 0.233956546243819 0.0951971291531995 0.163699900317286
0.223411805837094 0.0816454104862333 0.174888590917082 0.223104324084542 0.13021496874836 0.166734899926687
0.12841968341728 0.396539023339865 0.0806282871903125 0.302026962962336 0.0594160626234096 0.0329699804667972
0.110437697038852 0.188501128214145 0.197489535455552 0.211912001526817 0.0254624742082289 0.266197163556405
0.282814239032025 0.160151369425489 0.273778305074592 0.0202639066536089 0.21998146481387 0.0430107150004142
0.13558404061208 0.088009163321931 0.18368889924758 0.11611205822198 0.368543821879934 0.108062016716496
0.194143386403845 0.0223419537691432 0.261442725658855 0.16948351050198 0.217604413847939 0.134984009818238
0.04309897172522 0.24146076531462 0.350106837058067 0.00407730897807254 0.341990726795267 0.0192653901287535
0.147354323500206 0.0382539933969454 0.17381591985259 0.285953207541184 0.0402091282835965 0.314413427425477
0.101137043913151 0.144964249586409 0.0497172900512646 0.0440468855902502 0.439570620969097 0.220563909889828
0.161833537261849 0.269775381189442 0.247761590444738 0.00746651615401161 0.0962352921019689 0.21692768284799
0.167770276295086 0.161899169415674 0.18053483433856 0.289873989378892 0.0669232896138467 0.132998440957942
0.274909299096503 0.332520645549675 0.246780106997476 0.0126494709977426 0.0530315107183687 0.0801089666402342
0.162422540842094 0.231421095502619 0.173894395959718 0.192417452195628 0.0897626557672194 0.150081859732721
0.104259007985922 3.8367313696592e-05 0.343215031945563 0.175830324559067 0.0223055708566396 0.354351697339112
0.0220866510895328 0.306753676886191 0.30468920396906 0.109070001004839 0.0993533883687722 0.158047078681605
0.150841785217392 0.0174967298126128 0.228073096661908 0.00851855494716228 0.234196092473506 0.360873740887419
0.177459512447931 0.0459381286591241 0.160463806406715 0.130008783768321 0.311082158284497 0.175047610433412
0.364069830593173 0.0537151091460555 0.0920295312665117 0.0738434029907512 0.217825224293448 0.198516901710061
0.18174696895644 0.238641721169772 0.194591462942719 0.171196272054716 0.0386089631587255 0.175214611717628
0.316005883324281 0.291357658364895 0.276394151112697 0.00546260908129989 0.0241187908616082 0.086660907255218
0.141971564535559 0.0694429888661555 0.24015407929872 0.170743458223663 0.244394447781942 0.13329346129396
0.145526848076752 0.225086353225518 0.180562817775098 0.110834943376805 0.125543018986031 0.212446018559796
0.275626386034834 0.267809231858702 0.0560545613753961 0.107923436933793 0.0931435717235088 0.199442812073766
0.199962491709143 0.21138980467197 0.108499770483861 0.254797391221764 0.178204496607739 0.0471460453055234
0.204415920122683 0.121119799791712 0.209116352042826 0.21522236172659 0.236134162839315 0.0139914034768745
0.0120193473122219 0.248826750398221 0.0999264150617511 0.18190870188806 0.212271965505506 0.245046819834241
0.0164164468954455 0.42775104990251 0.214490815158119 0.00673407306864507 0.168721334819963 0.165886280155317
0.0825616382523796 0.277394579179258 0.097628160180851 0.0706572417600054 0.183705201067929 0.288053179559577
0.141117999295165 0.413598892901543 0.0968351428846283 0.146982788694983 0.00473073980186084 0.19673443642182
0.109144614849338 0.0325795923310067 0.13553967992552 0.323906544022662 0.272088379336179 0.126741189535295
0.349970916054162 0.0302899818170734 0.0915346761732776 0.111995386950893 0.112881847077212 0.303327191927382
0.358565518777415 0.222291166654603 0.202743391448556 0.0476606816395188 0.0814607482252568 0.0872784932546496
0.366545380510317 0.380210350569077 0.0208558739081015 0.111334860967966 0.0585181735781028 0.0625353604664358
0.301121928433792 0.0616215763761104 0.0243578099158562 0.300999098764773 0.0611717149588478 0.250727871550621
0.241875902720192 0.0319734734717028 0.219986420425854 0.180779867343357 0.091545621071899 0.233838714966995
0.160687869391821 0.198146886893891 0.154875094855546 0.1505410932153 0.141202830847088 0.194546224796354
0.203529385596818 0.137264273803268 0.232311449077734 0.0520496108498851 0.172061965711422 0.202783314960872
0.144775665466238 0.0334129436686115 0.22932067094546 0.230839087006692 0.264657082652459 0.0969945502605403
0.188226838678013 0.164389849567124 0.0503445613437164 0.19031859280192 0.0706839053418185 0.336036252267408
0.0835725548227585 0.151214909536117 0.241073320583987 0.249480856645519 0.105806823944229 0.16885153446739
0.0830237242830539 0.230217333991013 0.227577642968664 0.0784433670482033 0.182315638064679 0.198422293644386
0.105615439445301 0.255540517136984 0.148512419494068 0.119115301112253 0.275647933760767 0.0955683890506266
0.246433702315418 0.231021104918867 0.14332877235605 0.0671150008551778 0.151881061631459 0.160220357923028
0.0821797728661976 0.255322894261359 0.115370435592586 0.00315134287942445 0.244108232136023 0.29986732226441
0.146488547571993 0.0619806664958856 0.20428114783634 0.235144515085477 0.227064768380666 0.125040354629638
0.131031296445395 0.25341265329929 0.142866404131951 0.291977001229682 0.100406912760236 0.080305732133446
0.0746642823442171 0.172824664847381 0.150543759314066 0.176153176279384 0.223654193165609 0.202159924049342
0.163327209975017 0.230210022341973 0.163133264937221 0.218339857201653 0.202203718399064 0.0227859271450725
0.0627209842412363 0.0228462466969123 0.235447585090482 0.265974374262291 0.28001765322414 0.132993156484938
0.2146135243343 0.105636128833416 0.129217866264377 0.0695217918656965 0.28762599538876 0.193384693313451
0.250590259653454 0.132025922702661 0.061102814856974 0.186596489836911 0.223306835733188 0.146377677216812
0.180743134573587 0.213346633708488 0.275295824240338 0.0671427669414296 0.170897059670725 0.0925745808654313
0.0325616886765057 0.0361286329162298 0.159812315327263 0.120376688207864 0.341264191288781 0.309856483583357
0.0908720881759647 0.225606004102056 0.10901148663809 0.26943228226407 0.047660852474206 0.257417286345613
0.222245093081172 0.12966344841605 0.1807687145888 0.193926879889063 0.113200827138437 0.160195036886477
0.122128587277763 0.103349092369902 0.24348268580055 0.365251562503583 0.0776357220399391 0.0881523500082631
0.206937467647025 0.167835597621187 0.223124455997914 0.072696099057085 0.124678551896932 0.204727827779857
0.00292914583044506 0.127317791892169 0.292194705839165 0.187431848631008 0.0552016786928652 0.334924829114347
0.0993396579718567 0.151677650884683 0.154836466618313 0.144484623657156 0.173216193917201 0.276445406950791
0.283733926341239 0.21038994242333 0.279259689080972 0.0325637295512235 0.177212436258316 0.0168402763449187
0.107194162676429 0.190188689482404 0.123554084226966 0.164052166180188 0.176318212765276 0.238692684668737
0.186746641969873 0.260652622094626 0.128228219306175 0.177517801155268 0.075340833224836 0.171513882249221
0.285621093777079 0.0960075971923855 0.0731704520348528 0.169288557381164 0.140741652111798 0.235170647502721
0.045666425075406 0.152856710728731 0.169453405364491 0.245670537690054 0.225085500684202 0.161267420457116
0.163207339272158 0.300393755379692 0.0695633081559099 0.231673203270522 0.17953015602843 0.0556322378932883
0.165332231338211 0.177182173573505 0.266679806071932 0.219673032143601 0.0509212352778 0.12021152159495
0.213879130161005 0.0107812954708549 0.224287572085147 0.194244708215346 0.228359399229684 0.128447894837963
0.0253352655283319 0.222461866057116 0.279655739447046 0.136575007094822 0.0496832230092095 0.286288898863475
0.425567382379419 0.0173068943622302 0.00756638182788819 0.0111906734773547 0.366066670070165 0.172301997882943
0.453023048991406 0.134181835115761 0.158523312795194 0.023781954516976 0.0141737720838239 0.216316076496839
0.204049035043203 0.118822009356401 0.328873053125548 0.202502455210962 0.111857268254155 0.0338961790097314
0.253193456191551 0.0473818327567929 0.196395750809645 0.185272575195375 0.273769799492608 0.043986585554028
0.1340070421345 0.1625323033241 0.148261824109152 0.198408970667075 0.148432635487319 0.208357224277855
0.353620774121749 0.0403832157720789 0.131215639688365 0.200099522594516 0.247246037057099 0.0274348107661917
0.0940852522660284 0.079622216355384 0.259086913441385 0.252275640601554 0.182053061465384 0.132876915870265
0.178430532802141 0.206618013354094 0.285143280707313 0.00179911470966122 0.131956032363302 0.196053026063489
0.257281400837265 0.00382025305269267 0.202206397730233 0.130768998129523 0.166766337619606 0.239156612630679
0.147238787691664 0.19309229735282 0.322045985037728 0.06399426519702 0.261383338259691 0.0122453264610761
0.111340973264246 0.257367792644232 0.370745845745499 0.0349974955775612 0.10246927919676 0.123078613571702
0.160542459762787 0.037211145059907 0.20371947333523 0.354337809270737 0.219503333371922 0.0246857791994172
0.0260135442492689 0.258585270582188 0.0938881081986265 0.279179000669405 0.0986492635762291 0.243684812724283
0.173610748260373 0.226141292208886 0.164110584503864 0.0847182356385766 0.177627946479637 0.173791192908663
0.102497978927532 0.443434830191696 0.0414252591326536 0.026413794420875 0.179798297199226 0.206429840128018
0.0168426192099565 0.192182437437713 0.176292884006351 0.135946251842154 0.220570332397027 0.258165475106799
0.304428067806408 0.274260159571633 0.102642870285581 0.0565680375736813 0.0865673501628117 0.175533514599885
0.372379526101005 0.0571515471091408 0.09212962353816 0.243796319360899 0.203687313695137 0.030855670195658
0.178035743268319 0.0780598097921501 0.143296517747065 0.103850343256512 0.0150361581925709 0.481721427743383
0.184089942742235 0.147880688139191 0.183277263304979 0.145657151474514 0.203842532786369 0.135252421552712
0.172208754285599 0.170242778163959 0.0870483536631652 0.169885045543931 0.224546187814762 0.176068880528584
0.100923853984976 0.240862661599774 0.275454829445431 0.184096222124966 0.176218767097597 0.0224436657472555
0.251200446058766 0.214423326632197 0.227561447688039 0.13392900245096 0.00554945366584259 0.167336323504195
0.421363483680176 0.153435359041621 0.184847275528536 0.0226253534268084 0.0365762318597854 0.181152296463073
0.0478431267854324 0.13997920333378 0.074933193770051 0.223643735245767 0.294731002943173 0.218869737921797
0.248862782450064 0.114273538354148 0.168452474389694 0.250097560881482 0.192127623404262 0.0261860205203489
0.258545416672107 0.199630783497369 0.0737680781182934 0.193284392986819 0.154154047565218 0.120617281160193
0.183992320397569 0.110745740174755 0.141490261958225 0.186977945325855 0.147216668452057 0.229577063691539
0.109116573441846 0.148411541852952 0.0499547721387316 0.0990257991674701 0.392252170081787 0.201239143317213
0.0934598549069912 0.285030736896551 0.107698008005044 0.197469756429098 0.15304887754521 0.163292766217105
0.159365924834969 0.182105688430214 0.183658601569801 0.101806902972751 0.215112249753219 0.157950632439045
0.0309584787256835 0.134592714181033 0.279597886417877 0.292186890857231 0.0264499212614409 0.236214108556734
0.217286642684254 0.20410491544927 0.152676482966838 0.251714388473327 0.137432005725119 0.0367855647011914
0.0691548892965063 0.0400374848741502 0.249762359717587 0.3335665228803 0.0797835629807365 0.22769518025072
0.035614531459613 0.0351032030322076 0.196921686963176 0.257274746409245 0.298257219010354 0.176828613125405
0.245699495280403 0.361707741211687 0.0514411393736935 0.00816327932046634 0.259753506703424 0.0732348381103264
0.0200308517998433 0.484269538242191 0.0419256277875466 0.251284766422344 0.0642010789737119 0.138288136774364
0.317162561743832 0.0233383006565661 0.169317570584572 0.121288481503437 0.250285332976236 0.118607752535357
0.250251447247064 0.0844065720269278 0.190361324766608 0.223154329823162 0.173455687386498 0.0783706387497406
0.182654526874801 0.33192088823878 0.288628623339657 0.0851608972994045 0.0925038937154923 0.0191311705318646
0.241583846604827 0.144647424681842 0.054144888618321 0.030653527472368 0.0396804415601317 0.48928987106251
0.155889977820742 0.210788640292332 0.195282488570575 0.159578065884361 0.13555947473205 0.142901352699941
0.0279521744309694 0.225150617907953 0.121970573460922 0.283429600403168 0.156681250501498 0.184815783295489
0.197196012778506 0.122698884939337 0.210463354312917 0.101532630734579 0.181287277105507 0.186821840129154
0.220757253568888 0.138977239709941 0.0417387254129147 0.194513709174103 0.182375697971186 0.221637374162967
0.170054952805611 0.210508759046863 0.32524886210972 0.0119961538032394 0.21137374244104 0.0708175297935263
0.0552454829400929 0.239214189611211 0.293713382974668 0.317518170871223 0.00629447755750704 0.0880142960452978
0.12057530197243 0.24132338230664 0.17889918235812 0.376347346014618 0.00699391964804333 0.0758608677001494
0.138407157677301 0.128736262723368 0.146123867481024 0.109725542459975 0.252349908114216 0.224657261544115
0.0651078766043676 0.304175583711636 0.216531033274007 0.000945078102205762 0.138729471803969 0.274510956503815
0.22177053772723 0.178912330021905 0.0742410197177355 0.0475154470348143 0.19967303581878 0.277887629679535
0.22475176787918 0.146093873772852 0.163258880287088 0.11132679442966 0.13077498939353 0.22379369423769
0.250007470775503 0.127549725465662 0.193574446288494 0.375721161016249 0.0188015163830486 0.0343456800710439
0.0367028129965192 0.13572154145051 0.147499783510543 0.140508136301299 0.158848955637236 0.380718770103894
0.126168306902695 0.0399871490672126 0.201216284413681 0.191709512090394 0.219833849276467 0.221084898249551
0.127282696826108 0.156116843578321 0.228363637164967 0.127148353464658 0.0771532344397384 0.283935234526209
0.317850699561352 0.0237655095302547 0.325215631554943 0.300105266229866 0.00200352340297609 0.0310593697206081
0.0250363845587937 0.234473158557702 0.0828225033512021 0.194060903534533 0.178499700084657 0.285107349913113
0.100894946097825 0.0809263390306533 0.0782589076374344 0.278949162512442 0.175120700352254 0.285849944369393
0.18519980876492 0.0522879726200488 0.12342928953514 0.119094291583362 0.317840523328519 0.20214811416801
0.00610524903900879 0.22312100971488 0.260177847461131 0.233423263668884 0.20533636877896 0.0718362613371361
0.200253408498619 0.195175333775896 0.148102669549481 0.273770535189013 0.00602785989627904 0.176670193090711
0.047208872730082 0.348629097405469 0.0359883825930028 0.167655202583189 0.29453123831011 0.105987206378147
0.214487809125526 0.147416820579561 0.0911821332454849 0.15492442320024 0.20478015156189 0.187208662287297
0.0615221374341364 0.215476659495599 0.220495398393377 0.119803276215732 0.238284720170628 0.144417808290526
0.288261098881876 0.351682898800345 0.0166944275649629 0.177238090488721 0.154205942899747 0.0119175413643487
0.24816574849487 0.289004799603015 0.0695482566270109 0.228562514095441 0.136749264498352 0.0279694166813118
0.0988247976028727 0.272454011732742 0.391747688741716 0.206987000322354 0.0174637065195625 0.0125227950807528
0.133889107448492 0.152519438209589 0.373554228858025 0.171859672549001 0.0378222017845119 0.130355351150382
0.270492343129878 0.0628637029695144 0.0997607205464631 0.30045645085485 0.265453791889045 0.000972990610249892
0.0943106794447954 0.094522703471368 0.160104908789927 0.152918022090816 0.217320979567178 0.280822706635916
0.202359381422766 0.107895246857351 0.205579285048552 0.0631326125749371 0.174563528572897 0.246469945523497
0.0222459950226433 0.0187835341977029 0.345694936643319 0.026457059236113 0.256862632456705 0.329955842443517
0.1849561786736 0.293988042172296 0.038723706788903 0.29568409761954 0.0504983421678655 0.136149632577795
0.229201495890218 0.177154103878139 0.266894031568079 0.051502193865013 0.154075203175737 0.121172971622813
0.0026366956108395 0.00337690564084029 0.151836728924747 0.600567580541378 0.175256328199164 0.0663257610830314
0.117935444860075 0.0845648228377967 0.239899690043716 0.0965668854461604 0.247680555905631 0.213352600906621
0.18005410377879 0.244788082499846 0.00628077304448351 0.0757251942676544 0.322961270916541 0.170190575492685
0.0153488066910535 0.15790765739715 0.383677878854458 0.0243946683367542 0.269753436030953 0.148917552689632
0.0870321680424153 0.206928424375414 0.188602957115718 0.0228521279060543 0.313737475141437 0.180846847418961
0.539263479038667 0.245429821808621 0.0217014100713843 0.00633105821373446 0.00348355020583379 0.18379068066176
0.203743330485703 0.0858695768194744 0.264318280153309 0.102986310463047 0.0905424280521439 0.252540074026323
0.252482925553919 0.0680244364217282 0.234964794903926 0.152300508528561 0.143235069512935 0.148992265078931
0.0203362845835551 0.181469416552502 0.0160628833161361 0.301312959522937 0.15831629944853 0.32250215657634
0.248691164151373 0.257062470320348 0.0799409879263608 0.102560768515175 0.265232828733952 0.0465117803527913
0.21744182993978 0.0223574475670908 0.147134732029086 0.260201961613359 0.219494137564513 0.13336989128617
0.110258276990563 0.0677888613218059 0.210091538512735 0.245261933094779 0.293309383696066 0.0732900063840517
0.0730961407818898 0.258744965420404 0.273034341647309 0.118577642485336 0.0492372058751363 0.227309703789925
0.116361067469277 0.0538302993174162 0.204566805891435 0.264374467918827 0.218411198492136 0.142456160910909
0.172248443380297 0.247101877038639 0.0349073761351721 0.0142813400898183 0.337454417530306 0.194006545825767
0.129674719981691 0.102238516495113 0.045351305130254 0.334474200617568 0.0901556378448465 0.298105619930528
0.258545995225037 0.200950705203901 0.155837694074228 0.132493106475351 0.00124274176784834 0.250929757253635
0.227152415929545 0.111709797877999 0.185197597196005 0.21807740435878 0.11732194137517 0.140540843262501
0.0696578492773406 0.338282196077418 0.198763042080121 0.23019996015539 0.113498824103129 0.0495981283066012
0.10306307001154 0.112584875054271 0.0878949506091979 0.254217891500477 0.173478135364939 0.268761077459576
0.274846575213776 0.0225097373911593 0.0532069472327724 0.0818765941907204 0.278270536793954 0.289289609177618
0.245467565128255 0.243206712776233 0.148531929392589 0.151695799348216 0.188640261800172 0.0224577315545341
0.218426947208232 0.101673529003256 0.283312081449029 0.119262489525042 0.0828745249078651 0.194450427906577
0.00568220919036569 0.413029070068213 0.167742054412392 0.349651431295704 0.0575005091562116 0.00639472587711378
0.142639151192223 0.22982991455093 0.342676059569571 0.0797131418265246 0.111971462194405 0.0931702706663456
0.146719538279123 0.283437975242543 0.071402107194801 0.364876523337608 0.0941913381010096 0.0393725178449156
0.152397493941847 0.204963294573821 0.0800129280657799 0.171702527467399 0.193397949905826 0.197525806045328
0.0841806524491735 0.0194374178196891 0.294338033412339 0.0375045638063255 0.249114615784298 0.315424716728175
0.109746820017053 0.291479113284646 0.0692461406761548 0.254166326908708 0.164739195173672 0.110622403939766
0.405935501171656 0.172433817284791 0.00944024294268935 0.122234628419931 0.151883666274318 0.138072143906615
0.224547237194085 0.108747757260443 0.224710752275108 0.213654002264032 0.125096626313907 0.103243624692425
0.381887915944816 0.121508293080791 0.19282177014439 0.12314011069195 0.00142964836893176 0.179212261769121
0.163224483159309 0.239099772945525 0.138721079531498 0.228647747048688 0.0736792856131334 0.156627631701847
0.182816531967577 0.0947106701931765 0.238893022602443 0.183675858783516 0.0526628640384093 0.247241052414878
0.215452745147398 0.201251657650075 0.200732535254596 0.234329651015894 0.0969862385449453 0.0512471723870921
0.000938545476277391 0.10632849767427 0.186795304305588 0.524111425098994 0.0420227799449107 0.13980344749996
0.25413438203257 0.0967251476086722 0.0470734268557856 0.318212855825744 0.107334797361309 0.17651939031592
0.112520084885069 0.0829408851695878 0.249510405518358 0.316942522809975 0.0418292189587939 0.196256882658216
0.102801652197745 0.0906198645885353 0.152654412575192 0.0659802412569829 0.281257431558254 0.306686397823292
0.108873040124997 0.138604834891126 0.209252503999783 0.140892964466779 0.0390376541387826 0.363339002378533
0.0167654725747974 0.237762826215532 0.0707803793079332 0.128496687254607 0.269572622249182 0.276622012397948
0.0303524568102009 0.0310544889119759 0.13725438704245 0.242069078973651 0.132391889231234 0.426877699030488
0.394043232863783 0.0114867819396217 0.085603416942118 0.202034677306008 0.201908250475643 0.104923640472826
0.0650426988487385 0.0479305407903302 0.238488662539937 0.149461157290242 0.361687033011514 0.137389907519239
0.0217776099218537 0.408681021412779 0.0944694451506798 0.00281780104618059 0.151499248135704 0.320754874332803
0.0289948034076679 0.282969330686461 0.112526221939518 0.113163381065823 0.22774655449844 0.234599708402089
0.260309783233377 0.159150859176873 0.219875393326356 0.0799842642479091 0.123217382372586 0.157462317642899
0.0304486873277209 0.264371323106926 0.05985697269118 0.242116381031635 0.152996118034021 0.250210517808517
0.131606405230127 0.15989669459372 0.248954847508046 0.208855328475904 0.0787819537721567 0.171904770420046
0.201584557747134 0.220336607812511 0.0499594114555548 0.160919290969772 0.2458860284608 0.121314103554228
0.270538711446563 0.0589401298580242 0.27141255509639 0.147534731158577 0.0223673865960764 0.22920648584437
0.174453263448361 0.0121053873767726 0.229878533413923 0.166592577612635 0.183046204467007 0.233924033681302
0.20116503450526 0.118989900515355 0.29184954358504 0.150596438603871 0.128839198306428 0.108559884484047
0.220203321762895 0.0387460298229928 0.0854246704962024 0.00580426583119768 0.320005085500129 0.329816626586584
0.104514435673594 0.0967992528379354 0.235181854819144 0.162881398099707 0.0460366951244757 0.354586363445144
0.199279531854125 0.00643334070177177 0.040454944220868 0.268799011107304 0.361591266053896 0.123441906062035
0.321015865705078 0.109744451092182 0.156665844039956 0.163989583022167 0.0696392907452539 0.178944965395364
0.240874442245533 0.035196053532535 0.258288423328917 0.0635326509229481 0.197803762002849 0.204304667967218
0.446197287102931 0.109201528592572 0.166362152708083 0.0487137905040711 0.131108553124723 0.0984166879676201
0.0991944528959713 0.191450353286888 0.131756261099656 0.279431490743551 0.0657540727372791 0.232413369236655
0.218121364912069 0.202751850877052 0.150951847356253 0.0905272846694993 0.14246026560948 0.195187386575647
0.0474895937516789 0.5832118614035 0.113385417641132 0.0657822428836686 0.0561741654182491 0.133956718901772
0.179365005041933 0.0780241613995514 0.357540540675349 0.119764569031908 0.0537906638374795 0.21151506001378
0.237677273807303 0.00982928845618718 0.233423415884833 0.288985345443695 0.102370912686946 0.127713763721036
0.0623423404377689 0.303837930160929 0.108888321896687 0.186848570631243 0.0635577591169721 0.2745250777564
0.172743803128637 0.238089138661248 0.172715029039617 0.0572291722951116 0.15023859785165 0.208984259023737
0.169171070479066 0.267297870147098 0.00522415980492342 0.0336884539556804 0.255088159574787 0.269530286038446
0.0872484013075104 0.270391193074815 0.25278725562135 0.210882454202174 0.156606052974529 0.0220846428196231
0.249598382498972 0.309987699374544 0.288447556865965 0.0396621066492772 0.0271114061277772 0.0851928484834656
0.313502839937536 0.105987505632563 0.0143073412797247 0.114976813145432 0.0926350082704267 0.358590491734318
0.182855016999045 0.211089554949766 0.21101302257189 0.136812851129263 0.0606759193302401 0.197553635019796
0.228339295839937 0.0435838758100907 0.163226736675624 0.115579189908283 0.239401891577534 0.209869010188531
0.217617309878788 0.0391862929801549 0.0166216083658907 0.308884087596284 0.0956787188576175 0.322011982321265
0.229127382843071 0.194282953486486 0.0552982958319809 0.199009928568323 0.0403767353773179 0.281904703892822
0.184068745664347 0.134767071183357 0.194053977254632 0.195443721431257 0.0982212502568245 0.193445234209583
0.167395395810563 0.0429002224813086 0.303952077537635 0.125096560805674 0.0867627703077729 0.273892973057047
0.0235934981869123 0.0112583291839628 0.12847749246329 0.446891485084821 0.16365912306561 0.226120072015404
0.157234091933707 0.256606829131587 0.193212757669122 0.10881028873711 0.085089087377853 0.19904694515062
0.236534777547312 0.213955459156512 0.12148532393896 0.0292021122485053 0.0971815014015464 0.301640825707165
0.137526383732974 0.253675214437244 0.107131531860895 0.256906760899806 0.0316116802352552 0.213148428833825
0.203387036835883 0.227783088090181 0.247213264447073 0.0663276881419201 0.0225374988751746 0.232751423609769
0.177899697753176 0.0307032850919058 0.401841308691868 0.00466210061015436 0.113188065483371 0.271705542369525
0.334560067292774 0.0999473096675977 0.0880454975631116 0.11575128925435 0.0603940484408021 0.301301787781365
0.00644300511939395 0.289310557336808 0.319118981412348 0.12366590172921 0.158017557723499 0.103443996678742
0.247243331768123 0.199799320762076 0.120764995212122 0.127940570743033 0.139249187672117 0.165002593842528
0.235468759618301 0.264789019301043 0.00330808439669495 0.175861820609519 0.0619906668708909 0.258581649203552
0.0805358287571293 0.0398393890181718 0.154548609020841 0.191435811036299 0.181003850008842 0.352636512158717
0.0529125970727924 0.14744756441912 0.140677156584472 0.270425576553876 0.119267822282148 0.269269283087592
0.214840048360723 0.0855551670316447 0.353377943450678 0.0374642088971515 0.107545115576935 0.201217516682867
0.00516567546746496 0.173618525454882 0.177968672358695 0.206882253207703 0.232511767623932 0.203853105887323
0.131139144640447 0.163520033219436 0.194606290131556 0.15208929709641 0.191532037112307 0.167113197799844
0.100317193651479 0.0996181919736069 0.302283205221286 0.338981556223562 0.00940711260890209 0.149392740321163
0.0830853152786531 0.15614580097481 0.242588621348477 0.181406878158612 0.145748449832567 0.19102493440688
0.280157418890873 0.0229411156472253 0.0862277266960869 0.228762658583421 0.151365317141467 0.230545763040926
0.127257995724539 0.140262727390898 0.196047351226878 0.116194656359126 0.212571793166213 0.207665476132347
0.34512154946951 0.0292061444525335 0.139857878085572 0.155211468567886 0.208721163790475 0.121881795634024
0.462560779154673 0.0627544194194297 0.205814808973437 0.116381785670248 0.0411220523751817 0.111366154407031
0.186604280415498 0.193355354006484 0.0457179846180039 0.163113472020662 0.233175546324549 0.178033362614802
0.333073846081201 0.170914563045301 0.190758586413074 0.0510643413154115 0.159457179882584 0.0947314832624291
0.203422952045245 0.106869435117381 0.275117891350088 0.069877265620609 0.269368942005104 0.0753435138615735
0.0416860207311858 0.16232393135556 0.288482599228388 0.255142012597271 0.096291938028015 0.156073498059581
0.214749966895805 0.19650383375834 0.0921184937445391 0.169809595692965 0.195675555992656 0.131142553915694
0.188607824655053 0.269850971479818 0.242057497199808 0.0352921772997561 0.231642816999243 0.0325487123663212
0.352893775057333 0.00184083868166572 0.0817180691878159 0.191272400017954 0.311436457688385 0.0608384593668463
0.125585010559126 0.386369300192418 0.0249341881504823 0.136450605914139 0.218027866313471 0.108633028870363
0.249372175426711 0.109226489332392 0.0169979920121232 0.216769553855967 0.202947399847925 0.204686389524882
0.00859244232373091 0.544372321368364 0.0463558985960096 0.145533131068438 0.122459567877544 0.132686638765914
0.236143298445048 0.101948897700034 0.148279120985035 0.141693400475086 0.249712019494884 0.122223262899913
0.143715745220554 0.242806875225847 0.129440965299567 0.171090942739235 0.0781995588695346 0.234745912645263
0.116114988019852 0.268337347145985 0.0877451295905938 0.261673162897038 0.0406440483829719 0.225485323963559
0.162695463803049 0.104473654406517 0.27397156265964 0.101830541045985 0.17997905879748 0.17704971928733
0.127044692124895 0.188427341966046 0.194674962682151 0.182280266693168 0.182490564855627 0.125082171678113
0.0203895261651046 0.252626794674751 0.304494938329075 0.23342153498209 0.0375036007224435 0.151563605126537
0.209578122854746 0.0547823023781246 0.0415945752187785 0.103900146468253 0.387031215478568 0.20311363760153
0.102408913199888 0.0300274658522246 0.336758727556926 0.0238158486279649 0.264979757036174 0.242009287726823
0.0134145822466903 0.106552129981006 0.472368626159975 0.0334087346192674 0.00933358842473184 0.364922338568329
0.154573964656879 0.0826363383842539 0.119737215654816 0.207439338993232 0.100319130038047 0.335294012272773
0.327173817658453 0.0896514753941254 0.0742173019874268 0.312592485158424 0.183203235381519 0.0131616844200515
0.000968530030784048 0.200175117624354 0.232569742158198 0.21778568953357 0.204581689331089 0.143919231322004
0.16036370425385 0.226713926854299 0.134907398355228 0.0226457559354052 0.250904564134276 0.204464650466942
0.204668807591235 0.145897093836571 0.241857768590159 0.211495580451853 0.191893261543514 0.00418748798666791
0.130208666964849 0.247535952668177 0.0738634115876812 0.237629634928851 0.247766136984279 0.0629961968661633
0.239461072827368 0.119321693582405 0.153454008453278 0.155726581627897 0.201277490469919 0.130759153039132
0.0128845611762813 0.20182544344984 0.266277029075637 0.135384004483281 0.111780911085756 0.271848050729205
0.33978438034324 0.0933946188554566 0.111818124535341 0.0588490266299617 0.136930790025387 0.259223059610613
0.261022723543124 0.113768922917888 0.0417461858780531 0.197436836242133 0.118577846397115 0.267447485021687
0.270888909714328 0.102761209325339 0.0321323295206247 0.165319624870801 0.30808379437748 0.120814132191427
0.270221335778173 0.206016109141412 0.291595744846325 0.0616427204584508 0.0448871257257695 0.125636964049869
0.228221052834864 0.185567755033331 0.121506049183986 0.191214642899297 0.196956183539328 0.0765343165091931
0.2561825186311 0.133035317081157 0.127424735582182 0.140322058467211 0.267702026859612 0.0753333433787374
0.318485059564351 0.3197935485947 0.046276575102625 0.212978426361325 0.00264819328374212 0.0998181970932571
0.0476470558541716 0.344545327704075 0.156011333329155 0.16192385719391 0.0338636253632485 0.256008800555441
0.0164285631913767 0.205503461300282 0.077723405645207 0.200481746071662 0.237306887868372 0.262555935923101
0.190506095484124 0.0194311348576328 0.252938432609007 0.106888546365205 0.251923275060644 0.178312515623388
0.0324476653869654 0.242950577447311 0.230697121503946 0.159033160266391 0.292334337140926 0.0425371382544608
0.17530496111212 0.0547162604454021 0.0411560673906173 0.0735792073320866 0.238675434436067 0.416568069283707
0.00798999289526924 0.299097998360202 0.0522080502456236 0.174235200788633 0.127992034722414 0.338476722987858
0.110393505900121 0.0462472362294476 0.184410521895598 0.0923826155397849 0.136073136758275 0.430492983676773
0.218187957353667 0.189588480698576 0.18989065411794 0.0342139183933181 0.200231769352334 0.167887220084165
0.0972888135303582 0.143648038893621 0.31231086480925 0.0761380038030884 0.275494353263411 0.0951199257002715
0.0707491020107426 0.215239826829723 0.222127723052058 0.243328153903025 0.0862013895607256 0.162353804643726
0.242101688769758 0.145065309849647 0.280863643323909 0.140874511034721 0.162989779908174 0.028105067113791
0.301317055564055 0.00197828404848346 0.148255077399384 0.11996226129105 0.265375831220795 0.163111490476233
0.139698592039978 0.389216458318348 0.00923705718026995 0.065686681936009 0.149298457025248 0.246862753500148
0.333096427185905 0.256332872790235 0.298877842249231 0.04039851289892 0.00884999856767241 0.0624443463080369
0.256053928086677 0.0644102588973494 0.301519659214744 0.021904631656676 0.323440835664311 0.0326706864802429
0.152563849244322 0.199305030518648 0.184711728188206 0.245441450252815 0.198409194888033 0.0195687469079764
0.266928874305613 0.00281569004462683 0.0792902930444763 0.338591229781243 0.225266738751669 0.087107174072372
0.0302419935820435 0.129822131821635 0.324023695013755 0.0999370765206234 0.148703816028879 0.267271287033064
0.163786198348688 0.0396207600959917 0.125319373959518 0.0527043023585414 0.393900593181009 0.224668772056252
0.078272914608553 0.230236936363932 0.298513206826756 0.0429071329962496 0.247254145107754 0.102815664096754
0.262387274336004 0.00812528587844812 0.126898351182627 0.0708481547395128 0.353660706246852 0.178080227616556
0.272531515001752 0.107991047041788 0.0663502044222708 0.0681827241949657 0.131130060505364 0.35381444883386
0.114732989910002 0.182147110506543 0.248121605284439 0.261165837695726 0.00594116780228704 0.187891288801004
0.013172775355901 0.247138400304898 0.160530134756883 0.0478343673563315 0.179027250038794 0.352297072187192
0.162744219877895 0.20002280063306 0.0262920558189969 0.165260581787961 0.175460005065316 0.27022033681677
0.23071989137677 0.250521727020854 0.101432008207016 0.0566603730801822 0.189765655852549 0.170900344462629
0.049907598709819 0.284048004317128 0.30950890096685 0.172819378149222 0.0460155663906718 0.137700551466309
0.27661110335759 0.00998713511001013 0.0571929752005289 0.00916481753136529 0.137213824686222 0.509830144114284
0.171978755938952 0.248167950913432 0.0249308999694279 0.127067072391566 0.192940733175755 0.234914587610867
0.0507254136188171 0.124176737289418 0.129083881471452 0.288246142551203 0.31984214223678 0.0879256828323307
0.206082810926103 0.299965961067378 0.0204596226871494 0.0685127961382083 0.298701667525587 0.106277141655574
0.215585522696371 0.293801784945104 0.135654638478379 0.0980445287899055 0.171611968759953 0.0853015563302872
0.0729199651285085 0.118246912954644 0.200721217081328 0.00502291736623222 0.313242190352514 0.289846797116773
0.111976690973669 0.175347462858991 0.0696616677923962 0.301208960414254 0.228732234328516 0.113072983632175
0.128908505957542 0.237848568559253 0.290761684811461 0.0811385890904086 0.145837268674175 0.115505382907159
0.150755240078063 0.0986221423107757 0.134180951099009 0.186385459007195 0.202856200642426 0.227200006862531
0.233795860065964 0.172391098355858 0.147186965937539 0.150293854278145 0.0388464198381778 0.257485801524315
0.1919133917214 0.00104523026971394 0.265251528737213 0.243698630017546 0.0731766633401476 0.224914555913979
0.21582179021624 0.11513703684368 0.0783691246516002 0.152985918610455 0.249994416345979 0.187691713332046
0.0255613742855183 0.0120692563574957 0.335918291108362 0.253118246853389 0.333182233835869 0.0401505975593659
0.13817899126282 0.119785799958696 0.0781316704136744 0.287700176812186 0.201568113635782 0.174635247916841
0.380950976074999 0.128113139728487 0.230201081383615 0.026185562822733 0.184992779225969 0.0495564607641954
0.174397978080148 0.141170054366286 0.0336037931635745 0.258235754018227 0.239974225489454 0.15261819488231
0.222132186935995 0.179124769430678 0.261676275440492 0.0827851212245948 0.0773723959104412 0.176909251057799
0.0873313276743805 0.348323173556615 0.196041380805569 0.185284849291645 0.118032830324524 0.0649864383472662
0.0391385825262866 0.190395663250483 0.214280637312196 0.187370725330028 0.214949294468996 0.153865097112011
0.0450897692755877 0.226274023004562 0.0609424127720219 0.229041359247122 0.352551713489274 0.0861007222114318
0.0714304225050071 0.209978137286523 0.237048772004509 0.161606487164045 0.271023331041946 0.0489128499979702
0.277452410552716 0.155992183561564 0.247678139429906 0.080546134697793 0.0575377779215987 0.180793353836423
0.280246755500993 0.0725883638587061 0.0939220087093338 0.291123246673162 0.00716187585021979 0.254957749407585
0.0929203487345441 0.261303608686006 0.0829852115581213 0.252206081365931 0.104821592411645 0.205763157243753
0.117593676390783 0.170843751172809 0.0873276246401759 0.305908719726307 0.218995678988694 0.0993305490812309
0.165617747009639 0.237791827810898 0.128703076398896 0.241815021606716 0.144974846974291 0.0810974801995593
0.123227556539138 0.123246466062784 0.254727441578822 0.211321933789341 0.0909555432042199 0.196521058825694
0.196084845832455 0.23626905628392 0.268264424891771 0.0528520057526903 0.225658743097206 0.0208709241419572
0.251747744822803 0.0910665090236555 0.08778211591702 0.343422278516045 0.0312526112859107 0.194728740434566
0.176141224200095 0.288282150879418 0.259638182029374 0.00663378269706752 0.147182937567603 0.122121722626443
