0.657034744691988 0.833049659161891 0.557015783495397 0.460904355854166 0.581170295931137 0.881547941179087 0.635066658177743 0.787826173825667
0.962692284873546 0.375224377901369 0.919967504018483 0.373215489920136 0.650651654368623 0.993465653003716 0.705378465915384 0.989477580990796
0.860076111652245 0.383406809148195 0.705964108479058 0.803826778296865 0.623394531466081 0.94734710673312 0.753633165920183 0.480391992926019
0.524403794381828 0.950864572585171 0.489624452808674 0.49175528567306 0.91297805273913 0.507594465583802 0.982815162858567 0.952389897018722
0.913360291194805 0.608616375628313 0.558229408128399 0.502035450135363 0.899954608228824 0.773471395678984 0.509759416228575 0.692555124127049
0.808480435555472 0.55059569584015 0.589799948397578 0.700904662571797 0.707472730996133 0.510976699448661 0.614176129635861 0.826627931615533
0.818947693988072 0.828670105834817 0.433507829124458 0.787839569853892 0.473429012641055 0.567774249468568 0.907104438492205 0.685015853459952
0.560090464410861 0.636711410830778 0.868209614444636 0.702161545269155 0.925477504581568 0.674700352728467 0.472791200143651 0.576795594125546
0.769244193828221 0.96229079000056 0.624035356565461 0.72793339541461 0.480603593886515 0.506813156791938 0.948435777130559 0.537079526399534
0.869800734284929 0.636328983194779 0.620890245637656 0.645293907131828 0.442220014030846 0.713551419760903 0.705594697414035 0.681558261980068
0.667266564674804 0.958044182395841 0.593157167767624 0.599943983995422 0.52768500823316 0.976904892366301 0.725701847906107 0.48705950382223
0.862236856681101 0.748819402542648 0.682553606093637 0.593436433390359 0.588966718863204 0.416176656236307 0.764127080173078 0.706011245330402
0.624354020785309 0.540087723933536 0.653892658674768 0.761874559938275 0.522667171077209 0.913792932975521 0.779268697773369 0.567708218972037
0.387928626288297 0.948628001253218 0.782750378014926 0.50284227926757 0.744940692231326 0.992255514905632 0.534275803018815 0.784704624972282
0.966626398968432 0.587587295975822 0.7240759643676 0.756111272764618 0.866884339080187 0.430989545167502 0.654428198774988 0.518052250852042
0.519274033426072 0.463044190541016 0.884200481478642 0.914589212541585 0.771947862708636 0.830624154908808 0.528996620867508 0.603343555115986
0.796985664590806 0.756728245693239 0.465716129143401 0.938275720976984 0.48812696091653 0.792101467194696 0.967094477408238 0.448623259108375
0.651748282905295 0.562782026782113 0.47748601520096 0.398735121824651 0.958162331234639 0.863983799882354 0.949457217706791 0.82617394518099
0.939721444658014 0.689565713883383 0.524073653757848 0.513724025157562 0.456925752892382 0.887747252101304 0.925420916818768 0.647956704250296
0.70358041781325 0.782517732426189 0.457870820462637 0.983481448190922 0.983163534757854 0.610708371316078 0.674884380258438 0.440421247899554
0.978182154640219 0.75122076475471 0.370022556842496 0.842474198401514 0.578590440692032 0.828144699485935 0.865395324435327 0.460826338733681
0.535448987744064 0.731373724243417 0.542344475173288 0.725169210722445 0.909664620006325 0.628894083149063 0.771589467111801 0.521460257751616
0.792721115073023 0.446949185710367 0.974984034867406 0.48480985924915 0.833555504268278 0.77879118268581 0.750433462062399 0.503811514479108
0.64700017997299 0.700620100896325 0.842926764403443 0.534457707290369 0.760426918630159 0.652644743568031 0.414832631060649 0.845438069783987
0.502507879464425 0.854847248132444 0.650883463876244 0.630411829548322 0.47800613218452 0.865946802002385 0.623924137073631 0.797333810192083
0.540454948265192 0.748887413449512 0.495523655519337 0.832178123755 0.62650751337594 0.823412075053251 0.706068724299948 0.568694166073854
0.440558398463862 0.751959395113391 0.656048000320107 0.545531670689449 0.767255683817563 0.581596793558699 0.794705695774661 0.828887168379785
0.49256638317686 0.993823129027655 0.490058005650801 0.458159828987055 0.753943681950144 0.885425086169503 0.660768211931103 0.990406580866915
0.680252248430377 0.772397058137257 0.53052167396129 0.95805868334595 0.614913882210601 0.347567603369609 0.848096550242123 0.836429540492542
0.542534988614258 0.496841254522129 0.386129940539084 0.719837153376675 0.921400831460992 0.827682255737975 0.879415151978137 0.821625590901293
0.80088704996416 0.769441491396465 0.934280305604796 0.943965957580663 0.259201553973164 0.872785911068818 0.426083941622752 0.926566281752556
0.938348277225193 0.80387261236828 0.508291059294706 0.646652927399231 0.652934948961495 0.41146148553062 0.919782491590491 0.656729413591865
0.56658045872447 0.881195061690467 0.503893999088988 0.57909186350761 0.953089125768085 0.548944700703623 0.866516416297103 0.611054394412729
0.553623860994451 0.553906166134333 0.680227569757414 0.793972828270467 0.739793067271345 0.886927716845241 0.550358356003094 0.582415955518791
0.590377709045539 0.571828608289002 0.961568712270292 0.66678366364929 0.70068519170265 0.655752311050404 0.678282147017324 0.52590027985145
0.89418668272832 0.880893344975619 0.335145938049541 0.477385399177698 0.869181681930297 0.713617950099352 0.652344573589543 0.801334966409115
0.912339340214914 0.713540014092871 0.550042140068744 0.732315987751321 0.623232473733033 0.569735850300626 0.603363406385387 0.61046452752977
0.973855085647641 0.716479072280716 0.783099152305088 0.871221028217765 0.325662507596977 0.575722273856585 0.57821705099729 0.793459865732111
0.659322936842201 0.648504781774749 0.598204107675384 0.662981401535986 0.510410588194178 0.511159826410425 0.989402650595982 0.918796772714819
0.550172094071719 0.577922060878678 0.576603020711497 0.781454791114436 0.707775088882477 0.72320634439066 0.56483921313189 0.797261199897721
0.598137850529551 0.571733686906937 0.625721102388886 0.917972844130754 0.447481895745573 0.719836898042571 0.974079332026144 0.648087894297239
0.831420284513478 0.94850187128262 0.734583506489458 0.705920584364782 0.419049884606882 0.832980390931009 0.603436283548985 0.462097744062148
0.70262655017513 0.880516921445192 0.362116629091446 0.883575303452569 0.919076521172991 0.911437190523476 0.985932023236122 0.320108073431939
0.872860492750097 0.548255862273266 0.493951276949677 0.837244724602949 0.989963039678873 0.601399937676222 0.43406136027532 0.866138520234836
0.64539221847053 0.484184147173847 0.729835301231487 0.924784985539849 0.972882375766702 0.414480019669154 0.880635030644912 0.585603987023017
0.612663004553467 0.459496599632115 0.645211604366323 0.709074107899839 0.873865653774618 0.861190189578611 0.690239354625573 0.53504435524568
0.359448915749044 0.492265742091165 0.750191711165609 0.979922895944802 0.647243233658795 0.856241256982579 0.953859529847334 0.650915332399548
0.834000265916689 0.749530969973588 0.49512725463721 0.541401539425572 0.75945223426134 0.534668810593494 0.62911596994107 0.819586560807089
0.623443951636173 0.472319593346835 0.956711540974776 0.836330605332964 0.604627795291051 0.483916550891543 0.890718950436742 0.658688243762725
0.620538083474803 0.948943723399506 0.449972522527726 0.533937867112183 0.593888327314243 0.974863093750462 0.617824606116812 0.851537255841497
0.528455976223322 0.526853475040799 0.572636143960931 0.67043972632495 0.59747058471118 0.79236709454267 0.839578440642459 0.822088983426942
0.401942682740155 0.783060085192876 0.888767711868597 0.566436945597695 0.936778152239889 0.819783542435875 0.704705064119003 0.479192068223127
0.634462495246791 0.816318424134189 0.73901794544349 0.633030962397176 0.8289567487743 0.266233709873995 0.754769019767475 0.954629216828164
0.840869469325843 0.515995079103996 0.604505421432874 0.523704954364417 0.890449560981218 0.787832191171677 0.608906625820892 0.616368310141349
0.598395356477009 0.628480821537285 0.924800274021976 0.930341704960003 0.465271344937188 0.836077872425295 0.610949125851587 0.524590542426253
0.45159676570514 0.512150376718725 0.984624086963849 0.43505982275803 0.866058250394727 0.747529883319289 0.788858244254236 0.875098350723965
0.939935555800475 0.995092429787574 0.584027339244701 0.526564490125891 0.86019535724808 0.530010020583699 0.495539166385822 0.677080365640965
0.807903823281342 0.44214096145435 0.493326734336976 0.822838931459206 0.992344421725 0.750041707203034 0.535021454906597 0.708374030228836
0.892914653653717 0.841599414831853 0.559327789946185 0.583516354966835 0.741605999456185 0.489382149218158 0.5096922794947 0.832992065813474
0.38959623400506 0.999514380537848 0.610488288587369 0.607710002814684 0.724877686577941 0.786558878907302 0.698052916972461 0.66928146264712
0.776069104725611 0.563862872247821 0.638114934366486 0.535873036584635 0.575252468910897 0.982491676158573 0.80311391812437 0.55979142984991
0.789643313123523 0.571814686798206 0.747123592994511 0.918840878979372 0.638902839994448 0.645504591417617 0.564366568277334 0.493996560095433
0.404378371509572 0.672105656120984 0.527369191780808 0.628504683170348 0.68721549016048 0.843480203891003 0.778973623278413 0.928262504601526
0.923546683338285 0.907496046179349 0.83639239639045 0.451937050186372 0.530351603334748 0.521128881901877 0.65894443452552 0.696270842687454
0.840163932245092 0.468918138722689 0.937591871676033 0.520454823098666 0.863559859444162 0.688068938571522 0.449873856005297 0.800023842542746
0.881032101837752 0.788265289591831 0.560021029317847 0.591311816469485 0.509007150807797 0.724044540171329 0.618500826850566 0.657012372330438
0.932749185387724 0.459751159456356 0.436181380606619 0.672506425089469 0.762839749863593 0.668245726715433 0.850901107592395 0.700118891494668
0.519589124466874 0.588250078502497 0.640374830162108 0.566300320024746 0.973099911403763 0.608497467113774 0.80750153615763 0.698026141826421
0.965173638953556 0.571337187615069 0.616847137225216 0.449242618304916 0.903908008507546 0.521817861974007 0.84861505734469 0.677375947438014
0.928992164672737 0.449071807787886 0.700482470175804 0.975009772997526 0.543632774809083 0.42705473424172 0.75520774922657 0.931881100945482
0.508218944820898 0.791198181790059 0.234730355733734 0.969347913768687 0.841922898878669 0.733067910973353 0.968030012889395 0.824749249569373
0.566950588539297 0.654548794349634 0.842260658782137 0.596088722562361 0.551845860569102 0.527769831768475 0.886859157069936 0.738348825488689
0.925643341959245 0.957885373298902 0.791865720275298 0.872277749005521 0.816824786994905 0.307039901545388 0.546378501341481 0.537890410105642
0.527064607309955 0.845416927535577 0.514876891308976 0.547703750790273 0.684813179570052 0.922887742596227 0.858861964323268 0.567205726373362
0.980469222856323 0.423709040211897 0.576914261782446 0.892461088496324 0.723701065052446 0.51627811261306 0.642563849425213 0.802889494160954
0.980899327071047 0.508571739683078 0.705438694809904 0.467347108505462 0.628908892341835 0.536006136784542 0.81519480290954 0.977726972218707
0.53234209330319 0.65839958652685 0.528916690230603 0.888629956903035 0.809865790557832 0.585711027938444 0.676390437987013 0.656819362466405
0.56240627657437 0.643716179311494 0.97923098447585 0.643074237909282 0.63183476231578 0.483883788349048 0.612116399858579 0.962973695059698
0.741377915100002 0.94421254147371 0.594065573033265 0.821466006761585 0.655229460238205 0.459928180120808 0.557769763552592 0.643302154210179
0.916476923193868 0.927705285666004 0.568095560828008 0.543202373293864 0.856698695729284 0.842324971463768 0.396598071637101 0.572096637080616
0.527305031487673 0.851284495772103 0.581198883012948 0.978595019951726 0.537192120288387 0.905728452816303 0.487302143019332 0.695610009854518
0.712084344997743 0.544368818702318 0.444195428788132 0.980312541327415 0.595074935260161 0.847630782974738 0.614400396366903 0.746364939033557
0.560804065020971 0.632582697630197 0.529818483975669 0.687344458043499 0.793868391814035 0.981551401343893 0.481531547539386 0.795923583411676
0.849201973163164 0.852837406252409 0.520667873688154 0.401484027871953 0.783538477336324 0.948338521572804 0.948344071730688 0.438368772392366
0.959853968100364 0.295020385546512 0.621047133425913 0.614645899822666 0.99906171933531 0.675336858923595 0.801413214122221 0.746139340089777
0.611559103261878 0.519452839528852 0.888672927821249 0.87845828129145 0.492222237178404 0.905184716440228 0.698200973745661 0.517184151816464
0.385735944996783 0.919218177875391 0.881322087958138 0.322830504261541 0.876113776180542 0.955765093242806 0.683679361730139 0.83829741635823
0.504386349826188 0.577683552973843 0.706667216178945 0.830306913731246 0.991863857896132 0.591132588126074 0.779366464601494 0.504764552462459
0.858372737040875 0.794804356867536 0.599692944665379 0.936066321030525 0.613152426580366 0.485719152062495 0.515252191063506 0.647314674696828
0.958785147064845 0.387098187538312 0.375542595534368 0.766120953333805 0.905157370478959 0.936388794523797 0.849791583267291 0.622637882898507
0.897795381117788 0.725288117197965 0.823355957974693 0.636620062168884 0.629746393245698 0.988932101347389 0.230019657656803 0.855918282786405
0.868026167613183 0.534366424230928 0.549336797957911 0.469573530143539 0.539746864399469 0.982135470555619 0.826390883938755 0.802448731564508
0.696147770473042 0.611834570792643 0.536612998319913 0.63794514058484 0.880881123509203 0.683842565371022 0.594760482723759 0.635546585888284
0.904922810139486 0.675939776793257 0.673016488228545 0.781915488860312 0.426859525004954 0.585982703330944 0.630366316235667 0.691881771811365
0.357411193418856 0.926298864421677 0.837051320771131 0.458360425047543 0.880168283600919 0.963028062439349 0.504375483509582 0.981242567193857
0.710598932777171 0.635571541991906 0.569416605362947 0.608773314516429 0.420685143152356 0.821329153596187 0.849838875719776 0.765689940146949
0.72810985423623 0.802643883787025 0.159865976411943 0.965470756305695 0.714680360293264 0.894767904343236 0.797352574802949 0.784218174834306
0.777413345840387 0.523076305776407 0.752098154309989 0.49296643257851 0.957632758378503 0.768626283319554 0.530580030579401 0.64114526606787
0.810212785991852 0.486694800215231 0.69734927483854 0.498112444352499 0.903704666544966 0.616372390150197 0.605625860807243 0.78778287210961
0.962731850866178 0.805121152654907 0.865468996936757 0.754970099016792 0.759684010817881 0.883171809787263 0.332018748193223 0.395934173035561
0.665671132372071 0.964880300161207 0.726397033856291 0.455438549005647 0.694745413254338 0.682856677109412 0.489480599444879 0.752624274360559
0.88444517781844 0.354035760135255 0.690599115055259 0.659542185807554 0.902005655286127 0.418520745539409 0.900415500726453 0.990061912771835
0.767305422710185 0.643141229870805 0.577869058839888 0.980503470789317 0.580203026787514 0.698798030022885 0.470435318976482 0.695796895279144
0.517139343609989 0.688369577665194 0.644243042786551 0.946499397907754 0.453398740216048 0.623718163339626 0.686311032288699 0.960693345419061
0.500798570421188 0.400817875587732 0.855179687548469 0.457944817168425 0.967265439626991 0.777691986090051 0.941401850594808 0.848158560488163
0.440944588020903 0.526245397682253 0.784181311470678 0.943486051960654 0.774882736113917 0.84811503070335 0.543403957530108 0.63803961807795
0.693459650304171 0.669173206969684 0.557177798774754 0.674399251023668 0.869254297093818 0.693252190085614 0.69902904796438 0.458975854785775
0.615608057896121 0.517567603273612 0.610481438576131 0.991626255914704 0.724464092609987 0.651091237024835 0.613410607366208 0.652727385888762
0.657381395124275 0.634688549065952 0.712570172281175 0.93953734445207 0.63338765781963 0.468818605786241 0.962200181588914 0.505124977836494
0.568416136604473 0.894250884726581 0.857521476925435 0.734760896330086 0.70810688999432 0.57830351102223 0.45803737023605 0.606112232638879
0.603998156250262 0.932530747753856 0.762394320434456 0.541501050183681 0.881756547610682 0.782598883660825 0.285721928416444 0.977311438121942
0.858685178306325 0.809043340939872 0.80207641413936 0.578390517853872 0.78356432143857 0.434648581608042 0.998271846040271 0.399860217527146
0.800534182267559 0.789411932796146 0.707383023705798 0.913206633338794 0.604776446527104 0.99084582510489 0.853131975304891 0.196972853895879
0.774975649439799 0.389726291450177 0.602350938085864 0.844598928480548 0.690979502601682 0.612618967427074 0.64454278026435 0.849174917319926
0.907296356687655 0.531323780056335 0.659679998928115 0.626044121429561 0.536752982619225 0.529333636414254 0.764510488721207 0.843449694080657
0.871766482311559 0.995309103345875 0.818529049885591 0.858683433193892 0.721295621049224 0.391845959558913 0.768655776560464 0.344573066489835
0.784429579059343 0.862547130341453 0.79920892060671 0.652603780044516 0.452515302501874 0.690150403591204 0.602442635947531 0.531132442012501
0.634638720801596 0.848326234233842 0.731848165394683 0.676540871992717 0.819518032375702 0.39879502471479 0.876555719364445 0.492343288057243
0.799991297892688 0.722425662982463 0.901866189559966 0.558895190993455 0.542211382907422 0.417980749723627 0.929698028695236 0.645759804046321
0.696117423843619 0.529744542268176 0.728287600445347 0.576077769802404 0.723116386694539 0.576961794185917 0.861062781408914 0.602447375245454
0.547762749518074 0.619988217983603 0.670434123662079 0.623304254752952 0.612502623585012 0.553529891427683 0.792045460751886 0.911544935132643
0.756501130125266 0.661062067263315 0.877292091557331 0.504353898606494 0.822405011679966 0.506506928687423 0.609013655673657 0.629646956619279
0.854744212190531 0.519407811239303 0.991248889504795 0.727253386322198 0.508164976485316 0.622205188442308 0.84426946979699 0.485624651670074
0.629776736344741 0.462738789485462 0.944019128044063 0.664784143857521 0.78225743639221 0.649872122767301 0.894261701462111 0.473122731282737
0.847081767827281 0.72052833501382 0.555761516572521 0.707011512886423 0.380151139721689 0.975924627412489 0.930502092860964 0.52492176775849
0.746326580735608 0.605535266349098 0.266746479153998 0.704269799746867 0.735034809206655 0.928478583421287 0.988568369174877 0.71808202337432
0.398957498972452 0.70496847851703 0.975139877274075 0.853317114848765 0.80148533231259 0.364465227430337 0.904322031554014 0.722324605494853
0.999972394211208 0.489379126397779 0.627818741176445 0.775962483398478 0.505835967369995 0.640996499523692 0.75027968890167 0.660717247504792
0.386735329283411 0.783916833292958 0.921949571027539 0.742848533060071 0.738894444052479 0.770193726952622 0.628496355550019 0.504022409794172
0.981163982919082 0.927022300249636 0.643746438997048 0.576371285417544 0.857826350662455 0.43357281226591 0.526255285393226 0.650065131680985
0.656369245286794 0.957403768323403 0.75255428378603 0.476312130646705 0.745282664307158 0.576439479699481 0.785804509632614 0.495558769599157
0.792004931801479 0.636516251539271 0.762425232494401 0.434789715371036 0.599358930237451 0.96743849310261 0.768984609797739 0.516500722666388
0.505280898816698 0.459332332014801 0.733234588811182 0.625853396365703 0.924022675744198 0.714149762067317 0.941623880400921 0.598887379361699
0.525440396666575 0.297854354813643 0.819927076872488 0.945862753489255 0.547082895501227 0.963710010965093 0.873799578149176 0.844918848987466
0.473384836457061 0.821240781120331 0.412903594971065 0.741605924751611 0.884199430912685 0.561723909341372 0.74677993300779 0.901735975559159
0.574445943869244 0.454035106495846 0.95398870676952 0.673600716893602 0.658841526153101 0.524968948921727 0.825244643595249 0.801028869188714
0.581410251886109 0.524146765167647 0.689307323197186 0.814039189827078 0.498930026645939 0.926095637391321 0.920990736136427 0.547827994510308
0.878559622660872 0.554528498645296 0.519217567998616 0.813419846394919 0.576688211879432 0.436768111706078 0.849535528819708 0.957799424748946
0.600418739454429 0.786055509878987 0.642517849348692 0.679982714883624 0.390931045943824 0.62213566625343 0.809078714345729 0.881001522146592
0.740262413762421 0.563132348797924 0.853058081821449 0.763252069871221 0.665678745516114 0.575742703907442 0.613296783238175 0.528049579352857
0.665580521460723 0.43976736343683 0.545375677277997 0.903178261584933 0.585779435125381 0.800960004791464 0.938255577834458 0.621532944978532
0.541611920713268 0.62133586351493 0.532140489063706 0.79943868044908 0.596372176696592 0.811594455080126 0.78066151118315 0.6246934135182
0.666727785933718 0.795997259915499 0.982524518381067 0.5217749633451 0.537749286496657 0.705814126201887 0.579022208806917 0.624680690513447
0.825084967576654 0.558813204103436 0.602518947124131 0.412430948840567 0.802285756464345 0.919095469440438 0.531617631070802 0.919303924522374
0.709481501624568 0.805530654925844 0.436008408380794 0.420034126489315 0.783942293294515 0.886554963717714 0.873365483876131 0.615621623245938
0.718245919377143 0.633862541160927 0.845744577321356 0.566869945568869 0.546836323389193 0.8261843722241 0.503824327966983 0.694382376107033
0.704593578432318 0.723842000374642 0.752989499524744 0.761452153671505 0.581278200919878 0.557794856150939 0.579809678759353 0.586334310498541
0.79072193155015 0.771214214362598 0.688617493331386 0.759652969994518 0.557545983726824 0.279995383319672 0.822507330644521 0.941194032341027
0.575455121208947 0.652784609766753 0.769420320476888 0.571468031768046 0.908637977126235 0.793731626037889 0.637585197013205 0.470700149700367
0.892912022244124 0.439294944922569 0.830252700977809 0.955452698132082 0.78822848278663 0.316397240660318 0.813749154347379 0.689364984240771
0.593840358798744 0.679656893779189 0.465254925802561 0.755087853763559 0.755165159246935 0.845367702977219 0.523619965312234 0.72488692792732
0.475231537777139 0.520576548973553 0.691572186182599 0.661140780519132 0.711960778324151 0.906459725503254 0.928078553584185 0.566492378304968
0.735421414441371 0.576293964581706 0.725332486011003 0.578634178518792 0.918863877120101 0.443328701759502 0.818071057780815 0.615401736713824
0.380731970008783 0.685475292619693 0.946444770459957 0.794189755129902 0.548413560056218 0.491533116323225 0.934029517433922 0.925607077846869
0.742232246636801 0.967222434869605 0.710275442030602 0.675211089673795 0.439833467214519 0.43037615109961 0.877279538058062 0.700441866542534
0.54073167654651 0.780246934496784 0.420943932741211 0.525182835855678 0.708030177119331 0.936094340487218 0.81363124651126 0.763440692824803
0.584693965619866 0.705097253680952 0.988854755972305 0.954279696350951 0.564210528457729 0.519452691226336 0.494979671184333 0.750090029416703
0.804236598995473 0.677022557696303 0.730231164742155 0.841840996719266 0.467400590751014 0.795500696499768 0.909511059229807 0.347387999245484
0.701814568839213 0.983647005273178 0.617779848214733 0.610454827601338 0.576476578634064 0.716652042183369 0.726133641170994 0.472440139610258
0.99272475942175 0.699898405907078 0.495781765107899 0.518046895791278 0.582916378059622 0.74228664899237 0.733050207145955 0.665733384616439
0.781067030055852 0.436273644643521 0.606959161146609 0.717563472585112 0.992005940136415 0.899459018064015 0.566649104475457 0.550484632932867
0.783542095999081 0.732858279961602 0.972283421299665 0.604910383583851 0.570719845570554 0.539408568056921 0.639610754769421 0.554342129844504
0.528798795632485 0.857790264679706 0.415831517649739 0.924436658018039 0.989143267014682 0.77195616016228 0.4640908880824 0.732674834734012
0.528734838380571 0.703944927102226 0.525543103820477 0.992490080303949 0.840054253299759 0.52480021157625 0.540244413141635 0.951811665558926
0.424485508516965 0.526291856371311 0.581732488450298 0.950570439225613 0.878103925442537 0.944557117355253 0.684493322651829 0.613327473982447
0.876168565481407 0.503220473046 0.477859185081475 0.987795108772943 0.755365407714076 0.439649089065087 0.925634583485162 0.707209212663941
0.995404323001138 0.347039861776843 0.625191791897554 0.71571693054385 0.967760280616885 0.407727985398457 0.978998660558504 0.99243123789958
0.581992966682898 0.55199064303476 0.535526057037365 0.886184981427632 0.991940933143187 0.507249379682398 0.628730776746757 0.876878614741011
0.428659123957716 0.671512723522778 0.82841361766483 0.736125314076641 0.669126551171487 0.600324015091553 0.819256346483303 0.5941581887693
0.589865362345039 0.45649643091518 0.709362962177247 0.54853456076026 0.669210178538733 0.821837220430586 0.753199792168078 0.785457943019966
0.568959618247801 0.554049679173151 0.590575980878908 0.832301753193299 0.833817229890971 0.58204389547844 0.840477775148552 0.562015510972665
0.678160874233635 0.882839990726747 0.479227898100007 0.457488535648305 0.906825851307944 0.456371016520397 0.886314070810365 0.994303147938545
0.87964494502919 0.418087423161805 0.765385140776857 0.992993624050789 0.649402066740121 0.900593658756006 0.742815088000136 0.373218872538209
0.856680324140987 0.920258282365935 0.65295584063599 0.747322548443199 0.3721267772824 0.529789766545333 0.812151897542466 0.628239554473111
0.889130427519942 0.78646617900994 0.398681146227275 0.50464056850153 0.735711152685395 0.601152580246095 0.863538418566685 0.704033291318208
0.895377636650762 0.947034914569569 0.604662007564043 0.494133071925042 0.696396490308461 0.932753818933876 0.35954364456377 0.740820717560945
0.837475001357945 0.451994722012531 0.527468379087919 0.979451988331858 0.564081259036773 0.931843780265967 0.550827085329036 0.769477202247683
0.973548389612186 0.934038074285356 0.576929078635609 0.459891981492339 0.566862225166492 0.505112906017033 0.979887989279056 0.697811979473618
0.66746017724127 0.373926714533264 0.777628060951942 0.948338126710505 0.852239722708058 0.570890761162904 0.592132294383337 0.729801229849278
0.592046243768771 0.613970958096317 0.651581938602366 0.828576604463975 0.822843243094116 0.773771242849865 0.967864244167377 0.329047310418587
0.926938723537692 0.635365408466667 0.807538177940446 0.926177005345879 0.613606948419652 0.383050289729908 0.485647837094961 0.842749899040366
0.361912195917844 0.959994579392041 0.923837706987539 0.985395330729433 0.963785384319143 0.378053782675633 0.773091827714901 0.618406479248653
0.478713736447714 0.727950310484723 0.759603056649549 0.489806647252458 0.937263907267226 0.565151257555835 0.885942209491487 0.639274031162174
0.72189963951181 0.68957311091282 0.551235232656922 0.656625450832438 0.634036792850967 0.614926526877799 0.93166104009579 0.530832038099902
0.759919222172447 0.73485235752957 0.401042533841197 0.92590993739469 0.515897571710444 0.649364201515397 0.81336307197221 0.659875615388388
0.745819096240442 0.721614371886458 0.469278103004648 0.649720724777853 0.782088671400997 0.559717162214625 0.691105279565663 0.658266280664356
0.682438661838565 0.674511029079894 0.400410893410539 0.794288403146611 0.654548035846476 0.697231412527132 0.576573495511928 0.966962344318347
0.94232849203036 0.742617135715831 0.541723702993719 0.501766010605937 0.936768393671656 0.539870303511766 0.562856513479199 0.744340491435789
0.896874978187506 0.709556337608353 0.511954154152524 0.498384913853801 0.910978314822857 0.66893022472192 0.892021576841488 0.465201093725869
0.893534495154173 0.692564080646493 0.971311953877947 0.798005955619714 0.498470915893988 0.764969851671006 0.469301478538021 0.486081582054032
0.787114458400029 0.579497965814727 0.850359251966085 0.588410123616564 0.400189880867838 0.960523362400193 0.853377082708341 0.549189239474466
0.958499394299192 0.938165959932759 0.373473090144723 0.871083852933483 0.619326224529505 0.883201127452954 0.402591190736692 0.735713935056111
0.849759308578479 0.592857354807153 0.964106259346785 0.432136112954029 0.487984083894095 0.571578955155271 0.794909285551585 0.988263087589331
0.870211718607698 0.863561439665499 0.536791170537469 0.606464229495349 0.535777521992131 0.604321238907587 0.959462765000298 0.529469192911315
0.534254688852171 0.603612201175692 0.936757371508572 0.443289692555811 0.537273344531594 0.715424498957727 0.882521444856729 0.944038966941844
0.971515120680211 0.972846888492994 0.923442956085578 0.912889086481505 0.579835224817071 0.254111162892797 0.534316586749347 0.812243799153668
0.695146415872303 0.520223374515422 0.752770185170004 0.550013373268221 0.625047607157689 0.537051078650478 0.763465378431798 0.950923443198047
0.843887179908223 0.419589096387598 0.706476956229859 0.635237094986555 0.916160881471293 0.850566340353996 0.474373894744921 0.662506300330806
0.973376865633927 0.823159639582859 0.478747197629632 0.58635227317542 0.683772854618153 0.781032294960988 0.939002280098178 0.388818697440495
0.914707054202062 0.638159228620011 0.713999021347878 0.618244135092632 0.513318553806315 0.572736156972069 0.627310823386591 0.724406412646908
