0.622686762631988 0.491873683941126 0.460431358680565 0.444745059328593
0.473596290957547 0.387779124418445 0.669619619097626 0.511191715983347
0.392132518603627 0.537566032172693 0.452973003653636 0.657343589395151
0.555387120674566 0.421156834724864 0.438019963676826 0.610849108537044
0.631722420729394 0.262571412890391 0.596372048944914 0.602941842235698
0.817056032525159 0.647326900415446 0.401533545102453 0.304305316998649
0.47844014934716 0.462731416923883 0.447851867227601 0.633325442248413
0.941238845158598 0.298715612989856 0.436361298683875 0.567497110303084
0.391785945619888 0.392307477565804 0.62068241849731 0.658088264905954
0.712323683558981 0.535071302520435 0.548850466896703 0.294629358422426
0.133714753126157 0.976055882590691 0.870835909154054 0.518031963792043
0.607101157098551 0.914301038245218 0.088514890594755 0.913506748625319
0.990363491391616 0.546149104657958 0.620538883573904 0.193814063866326
0.795403522344197 0.565711023896217 0.672742854242568 0.18609820794136
0.758900120043131 0.483355431878138 0.405650062231477 0.432816264699427
0.888512918293383 0.621024845849872 0.514147628132613 0.220323184966833
0.910647498045139 0.651908356161511 0.30055317538773 0.382243998471859
0.787655130266612 0.611461873717969 0.732076189976573 0.144333819328069
0.524622727464147 0.480288026290215 0.466430362522769 0.531791333803538
0.505291320579076 0.768171300442045 0.76886766523322 0.194955516513447
0.0538282464233221 0.953964931878094 0.751895223320358 0.797308596567612
0.480583524521106 0.644249994045445 0.601848690163191 0.332823866779056
0.580007750826687 0.322047944256707 0.398708648666433 0.950641803525273
0.207152494699856 0.941861858669453 0.416988193182729 0.832339560499118
0.171540274390657 0.56409017187766 0.743085343748731 0.75993341716737
0.525648624995069 0.886313489670931 0.224414209547049 0.599334513530799
0.873599648214499 0.498522099919342 0.837700845767477 0.159641831517892
0.054439704619306 0.679773753369093 0.958061685626371 0.959849575895697
0.672452019980514 0.933966836162426 0.168541019194189 0.556121744961395
0.554331078358226 0.345181117381589 0.420502282517418 0.808234938840489
0.357951151320326 0.321234369356456 0.700864235586752 0.806174591410005
0.145820179792306 0.821092503948866 0.742224944002823 0.585366471311934
0.928227618137024 0.636910007327475 0.571904126903829 0.175531500989391
0.126593342042389 0.676224140498819 0.745368376859696 0.740206352778744
0.913588836686304 0.603775894381961 0.257474298990136 0.466900429261316
0.778295191823631 0.906477799850554 0.870517417493867 0.0380567392313469
0.741092005668849 0.135304368387676 0.578083956694264 0.914823902747205
0.816145002235839 0.795528811076754 0.221047997517314 0.436419792287142
0.922294079259612 0.640581478739446 0.430309663390288 0.264994532788851
0.905741633651095 0.937673434376892 0.220969338559834 0.383281273085565
0.416071215236871 0.908068405123994 0.365152323698123 0.502461876754438
0.879948833915794 0.694554736812356 0.292227871486814 0.37442065026252
0.411794133851016 0.694315020996485 0.539723982649751 0.409477739207286
0.819854480193945 0.947081982174414 0.65469309645935 0.080483595877493
0.182383705334279 0.559062590875677 0.665753504862882 0.840760945681099
0.981585987611512 0.412974349739233 0.317550069941193 0.5648863331882
0.330868737416471 0.663577333025384 0.712083793914623 0.40318562278338
0.563810214499511 0.978367634296571 0.303237132499177 0.430972743841614
0.297467537553931 0.984807446450263 0.308989285149718 0.830525761579516
0.469748171618831 0.641863628128442 0.239552293503612 0.889136916308955
0.755609221874112 0.155820046963463 0.527895798965929 0.931072662722
0.446866285302784 0.491998189850519 0.672913255092316 0.426422179773481
0.487223099777531 0.692458961387299 0.60298595842595 0.303682392179908
0.942937535680343 0.333195108516772 0.286313351610078 0.793199420286671
0.462654922077661 0.924771342390202 0.974374289469256 0.160390424502758
0.446948221457882 0.348813620644642 0.519991191376818 0.800797657549884
0.880630261721682 0.428295704380198 0.394708686150486 0.459141895381459
0.0274283438310308 0.918073619256421 0.78833941405703 0.949085973314961
0.733771023823152 0.652866668767904 0.163158655949986 0.670884294692428
0.900427726682735 0.53856522459191 0.165444131346808 0.715958079630781
0.683823210489377 0.416011267791698 0.286230790032282 0.777462557463794
0.371605675367547 0.683221847679479 0.47987895871664 0.516010044116168
0.840196352966217 0.0348825586885526 0.822553211458159 0.89265124077413
0.516594217594356 0.39974826819601 0.577373670458151 0.523131366536776
0.839132227754816 0.123646383188568 0.668119184909069 0.690191958256451
0.872648917404601 0.248939589981424 0.933601428645917 0.35557685331248
0.420047638931239 0.366804828318541 0.908489054404219 0.495673835413803
0.62047772069079 0.752046221874994 0.765323314888285 0.140111276451159
0.729278302148349 0.847087309050815 0.421785815103592 0.245681879016829
0.359416955039681 0.431890176205685 0.873727295771844 0.499041124657255
0.781044618096825 0.394800006912415 0.783061162899173 0.266018358499504
0.864340118700898 0.501462507523682 0.350106064854467 0.442600109201308
0.428546327939542 0.738296979429246 0.258291386921013 0.765862085519653
0.651660175947675 0.135578254545831 0.871750610235235 0.660903395785023
0.751101104265589 0.988972254329457 0.70017098829515 0.079114397838847
0.484301667596447 0.347039012728072 0.944621869379265 0.448066632911167
0.574747261881874 0.424252014367753 0.851351006860912 0.317667351944683
0.54491153040338 0.333126487697577 0.500665485187858 0.685612904611276
0.371770125564601 0.514445910223764 0.392760318024034 0.971287295456865
0.616797919017696 0.364591760217918 0.652477928170689 0.426727862582412
0.997921206989813 0.220452229347813 0.406696531366101 0.799271461924792
0.186732299797352 0.956484073760709 0.960323451365323 0.421097777289573
0.26736955896379 0.499988257168801 0.881775310435441 0.553610241296512
0.397205698419602 0.321790064256933 0.640007749475023 0.783030203476274
0.755191939835259 0.34400458684459 0.468424129150498 0.523380523763419
0.294867233676428 0.360335799874581 0.729388804501848 0.857216689330173
0.817449538963536 0.440220730533191 0.197395666147196 0.90435073481057
0.459740007997792 0.572858305471263 0.628375280466195 0.377453470278475
0.771513332549292 0.321253767832722 0.475900354549457 0.539112858983234
0.106955928284336 0.944004147254962 0.568394165033539 0.885749600999525
0.555120339202426 0.482422230582359 0.547838486334684 0.425765461180551
0.410649103154502 0.444777616994745 0.687994761061227 0.502962419255714
0.632758658258971 0.976850189293793 0.0963719871526197 0.78078709532053
0.102999216339037 0.856818361332146 0.897126342214184 0.594653699913551
0.626569654333953 0.375393701319149 0.755160016475268 0.359320570759796
0.266870545482811 0.763360957474638 0.998794957014018 0.362409446162028
0.513936381234348 0.44016518672505 0.698579803038127 0.400439323152938
0.493763475011236 0.540087404989682 0.400842837255292 0.583808121114927
0.650908690065376 0.195809625017125 0.589706204653844 0.748858407241099
0.427447329269118 0.644379321659956 0.918663175595364 0.265764551814835
0.477827144709469 0.470065966682957 0.894449657781954 0.340178391693847
0.824214578126521 0.515442767485102 0.176910495688712 0.761614929647714
0.281070476920394 0.763490821965677 0.426081593706659 0.687235851690494
0.789440850712269 0.450988117413184 0.241104973330842 0.720126571596151
0.709774790809831 0.948935881800117 0.363982868278982 0.28680718459847
0.837382403525798 0.535502327586796 0.41855713222328 0.352140739704021
0.387396092743932 0.83567021084649 0.540538953715689 0.378222129568212
0.962303055777758 0.428738388497599 0.255550149749286 0.656439914888713
0.981222996226946 0.959219201611107 0.0678992764851978 0.640594112686988
0.520962194011543 0.488337314472554 0.29961051005452 0.86517181657191
0.787376429075428 0.426032379544167 0.673603362149431 0.279710042722102
0.658161110444166 0.235664795887652 0.473307146137212 0.853260410823654
0.342067042292323 0.925176549110365 0.3311265894783 0.662162709198549
0.858984525836668 0.0160795277085424 0.973000083609653 0.893763731394785
0.768833851679021 0.340460679460187 0.329078025250773 0.75214157199941
0.626197831743879 0.465867819420914 0.365290703581575 0.585127897157591
0.173752183203444 0.61177541813497 0.984902675806848 0.592117308436782
0.234872742340439 0.606944407953277 0.891488024384411 0.501690124224734
0.733548738529795 0.480678843501881 0.355728314149684 0.505810505488042
0.582162618878171 0.350764205025993 0.389431390896267 0.823617520601243
0.880308252206202 0.443764443617589 0.385459248074566 0.453542723034144
0.328012241683636 0.344346306090721 0.670074649413926 0.901511678983132
0.595812821776489 0.956736369665037 0.185869469099292 0.585328489156433
0.678581945851317 0.600033522758519 0.288409945303597 0.520044954597325
0.427280820818564 0.892643508755006 0.952287594726113 0.188710377258351
0.511092801857377 0.386602445558941 0.677045370606613 0.470459161949299
0.630378463151962 0.179638491373961 0.993059879867025 0.563721706481466
0.357413489383198 0.398308783954652 0.825048861883219 0.55904381603289
0.80803615149286 0.533196632033039 0.314669734531066 0.475055313625036
0.361130633590397 0.62290275531906 0.957027233088484 0.330823683905801
0.668975845468358 0.648597255625729 0.127322932929072 0.926693404312261
0.319740528281194 0.281134397129954 0.965017794416705 0.861235662219487
0.62935828028124 0.346970909063911 0.450955760860256 0.632946672181595
0.757004692059988 0.942532076744927 0.244014787271186 0.394907382088281
0.400247917502884 0.629399139351452 0.548058502915813 0.453464251086691
0.499229052431746 0.774248413470992 0.91655570727173 0.168554433975196
0.35774275792859 0.382301856860168 0.557385684254868 0.899764245571263
0.564710425276414 0.321813254387538 0.688535542621235 0.496437078407981
0.983511320584591 0.20819241746238 0.849002207795093 0.408418608781252
0.267786277570787 0.910148881571881 0.705698566336975 0.392401030820937
0.531125400022212 0.607994831450427 0.909885117634871 0.213636302146132
0.475453713661063 0.435151818870375 0.999355705418437 0.362977778529606
0.570386441273883 0.688244625634804 0.497148962415562 0.317811161984197
0.809275503464893 0.499248613106894 0.599620077486319 0.256650733104552
0.573736875913056 0.355964526561465 0.387984304451839 0.829838763523705
0.614864857870691 0.165621680500432 0.94463129932321 0.609592457512053
0.185520786194851 0.828804937467046 0.923172640342179 0.450988690779788
0.495765255988135 0.308602451306394 0.688242901681047 0.587054163067954
0.43431622529863 0.548408016256606 0.418827195497583 0.62810657633522
0.56843954278384 0.561757055148135 0.593960159338478 0.324107744643785
0.483900413804757 0.544045983271659 0.30035704956929 0.809613830147768
0.623525320613599 0.393889846916625 0.453551861296384 0.561489190763206
0.959260803538387 0.501842444268229 0.213753686306613 0.636687322348132
0.781246990634965 0.210274755739704 0.440667078241384 0.874988632082015
0.264130164676967 0.71907850090976 0.547469383669359 0.581915393617565
0.638062787791695 0.832515135654865 0.324141866150682 0.380188691984497
0.62529376469191 0.0731698979687894 0.983868793960032 0.982083990908957
0.864049808920811 0.768686407123985 0.234747273136008 0.41485059059797
0.268737550853358 0.463532885273512 0.831613172428898 0.613859945634188
0.604062670657236 0.496132806376473 0.375446569517623 0.553587080277054
0.414715171908433 0.634087695726568 0.285751822518872 0.884244237499729
0.469003587154682 0.849298606668372 0.277809727226555 0.583138980588581
0.354979386482913 0.445799157515139 0.47812544337158 0.933240869755507
0.393672382146507 0.556336021415534 0.647850689361258 0.441860271122571
0.52817437142506 0.675171615124179 0.588865749806392 0.290890893503286
0.172848248885719 0.813617009213033 0.580320244875712 0.676039717692582
0.77192304254477 0.151810548528338 0.693961671499955 0.632717959356759
0.422473182557134 0.333664268748422 0.548452052525002 0.863750524687778
0.430857883589275 0.516105810000578 0.669966810168292 0.422936955071778
0.413959501206383 0.758636643298597 0.240528391640081 0.853360510397923
0.658185956814311 0.607116933700387 0.679492389324988 0.208747241650646
0.308839766914381 0.673656114854069 0.623804762054719 0.47628791900875
0.714465747406744 0.432960688030994 0.598694793769734 0.339779778611553
0.665645308007498 0.341351226700219 0.412680370107063 0.669176201406678
0.266945746215963 0.325069960378893 0.942786596144636 0.938132972873573
0.780549700917207 0.269594869604481 0.750358808264979 0.40331818603757
0.754714101766686 0.353678943301696 0.393600321916117 0.607083532775697
0.28998031594954 0.595716361264193 0.510848285271334 0.694783048161762
0.397188067436025 0.249764443830079 0.938408611208088 0.73547989671184
0.595028956199823 0.562523582330764 0.197446344678222 0.977186232307206
0.453212908440607 0.484183869281698 0.477493917835756 0.597576106703152
0.422029506507507 0.975935700484836 0.248988693038347 0.681640085820092
0.306590118627256 0.884187812039425 0.844876389551347 0.305948893080779
0.273441964899316 0.70248103051754 0.86609370767351 0.395297602696912
0.455013603293713 0.624059629457916 0.254010052079967 0.928183130087395
0.372906698678242 0.420462559645044 0.764755388488772 0.535726029785067
0.715836394849199 0.697851151291342 0.217226420391018 0.536079056521616
0.21064263415122 0.689395094207339 0.531154441942006 0.753781836236447
0.692882008098924 0.425363725542332 0.528320010196051 0.405870655204939
0.360935887096154 0.954933738761789 0.300178864475902 0.68406255370692
0.352485484927774 0.997416485373486 0.6666399748602 0.314734086750445
0.574813478638172 0.582059084471008 0.37211499770606 0.499697854218718
0.283976237111467 0.308222951106156 0.93182418261753 0.935917681636023
0.596974834326786 0.140086901356902 0.688286715408474 0.969096815289265
0.948544666182943 0.0271039376131721 0.83929076437261 0.84189199261884
0.39898629159618 0.907457425071588 0.22757231285078 0.816768282599287
0.565573867206824 0.879171927829431 0.115909912876197 0.877283945747363
0.287736959907534 0.3311693630844 0.802509534858649 0.920347900093185
0.292204977945602 0.930675038000465 0.323527975975178 0.808673428111679
0.366440993003149 0.478556262107746 0.642610742990881 0.5539368521828
0.612358180704817 0.926311055180418 0.979331750584132 0.0813724460854767
0.334138225730159 0.825136128927234 0.353570716487539 0.671092861772152
0.28179493691013 0.764008034873173 0.501864180771857 0.575323669897225
0.900078644327818 0.47220296272882 0.287067411910588 0.549252692777284
0.782547024308978 0.25886284603589 0.77669340348283 0.405387448560815
0.722107637113137 0.925490144473293 0.416369992377243 0.240658093951871
0.641199031964859 0.777687792322128 0.349851580970633 0.368219831833848
0.351127814855165 0.421520868869099 0.74565885787862 0.576163515473483
0.987816576666175 0.329331464324734 0.425278138579885 0.531224935116147
0.390512732681976 0.394743336671612 0.642154664717564 0.633753691499293
0.977733509600569 0.35183428230956 0.765636132140745 0.27580459594238
0.401666098063131 0.414023097074912 0.861798456000061 0.471295976686997
0.47716473948831 0.31820991180629 0.915787384231171 0.495308211527215
0.65297638047801 0.661615865551912 0.264526374833046 0.526555883201139
0.403483412396603 0.689790768006172 0.452729820038864 0.501568918279464
0.680721740024484 0.491909209089773 0.415734877459594 0.453612401785994
0.353679549214873 0.951813365499319 0.754195988772573 0.279216876434447
0.369358360154613 0.985943378419657 0.98021195169241 0.224305494007438
0.178944734651001 0.73320602271988 0.586966135608578 0.710013359280763
0.685050986763033 0.726381299011116 0.299962484317754 0.420442063148432
0.512763654360771 0.441499503285504 0.603345623756063 0.458388289949041
0.447489394081169 0.570713448688684 0.748407103947382 0.331310160189122
0.534920440380507 0.568454465704798 0.395647788196955 0.518099741499578
0.995848053810065 0.0316348536499436 0.768578168971701 0.906749580157626
0.396066224255404 0.438631832770807 0.988787631712579 0.434310988144546
0.481467545089081 0.991826889158108 0.442210153889116 0.351981650692808
0.349963559545258 0.77025715172079 0.854942153250226 0.290331717742857
0.674981980052723 0.557198115267279 0.164775145619206 0.973746996147426
0.472762505126523 0.6586876184125 0.458852573713855 0.440816715916427
0.444394869732171 0.510275417130689 0.43610214465893 0.634634455790792
0.948576606022083 0.391160521681163 0.817824694097951 0.229621987520586
0.74287479284082 0.356018941672324 0.390604405165056 0.615536694398179
0.822715300948622 0.310002235668742 0.417286604300722 0.608952280184699
0.762106071674512 0.260351747196784 0.644890480995868 0.480169094316554
0.331698112396024 0.734902896056946 0.424776140719608 0.609854355117809
0.527545416409863 0.357719354757837 0.440230181753637 0.774345419340944
0.749158693736742 0.482833471433863 0.414879727271255 0.427940835887727
0.602246606510315 0.470495388218536 0.448146515864267 0.493171788357383
0.856072362343273 0.831044080114019 0.153553547516455 0.515988496694493
0.307773252589979 0.676384183333333 0.903617464210895 0.362187064909961
0.607391771469313 0.656969849980081 0.561089996293425 0.268189161248891
0.152674600939532 0.657017407807714 0.924376625394994 0.601648754522557
0.77157711409459 0.332669628965399 0.293360120168408 0.943846270639788
0.345206634774361 0.572734114238238 0.624937918171986 0.501985997691294
0.621549413538916 0.53580686287525 0.496973138374987 0.376891773816751
0.296456266279252 0.418706551852401 0.766750663897884 0.66426366134887
0.403203778500086 0.547189498213257 0.344544792820768 0.904211739463054
0.587742962033622 0.252112529567675 0.4797956064346 0.990209436544288
0.832912526414428 0.98552953082658 0.0148442185341261 0.963387598589336
0.76059859735023 0.357475435487688 0.51095533510385 0.460848381116963
0.490739515939917 0.63888942429478 0.588774241686217 0.335811557471836
0.324266316024016 0.495289129354545 0.464598673655706 0.955319521697692
0.836870328981458 0.171794083919407 0.919402648662476 0.46993610011635
0.526754958025754 0.364342919682515 0.545059490032754 0.593787815446427
0.724425578322732 0.244695913607964 0.798636665393387 0.440511588437404
0.412831364469822 0.965017251900401 0.241966342957455 0.718230279171563
0.181628986111555 0.739811124798807 0.58800037409793 0.695324859718928
0.97057794851717 0.752729353628232 0.661115768998201 0.0927243812888232
0.476476698393022 0.437119806265662 0.601973293096645 0.499336459518177
0.231024914679716 0.59572480291868 0.580850755811508 0.736271362423915
0.838479780214239 0.926285347904844 0.382812603373266 0.233477276193351
0.373548669593061 0.489230585051447 0.822422205770335 0.438627162768792
0.718351549383619 0.441567605838329 0.431126086680101 0.465949550922049
0.551792963572217 0.289229304214418 0.708927986451369 0.542624275416972
0.765651998360836 0.942829828227067 0.992886349384766 0.0295557813237755
0.617301674437483 0.327268195030564 0.614411527120546 0.497709805215451
0.154725678095842 0.893160403853774 0.675988227392768 0.588766498644995
0.952594393636298 0.291012295986207 0.880411070890388 0.306611485473723
0.463927425685499 0.404889335055759 0.465811010024241 0.729608405222859
0.735665673801969 0.806859268427162 0.130787817121381 0.62946767625978
0.69023554254717 0.905474538387791 0.418244175098794 0.253896067427955
0.489958625168998 0.77681630873348 0.193615639154025 0.800522937418406
0.90885623570313 0.553412184619418 0.755948348830511 0.144026326955763
0.88463770577569 0.125836330260893 0.624429489018212 0.714559619429134
0.700911394242442 0.517293362585994 0.277661549694653 0.605326120305722
0.405012742162804 0.36449368766331 0.931113514082582 0.512786964409258
0.701184285061326 0.0696298906311397 0.793266615068497 0.951194921847957
0.963358748968299 0.415894607443088 0.31007986755688 0.573985305466542
0.47922754500138 0.438288470174595 0.364303003173179 0.904263196202957
0.567342140756095 0.495961716347546 0.469695508592851 0.473189092899003
0.67126986069654 0.851592784877547 0.0677394002208701 0.971680958480508
0.795265302924714 0.985115552036957 0.0488236122994117 0.769510007802536
0.41130200700112 0.50613894276614 0.360111766167881 0.99111307757681
0.260574687899316 0.397127737998761 0.714051178856028 0.910398017763622
0.912409804200947 0.393173972229695 0.547605443945221 0.352366388092469
0.582580229636671 0.449670934859808 0.277837791367155 0.962846268097549
0.448740014704011 0.466290846426533 0.422407458451874 0.721335642840107
0.385587340531189 0.623953419072639 0.994159201828622 0.306420921643375
0.213163580731225 0.763020195811881 0.512658600122537 0.704657179391936
0.262635196682541 0.716431882862901 0.453697173901716 0.721727665821856
0.693992876087433 0.883677877114221 0.565800525301605 0.160774392660864
0.492488917640418 0.297787816009458 0.917116819873852 0.507596782718051
0.411897598133949 0.974577331850582 0.295632389699985 0.603319369739594
0.0906318528841765 0.937468907253448 0.982168546755454 0.589121094814733
0.434981786480873 0.720623819913202 0.46524227215968 0.437205596237115
0.973005932899053 0.186131990434796 0.644512557618606 0.541176655283476
0.467267736126291 0.338811364896269 0.855825072992485 0.491827279106763
0.315451311808487 0.534134666135314 0.439325124945865 0.997496266497176
0.58445126852409 0.687269015402662 0.15890277813846 0.851426629511408
0.630708103641592 0.521822570832201 0.76131781095818 0.239736457435522
0.14083932830839 0.606652303690879 0.672763917709311 0.993910954609234
0.238828523630974 0.76456708286816 0.501365713118991 0.658601152550777
0.695822613339159 0.355244952117974 0.314879971199079 0.850408583766807
0.261514305683862 0.821622730205903 0.388409466345023 0.779143829484356
0.380461465885847 0.641437026749888 0.542391378071044 0.472554317395613
0.331078131586596 0.434904580831604 0.779910082030391 0.570149875885389
0.657509237309175 0.297370383307663 0.946563938512566 0.378585253996216
0.499666568487362 0.363849203268641 0.852302653746649 0.431524745447471
0.833249250031658 0.319435640055018 0.515003313508552 0.476736630892254
0.515539417485318 0.392455241595041 0.377167054633729 0.909080075392846
0.436342707281677 0.85419078472103 0.248632658954799 0.689392131593793
0.485415544802543 0.585325919931758 0.708616156348931 0.308376040432503
0.364747885858214 0.403431696053939 0.653551198348302 0.652819588629466
0.508830043695352 0.311023194687449 0.814872480173859 0.500209206599377
0.287932738336262 0.981257644828678 0.756569655757457 0.341706291621061
0.577785845073666 0.795789639949467 0.167794783357965 0.704250420758276
0.271497153133967 0.466911899864145 0.7177082014732 0.675327826744984
0.293441190310551 0.550903010308995 0.996791233604604 0.453121360703377
0.772152666683411 0.543586638144707 0.790744727143546 0.165743045217938
0.083413042621774 0.81193238868305 0.649715603168112 0.957576368922697
0.244902496402984 0.347413162707563 0.976172617836298 0.941772551889725
0.904563950286977 0.957634541220467 0.95498250658541 0.00648575571145404
0.852647476398536 0.766751003411169 0.176198543249055 0.504789641431437
0.567658308178191 0.245933023669246 0.97951445793769 0.505991903622558
0.76411152521801 0.281208362668449 0.52721587514441 0.548147832967696
0.903028945147795 0.417263620293655 0.285226377297993 0.625682494963111
0.619695289623688 0.714383812404445 0.251298191676903 0.538223730728078
0.942101086741033 0.373649802508098 0.644872005787351 0.308467460149714
0.211185753223727 0.809152260723272 0.484708399445204 0.724638799222875
0.405488597894974 0.43740944397794 0.810931713511988 0.457504615608214
0.676237895846082 0.671336419773449 0.133484275699087 0.80945118608147
0.457103719024582 0.494913478621391 0.470155871111312 0.588397724609177
0.171962398673712 0.616451482953176 0.906264134053681 0.601932350854426
0.703802394325043 0.978864954366782 0.415120678362079 0.245191105405566
0.830861185159749 0.288545097039892 0.911223277578153 0.323728844379347
0.677165917962985 0.22226826543198 0.586634858977603 0.653531004693535
0.860824289543008 0.534612543366457 0.361362594295949 0.403186041665786
0.839893171768779 0.713363172347187 0.0659831887355544 0.859224544531844
0.461972882130187 0.510672840713685 0.456110484447803 0.581347463289802
0.479776046366325 0.491156415911566 0.436365460280795 0.609153034253423
0.756831937482209 0.105843485335854 0.803126690670852 0.679696517769787
0.382498778165455 0.520203155451758 0.608437999503632 0.515060386479226
0.69397659936763 0.369249365152091 0.658000332615386 0.374268793799468
0.884712736970773 0.238762029617341 0.924058832870068 0.366392441202077
0.347987907691818 0.518642475024927 0.450531448125986 0.796875715052946
0.923849907748093 0.323196269024551 0.279514400285744 0.869468878070679
0.715663148445403 0.675485385655164 0.853743874698084 0.109802288400879
0.901371605323168 0.424675467563693 0.924415024728188 0.191568782360815
0.870352717674033 0.92536990800014 0.0551364778473702 0.708701431416304
0.7846494921215 0.300410564699053 0.560696922824796 0.479220212415871
0.559251443438362 0.292444409298443 0.482090205987161 0.80797072821733
0.500072593912141 0.632536962242652 0.351713449981112 0.55867466242123
0.505802549138096 0.350327296609501 0.62464533574402 0.560906463208399
0.516616795304501 0.464962767551981 0.491824063084876 0.529008434838681
0.812527248110304 0.794615302032456 0.215620377143022 0.445545583130201
0.970388662117446 0.272815019549691 0.498206885351335 0.532529313253247
0.514162657996918 0.451281348852624 0.322103541287726 0.942325826718172
0.4931257158289 0.528361064164495 0.549352282010375 0.436482645767913
0.597437551816086 0.305422709540052 0.602345300269377 0.555729133667716
0.275271381293258 0.847372606809765 0.332565735541046 0.922509286353101
0.793710250303984 0.479047209054454 0.225012845358793 0.707685718929902
0.91269023836747 0.503834803740157 0.23909064012179 0.591081854653238
0.795276097968937 0.980544907513713 0.0353958337188551 0.834929028273948
0.970801528251516 0.619303829123283 0.482224933861069 0.234410778803552
0.53116293135722 0.431168457879787 0.512080629188238 0.532499018886334
0.464572257002705 0.260396615552307 0.717139061205513 0.706242183003342
0.267838023999791 0.505284333108298 0.597362828693476 0.76108880705658
0.659333982988314 0.770587428998019 0.343451622496875 0.367338348627271
0.884639554396377 0.378848969806685 0.801935998806911 0.250577544564282
0.380716700821832 0.454600146393474 0.693641567056861 0.525477391887795
0.0843993208581449 0.782956566618618 0.988979026568642 0.661701193431576
0.576270294881762 0.34921203926703 0.888434946454091 0.379934353481236
0.53541450003124 0.283466945302454 0.755427165599425 0.540734473950145
0.271628654097177 0.923887246199293 0.319087475302637 0.993662422635889
0.633886120264431 0.754721671428145 0.713423686367513 0.149310171059521
0.343586658523473 0.642286899534372 0.36866358731882 0.79365757365547
0.214968902499383 0.458369788230174 0.825066888218914 0.755538763690974
0.605363678211663 0.782838553163172 0.413495637260228 0.32686129808165
0.442160981039921 0.470813571742854 0.81117794639876 0.38916157197839
0.407052867157374 0.695418555330787 0.348575054118117 0.637661234340418
0.931058112490078 0.264766236199771 0.87657353517535 0.337094096801357
0.845636391358478 0.181310232251654 0.464104194095461 0.863125511050268
0.461455982908543 0.78522734229126 0.491722041549651 0.363213878834294
0.933781995610059 0.0831336476019181 0.706769043827094 0.737346475224921
0.583820961276036 0.768840625431302 0.327927591403233 0.432832450788353
0.298416618228923 0.921949916795688 0.964085740544919 0.292611062496556
0.897375468628144 0.0824670141835637 0.762968500555871 0.697646740102327
0.401729116598258 0.428289094129679 0.443457869431112 0.925976712552882
0.515429012333623 0.672707924632294 0.210134595976703 0.815112199319033
0.134271886522333 0.922375121455152 0.691659727317991 0.613457003675295
0.699450404655914 0.412688481354892 0.881829557298533 0.257860614657177
0.340806614038674 0.933145820438072 0.731975997650703 0.30060187822342
0.924065754227736 0.981115427884285 0.583137068249048 0.0944048037964178
0.908979977366857 0.0988338768511786 0.712953599769188 0.688199842714412
0.512530703399105 0.669529123823782 0.396538466565273 0.462415715877631
0.530536713107558 0.441621892358756 0.583951438907885 0.457117226299905
0.519680454079791 0.295434133926664 0.646237528526285 0.615640548512016
0.533431793663422 0.138173580688113 0.893986963080265 0.831683132708054
0.718449663876855 0.479335129427825 0.344474038194045 0.531040285121012
0.477387973994005 0.449076619566744 0.359501763532352 0.885448228962902
0.772564060443802 0.13543426016211 0.554536968092771 0.951403064903528
0.450623129604572 0.754033430255676 0.34372977135149 0.545033091497449
0.616760799817586 0.303190307838982 0.581034100183709 0.561763142644145
0.290745493708341 0.757428118447263 0.503840947646667 0.561886861241548
0.803459357544546 0.660523753861907 0.432148019487288 0.276348300355083
0.819795675999357 0.469939136466375 0.621674800921655 0.262821645526817
0.876334381139555 0.538188596339042 0.368118012579913 0.389949021691958
0.452424537700543 0.871946017682574 0.467589114653606 0.367305808573484
0.716263662030046 0.298810214383321 0.634197460430235 0.45776842852288
0.333894645710939 0.413427954485438 0.931496540384444 0.544429842473185
0.397079012642552 0.907352315603472 0.261984394549788 0.711494097648179
0.535310799348661 0.631086047448365 0.424222056020084 0.437464488554713
0.402190412323536 0.697688087915236 0.761924742154704 0.296756531281203
0.252459351878823 0.563127297455204 0.512460585364416 0.887614323178753
0.329066905239412 0.652197547392461 0.393190649099911 0.753698055274886
0.520158428685281 0.431438382760161 0.419564482342368 0.668964709311293
0.761092533016992 0.980931620686662 0.334755224791484 0.292886849091394
0.89393775433792 0.281803491949871 0.705236521894316 0.378663482608049
0.52568994084385 0.766952555400469 0.324023458549084 0.486410113264507
0.79908454062394 0.537296648032153 0.677213335248684 0.199158345663672
0.572543769291057 0.436837064752197 0.786252467407819 0.325877851200588
0.114557784925536 0.926463586082064 0.746929541936925 0.617194797778476
0.744618273765612 0.59975198794856 0.12697038820278 0.88864022413991
0.225894412618897 0.980273359891666 0.460481543544836 0.669407752057567
0.67240074640834 0.361584530935631 0.898964921533243 0.310872776024104
0.502203985141474 0.803733664990944 0.171057705203891 0.837109468564791
0.998007737584815 0.406294569852951 0.236853312797998 0.744819618863467
0.895055060665527 0.232798248278706 0.567894233260825 0.537752622273948
0.35931463836481 0.407662090365505 0.744971320779171 0.583324537594182
0.683877960165222 0.860559165514032 0.322423503529854 0.350759519869719
0.388768311537398 0.343101578326987 0.559618270864933 0.969271848954601
0.164373217368366 0.508498733409827 0.813097779768938 0.841185815615674
0.748161066262516 0.394039986787285 0.254476899562845 0.883445632618137
0.435061417851385 0.466260068459553 0.659389685517529 0.470896326276916
0.921884538207205 0.470508585949452 0.608841215909578 0.251313401546046
0.129417776053472 0.9275973254535 0.558458090457936 0.795341293405877
0.471312403663717 0.411142617474377 0.400374229318316 0.880897759636384
0.420971120826384 0.603115483376924 0.310158544995043 0.823005637082822
0.0886629319296357 0.662806652692084 0.873012531053883 0.800903094893832
0.42991485168021 0.734137955799113 0.78267400460986 0.253615575694258
0.519179187267318 0.440613346841082 0.360922083280722 0.782107056854761
0.399520901581136 0.600992695299666 0.699279930685228 0.375671990801981
0.965378345899728 0.849357828017079 0.576016056258399 0.107617855099651
0.932536949246802 0.605464019673903 0.475760434598252 0.248359810096224
0.839853683447539 0.34836667220732 0.644118780691532 0.349557288342751
0.542522942815081 0.547199633670345 0.770669899461342 0.269866946791144
0.938553262859628 0.483481149513151 0.427063655526486 0.366615029569004
0.639188876060268 0.371248558131241 0.675494059874256 0.392395809747488
0.601441328966212 0.298937842894065 0.587564662709551 0.576254875931454
0.470853277665172 0.950635162185467 0.493019981373197 0.321370410501414
0.935776856340662 0.378146854227379 0.414917995862896 0.483421737443282
0.999025701444459 0.837247588871116 0.0511520850014864 0.729448087020193
0.122109402863124 0.865405703700209 0.573444900341318 0.828993503581313
0.654322395528986 0.789850813311433 0.77958598390701 0.112440438837441
0.426778648807415 0.304744939202693 0.587377285061513 0.866657665801626
0.339006226007039 0.866521155150291 0.299284965776029 0.767042773169346
0.556803869129495 0.376438981503435 0.792404829276631 0.390366429004048
0.332741488951664 0.778392857951324 0.749783140931324 0.334381582688413
0.314199640994659 0.453144735264009 0.52230960778318 0.950612995612043
0.236616140049302 0.423061752049287 0.828623235663134 0.765442235123708
0.815445445319181 0.463336429849406 0.430476141796891 0.405378772866939
0.0617847791614001 0.986371417222402 0.762338849857824 0.74883543476169
0.564683161009152 0.608063724171997 0.207460104491943 0.830395402747535
0.76356551461162 0.206869006351975 0.446668257281422 0.905840860592028
0.368841394646214 0.634683751188106 0.65197438334983 0.41088114662902
0.643882716431481 0.760068226219992 0.277908494739566 0.457600624718944
0.291784806550256 0.596272740766406 0.77834289171914 0.464926485174944
0.352553798915981 0.915950448932439 0.408210159070051 0.527206309433683
0.377420690310553 0.430137319050719 0.468516833790078 0.928047431988947
0.775854844180108 0.746973013808941 0.581543042577695 0.157011228920329
0.312980186176471 0.831039900812346 0.475000162522239 0.526891734436286
0.417401431214915 0.675241454918978 0.344509776699353 0.64582015556543
0.539710734164939 0.764799012877908 0.814161891704723 0.164369408818078
0.764759960417369 0.354098570270215 0.542844022138031 0.435658012588778
0.36174710426254 0.940258645908125 0.421939647545904 0.495113437874741
0.539800601775152 0.597255349969311 0.209977840708194 0.956661234753882
0.612988042086621 0.468632111406007 0.360083848777239 0.60203363105978
0.433082528558824 0.450547678308291 0.38783476014788 0.955723077352522
0.593813505641642 0.983433821161563 0.225977886390439 0.51458485688748
0.499496857473918 0.446934059953639 0.352752695730541 0.842883491007248
0.846219300463052 0.349502728767403 0.259687488227418 0.928290994416018
0.355722229202798 0.585599439299337 0.581223917628493 0.512347539551847
0.340599132107312 0.642720359360765 0.55091441309652 0.514341797719192
0.416766053582837 0.381025127395208 0.486842186619856 0.884339594512844
0.911185613166821 0.715095563423823 0.563280231405371 0.151343820838314
0.385025453559302 0.804396369305881 0.293810982415889 0.708722471974023
0.619197044103191 0.368083643868064 0.847991344858948 0.342303872297093
0.722879593901194 0.400584710244553 0.976859100260639 0.249420164346071
0.879332750737422 0.607858609865412 0.135231922066043 0.71044738563583
0.602457819974505 0.430108919677221 0.507651138240773 0.475808269815799
0.627375712952043 0.468449140776126 0.601803146071788 0.351891914660805
0.3467504050179 0.848564362534224 0.265643706940558 0.894866517202884
0.487033983114715 0.565226694930235 0.577595707288934 0.392206735625656
0.770303330892389 0.598089443644987 0.516606044555995 0.257007652306249
0.648747574096788 0.394850533398582 0.737342695945074 0.33560027318208
0.410132083118113 0.492209277146304 0.675433668936722 0.462541983818952
0.718283724452674 0.60954040847555 0.176038910083953 0.701226892470787
0.704605671331473 0.856941560567837 0.123104320245528 0.648815660477794
0.481398670890741 0.909182449271029 0.164949775826206 0.840325465295818
0.300330677543648 0.378058717991556 0.84330556417765 0.685200484864608
0.332054543662126 0.536619343599064 0.54597712192011 0.635321428088952
0.573163828055893 0.453305713579125 0.325736227091793 0.746416475183302
0.478154700126258 0.415289471704629 0.982716972804576 0.379119674920203
0.836400384289054 0.784009937388017 0.281484006466438 0.35943913198777
0.376139112542416 0.511230925529715 0.390211728609801 0.992212252119474
0.363304377918551 0.440056466438064 0.47237937369503 0.948053886169993
0.415765661404282 0.521746741509455 0.423595877375578 0.687426255468617
0.663359040679168 0.357668713753447 0.604642489619632 0.436283917027166
0.906836098279645 0.4375359760355 0.282621305750703 0.599597055206789
0.275598889619705 0.431690842894662 0.691993872105359 0.760417115783773
0.931016928848166 0.973392332851622 0.480206752587603 0.148913431026046
0.936483064017404 0.459558971662631 0.190749243008104 0.778635355033661
0.436018371822926 0.4277608071499 0.86571114430518 0.419971093408977
0.974964904418205 0.543133753861637 0.535432604248764 0.241828771362587
0.808631997957058 0.52706528674215 0.523665875692526 0.283887685617654
0.549885793235779 0.355826981219079 0.641199348836694 0.496313177193924
0.560844749559263 0.304919782043954 0.731479670831467 0.498100618211447
0.476815572158231 0.330783013331712 0.989176432194987 0.472449500428189
0.438385120878767 0.489385143729099 0.582574609186163 0.500382907409078
0.935397287712341 0.415813158906899 0.365977057814987 0.497439423510159
0.544560625606877 0.213742790088595 0.593493460076848 0.904464618520465
0.495629088892494 0.374679214981773 0.426282247948967 0.840526363199796
0.401393325682683 0.269319888659832 0.810999276480065 0.731568722270256
0.393908229186611 0.572647670328664 0.895406272238441 0.337366689797658
0.509722182104235 0.654664512545433 0.221974056508042 0.812792378260572
0.609103118281328 0.362136875565334 0.990250632920485 0.336497767757626
0.824199392576897 0.441940167675178 0.455607048956438 0.39891790508339
0.529192480455615 0.65805205182496 0.268227292868648 0.645147093323168
0.102505522902501 0.897441761873557 0.649511407622114 0.752728452941195
0.393674750425296 0.433337336789569 0.709851447415685 0.52347409799187
0.562940943523564 0.892596997616491 0.170910476683647 0.668255311183437
0.974316818449705 0.403539124394286 0.48098164551867 0.388285404973355
0.608499363316215 0.147640994474954 0.742820811201283 0.767469911569754
0.58698383027522 0.490306457121482 0.625851003976711 0.344528669834766
0.735090581269609 0.142217670712658 0.573872663401053 0.888429536016935
0.323662362210707 0.325727374114965 0.926253270228988 0.712797553040055
0.933255310861751 0.526058476704581 0.563921429595139 0.237923849341872
0.585357770933717 0.353067267238225 0.639328040806196 0.471354940430132
0.735020107905798 0.55857081485613 0.233557911190949 0.615952534455721
0.98292207629108 0.297648974947847 0.662321609177326 0.373593832644192
0.61645015335719 0.765759610199678 0.491497411060743 0.26553007415651
0.401079206821274 0.371527803774001 0.514772394211968 0.89573709839905
0.504306305404626 0.281076494878828 0.51272981661868 0.997873192483734
0.595577456166099 0.470505515093241 0.432956036810236 0.51570758801909
0.755287296083981 0.283755846284287 0.361243408502683 0.861797172138549
0.41416651117913 0.556970102459655 0.465332478666801 0.582083411560665
0.946181439300301 0.410405289776813 0.45643667537476 0.405003737555097
0.287117194882065 0.477641557535271 0.818644738602798 0.568664825319614
0.739489913108921 0.618496148498732 0.398115372148108 0.348598280111811
0.459767908578744 0.472666244187891 0.497479274750044 0.578643478662108
0.605144004436516 0.320273488482718 0.861644912379192 0.397572840886507
0.339601125005276 0.576188396695187 0.393539169038214 0.871694461074176
0.600715813516995 0.368266333098228 0.740962304827139 0.388130581735794
0.610702087950946 0.334538789600197 0.680161827422923 0.449262261607184
0.513800405408428 0.14809188286548 0.841165664829712 0.887598184399357
0.435527028397572 0.515611237378653 0.359865968354372 0.807734005852314
0.878256841337826 0.804966961679201 0.351583521341464 0.274261212634753
0.0189991048295131 0.964243095658698 0.810964173299576 0.975017132063809
0.692042976547837 0.20410609233544 0.676059176717764 0.591615741659711
0.417539816980331 0.737447893337211 0.485042901689313 0.428488221133578
0.946698999693959 0.0695154999425761 0.762075631037088 0.726596281713542
0.37929334753479 0.430883562192019 0.463878361829796 0.94166201162292
0.612021311445072 0.550973198714299 0.659583435605451 0.27064135595707
0.445037728640534 0.548620673035364 0.574006404595395 0.44610196134058
0.79732743059458 0.317468651294691 0.435222845941915 0.582745217044588
0.290236867417859 0.974618473331412 0.966442884004059 0.296817240187736
0.577621577868031 0.970991460870991 0.489184895649677 0.251786860351626
0.912090380366778 0.508211960345332 0.950870410536015 0.135128503032005
0.388599727841581 0.694648619184008 0.943785834008936 0.272133110397026
0.307992390850471 0.288205434282336 0.975883183087322 0.882134210917867
0.452741162713446 0.595233083395888 0.600697110280003 0.385810525573884
0.492646715999633 0.331999408724293 0.625170821106265 0.605195058390606
0.930737241740387 0.386900583314303 0.449419715011582 0.437707260085994
0.95742667391076 0.0874881820235703 0.62213903061919 0.84923268995686
0.922895691906289 0.100504915006031 0.907483805409493 0.579994914931291
0.988840525772683 0.98185895762787 0.700518640999929 0.0461356048535551
0.987202222073072 0.998520756898538 0.553711484191414 0.105203604512541
0.450173269849036 0.888323815443714 0.645809007425454 0.251823725721333
0.583765235422135 0.495038897526281 0.290433325236218 0.738699330636135
0.846132420915087 0.630097724490981 0.0862402839434512 0.932618578287087
0.605738767500503 0.181306504385303 0.589818143522375 0.922218990732087
0.362511430032032 0.870168057215287 0.710811844983592 0.297773397832901
0.603115925380305 0.102542978185824 0.997198334521436 0.807526427839444
0.874707725042632 0.262235185317547 0.721234552435055 0.398090746626629
0.277804571686423 0.535536145840919 0.999668451106711 0.487450508167268
0.401699402063786 0.626991597099831 0.295502613259043 0.918854710856407
0.456092824954462 0.940927743554227 0.463869070761187 0.357163255432677
0.81187176030619 0.865010429640635 0.354483721754672 0.2721989860929
0.498658470040226 0.95339135613645 0.342455391395167 0.439536448687776
0.479974961743076 0.97828753507896 0.495653557420485 0.3109882480608
0.596004069921306 0.257074450911852 0.664152405160394 0.58520449612806
0.213924156437555 0.494506006516334 0.67364575879718 0.858389619135962
0.609335087828525 0.940027767859971 0.511568401944556 0.22204188300963
0.684709050932565 0.488028617167743 0.602858461389758 0.306634642553241
0.4912891731904 0.379822552086958 0.67110279273371 0.501582649941642
0.666631413716122 0.978676072025709 0.320509929306154 0.346774220040797
0.240340229894457 0.473746344277955 0.669135644771176 0.808942673625446
0.328047782553129 0.32016393749843 0.713969339811727 0.932995470131825
0.587761414715713 0.334815464448725 0.470815483848723 0.672047823102234
0.60180463024674 0.69586893361553 0.704049705736296 0.186760696171086
