0.736204418404427 0.982068215599129 0.524493864525017 0.688043550912981 0.695164815561868 0.835814259562085 0.651530900903337 0.511677702060614 0.782932364353172 0.717549568830926
0.796573945342675 0.579822008749621 0.580173183581452 0.872760177157077 0.84275883494591 0.638729096935801 0.710011804275754 0.66602079538436 0.630539811936803 0.680240363824734
0.772404487387883 0.66072204018807 0.731662106850857 0.982143120642875 0.485966078367623 0.992236082166804 0.640014608714649 0.846315482304439 0.935163148155993 0.417708600183312
0.518611227230118 0.916866230735749 0.625574864007745 0.793251588002539 0.70232987839703 0.706533714179088 0.659470724957401 0.505632711825767 0.885933889491027 0.825889991730348
0.490694778480338 0.875122802157323 0.983265987318629 0.963553804566928 0.90573983654665 0.493265949446139 0.993262122981788 0.337820552039494 0.881828413507556 0.927545849651704
0.875901879222893 0.71755704866438 0.683094823419862 0.573498973215095 0.58116929646636 0.971280361070329 0.718695524994615 0.611381808720041 0.591545578109725 0.778057840930723
0.566056444520573 0.624350939168204 0.841611115608055 0.866367287487852 0.753943844256182 0.564367679080335 0.7262845168216 0.791363099472234 0.595598840223633 0.69124919049399
0.539460201690617 0.943962970214504 0.5745552685543 0.841555930391927 0.999429907011779 0.622544495791598 0.786721915859582 0.473984795142775 0.776115737446452 0.74725799684436
0.740884695670941 0.837621973401262 0.576180421272083 0.525179887301618 0.714903830173317 0.869998755731504 0.727842541448086 0.903956854869721 0.584683785348692 0.616002883970596
0.565291335129544 0.637471603581269 0.698207056293935 0.682382228263551 0.881219232283918 0.569671103839023 0.749280780830128 0.538614527907851 0.980326121171771 0.889429041761998
0.841362608201108 0.789444104806383 0.501088207305679 0.776302508287366 0.686816887056338 0.636441777554106 0.708164231460606 0.579716651181734 0.761538194501435 0.712565897780269
0.654967587777593 0.418684835936586 0.888193714504208 0.65550036213229 0.857153775803805 0.595211512384862 0.651182134379558 0.870100894125766 0.745643293347005 0.843984328340328
0.512913727901094 0.626210335234103 0.94045330296014 0.632183792447335 0.525700847733887 0.974414678075511 0.963415260242351 0.729294925096397 0.577520561091824 0.92603496244842
0.608098326463642 0.580678006166756 0.700531496295209 0.834910223550086 0.795272342059635 0.850279494669503 0.556221139841004 0.601549688818657 0.993062052029183 0.634533149521183
0.871778210699624 0.944284419350003 0.766210828362117 0.745859291984538 0.870858512901883 0.823170742665827 0.407697858342333 0.378574714756661 0.915074332433475 0.737206584038331
0.955586680568169 0.737407532610262 0.811451085003243 0.283635188505028 0.739892750891207 0.631574837841163 0.699526793329793 0.913695503726818 0.783894045359796 0.819677683446483
0.590244887758774 0.970014885760167 0.555605484249067 0.894138258930779 0.876938500258848 0.470610831073042 0.549014900795475 0.719630360998462 0.943813971939198 0.795158943956155
0.635691099332401 0.87183710413654 0.924315024573038 0.625247020614959 0.858874864121769 0.587790753395091 0.624901422646497 0.548500735869992 0.663398270839143 0.761250619529522
0.541023388957033 0.845053006548099 0.562440566372768 0.797279565229712 0.585777103189165 0.81143021769269 0.651163219704358 0.650518023669979 0.759536170272303 0.845108774972802
0.638812244281252 0.985511895817349 0.617588460910977 0.861793650381012 0.641900984687693 0.743210442478495 0.479026971273149 0.578912917891947 0.978690219008263 0.753754586057216
0.832604914878247 0.66752867555414 0.675111620047768 0.851262881275446 0.725298210243425 0.57812190582781 0.63996700105543 0.777478443825991 0.683015466295039 0.55199830754033
0.587972407647062 0.647445583652635 0.62052148288638 0.619222979816788 0.752735221246902 0.574984375902049 0.745784106553421 0.789278568977718 0.927664873077036 0.753213050376685
0.730566993179257 0.911374791153201 0.591677506026394 0.677016937613178 0.54702092091731 0.76004212590659 0.666418843087795 0.60210343240374 0.917481942058327 0.669350660889013
0.564237667103699 0.807800845739418 0.768766678211182 0.902430114419651 0.597310080201455 0.515362371407346 0.897703616243287 0.917848696996455 0.750076034826778 0.516808769725091
0.557293254897829 0.987363598842951 0.806523657917821 0.383987626231736 0.692472780263921 0.886457166284482 0.655486755676709 0.671979156051531 0.783781483126203 0.919723870041929
0.832271607192476 0.88079890159716 0.450374605147585 0.86746503008347 0.469394110867082 0.593276451424086 0.901156817393432 0.60361271054022 0.963362124088728 0.848993890934054
0.773378439845443 0.994632436955466 0.664748382433175 0.727117368743897 0.500606623138649 0.667196820516625 0.794499973326016 0.509766964787111 0.655265681707484 0.985747312366851
0.760567703022184 0.787844333259974 0.954272351462667 0.884169955795301 0.838176945907265 0.580692660357878 0.594417168460067 0.588773535168865 0.54102551244311 0.63137150612903
0.761646143206128 0.727504198712583 0.833145219222218 0.983443139263038 0.712766934886494 0.471862479208984 0.860890064318114 0.598295372999658 0.490520275794621 0.802265369170504
0.861361888595482 0.901937140730542 0.918361105088771 0.753376900067902 0.760710661656821 0.71180351630204 0.586771069805184 0.551000743938307 0.553408110595421 0.562329016178591
0.968715601731559 0.832131405227711 0.586814099943682 0.868346548765327 0.612199199356178 0.574129337531359 0.949421762072311 0.850352285764657 0.535021616460319 0.541880554583816
0.448626260468261 0.950212158816314 0.749765640231505 0.825947949425198 0.644356007629386 0.595658440979134 0.932986633844166 0.963236072368317 0.45764638772986 0.896887173031844
0.902753432696973 0.896972516707356 0.515079926146122 0.805505117575082 0.550891200768288 0.785673861395611 0.499470524730148 0.871602731013659 0.943711613882765 0.565104263560719
0.624023072749282 0.73504687652651 0.636329536900188 0.885776134077135 0.602896254231748 0.633932949748546 0.977224129982608 0.868047748625067 0.741714419018412 0.483473285458326
0.795799190664387 0.926580625324108 0.810123199541456 0.885524548809955 0.637970064007668 0.509878756055027 0.485037710370539 0.492585764281331 0.977217244772949 0.903590104219281
0.78248006425792 0.968523436702154 0.558110315803947 0.618332198297856 0.81692666229343 0.622908566838924 0.812556234698508 0.618983719406452 0.719787929224208 0.580218714228485
0.672375302649172 0.781074466897739 0.812151906738739 0.746205829031052 0.468161074721754 0.77240245681542 0.708426792019873 0.835339545050343 0.471662713040367 0.861747667834251
0.628753716933278 0.523639339506884 0.882981466858215 0.447177155685115 0.949421511858033 0.707982361237192 0.569156131925636 0.862312872653532 0.918375079487581 0.870111632566821
0.909086404511766 0.967671149337231 0.704203802853005 0.76137582077411 0.641442407639884 0.80680534304127 0.692958421144137 0.906433484054117 0.525098496764832 0.406869078475659
0.75314896243023 0.377765434941118 0.706608878591226 0.714126504929279 0.905453153174691 0.474083889361389 0.992595462626106 0.727369146294618 0.930748304183937 0.860782050804628
0.801255234793432 0.534660931859891 0.683577564563436 0.879995959951937 0.667511877231886 0.833200757038268 0.490242567922326 0.648212388316445 0.841581239015996 0.713012306306706
0.848508525056262 0.839635458679349 0.861103673626341 0.913901144026005 0.601509601190084 0.679779721552703 0.53659964007876 0.523687295809218 0.749543104253826 0.601314187137003
0.70823810723067 0.715245268279721 0.557591226542053 0.84145324882465 0.647880502883275 0.671450906019366 0.751045883451634 0.558249869619242 0.648281459323525 0.987068006683698
0.924181551434962 0.916851683497882 0.828759080680535 0.573908819481069 0.823742676825302 0.539467298706412 0.484151443088122 0.988087242826794 0.504072615174346 0.854679174411797
0.923774893512533 0.567436132881154 0.728383829136108 0.896554481787921 0.676307326352744 0.923789943817242 0.505205879970114 0.624635076198718 0.558945832382221 0.821763727469844
0.598011699846453 0.514775054628204 0.631580078847814 0.908486945493021 0.846908542878626 0.825423104567738 0.67135573305081 0.514298225600998 0.843329573546398 0.808999203035056
0.483768284668351 0.976738004888597 0.547572390214737 0.768091319412814 0.711477447699703 0.939146435148125 0.59887583906084 0.866693438667903 0.551177536155468 0.913802192222671
0.458891597357361 0.648559880844851 0.758126531575742 0.81979926899514 0.924027848654491 0.746522577531304 0.902783903060879 0.485041408362575 0.811105575544087 0.664769533934886
0.765604289863508 0.800435710688597 0.833668055335827 0.862338208432077 0.482091422372248 0.604523306001406 0.757706841361159 0.846834045963804 0.433963869037857 0.822737864173615
0.944182276019391 0.782821875204687 0.840762004707321 0.898730351793295 0.586221020707479 0.730076702660025 0.880104777527811 0.44777308959578 0.608924930634307 0.555292232999689
0.952833000740458 0.791955992826369 0.58201358170672 0.58601685339362 0.608758537752245 0.72187526284975 0.884609847590524 0.945014256004571 0.570170313963619 0.579425221633987
0.543616925491456 0.444612202681947 0.527617408505591 0.780817569674955 0.992496326059485 0.671985388371009 0.825477445181904 0.783965164229373 0.927403363425167 0.851597510907721
0.706275162174488 0.78018336792803 0.917457423507692 0.54730736809472 0.741052885545007 0.621275420541781 0.721801218273401 0.827011344651762 0.597245669068183 0.5832916263074
0.752656905835544 0.549053468591513 0.876031418079984 0.915467997429982 0.578127365264644 0.533409655074793 0.715833419221534 0.833165078908264 0.79735400131807 0.590583654951016
0.786968398455473 0.643787421127369 0.669484559984895 0.823320744200008 0.641897575961525 0.505145104151017 0.755832417524969 0.641406219001975 0.918170951144473 0.654671019908313
0.555067328497214 0.769976110561232 0.516185084295509 0.957593233667539 0.616916941123012 0.614205616430259 0.890251196035401 0.902020668291085 0.763668239742991 0.625618730549367
0.911031053727193 0.627582548076593 0.913152928636229 0.573672682052857 0.712069812704435 0.634197682548519 0.873990668052448 0.743254453062377 0.643663416951884 0.511528039666546
0.597540390221402 0.68933375729352 0.654438750244502 0.548437883884491 0.773449929652366 0.868965708185965 0.947007114270665 0.527798516634388 0.98534235523339 0.64829049954577
0.893858116868833 0.783208278616655 0.565246460733401 0.630352176158662 0.715099784511025 0.629107328480432 0.568003461804367 0.554722899818887 0.969696024265119 0.892554413152954
0.837531453561039 0.829057990247611 0.841965465476541 0.710218378242854 0.567558147914531 0.399854761535089 0.819657529873542 0.659027222814066 0.632890597948658 0.931450155108367
0.608734471028379 0.694177770519085 0.541914534618877 0.667361643109216 0.76941935848847 0.742930427791927 0.917114536418454 0.75691201813516 0.666430006522342 0.630661977341358
0.639563918034365 0.946798349580705 0.725356005278432 0.613996218320694 0.712822165675538 0.559687901039501 0.721192174253908 0.777852340972289 0.51157639814147 0.971011762332375
0.736798393509529 0.604924874645209 0.703546600609586 0.58945345524101 0.51153914803809 0.671616105390015 0.918489363404137 0.867712428210932 0.646955882481155 0.8483643984359
0.680432017821249 0.635095685481579 0.549034064945999 0.884863548340327 0.913190740828749 0.984780177053997 0.835871116963461 0.552011112396068 0.634659399494909 0.576655116479585
0.88876495587127 0.652956869547936 0.601111558994921 0.794388624888614 0.320897146477622 0.660062261929122 0.838330753820369 0.774478744650629 0.902228750893566 0.949945487040683
0.868482038117601 0.538098095562879 0.341737029594306 0.738028719674473 0.96803943737728 0.950035907373645 0.653736971985186 0.958924469742458 0.639292276961352 0.889558462858627
0.818018454409227 0.515205176013521 0.974501502814386 0.888038519157215 0.723302269218904 0.659412800086525 0.980927790069198 0.499518591218684 0.687603718959686 0.578487191120395
0.991537666529858 0.69400305411273 0.4706186222565 0.5033814049718 0.71750676352278 0.78869888612332 0.808534104481901 0.624005756664456 0.879168673181253 0.750324356612787
0.59095705987778 0.641419496122309 0.892271009295589 0.58814409252003 0.781341192660793 0.712240837876877 0.712822702682578 0.714983195111805 0.743539768946468 0.596541411390712
0.8566700927579 0.885484051747093 0.564289131006005 0.986254555258171 0.617699639032487 0.421300791915598 0.601500249572035 0.649586437426243 0.904905052279023 0.931965947990637
0.532629612466892 0.861641884784955 0.538708459475148 0.738195069459823 0.705727945510856 0.571689520055865 0.927481361383583 0.770053701457848 0.885467826418696 0.626111695064094
0.579160369953237 0.958534831803157 0.584568724523131 0.559528585419945 0.655418226043766 0.757580238064043 0.797468306163379 0.983047277128844 0.558718610304511 0.797424712095856
0.945737926061822 0.665351989089379 0.911326723525164 0.862104040831508 0.556153651521462 0.766526380568223 0.523692954453473 0.410610327495787 0.850108374786814 0.900187718288428
0.564980975287312 0.698699036506028 0.744989082322546 0.828091613792161 0.757701591344473 0.701202951995318 0.722368842266875 0.672404195141623 0.602693582913329 0.632366403526907
0.809441920115653 0.532734879579137 0.98604556313371 0.642708123023529 0.716872624237148 0.752890207096891 0.519727559354964 0.54404993222735 0.914730370477972 0.825496814216994
0.963889063754793 0.789730871937129 0.985810814870517 0.529493189218168 0.530702982783616 0.532122641153117 0.763504742091284 0.666559568321107 0.87838579500973 0.665555018779197
0.583736722314076 0.863504253491293 0.499104893987494 0.540972354972653 0.783834205515222 0.791296567717593 0.890551269548243 0.715303532873194 0.910705942704741 0.606042891044414
0.801208921995653 0.611716323733687 0.72497679611361 0.694564136114828 0.786884213542317 0.641715156064941 0.852273309800027 0.716905999986511 0.570366098323727 0.575203555469127
0.802051957310342 0.513136848125554 0.854776548457255 0.821149158546797 0.848997842796544 0.53465698767534 0.888424304134079 0.581332814021692 0.616868634063294 0.688814192661788
0.953260526460473 0.765965459718455 0.739799739298095 0.58098618516976 0.571647080736974 0.989442783449234 0.579229129922117 0.578570826240496 0.696194575326969 0.736902271093817
0.677659055522141 0.505355508503669 0.832249728090407 0.534486558129458 0.548249758110801 0.927542292744526 0.687606230941237 0.943230935275877 0.714483929215818 0.877853352328208
0.590271196547858 0.453358447784748 0.836800583824043 0.636065463471188 0.959885825296719 0.988750425414495 0.400298024503351 0.903126591696203 0.954804228710405 0.962348302019134
0.639181996526407 0.588957532796367 0.990220720041194 0.618515609329865 0.845101255372503 0.594980189406605 0.94063523921955 0.759434925272265 0.696868352441544 0.537496713449585
0.55326319586509 0.768937334626087 0.893103886655169 0.631939513250784 0.671606650755288 0.894497336171332 0.926364764338898 0.603465421044481 0.962057701476979 0.436913390863609
0.576700138469368 0.935016001595641 0.750042687440639 0.640274272660148 0.551370417717476 0.844158528741608 0.586334689506377 0.951768320368295 0.56436017245168 0.810446206758445
0.642497410071879 0.904505238879007 0.526394256474565 0.811252917052689 0.907877624770475 0.569154375504852 0.642717150313239 0.496903247681735 0.927233149663345 0.84841533182478
0.604898688262608 0.944391676173975 0.593500090736168 0.724875438025441 0.821409954557141 0.542353567899432 0.632027832870943 0.572475536302332 0.925687987696941 0.81337377517715
0.633771828997836 0.580059243158516 0.635643696522898 0.642836583269849 0.668625646200671 0.943545904303008 0.805785062840432 0.865398042395464 0.732530250706537 0.565451679898433
0.760879302139883 0.526135920276617 0.787187454367541 0.913360454176877 0.982932094817352 0.846727529021369 0.354494800790561 0.624163188713672 0.988197430971352 0.710819779347532
0.604927891226008 0.963440734994987 0.535762362686693 0.723345426718478 0.885452850744321 0.684723699503864 0.630412140951898 0.64477404833889 0.788421437716111 0.638806469007555
0.47572000713708 0.556327994934685 0.685692928505207 0.740456574433261 0.818067719591252 0.898278852466875 0.949641202206869 0.581297696165277 0.877839444192912 0.645152792879139
0.929440334959923 0.572913845100764 0.765509744991563 0.545062647474376 0.544292075634281 0.768998935540912 0.505333796015837 0.890154551390537 0.980376248329868 0.819755433199771
0.675960837120546 0.958236302604149 0.621282268188207 0.51896657576097 0.961355480164948 0.555462082426063 0.607156247613237 0.868931883038266 0.844101765127019 0.648549498375029
0.967588404751225 0.642125172147621 0.555705276183839 0.789842263764355 0.968226401438589 0.524198079499666 0.62017021371378 0.61024442666636 0.967810648449697 0.676429662349832
0.512777421676856 0.823216064774234 0.933917927224352 0.530135807586175 0.769526512875067 0.912156975651022 0.771113192141973 0.927462514159629 0.572930934890293 0.54684535693457
0.555282458645742 0.925945068509442 0.79022136347407 0.648386643201313 0.621628428662672 0.516548449386174 0.875345414784105 0.691314666726505 0.64722059241861 0.869869343667024
0.605167126625434 0.744622086738778 0.453405488198678 0.977986256141595 0.883059834639394 0.424044264269371 0.657399348805119 0.870923759474846 0.987023287297113 0.994111932768236
0.559148639493319 0.778915130793131 0.761409087284365 0.422067497721654 0.958849665369415 0.68571326759053 0.975424623079345 0.567978542625413 0.810761351126318 0.794299483452815
0.458640877242513 0.976562041728871 0.790088272542603 0.552743323319643 0.976309323918894 0.861446163862035 0.564050134999007 0.547069395558489 0.799262622226103 0.916171792046971
0.772127941263492 0.636809360076872 0.668289053399159 0.505440078448008 0.837830424533599 0.720962264553054 0.755353639610428 0.699219783631108 0.962981417584575 0.546465843453953
0.755086933766465 0.657657967839504 0.516506562625043 0.853304238305083 0.626041329525414 0.828602569148632 0.687858223763747 0.812161239586274 0.496762305426467 0.88887961316903
0.736802056316415 0.743107258543611 0.743709122843864 0.588482962113781 0.836201649676058 0.819226215506334 0.773323889017451 0.756565830114637 0.461644486349212 0.588024634864554
0.950931649519505 0.71412002019354 0.920836825056299 0.95559796662722 0.639608312968464 0.552141738502858 0.617488327338036 0.811598467789866 0.546423088796349 0.564540399829477
0.813964704400949 0.537222765322945 0.702431284779235 0.64134954194274 0.695751261443663 0.590138809887548 0.925390745442442 0.579098446338143 0.952529817159174 0.702478166447985
0.510595926184963 0.996790505951371 0.959333835748758 0.660691022784167 0.608939495819388 0.498452208362527 0.910274369793433 0.885431432710427 0.665122328698815 0.674591291668832
0.730543745744961 0.622542643623495 0.822161004826493 0.95170574597546 0.691987322573253 0.659425981490154 0.687583665189975 0.564383238360455 0.761356487261632 0.557528417867436
0.90445459485968 0.864875589325624 0.464377373867797 0.70655472692553 0.832535819535578 0.728397647765217 0.744316755835029 0.610568792961046 0.789951930932167 0.513535329009173
0.943527519022537 0.813269991035815 0.898545054179715 0.603061938044271 0.871083334423721 0.704297087367555 0.523550602338557 0.78563736911588 0.431109159137282 0.694323770122214
0.582651204583086 0.827964918232654 0.659956982313712 0.68456405399195 0.659506428484951 0.758145711267301 0.753561092784734 0.788845741796877 0.592817508547239 0.631829363772386
0.991497293865163 0.774034880655282 0.561641877624417 0.773150846762384 0.980595999202189 0.847415266978006 0.506963638679433 0.865004619234197 0.592654813315218 0.495667011266665
0.991702422996019 0.554062141941662 0.788305897842966 0.612092852946353 0.727624296134068 0.995594016234 0.557415247914668 0.572708514751096 0.67224214439732 0.786243585968731
0.551759324425486 0.868499195556101 0.585963738143711 0.521627135516915 0.742886512282845 0.870527276897953 0.922008722762643 0.654886872747819 0.854668007274676 0.609687840369427
0.572424789938833 0.906849354974798 0.654121169880041 0.704629554687513 0.966055254068327 0.547224699392356 0.763481014833635 0.919007863681799 0.552509175999954 0.635692685617174
0.744566315429684 0.669190455403197 0.625588962107288 0.959708126160175 0.524995214956718 0.705134759634791 0.706585936428366 0.904489101579111 0.715077352894025 0.558931408333399
0.755464937342537 0.71190264594128 0.661272964607045 0.870138360033189 0.913175950054407 0.604681711361157 0.586148953114214 0.661435804716114 0.671108853577103 0.5904640270243
0.641210617601025 0.692135986168875 0.858401559743493 0.614033486639644 0.535657169931389 0.748877327964238 0.802069738747709 0.700046735399872 0.932495031794308 0.558312859475973
0.892672398949148 0.970861619534126 0.660039525382479 0.471300009556713 0.72869376487416 0.84175569086843 0.639163151819 0.977659327230353 0.399268170755778 0.951984016027992
0.560505340599997 0.652681610976602 0.550229861296996 0.56281341704057 0.955616152527684 0.904461227270619 0.958682441028278 0.90268449283034 0.481128668045903 0.964130733678618
0.714649607918868 0.573402070359319 0.74525585968295 0.888644648508571 0.484832421649351 0.71930374093668 0.557840797167289 0.795619516348421 0.729119498730353 0.933259034449941
0.534532899819949 0.667246892739257 0.703918187650446 0.89525815674039 0.646838233216464 0.76946363703829 0.7218679823789 0.602825622470868 0.901579808678499 0.611002869794652
0.480489003499614 0.805422949080283 0.952337871797825 0.937842182539849 0.647677826079301 0.638466016648117 0.615925720049932 0.659623196721514 0.592026755095085 0.961744302484278
0.632131223201503 0.816794444739485 0.588157798616564 0.689234525027512 0.929579501983765 0.538018123886185 0.841923485473701 0.643177890651863 0.560303174555192 0.970178741910168
0.917591492843094 0.437081975716581 0.509094667046592 0.957644225426633 0.846016679988683 0.83825643381965 0.891689178038084 0.731298232605798 0.558465268854704 0.676281848642391
0.809262138922254 0.726896052531105 0.672674606157266 0.684197952828989 0.960464230101992 0.948265774831917 0.59151059208808 0.461891988105639 0.631845711519942 0.706811426460494
0.721366452992186 0.666862149351751 0.561303054650905 0.666818062784342 0.97057174520905 0.935552773649414 0.71019944720838 0.954232496339054 0.539308593880699 0.54769231470633
0.613377898934027 0.615381156574004 0.768020949392716 0.614339892425394 0.589877364841372 0.896957772678412 0.740220267881835 0.558482580716435 0.908764590842162 0.775326057054642
0.676427048008907 0.867125418595077 0.793367908040407 0.565448888562361 0.571577863129258 0.963443540256275 0.756163467164678 0.913796320825408 0.396935948101574 0.824905972042078
0.656199104102127 0.663688277988315 0.678843192145985 0.689038671306178 0.988143680886102 0.859944893089109 0.461151110601717 0.784335082475055 0.837547677634098 0.568907803515634
0.815250969016193 0.781807528832444 0.767442372322086 0.452422677023534 0.984011636674873 0.802472502651258 0.632034298515922 0.938839838425552 0.818269168219294 0.40594805932122
0.617718790712632 0.794465387369698 0.738696262943269 0.662757161546857 0.740785884693952 0.740372528986735 0.748322881707163 0.66635383991692 0.62455611055458 0.576459449948371
0.993172234529674 0.769669896402348 0.928618671546464 0.530249679822539 0.420307464678221 0.703902309460017 0.901599211472222 0.57725551932678 0.980213497172403 0.670399676928026
0.564969558491005 0.902690935859014 0.610176748956767 0.718878111376913 0.857532874957268 0.628930961951285 0.618227604012864 0.678675627452236 0.701638867846338 0.727456819839057
0.524762450704033 0.738903385999422 0.49026672970843 0.87166004334746 0.742253827054619 0.718275566525472 0.767904307487582 0.801470202970483 0.761561896251865 0.63429285981001
0.759478363649449 0.60841142759871 0.90823316541521 0.572839528874324 0.81991406842646 0.468510231610101 0.965567239130962 0.663049921302571 0.833411479848623 0.625119365484692
0.678479255536877 0.431118422732202 0.555822124211246 0.805116805393831 0.671137459250301 0.980585636225683 0.896313122911433 0.662303323435625 0.81409545151785 0.735714711293644
0.519448957039725 0.776428139666513 0.617079962860966 0.633139806155157 0.544701525248802 0.837497104687698 0.842404417707941 0.82511131541595 0.684411592126579 0.778302442789421
0.614686592193959 0.673346471084774 0.552587803521738 0.666453519135307 0.910508029245282 0.79346785506583 0.779321321174399 0.70722280805389 0.923363194138534 0.50761293862245
0.93312140438895 0.718564965325581 0.499921772222125 0.995069818180115 0.585225165427306 0.847234440716453 0.734000169629977 0.574095430576861 0.804245313174784 0.575296520861655
0.644754123289768 0.816165031239377 0.940679302095113 0.905180535054819 0.80226749349716 0.734749770294343 0.912469471020929 0.319958923993092 0.670359798089644 0.626825181119548
0.870990867902022 0.673276033668267 0.590962374302787 0.9250653017042 0.739275054571287 0.943260593990374 0.576462614981436 0.623933793824963 0.89569555403285 0.451552078435704
0.579706970345172 0.722038475396243 0.761512602551779 0.946597637404898 0.723453017249646 0.585480587103403 0.709241843603747 0.44726610563863 0.889294172259477 0.810929410345912
0.730223167119151 0.697311937006687 0.701090588821111 0.835014453030875 0.752396928068944 0.667975741463011 0.631880909763503 0.652850755719951 0.60881809436789 0.627926895649975
0.764567146372763 0.810644307847487 0.466840822690021 0.48787562270664 0.781118208702254 0.792537294973766 0.725071493907938 0.718640140068046 0.778580728286777 0.74026908838772
0.483887012220048 0.827995157392317 0.948133943893162 0.888776232496167 0.571904422499095 0.383458205415538 0.707861432254244 0.862758842745747 0.888925777564156 0.904743845938881
0.674247781723624 0.97564605364956 0.86228897457013 0.814542569392737 0.516693420869671 0.802897805345585 0.514267083630297 0.543712597378877 0.727384873781207 0.778538037023279
0.985443751464195 0.877489391350436 0.69763091691951 0.485613694668608 0.892008785266972 0.487508007151853 0.537423027003044 0.94762155763735 0.968618784192627 0.630212155673597
0.973030795017422 0.746483059907834 0.745942496578528 0.510898589010785 0.86949856010057 0.946561883497819 0.466408258449846 0.491213807543326 0.787093197878654 0.850209089038181
0.591975624370848 0.639488491126965 0.962332166124151 0.660400406056686 0.837873828706778 0.614557207954527 0.64564664629539 0.636829101659454 0.927901669765617 0.613616512149668
0.874181242573205 0.470795813653969 0.493142534589613 0.706980532675309 0.938111790821228 0.847697584114023 0.577181722099113 0.770604687813605 0.90767392028286 0.692754358429993
0.670709173632889 0.987269838551306 0.563116066171763 0.910601997416759 0.441201697634173 0.957880316241259 0.777148103543964 0.482677207492344 0.99058738606921 0.752731172674355
0.894765386242036 0.59773392744363 0.623268290357159 0.795623037374698 0.814771903955868 0.705858261474596 0.707882972297466 0.725525782880527 0.565526948824056 0.583890803763247
0.863170509346731 0.563296277123139 0.652144384654081 0.870111642216215 0.846889169527867 0.519897021729144 0.753625682168608 0.645425725990656 0.935656344753326 0.543723864421393
0.566288282883926 0.757190755444129 0.618135527389994 0.55425676020158 0.997123784351422 0.824261760823803 0.881355263043319 0.991293812044742 0.683744459406965 0.48680591748395
0.955405272143356 0.636810511157727 0.522489264133293 0.594688670145676 0.831877215868379 0.873497498291931 0.698386879363592 0.57382747520274 0.720476447584646 0.719258369321425
0.543895944410747 0.794431682103914 0.947062625232963 0.440331942824535 0.731109978369774 0.542711377125443 0.613481999781829 0.987018801411926 0.997029340111173 0.94811716940837
0.62089934976284 0.854701229371525 0.682907310369496 0.722512228629204 0.559255665263079 0.617358897833088 0.819242536227777 0.577605634576362 0.904768826045823 0.688881520394106
0.712146123857309 0.611366306775253 0.696346399068383 0.912109998724398 0.817955349461512 0.556145494407331 0.408209217023485 0.986369915864843 0.850061771898739 0.748716937266096
0.960600866583301 0.918861251535587 0.608140061141936 0.777031108204058 0.499342419563734 0.635197914695714 0.809449314662388 0.547030435337846 0.711115942024569 0.717314114329656
0.710657897942472 0.964508576290725 0.524144209669919 0.653419964118724 0.532872013574315 0.7305551047191 0.783935789799557 0.75229349807225 0.665540695072313 0.759686320856882
0.552294518689036 0.915284764839952 0.55886693673339 0.904543959556201 0.595906329824301 0.883701788876337 0.590284916165251 0.785138193977399 0.998306666879213 0.555229256134122
0.995268870146765 0.653951781841769 0.460005728433153 0.761188146650917 0.683687200338155 0.534977330389107 0.723237277442246 0.786683995358127 0.989614734179878 0.694886437809249
0.548857324661324 0.71526555738893 0.835393607285 0.994936388158648 0.545995010827748 0.53431783423577 0.851640606479685 0.719684406920289 0.711818598082652 0.714238897840965
0.820797268410159 0.515390731228351 0.843320719554842 0.916448886087558 0.772385709408922 0.710538085333061 0.669777174970227 0.592945768075549 0.740142471806436 0.527085219227103
0.826749503481716 0.486985936438519 0.493786962705002 0.610483861948116 0.856930229019727 0.911192410015606 0.743264784994946 0.792346187132134 0.7047304919815 0.727505103315496
0.62656520879698 0.633519369698998 0.707102125866305 0.706486465788636 0.804961986999482 0.666146393893434 0.573394017337062 0.744572275970268 0.697612635376822 0.74284852102324
0.838882438994632 0.871136150500614 0.867981744613838 0.599589739446464 0.621990316635199 0.637525108862457 0.585317517716023 0.63964022970965 0.562218909452959 0.890795295449683
0.593369702402496 0.577098646371625 0.637148108706204 0.63891615512952 0.974636748656364 0.580677057368185 0.849665360597575 0.997629285733056 0.597302067974183 0.819676859918832
0.797460577159435 0.924564814188802 0.523634489578757 0.695959364018856 0.59527761197546 0.579985608602848 0.907311073747188 0.578446423649275 0.674495310824641 0.961812969712316
0.8393796163749 0.801777174120348 0.461176460641287 0.453318016350132 0.738486390785438 0.636736301553382 0.844305638714374 0.817937357462549 0.771091886856619 0.811372167404324
0.712683973381731 0.490643755397649 0.54069238691798 0.894597947646337 0.528733579007741 0.617746909643641 0.895097897219545 0.782250674773499 0.904080903798733 0.989827321141964
0.575967359967613 0.803542967832175 0.99118238351159 0.986837661287127 0.836602304346097 0.797102937284229 0.82286033671531 0.604417054503891 0.474178623430591 0.500869270590346
0.751386649183392 0.454201402621517 0.689406834589696 0.742494210615253 0.870098711601911 0.839654766119044 0.784262020178797 0.701089617397443 0.700298625440231 0.54259230275892
0.404441654376743 0.820451604761178 0.923142433505288 0.985778183389089 0.931379702582385 0.904573971299751 0.403092513653623 0.527184273521548 0.89250828340076 0.95827847845392
0.661393163007859 0.727981645807108 0.785785563047291 0.538075974135565 0.805808577634503 0.546708479954536 0.578523871725634 0.767662499178225 0.830932808695689 0.779319852681883
0.571510390220655 0.91692010151705 0.774739464732182 0.870978816657202 0.522099350686294 0.893266378022045 0.83602235504165 0.964649495283593 0.493097908598618 0.533913680626639
0.951781260183347 0.587799582085163 0.624312779842604 0.57620100111882 0.972964573335381 0.664673234443724 0.570318737283042 0.627779882923206 0.879903136679118 0.76283491804345
0.939732602914301 0.775153895446862 0.383394607300557 0.409191051540082 0.805682277090385 0.655422901800885 0.955902139962504 0.76031591928025 0.995765416024649 0.974487636770721
0.50532807323649 0.714834523430193 0.482447279584823 0.902895877767961 0.792510273731839 0.804288683559371 0.770597867468076 0.71715407299908 0.91074248519555 0.581979258635226
0.803297484548352 0.859956809770489 0.69675854983196 0.870339096057009 0.736691252030252 0.625572870011935 0.778565295236636 0.467671776870027 0.476543002260323 0.869663390988865
0.732173883462506 0.793712392374746 0.547406066751941 0.868231270337622 0.573896729047888 0.835072822650272 0.598545841046 0.733714084049399 0.937003419931741 0.532342907152195
0.499765492625561 0.773581768363922 0.573385405534458 0.711445807130282 0.926505993475388 0.706560509379314 0.761320269789297 0.483984993094486 0.887581269560444 0.923507438195669
0.727609207424121 0.870329070287357 0.598409322689584 0.625264666327037 0.880219048379267 0.563336382402659 0.617725836225824 0.745738850809663 0.58286947452098 0.867771679152637
0.633378081968348 0.605266666378921 0.911421948608838 0.676872072556428 0.537018138707209 0.860081969290905 0.727462993430379 0.898425118361238 0.58676444117959 0.671017518615616
0.977687699045381 0.757822413880013 0.5525561647294 0.661526784103777 0.827500613246156 0.54120310661601 0.667878545148445 0.787183792912599 0.83757007160583 0.548499649848151
0.743716007035651 0.796142640185604 0.69785892485392 0.870854728827325 0.818198394116759 0.792810801647211 0.588276606153168 0.343531136128512 0.906125312516794 0.684510230904837
0.661085580823064 0.589501741441864 0.46548309221154 0.551231667063344 0.922968429507881 0.686069960222018 0.96225807623379 0.748045103163906 0.783615813002377 0.884617666530596
0.771155809733105 0.938284039927119 0.573825858472288 0.985546585865898 0.918147738989485 0.51901693763387 0.894502679136403 0.50198345065984 0.76751829955465 0.540929451301126
0.599322666457728 0.991969903857292 0.759691167770753 0.669982423787768 0.988598245716559 0.618258767431016 0.483022409817166 0.681594838222504 0.602783516181456 0.978827446398366
0.549245730928083 0.604967474865653 0.918263084889866 0.489176164086057 0.852796795843248 0.813000437487384 0.926661155917392 0.594998468692463 0.951276367814564 0.619564013361277
0.67009548277752 0.600380843266007 0.607327639475731 0.538669993617022 0.971673930970221 0.807112417321874 0.689790851350082 0.729975960098809 0.808125507742234 0.652891836698615
0.745609973335788 0.642667302439583 0.812232454550879 0.899681217849874 0.686861532991643 0.568180006505955 0.791974068092548 0.633915158817957 0.640260755775593 0.586419150605385
0.491137703527524 0.57921052531377 0.881886938634598 0.570287157153918 0.737882580078346 0.949542478099544 0.905039294055712 0.788557631723158 0.522728204629792 0.887633288401339
0.918994785650555 0.536040095246612 0.690415012730295 0.985648447299166 0.792118494441796 0.576238150106535 0.678326066641664 0.631941707645321 0.953735375582067 0.532816670462607
0.997517615786667 0.503083256669215 0.818452667903233 0.984426735658414 0.449348769294228 0.687901883759948 0.58015785668524 0.793730712242913 0.724773074015445 0.842903499681844
0.736247629718328 0.55826370827833 0.841843331125707 0.488080094503576 0.72471911011451 0.856152640953176 0.760400496282882 0.728603877558022 0.618580229846839 0.725752366224805
0.657233423783919 0.584448721379487 0.612004604553976 0.690375418842362 0.65649241004056 0.845593042656021 0.940796006362596 0.771605913085347 0.640744720786456 0.630070140915013
0.684854202095447 0.586990620754519 0.786670191515481 0.896519766432616 0.982190183223624 0.777332254488792 0.638300754680389 0.545171990834572 0.615516089404979 0.627887437952023
0.541123369015414 0.468239319226846 0.710461768155916 0.646991040348049 0.91261367072123 0.922818849117338 0.700318302823331 0.5743217298312 0.901484702517321 0.937506569346257
0.885265274721402 0.605730782880493 0.708648816710246 0.725559511478852 0.935948708898494 0.496523262656967 0.616568734944225 0.543572911264476 0.906610675534783 0.77745460623085
0.567125736052605 0.454473295962593 0.884192892879151 0.991134625770883 0.819566603250994 0.802861213786486 0.642234253251235 0.71031006071199 0.540810887849754 0.914329334114204
0.865976829451753 0.584248298621553 0.538980320641137 0.673983256729237 0.958648760449036 0.913525578246714 0.521784625691756 0.622491940203572 0.780183495447756 0.751699929181386
0.857253532598263 0.729715400871275 0.505746536290994 0.803780457706373 0.624754795895792 0.559331893746933 0.69523469382386 0.929575859277306 0.860833773380648 0.585783808617564
0.521087454518001 0.633589155651943 0.574260520535116 0.555728430744091 0.997806144945405 0.994438989219604 0.558451730471967 0.755081767471086 0.977297221935932 0.952528257047542
0.619123231589822 0.577204221567658 0.963487202144173 0.628326601261248 0.937356258438132 0.734557417323712 0.468303205036947 0.811687603013156 0.66433347910567 0.82256477139252
0.463602830795347 0.971680781130301 0.527312241495316 0.999558770764883 0.824077972868894 0.489959097153555 0.674422776175309 0.789597254060232 0.793745183333275 0.935649310714818
0.728678344080775 0.920132779959466 0.619203369621108 0.759869538427286 0.781917040314592 0.570808327488523 0.551780343600113 0.576439070473045 0.687286200128306 0.913531723645651
0.7793988196118 0.738294446427882 0.607514029861181 0.825470032418654 0.518345765753204 0.910055871415675 0.559398346599032 0.559590647363838 0.970096375204087 0.73680010102315
0.54021053283467 0.820074164648991 0.671430677234375 0.622320026188913 0.966732164206275 0.877490209553164 0.421284104847445 0.946476479917781 0.799560061978119 0.666006053551411
0.894737143061876 0.821475768416357 0.916039705750237 0.813152571625695 0.494533432518685 0.787753948922156 0.559696996226709 0.670654397479685 0.70491536285704 0.52551870844303
0.629158416527264 0.981938084879274 0.809238515420471 0.566007610959487 0.779784172311888 0.847232610128075 0.834618096676329 0.904998010239272 0.494680414469258 0.476689740453651
0.592158897847526 0.815916202033926 0.945694844685902 0.61075963969906 0.805079489576864 0.650758819660651 0.666118484687775 0.682845796969887 0.655201420971256 0.607051453183735
0.902332814652204 0.907643308883419 0.579407139704147 0.76690003670923 0.603259064616484 0.689656840552215 0.85647846160336 0.98402829011081 0.448679098724719 0.585062769342519
0.89343759763131 0.630333887288508 0.558978891330025 0.663919434754151 0.805761290624465 0.770517650194827 0.517486655477465 0.791458325183388 0.610969269321111 0.837220509266191
0.724823179410354 0.892276858300624 0.614570316647952 0.655621195667216 0.644665793773165 0.838212507187287 0.569534063728771 0.584419182290711 0.727227863096662 0.753687043548308
0.534555980701699 0.768441120146907 0.66542367018093 0.872788513852139 0.931865382152857 0.68322247926526 0.843828516064105 0.438275030542135 0.889944878228115 0.619748320121991
0.884368708025196 0.615919691812595 0.863911233432128 0.745657575693615 0.570916983314322 0.595820783603423 0.661642960191169 0.587276359296337 0.664713878826151 0.894239171806509
0.563072293866933 0.739224767179755 0.615759209271843 0.654063917335725 0.612817650290431 0.88019920380459 0.847137701693731 0.557152290107911 0.84735607254386 0.7416704598245
0.525096015232322 0.494800462772005 0.723302206842299 0.560196220894744 0.549747259537761 0.99453693000522 0.851781499799203 0.92877516535155 0.860587146167773 0.996052865703944
0.813880915867597 0.578920463307184 0.786284756700511 0.956285341274866 0.60669571404284 0.917012648016531 0.519994761139866 0.942508867667589 0.505863326561795 0.682179201300242
0.797044716409443 0.656986433792862 0.652543410427307 0.941247619415997 0.741195631139952 0.499616276782288 0.52956061121835 0.896351510287329 0.736677242821911 0.686608474569503
0.616449786193652 0.809689811458417 0.746846709367576 0.702879464955392 0.97193404885839 0.572831337340731 0.45424670228822 0.670432500216811 0.780917460608115 0.836951716327527
0.804563042658108 0.78944837469611 0.798476263493036 0.660830749939761 0.6008668759462 0.624712048445544 0.63919113222456 0.593826764544711 0.876685252543821 0.611013815515252
0.508369899843875 0.744507855801786 0.55436524112903 0.706887100832039 0.98379101028701 0.973102082691335 0.667773463419435 0.646024828007016 0.736006634432556 0.680365085545435
0.531154563963404 0.816421514662103 0.588389886274505 0.799947393546696 0.676874508546598 0.988291989186334 0.725228328323343 0.833635256109577 0.606499201746745 0.5823012721794
0.861951157022534 0.899874937008658 0.818087448456772 0.377676017945234 0.581107879680907 0.828547901306786 0.792368071919732 0.899685104183521 0.893745385485459 0.46970988688669
0.479635683169051 0.575099413054014 0.836805640334385 0.75955865400485 0.80442688011481 0.662117784014254 0.671018130973071 0.858788223409405 0.875984289907882 0.58978900594408
0.626181668648462 0.537474441598912 0.707539191530721 0.696945489454577 0.611687220671782 0.635719211028554 0.918095417706556 0.925299816128364 0.994062933060622 0.583894763935064
0.809950867191824 0.709843028981814 0.859887961122173 0.644410495188083 0.542157592503292 0.57451446033887 0.818673163792221 0.638704276790009 0.676642399431163 0.726169383797516
0.778895709428003 0.691173107549188 0.674898514958789 0.669201778979431 0.915046717411954 0.738024327803709 0.620693979171041 0.879487254051778 0.545112152792141 0.553398658054197
0.499085618312213 0.931442611789118 0.673148864983962 0.734214932056982 0.555647053476542 0.974756883633789 0.499813138528714 0.828923799910235 0.70107420766189 0.996264765238316
0.536517794934532 0.748863428707083 0.867793926302003 0.800995721391753 0.699604917492116 0.835848103873582 0.539880243081554 0.864750663868454 0.525726472508912 0.695184455426746
0.807178694069822 0.693708535867168 0.830438905487387 0.673254321374768 0.715643465568398 0.555841090246411 0.66259385966277 0.6340150105028 0.564845059862685 0.865061992313961
0.901863368483277 0.966725451930018 0.487708244286276 0.719519695677913 0.760353998838268 0.553032530122898 0.911700666720632 0.620672199594781 0.744776476541412 0.582729778710697
0.467949464195927 0.581383619573061 0.961607807985934 0.837716816891041 0.59248097410964 0.709373704802466 0.953630305389706 0.987807959894291 0.604139998621422 0.676993148018938
0.625043364188533 0.780185733814268 0.992617898132187 0.706597579419724 0.725449047048478 0.94181125390718 0.58855406573982 0.908147694368542 0.36524934844586 0.743967608775907
0.940175651071226 0.685680902814986 0.537608445267548 0.827689060167985 0.689850399580633 0.497946521011485 0.724105731539193 0.911328734854352 0.773481892007489 0.586978961478916
0.633907617359373 0.872006172901669 0.533364875826011 0.941349914830858 0.734677690873166 0.535856972681981 0.570859897989603 0.662312521162506 0.850499786331056 0.851552285091682
0.937091857686923 0.757486949309573 0.624418105251204 0.481753815406768 0.723763370940099 0.741433676411609 0.623876997267911 0.799345370737128 0.675397630149537 0.6880249889859
0.756666679487082 0.750695675368949 0.878051083667021 0.650577875961996 0.994597460099317 0.381083049938486 0.865917720623918 0.718225322908822 0.496794063701794 0.910611685566329
0.839306427569102 0.778964459714202 0.599297808581642 0.655012717941579 0.926127578583411 0.508905151038404 0.797890110306522 0.91938331320323 0.525390266659524 0.644318607860418
0.546551535876675 0.603779268499674 0.905860511448186 0.695721533609609 0.742915740768228 0.732153284155982 0.745570998009435 0.819654904475716 0.521959645804842 0.731056207370251
0.853174574907849 0.892495218760841 0.515990182245979 0.692979310920133 0.62709356921765 0.638457551114111 0.774343818960061 0.669844824411915 0.673377234066872 0.680656802715794
0.862766514429544 0.944684828014439 0.522532409062781 0.522403554046042 0.897715017026785 0.654258692933837 0.717944888432197 0.973724873877968 0.773218865620593 0.489746027624643
0.702178625860607 0.721225560224118 0.859264053139459 0.572254842873687 0.60344853080066 0.44192347308652 0.809745441588391 0.801650884395453 0.709327531252894 0.954364659652718
0.974230041931944 0.5431001816939 0.606361040716154 0.626558906055868 0.716650060657035 0.77732636442828 0.592387958917921 0.734779953521857 0.719080248726494 0.774405912019308
0.71877677894487 0.634576825724862 0.582311771983531 0.579527868488225 0.940003092867186 0.989872089732919 0.581685488069007 0.537964997237643 0.791073839882323 0.982581160848298
0.399133447087331 0.768455508229064 0.43842869681032 0.785528170834318 0.897464411190868 0.862020880253749 0.872612497355469 0.849496744924516 0.84726730502944 0.636368079426635
0.845167783699877 0.474889624060392 0.980144701125352 0.47852629477427 0.627946233898756 0.917118859704402 0.889577270017558 0.858552290765138 0.734671673203873 0.575660540711699
0.686072063958356 0.839294057878808 0.989943635623856 0.52356218902691 0.773126658152108 0.527366768759009 0.836451430420005 0.620855781885187 0.616708624523026 0.762799036302207
0.455019335291957 0.90942962932536 0.823437841285074 0.980608938007568 0.479667534171646 0.938807631091398 0.609945567372908 0.958307482114504 0.706072368613631 0.614671161324213
0.614602097125938 0.568841190639718 0.778266272225764 0.98737709888966 0.652260528935688 0.772450790930662 0.834118682041673 0.666824914541337 0.647784358393418 0.574599172295451
0.974102524500946 0.633509890232724 0.624014553028631 0.690457309375899 0.678819132097879 0.682948555220272 0.693236677738235 0.617020673381634 0.706417755371542 0.688252693442287
0.611122763181897 0.783836315924344 0.614322351942637 0.654803557791093 0.686160584184463 0.791959401174887 0.580128006821099 0.950263770491585 0.991573423420457 0.537910545031297
0.576148589952721 0.938422612417455 0.632948307437005 0.560322177088545 0.696642652312182 0.838826518397229 0.820303650480905 0.610170932229459 0.631399351053011 0.775526873581044
0.8924787977005 0.774137846348781 0.731949838274602 0.783750452151306 0.848450016397356 0.460815425917348 0.616611705800769 0.920648183908777 0.55178112749487 0.611490196412069
0.801813578457025 0.623456709179554 0.702732263262955 0.969452798779597 0.662158210098123 0.637446627903079 0.65330251603851 0.709626782534812 0.563879931804037 0.701106095186907
0.766699374478222 0.806437028188907 0.600216903587751 0.597357123333996 0.584190809397253 0.514925818344996 0.780792324633462 0.772668428775828 0.924194601638298 0.730771412301086
0.552653731148767 0.736016270830217 0.956766647392365 0.575402154223274 0.581476166397059 0.821954904667547 0.575906485285834 0.89590111174342 0.612216014421081 0.989469541008278
0.536106263126947 0.661552232659324 0.828460614239295 0.851290059448364 0.638977170456364 0.735413130746154 0.562094193172232 0.917232178654912 0.55813251329788 0.843434602019954
0.999324425165647 0.963765350207998 0.906968669237955 0.465546786704861 0.862934812495041 0.373380491529276 0.629547240830421 0.618980002716027 0.915716960921393 0.941369476862155
0.681000184571247 0.633036328605395 0.565959392985837 0.471877734027189 0.758079556277261 0.744800368330795 0.621312840582308 0.960184326566806 0.858568843098323 0.912661420419704
0.903285059312746 0.571899785733163 0.616347412237518 0.929489331146418 0.982692179209256 0.534230579807257 0.997463685534275 0.877197745619929 0.434649580530089 0.678648591943941
0.590372289285867 0.661167606606353 0.787537388118562 0.635248379495157 0.940087216110023 0.721184375449968 0.595276875569622 0.931679080533507 0.660566055162278 0.582624881990269
0.989067214028505 0.805480585627085 0.901165989189085 0.937651767549977 0.779382620754091 0.44347057311084 0.652936804167451 0.59373834952515 0.458613477667503 0.893278775728214
0.648475329042299 0.89123769744108 0.88662842598784 0.748162859089168 0.560783206181177 0.584169048410653 0.899971782371809 0.674675629296087 0.642171753670831 0.577369320475833
0.971613416842444 0.664906493714731 0.607197856823265 0.519781813023916 0.608297920204721 0.585878627151489 0.984027228021441 0.693056137012928 0.739336972341097 0.878914889722333
0.601263077048509 0.98169475721692 0.666532190625267 0.573687953536237 0.57750122027213 0.64460614504665 0.651853446869393 0.726392513875691 0.857286821062131 0.837252028768884
0.68183880968243 0.620082439642218 0.791939854515232 0.652010619341263 0.454939268494953 0.726942868442632 0.904771389917349 0.622786773871505 0.825574357895533 0.808645715423321
0.88149318104969 0.482324396357125 0.978912012069263 0.621116631479607 0.76885421641908 0.67131250440137 0.751089240592589 0.987003283082907 0.448684827008066 0.784516707658629
0.474082253882358 0.984618247936019 0.878441611772711 0.722685998308295 0.547457678378116 0.705078793677371 0.793115442986394 0.653805119063212 0.961297702858483 0.580987619968103
0.952045051623824 0.640795261748546 0.653433006386018 0.652964661860492 0.646095247270831 0.685347727382373 0.625523255633519 0.685291202703512 0.827797597050888 0.632648235954414
0.98023562991951 0.816178280803668 0.659403218031182 0.93599685210504 0.546866804765861 0.866582085035486 0.643782942179094 0.599876660198257 0.654701319254469 0.534848537053594
0.739382558713041 0.894347901440185 0.938511050529914 0.969856971943365 0.959613324679596 0.462721269564855 0.969405363696794 0.594123082464208 0.456951616644815 0.593363157135768
0.596901042189625 0.596589030390096 0.788952552064623 0.567048788783967 0.756486782016598 0.974231051334141 0.605484673587865 0.569427526766632 0.828669377065337 0.888504989557405
0.979719136748436 0.995380126751234 0.754770871520351 0.710935155594727 0.52797881115214 0.600555706541199 0.559552248279862 0.874593625888284 0.498196361543344 0.890528930299619
0.957584702404568 0.570510870729559 0.547566353491975 0.91046742578167 0.547787367840543 0.998470369426461 0.555968768293243 0.99027726994309 0.726857385728059 0.646922125256575
0.925527678731631 0.578074840563627 0.613730756432405 0.666137551231272 0.597360650282929 0.746007067468488 0.828647492372267 0.613308820420728 0.872914848068014 0.633814625930364
0.744073042295983 0.902739044956815 0.656053961176354 0.694531056858533 0.608955301298945 0.888531434194075 0.69643583709156 0.562458597202109 0.918943145665907 0.492135397223042
0.774978649805614 0.440690101718029 0.629794678487273 0.733733282875985 0.630616095077449 0.760150088768467 0.871777823695348 0.866307575639534 0.745657087136637 0.631746652926199
0.570803438184392 0.838746592464343 0.543849933801234 0.638496357615636 0.563832147856087 0.874830526049842 0.959738507261886 0.99905719875127 0.780371072852401 0.55811613655961
0.734378841050551 0.977179785141596 0.881035519921988 0.547575286239838 0.800467059077329 0.509675138840601 0.60607664949752 0.852610718718634 0.574515523511897 0.731828676874941
0.4704792893221 0.672239140026162 0.477557844104334 0.94952962931744 0.960850427241359 0.580434083931378 0.633780192769642 0.85732604641787 0.935229321899977 0.97875666916852
0.917570883351472 0.604960892749973 0.667995432325683 0.836948497731111 0.56316903628978 0.915115651693087 0.661080664367922 0.578529553674477 0.590586880486741 0.794604478971176
0.777230135973095 0.7618669384699 0.844979456365452 0.815192731878987 0.272409971823416 0.73216648100374 0.699539361309094 0.972598636385847 0.62437100147058 0.952729293192984
0.628731039760205 0.867488123177573 0.514924667749081 0.488249595825278 0.644087849662589 0.720128858975351 0.670362260882953 0.839377461152432 0.970554783476473 0.915830923827482
0.522634846368708 0.761171213634858 0.809236674179903 0.659727587015287 0.813329132343879 0.973319767159878 0.882305780228621 0.685257423828332 0.377549584301194 0.835713137764271
0.666130756697696 0.907817390375779 0.642836501863943 0.481358678682586 0.833743032803053 0.819879705492302 0.726980918283897 0.916544154144223 0.522946066133301 0.661902887265227
0.674494709779229 0.60540569688059 0.726456865375777 0.894253738610951 0.515225445046726 0.905043540660782 0.660397142906898 0.675312678503678 0.579547151963673 0.896183475892834
0.913790633572911 0.892716262943046 0.68114675152884 0.569650982111715 0.603698562761531 0.794085310069769 0.661093887011985 0.661399635145548 0.803589362720473 0.523922184908592
0.629697780532214 0.921560127533469 0.82950339786544 0.777602877501431 0.91957902213745 0.481351175784751 0.591889176881268 0.919505342571328 0.846512886959709 0.446702957717365
0.79719323993405 0.480187706118025 0.707929834001965 0.936193065778424 0.752688786128668 0.809576240613305 0.750569541304072 0.6465325435081 0.485043663743735 0.777447936294062
0.609025534859958 0.735774683122749 0.630751693340565 0.680375831321053 0.687942779310288 0.75103858193893 0.502908267371454 0.734342953974615 0.799060810992112 0.853684870031469
0.444383328181205 0.781629769207041 0.972294442150788 0.532498318064306 0.880006007741978 0.827301688577032 0.985471879268378 0.901532514238317 0.607371855917837 0.535250498401547
0.942670735264319 0.576953992988698 0.93050507826462 0.562494595766593 0.765236091054553 0.739602161544759 0.598049025153823 0.758671518155108 0.930460760344624 0.476603350144932
0.760796301089841 0.704011803105349 0.951617276939824 0.63833630410429 0.98331010683275 0.515762961079392 0.556385065709393 0.544310605129677 0.794857881482368 0.798166714346435
0.650714732468901 0.429202644900696 0.41036757593074 0.817292034509549 0.983345020594135 0.918237324710074 0.855424924148077 0.929411838351295 0.996084129378316 0.628141039431505
0.979622665815013 0.574783152253763 0.815440126127626 0.511686732244413 0.949241913354398 0.934010428574977 0.576371200752123 0.567089109921919 0.985391482904614 0.584975195722666
0.690355822536454 0.952954650568034 0.940326867515727 0.730167791319325 0.808877267338416 0.550633292891622 0.755212453568053 0.616797642153079 0.823349015181384 0.409146364913176
0.661424459173036 0.718886748190549 0.581644636790652 0.571376258455854 0.830938022886304 0.727828020154283 0.505839543196311 0.976072643818427 0.841472719117218 0.726056742874682
0.594790713202025 0.556642101975339 0.986666658326443 0.597664771128295 0.834017522202825 0.697316167748991 0.651673389545344 0.752838076339795 0.581367305105406 0.981390023492774
0.679640966324672 0.73979571611817 0.649729327481824 0.832843444673088 0.607522563562383 0.521467528973045 0.953344325715574 0.486271126990626 0.990551104557097 0.827321947816909
0.696297989775736 0.90671682973421 0.883540898646241 0.498700267938911 0.447636443467292 0.538724784254319 0.854630995771957 0.752737188062403 0.831503572033785 0.924788428837986
0.487034529046709 0.985423672193829 0.818098595789668 0.664775327546965 0.993092648323976 0.742129279770332 0.691856336944722 0.660287949738473 0.737329176603917 0.504729892981733
0.715165180339307 0.701444674216622 0.982592703198119 0.468629338615423 0.747321212254581 0.912377520300114 0.478919455139764 0.913962564328412 0.692400022489175 0.680615185498252
0.935342552880643 0.732764570629967 0.63842588588823 0.728471452128964 0.682246660715963 0.932857867053718 0.520291275885108 0.591083921437153 0.550576432784814 0.876908835384312
0.686567441090645 0.649516886729506 0.791596998944468 0.686073530722034 0.847753778961143 0.94376154308852 0.44709354206064 0.744251525276799 0.969096386646144 0.511604221315889
0.596003638842703 0.539791226564254 0.9586472621589 0.703845667011698 0.766595113531535 0.645697744746302 0.741677331739481 0.866374464014802 0.539431415635114 0.757389917076653
0.485637297944047 0.84754493332409 0.952308745058022 0.564933647028239 0.413048084400093 0.880525140310232 0.726335544502879 0.712144110245285 0.94266935183409 0.971637488122092
0.675838004261343 0.648066891194162 0.783611046516846 0.972542772310767 0.847490207916418 0.577328982270283 0.701743673843535 0.623170230171429 0.650238733109517 0.589776246842308
0.534901714255676 0.875861842745659 0.768217041206594 0.836384161560933 0.590544458088442 0.494585606261642 0.64355960686381 0.98558897239114 0.917114142845362 0.638676359970789
0.92099481753289 0.64636728676102 0.598143226059399 0.958017833427754 0.73005503124165 0.906061113541712 0.512470919206463 0.711143512802581 0.582616880706305 0.641636256626315
0.716131439077073 0.47990199911778 0.823635994525474 0.67376426243168 0.706128913512521 0.965771952003683 0.96003943301029 0.633275826871537 0.763438582743072 0.518537492886901
0.433316171181094 0.916818112931083 0.620857401772537 0.980301483577958 0.623350947798802 0.763980042959281 0.599995411328029 0.78431973665035 0.686436570625224 0.84062788626972
0.884510472607227 0.575520879539807 0.548029800908302 0.546675856052322 0.470307115654444 0.939635043659193 0.713193411092504 0.832406142518051 0.972663137228271 0.96274009192073
0.9641401355124 0.410544427560627 0.63680257791761 0.584434307882687 0.878924878093471 0.903671160569767 0.990475562156806 0.834762257684644 0.596749546203406 0.635712474784893
0.997330937549372 0.769386251070824 0.706972266197498 0.656439124399206 0.625280359099882 0.72291614864538 0.842103990438632 0.679912002248574 0.546714783919668 0.560835322828993
0.449352817312114 0.896297129429576 0.643845951659478 0.889025270330035 0.573081987174118 0.954123762776639 0.581145105099605 0.67653469812144 0.948770454969749 0.717484534129025
0.596946624205627 0.783366702304934 0.624127162292996 0.877624864138779 0.604317655437534 0.7518929538637 0.58825529042321 0.729841615854046 0.7862665362141 0.64217455300681
0.745300732696645 0.788873648166069 0.809798740249778 0.645944496620111 0.835786481953714 0.742180826925675 0.806137828951194 0.494525584676437 0.633718715724794 0.543561156914033
0.926267220483414 0.990891364447832 0.935980255713949 0.474303145205961 0.726445537823184 0.697742237861737 0.786257669511598 0.471997211104994 0.529075802730993 0.960116768715586
0.892684386446804 0.604667503688498 0.589878030822093 0.781554650830164 0.994252486126421 0.591205729857009 0.720416308253515 0.920031528632222 0.565882935218254 0.580343278362132
0.664900795880924 0.626168652897853 0.673216095443359 0.584239361705741 0.904763580092841 0.900459760109251 0.660231017501501 0.586081194151761 0.830805283504172 0.63402569453146
0.806573306458888 0.960445399828837 0.572195009590179 0.670687122718797 0.814054260469788 0.642798304856879 0.778788870223804 0.747735091011018 0.587366773618071 0.526132434062762
0.510278710604833 0.557965690670828 0.603864098220719 0.815182273464764 0.660053630782875 0.826031986985765 0.711822859615051 0.973623923067459 0.648061982177096 0.857637962191671
0.591637319864041 0.612616095355623 0.660956843654713 0.71421566323964 0.575025203514673 0.782156747379136 0.870624054288984 0.778463113115164 0.695044405431539 0.684283702836727
0.714555697067033 0.589758609237263 0.721966669870799 0.461621258112858 0.505839108399768 0.974973011363459 0.929380923206502 0.908142100077062 0.959496303486142 0.649026304852632
0.804570962255805 0.743054203917153 0.751435810334757 0.692927180960953 0.473228613303984 0.909777671736944 0.986949993906855 0.74830755275463 0.703118384788869 0.450070704511399
0.560721960622662 0.82473429799007 0.720541980602997 0.602405106835406 0.821829454734269 0.828557214841259 0.676902957516391 0.665161334264442 0.798754912922958 0.528839022886271
0.917983513266587 0.538401600236279 0.642030692564066 0.770047910817053 0.546430606897776 0.73239340944546 0.958088175067519 0.570303997366755 0.634236970055719 0.959209150974896
0.835473024180587 0.934349734856639 0.934529240843412 0.789944618558959 0.418280699363005 0.69352042547106 0.523837507617657 0.506709604897508 0.932028890795088 0.885117650347299
0.362502435270749 0.973873967233104 0.680972758801806 0.754137092460669 0.696599375633621 0.928367357035869 0.626529976090159 0.963679061534431 0.826765919241993 0.596645261617433
0.754669469813682 0.495668327170668 0.886873440938453 0.95727587741542 0.630471026482921 0.920180172912981 0.531925217824164 0.544077700429156 0.729138138852082 0.833893510422632
0.535251843013721 0.903429553909304 0.980446130804348 0.80332256996744 0.739333549091139 0.626289469503829 0.551351007766837 0.702939552996754 0.835555533738029 0.5401744188151
0.954549751826109 0.781693993185155 0.548234440928962 0.658645173236331 0.614925932539867 0.68100262380157 0.849155342896259 0.648954198392008 0.772826074381937 0.573356234223411
0.538663405135906 0.932808266951889 0.817576667697818 0.692425848131852 0.804065168489324 0.549405938367281 0.726442516660778 0.883169419787324 0.62254807868825 0.572922506399467
0.720964960917097 0.609068044550061 0.540085279864192 0.987574427502996 0.863231079728744 0.638563706029899 0.845649352495764 0.600899251487048 0.57255214609095 0.79390153151569
0.716351166567975 0.744964358135793 0.824255020480424 0.724533587737823 0.854476486782046 0.456322059407245 0.896455609193957 0.400951700297088 0.792276122496814 0.864945170227594
0.563649825884613 0.997349634890384 0.881053294259431 0.568174814727651 0.588097262297287 0.523212487281117 0.624633578323706 0.782611821758327 0.94562537485659 0.855549926826631
0.95772497821047 0.528886251004154 0.690521550280086 0.672593939546741 0.766743027562028 0.856536189493862 0.754995938025443 0.429791147529379 0.666268725962743 0.958039905017816
0.54278645930745 0.699221439065456 0.944141809371653 0.906699152007111 0.776689418548764 0.604055719089487 0.847563427078357 0.938346595438903 0.635077694127538 0.432710814453611
0.54032352046204 0.952856906718966 0.885559656739864 0.819981602581156 0.643883327920202 0.535840565055127 0.653278488655609 0.826438478964324 0.502043980566477 0.979771879574044
0.619909544598938 0.631951316745486 0.658212827123638 0.53970537051379 0.989122531478785 0.906771758195485 0.698346914964913 0.783196853529699 0.603877728876922 0.703924116332884
0.557865195386911 0.57968917213636 0.770671377092161 0.833171903066724 0.774705670146703 0.810647371980374 0.765113245572131 0.676075006480713 0.594716304531713 0.630586443301549
0.727355294233454 0.919730952993206 0.462836002951967 0.7382114686364 0.7125050368763 0.522306983886689 0.737079668154803 0.951270568301225 0.576614392660215 0.976711649837699
0.900938600167106 0.930444024110334 0.411641279467372 0.734634539946318 0.78587751068549 0.806020619666164 0.981406338020149 0.695174097570781 0.52104648973867 0.596730197769916
0.691314070399914 0.895656687328523 0.650807689705678 0.899550405878259 0.448538452625537 0.624394079298223 0.85973113794162 0.608627658365721 0.883073238212183 0.639318835452611
0.771376932874836 0.786248675246886 0.979185556908378 0.547817930882073 0.969816846238087 0.786991469090245 0.520007563120096 0.748303518067927 0.611137212240834 0.546239913084548
0.995287520670095 0.70139660259288 0.553519668113654 0.669622221091119 0.686617497164147 0.738628132803794 0.683509144530069 0.570826746150075 0.658465719098282 0.813468540066791
0.729176224354606 0.936491484631954 0.621905775239949 0.50475060074609 0.478274238323188 0.862062295816344 0.521175593911589 0.910840901220467 0.988248483634148 0.923782513607738
0.48391685384923 0.804955054853593 0.819591616055006 0.775780562809124 0.887375860148888 0.990154994734742 0.460993809173513 0.915166037396861 0.766984771022414 0.502011624916266
0.981345474421202 0.53226630373621 0.84310463724405 0.752661706677225 0.609016629278819 0.872426685491836 0.663041779945902 0.856321220111165 0.511157292254189 0.609116080743943
0.727900467034958 0.898719912575639 0.602573076432435 0.566251726962275 0.729225516424407 0.590254782707047 0.780593505413691 0.668456500063147 0.829978220778724 0.623913849716243
0.984610842014097 0.867046931448151 0.854251627308486 0.500565315872139 0.709779609112705 0.637871601766071 0.49499702071913 0.988622744804663 0.50921051093386 0.996473268279468
0.708446157261916 0.993769101467844 0.538806924494512 0.737806432435862 0.576933710471326 0.837798320485506 0.759035199330332 0.647221290810665 0.548804421621391 0.794758093992572
0.924862473612444 0.644364770113037 0.566301824544732 0.962954831370681 0.549683206234203 0.724004446213192 0.543480285585392 0.823690430060079 0.61294742677846 0.899264135070983
0.976535901126054 0.579140262853934 0.987952976072584 0.812987218397655 0.543538074808499 0.579110515633758 0.656144213423692 0.956650260570171 0.534430827192228 0.745379689132912
0.827318949950197 0.626363086193832 0.889952133920285 0.702339588258388 0.67539293702834 0.969981583366749 0.544909940162621 0.680349889319058 0.463326729809088 0.837851140548495
0.733180581018439 0.547099227460231 0.743161564655434 0.775663820059071 0.670870419710033 0.707350611736129 0.723252107814409 0.578437002782339 0.666464385621869 0.781196716655076
0.920638925228061 0.569921535200962 0.955359908044347 0.840097389391262 0.735445462464425 0.522515927006472 0.350557927324536 0.86081300360637 0.889135089711629 0.827507815002057
0.860606126554598 0.858040284356013 0.688330781141621 0.911471572995145 0.79202345536416 0.462458145237747 0.543126395978061 0.467550822998199 0.827697604043927 0.963770422657457
0.530050407393745 0.950336848044908 0.493911108897436 0.792620533467258 0.940155424974199 0.767255699095549 0.50086327119529 0.622299501944678 0.981742054320463 0.833660085087162
0.572542370676133 0.684133576247088 0.702210024978849 0.565264151424046 0.686182823387602 0.850496472607263 0.951976171547961 0.542109104255772 0.674917942044673 0.963216576161926
0.443002333272537 0.815367205760243 0.699770661167319 0.821125307989774 0.753575259133018 0.69374012701446 0.510298472897884 0.671752051419715 0.859652719275346 0.89156294037034
0.758579891362159 0.478464406644844 0.820359996914037 0.919220240962494 0.963654853713311 0.559327370634466 0.761637974305723 0.607070304611422 0.947355131667781 0.529440719009171
0.604479731534617 0.926471225060561 0.659171397801011 0.646120446764255 0.846991906108959 0.728444203318704 0.787849416781296 0.509720369873761 0.597622029477934 0.771268021763173
0.689413935185765 0.888057971693975 0.569149924679963 0.876510582534773 0.828366020967268 0.589681199609135 0.722626614642524 0.662705349849552 0.519880496418116 0.733380982194713
0.541068551576362 0.610915675689391 0.8394961441579 0.921668561303159 0.500581409544787 0.667322919788973 0.983887557231774 0.82056251395031 0.540767796503468 0.948488786997761
0.489891221705943 0.418592550304777 0.940300525186444 0.544913076034149 0.845592538488626 0.936032266695238 0.881728497250562 0.908998519051108 0.780240616717266 0.695715369143162
0.598928783760301 0.557623368392165 0.653582884906284 0.945975482975112 0.791699400499182 0.76279206862113 0.578334216234402 0.535759600755297 0.845844461959355 0.938522562007612
0.877377248342306 0.793064934535328 0.508039718209369 0.76590372323363 0.699003043346871 0.908068389922064 0.802073143395691 0.672207698752237 0.857987874925557 0.383984831384047
0.552979920164897 0.74902900968383 0.635756365935771 0.836920940156373 0.748053531792307 0.649159337789463 0.593546051447902 0.579488595453345 0.961351419065815 0.781313361245217
0.818801477330678 0.974389095428367 0.964230825898998 0.923307397005955 0.475974736752 0.813935069542806 0.538652754781275 0.645439343575777 0.667776111712676 0.551446657344078
0.850146791575067 0.577208760085146 0.807422866391259 0.595856923809746 0.607786177970445 0.650722211627536 0.749532691516758 0.763020861243179 0.67988664813878 0.681909122343073
0.787927724806514 0.910333625461924 0.660930448106325 0.541668698867187 0.533448999589383 0.906402154696356 0.849694663315589 0.96734589419693 0.582353192432918 0.555666436795777
0.65995142645674 0.753758239322315 0.843888110804408 0.521077246744514 0.940407369002987 0.551502342879953 0.639870715326578 0.681840724813387 0.898556013242461 0.64774540632055
0.50149271575595 0.493120579445492 0.619957374693401 0.872827233141365 0.687928097219143 0.703727877355456 0.81462649313341 0.925474593467122 0.741360247830531 0.795108582261789
0.715800558804244 0.615126578897034 0.693136751709348 0.443426692657637 0.751663787155377 0.630700088888406 0.93385062871141 0.897797248596415 0.620558252748333 0.898443377743081
0.639836273239616 0.768010184223138 0.511111879940608 0.692620889929527 0.545830480423803 0.983510072786173 0.63150650865229 0.993552283648627 0.626929528258268 0.962359187707959
0.467507516687425 0.771209304254044 0.490070770404372 0.67911646595242 0.593459083306288 0.975485661419821 0.912289612828789 0.723971934404002 0.776805526060058 0.960812461382134
0.704346575828022 0.944642376919406 0.75013606271743 0.903206336480759 0.728215848596334 0.719992259544901 0.636560078170722 0.505910261462018 0.47955254055308 0.804107627333552
0.479904467571594 0.534929629025185 0.68474674975773 0.870044427536695 0.623771121983173 0.871979024836776 0.828245912624729 0.8937709180188 0.718815916935345 0.654817420929669
0.99065247576798 0.958852152681442 0.761670662985609 0.934876486947563 0.822472895423103 0.94363224248344 0.660470506854958 0.47731345461139 0.428001706655093 0.567772296542929
0.607635471577272 0.730467844153731 0.519548032777801 0.664602710572705 0.862585023820057 0.966766633437798 0.951178413134043 0.464138282434583 0.686883660857565 0.849944818910528
0.591405480362736 0.845455370933607 0.65479047088356 0.553709226930765 0.471644128328171 0.756866937752478 0.643058762461457 0.853858925810859 0.959295923484246 0.953883761255541
0.97967868188026 0.427417037232765 0.888695411695147 0.676849711927611 0.955964533955681 0.921832729633613 0.550746056536693 0.637274364809895 0.54136505967226 0.944082832130988
0.882160828332802 0.812018054849329 0.60859324080925 0.785269381872262 0.904661385390106 0.640493564788126 0.488655646233439 0.645343709381851 0.660301460707013 0.667607656796681
0.654973333173195 0.814756818923841 0.542517775034991 0.717748472250071 0.550701636128668 0.997129150803381 0.844381155982352 0.756248973684823 0.660963640957579 0.603476419088765
0.50953277679549 0.558125092220215 0.955951064211253 0.863913783018572 0.552670861986313 0.874665317288562 0.739874797824302 0.652569868199863 0.628469833205386 0.961153132613559
0.582194030503819 0.636672995044905 0.839576720630393 0.557461485848124 0.686127925718695 0.554334240226225 0.948159604302471 0.711930648429453 0.704385271542717 0.959225005424202
0.791736427697399 0.816391571661377 0.589392663924509 0.734709732442603 0.73742624694175 0.56889703428156 0.421393731042269 0.920575354035439 0.755935974997496 0.831235551775384
0.545212246000855 0.887299587374613 0.377106797826786 0.717476670860643 0.885821465484807 0.90587422004346 0.59563276140438 0.806799117462578 0.793803446907633 0.782288081128819
0.996454649569094 0.399556095666567 0.739024315048716 0.798630146199241 0.816786916096414 0.998347712539395 0.791436789429496 0.837515140775856 0.466928451585411 0.621633193968332
0.887923590500562 0.794259176785945 0.853956820644803 0.539147608040022 0.575694454549006 0.744686711727805 0.438682273723967 0.80508042602527 0.66677410680504 0.954554894972956
0.976750278076245 0.745846703590779 0.732060459277905 0.896910546070607 0.771436530082876 0.586087161349534 0.92776994223152 0.429861197692846 0.576329622869781 0.654877705759843
0.794269229132043 0.603643716773198 0.755004189820938 0.983058837436252 0.618475494334911 0.845137705567392 0.830110985737568 0.791851350896036 0.773788198626327 0.331147698188236
0.647403545267938 0.583983138248196 0.668110677627774 0.979872177604356 0.674341545314729 0.7118092778059 0.84509224274304 0.852765529185408 0.534000128784353 0.625684016885082
0.499691114990277 0.817168167138353 0.686403849239758 0.582224791066976 0.978337150612822 0.629033920732021 0.714186208069633 0.621597684287615 0.719823441449589 0.956147767037292
0.719810506769798 0.710187267455789 0.420568535027094 0.652571167213481 0.805221926247514 0.752067445831576 0.630977257127514 0.915870729408646 0.807174603346861 0.681866993957565
0.559947703200677 0.84020644135253 0.647900718045085 0.821137393617898 0.968831095952537 0.847555971617349 0.582062850233175 0.565068230094319 0.527410655730526 0.883957843578959
0.630243925408522 0.768172140668023 0.636766460070392 0.703324439910053 0.574484221652377 0.949732973666254 0.81492828784463 0.699655685026676 0.659375575791376 0.593173746726955
0.865182604353463 0.857082095280658 0.986312956286297 0.806396735754403 0.546096605386161 0.665935145268782 0.630821897829605 0.769904783314557 0.541188193580053 0.545734647076183
0.96862585066771 0.894092739861332 0.454785107990235 0.799496935782575 0.438501393953645 0.829625860790388 0.821397435903425 0.869539332837852 0.559645591077826 0.74860457674229
0.695749380733314 0.878861414778458 0.576759502173866 0.695201667240684 0.730901113952178 0.557765564243554 0.861831370286137 0.881954377590087 0.600124244366721 0.600236325559772
0.668391523825088 0.868663414423727 0.569740969560798 0.525985834611587 0.588844854390904 0.776384559946665 0.843560286374616 0.549037447343272 0.875405046542364 0.976392195385739
0.821167062347839 0.533697674851658 0.868297590879172 0.851417917458222 0.755856150473402 0.970797020842218 0.887487874925382 0.879801509304 0.313726690465338 0.609331319320515
0.940999519451189 0.863738070346779 0.587686465313578 0.935757796457575 0.636945356833284 0.798630313398761 0.783863049361666 0.504863780980787 0.595213589927689 0.580790507003131
0.786411040773614 0.875315885945508 0.716360680319532 0.873039294338466 0.924416619483794 0.767569933716193 0.593811638769567 0.662335511704155 0.472432149246647 0.525455342437049
0.966501966135967 0.599613879926198 0.895681504577859 0.497853405524312 0.675770921614771 0.551491967889547 0.990565466545067 0.915995954612558 0.688383554817793 0.593797049937188
0.764553989364011 0.581228429050851 0.657791240933753 0.742644936245759 0.876334190083586 0.829763935444815 0.738772933274942 0.787927410721519 0.545085377349731 0.529445161339132
0.631183911860324 0.579852069078716 0.801820263112938 0.829593553491268 0.578690569591598 0.756405166966215 0.676373613270235 0.645888221747028 0.856064968395907 0.637439270869519
0.9825988768856 0.677767154286868 0.571704350005612 0.873667759374601 0.891899843964569 0.685797229530104 0.550531926708094 0.72570107743238 0.447827589982895 0.937539193793318
0.84539571090017 0.704845707780665 0.606991639415045 0.582449512674983 0.563577884140408 0.861179565755459 0.595942857580575 0.711227256300472 0.904796597709886 0.692223228955333
0.705029863209484 0.410077195276399 0.893399069215247 0.867061454251355 0.75213108264719 0.583792346008034 0.64939892486335 0.634462980335989 0.959768047432954 0.792340568698279
0.640368490923623 0.651733376014377 0.594628152374651 0.901069440186993 0.663555339074375 0.569149644863431 0.932636333037882 0.685220809236184 0.843116891645821 0.615034033780959
0.723916786123085 0.674790281121326 0.988121628825577 0.50903167399109 0.656192336231155 0.524354734740608 0.997128305534179 0.739868337253323 0.659547558546275 0.779095080628856
0.861712735988859 0.595936879317596 0.881223372817831 0.800597704345289 0.475295930855547 0.65562237195779 0.768374777830161 0.791303455605756 0.532041476872108 0.768395848458022
0.544205197559083 0.942074301362894 0.5648763488262 0.537484336129377 0.886942924955175 0.85853567765454 0.613074050649673 0.628101574343256 0.857439779261778 0.78903844466148
0.585771881712176 0.920094621247596 0.824822269436958 0.89103179571061 0.548377674679234 0.694370756636146 0.606695779800716 0.630223466611396 0.824157390773558 0.600308352580929
0.959488074560116 0.687732622654733 0.590802764278116 0.65675871008894 0.765766180741119 0.904180379391972 0.614342037515125 0.768740527490224 0.48390664992694 0.711939810630425
0.573466704823688 0.778325645066977 0.787411351461998 0.600130735903239 0.619089857358956 0.708936763486306 0.811678729085285 0.859377312305364 0.612170339592415 0.641700355383012
0.582815409025729 0.568957139273784 0.739899920494652 0.759242384141297 0.792778884271453 0.74701543500774 0.626262325435577 0.694736977905935 0.998091655905224 0.581990426466306
0.524252248927371 0.627512895230903 0.981616293739398 0.762634730442825 0.865085305682987 0.98927917268167 0.528404341228098 0.593899581886598 0.754869985969797 0.664572582130842
0.738385834273725 0.969279460486001 0.659823405976727 0.671373731306276 0.501589237291287 0.547730677487134 0.985298135096618 0.958880790158233 0.68328071036789 0.610487399431502
0.928706943245659 0.881294493133386 0.435575004374604 0.7879795234417 0.597910697150339 0.769659780726369 0.752083445195339 0.559278301534988 0.617162634079323 0.982594884053968
0.481539295956172 0.851451971282953 0.888522808613338 0.848364667178532 0.634312802463195 0.508643347293245 0.810065676947831 0.879084329957248 0.769810148723616 0.558559128987815
0.738868896299234 0.892691220993428 0.605943126962585 0.643687238383993 0.626807317935669 0.558352554632418 0.691088028903826 0.948933507758829 0.549662424152697 0.946220815669617
0.591012795250637 0.711699169118598 0.775428717243525 0.751469515155705 0.677294172643034 0.708081483019507 0.891967102373992 0.536234076933891 0.705254866437052 0.633349852534518
0.729685368209524 0.702586384007891 0.626093258279009 0.743669306221744 0.630711803254573 0.568937143443348 0.648261772404326 0.785385449810534 0.647101438111656 0.871711554148771
0.536637867526212 0.998833742667296 0.947377958918703 0.637806735555854 0.708961064888281 0.521293267892613 0.530834486272883 0.71227837208343 0.906746717964207 0.839123812051708
0.70323432208688 0.697978011408682 0.572087861550772 0.695570339797312 0.562508836234445 0.577802865928673 0.888775454843679 0.951403431596513 0.688813112499664 0.747595777912011
0.531404332151066 0.727451720098639 0.568432490458917 0.772450468392806 0.85474558226537 0.771053283872308 0.511844381471906 0.789789695405956 0.889070077769409 0.684086945238658
0.474246491589557 0.671170730970415 0.775800017252616 0.904981349009312 0.795168187533996 0.859993304083211 0.64658483878855 0.476359485707467 0.694614468645916 0.952666602901989
0.665622131181487 0.896103534907469 0.774797045743291 0.998804748669038 0.822711133948301 0.918172150761454 0.908621194875802 0.371045777103412 0.452458117197583 0.708767424093944
0.941530710442351 0.878759229053343 0.880293693942387 0.488101755765424 0.895867958197219 0.440601377195859 0.661919361285568 0.843405020522645 0.515647632925956 0.908760848359946
0.489832413487242 0.861562168347463 0.69313339552539 0.848545246992507 0.824450032277523 0.477124563276189 0.714670607658114 0.786481364335664 0.87775221257488 0.603396620851778
0.83472547361464 0.559421597781336 0.590364998422081 0.611505381330844 0.530288970570095 0.63302156916355 0.903273522225421 0.757705922666866 0.858644398891055 0.871545175534885
0.619139350219028 0.830207791133735 0.581818347540345 0.957820762749873 0.651008194226566 0.670558854098182 0.758169300818108 0.542092760965887 0.766063396994923 0.689763672685591
0.962356161575993 0.731921800337821 0.646128479914902 0.531175337859736 0.99247791479172 0.544675108714266 0.801477767827872 0.634300274856543 0.579800636391073 0.843145945120555
0.653040465979794 0.7152598086001 0.680840998853423 0.657819552345492 0.839164308270584 0.78319769975555 0.474923637458206 0.741430661331699 0.652241076551862 0.792102758504462
0.969295639265048 0.638373430939521 0.952392995374194 0.489356588924702 0.625301572317268 0.628869318487377 0.982643036773131 0.883660145530786 0.627646774332122 0.582100129727513
0.704113146011082 0.511457943411948 0.827312119228465 0.588882504218262 0.805273672963553 0.756195121151233 0.769972679011647 0.707409872555473 0.889652628902128 0.523679021772939
0.709242792822285 0.65701243880768 0.822982695509093 0.811665544087451 0.553931509019429 0.790810108513215 0.780772118778592 0.655029770624975 0.539363971837223 0.669808535662932
0.531176574131951 0.609411847921501 0.978521762585709 0.868351507093118 0.685653992741433 0.53779028624299 0.889303351382672 0.641878190480607 0.781017375982008 0.669934475315775
0.710385505629098 0.538267941144111 0.61382214812585 0.832928283477321 0.611671720775535 0.840143048346426 0.538680720675509 0.770307340481321 0.740935453082455 0.870235110623908
0.866030238921396 0.877210457136138 0.581016432583691 0.554838802468442 0.45923242114771 0.688129731467782 0.619478889354949 0.829346668686768 0.903753079030279 0.857227012134388
0.549598598459017 0.45981993075961 0.744092152020243 0.745905666784147 0.809951453886059 0.51766728825131 0.861045686105738 0.876912551069647 0.793253045687369 0.828754871015546
0.976262565597323 0.767465224887744 0.787468889598335 0.876914186421677 0.447077090138485 0.947154916765623 0.954766407607209 0.489579455379866 0.852942809527561 0.459327134409191
0.526464545133855 0.964859225443318 0.830334524990218 0.58178254469835 0.872483804540891 0.558795388695871 0.628435095727918 0.791797831359337 0.585005927856598 0.920712576968132
0.92104835003308 0.524741920372799 0.704670227495515 0.886428113894596 0.885120463632621 0.67813951349244 0.545526477968114 0.553447212572276 0.857752184621778 0.646734305292468
0.936460695747251 0.510996475695511 0.966547840404917 0.617439309181082 0.801836070353433 0.720838415630174 0.561735003807717 0.743730190748991 0.962119487483241 0.51731885012868
0.732033117161447 0.679377364463423 0.783601961078643 0.561676721371924 0.775665791844061 0.818462619977897 0.652822523160769 0.854457122961384 0.589296586315139 0.560949220864691
0.72171746835559 0.938114149984869 0.745099715196523 0.565023708228251 0.571317730179098 0.715817300486504 0.651174790746993 0.725594834614686 0.629675410357745 0.743281036350527
0.674431474437445 0.934141374438903 0.836213231320005 0.719232039024398 0.526606418661092 0.660897230606936 0.513604363582447 0.571875358177253 0.988538904660311 0.842151746078726
0.55991267879159 0.661767713281228 0.541695339961813 0.991782227031848 0.709567245256252 0.506185169604035 0.913252385040988 0.676442973180044 0.984378841967266 0.797148364324182
0.756107311966917 0.987995964715271 0.599322091196036 0.837026876569005 0.510028972380286 0.909057459243571 0.41695059319215 0.733090212797183 0.870343518021927 0.722639526846406
0.585818779938366 0.850486290061034 0.962001099288701 0.795182659458731 0.909242042126396 0.840158433696753 0.502569900713186 0.650669082131706 0.91837696963461 0.406040353331986
0.555737610400704 0.591855120153961 0.832707072236417 0.610579075795217 0.696223664791463 0.913840023231433 0.644135362097176 0.783891368973483 0.775151029553157 0.635569125209719
0.510516669805689 0.994810382084559 0.695343564616626 0.941955060774446 0.919528880359022 0.999847923813281 0.47711382927524 0.68339157150179 0.590578778854631 0.658763756821372
0.476064928013331 0.680374985841775 0.922765478834156 0.738648635404885 0.779672044500794 0.575199217310281 0.661174874383049 0.676724816676764 0.686056711044772 0.95317722668472
0.640724074033915 0.43573039727165 0.680834520692764 0.971212205098623 0.808664950352897 0.764621875913015 0.810940100635756 0.941217985924207 0.969308341524283 0.436375680978262
0.553852426178072 0.597015928372002 0.932900228250344 0.706613605033756 0.66747350940897 0.709699152407582 0.760317284795978 0.891667517692772 0.597875284213721 0.650369112530791
0.917596544611596 0.564214321820107 0.631454935396345 0.935831119719706 0.602962578748944 0.697769208837178 0.584490081898465 0.848969032262347 0.53304920175376 0.970447586337281
0.585358692566514 0.692523535827716 0.783525135108445 0.611396286777536 0.53586726827619 0.840423976002333 0.662764505278165 0.942492675498389 0.885091617366154 0.594371981581149
0.958810937111359 0.576132011542999 0.860818710589987 0.57684297633933 0.784635376241676 0.972581725066699 0.958906430137174 0.917741641891995 0.311177748500409 0.699764766601192
0.833840042194097 0.996067398372787 0.594508069698365 0.917230478683072 0.706326270555911 0.958043023341892 0.570068189407353 0.786315433885014 0.493883841845393 0.524142631126391
0.793504028897642 0.753644800434396 0.74658366529658 0.625001568991404 0.516249732313128 0.620869196513958 0.860910786774895 0.969111188091205 0.516925809503032 0.754215992155811
0.96058340865311 0.709825557657654 0.735932845337955 0.936403491000089 0.589444658469073 0.307139083419295 0.737661005141655 0.804974723970797 0.824239238413902 0.767387108701802
0.998444092195989 0.979680170401392 0.581522907488814 0.512619148052695 0.632962011308147 0.547685966439458 0.93575896923406 0.878542136945939 0.965110361991332 0.523008980793329
0.537757035457736 0.800452775956708 0.575623042114117 0.958587529846805 0.89071735776081 0.834439809066215 0.341677033139739 0.951632570833021 0.876918485333794 0.727106095396263
0.932433101984755 0.386593949721879 0.680670936175629 0.865873679369926 0.687141796856387 0.505413252474778 0.841688730375856 0.687937177194408 0.844658809495766 0.899332448874629
0.867802394105567 0.496085971332042 0.774252330292131 0.597525860421012 0.859438460669783 0.569324120085904 0.516466773274923 0.923566771452742 0.962376987331131 0.736664034805794
0.665833429962828 0.738282491245421 0.476795183877493 0.934194019088927 0.955799089245511 0.72581132840221 0.815166993967659 0.693687037870348 0.571521797316009 0.60878988620378
0.681940288802355 0.617523911149086 0.950603669420017 0.638365469239323 0.876293307586465 0.812004929823233 0.576888365944068 0.55689777843177 0.972554619905736 0.561173433373103
0.641514477590878 0.92090315666997 0.481219423555091 0.787908712418821 0.415790801916701 0.951211046368964 0.831973229131022 0.770494864560607 0.960146574869457 0.646529815548694
0.941370450791523 0.931858904227392 0.511837205904954 0.678728249079172 0.63843995800856 0.831795854098644 0.494820448039712 0.869465480158027 0.601220421589334 0.754822871910356
0.823413547738551 0.903442325213282 0.646017203391953 0.508332428160405 0.900003248391556 0.469502538838826 0.811735190146957 0.69819729903483 0.618996693124454 0.828728042561742
0.615678349005022 0.755020086544068 0.56181926903464 0.833406126139892 0.508224880584947 0.990604700822413 0.50150049418681 0.740284096691747 0.894959636111474 0.939939919354139
0.94406981102337 0.623132344129564 0.766371755071358 0.758450304318181 0.576458165270453 0.606874771934035 0.58378064480948 0.612335275334256 0.838530036500895 0.7583721841311
0.49453062568945 0.522482688441668 0.932190839820581 0.929394917170051 0.540717947262564 0.562051776705569 0.967744670588956 0.821332068273852 0.839039787021827 0.787196587545249
0.904645776854436 0.57574099912931 0.655920443215386 0.532976278264172 0.857548497800462 0.650102616183653 0.627173832334378 0.88428041501514 0.579130035388273 0.953443971288129
0.929339400627714 0.573912948485173 0.600613562963412 0.762612912266552 0.965264127496472 0.745069015079751 0.529286902871359 0.795141152869941 0.769469910233707 0.536625128581768
0.957898199145638 0.886957121128312 0.463396593673573 0.715576781826418 0.874137842802861 0.553766680672593 0.923415849208812 0.812820381608227 0.470208895061644 0.717044970488058
0.636789843126906 0.86130270690739 0.398652737273111 0.865137879938589 0.88095419868036 0.630822818734282 0.812173179276074 0.479820803905183 0.8874589196039 0.993626490177362
0.599876077188215 0.610324971498123 0.509457874702585 0.767740091002033 0.986489860104706 0.716355082686655 0.510550791346569 0.74036997592377 0.961713648109301 0.933615577545293
0.759851168471047 0.554578423586235 0.770002771513119 0.684284132510093 0.940717192206265 0.642197458018049 0.63857507002654 0.619267197132237 0.812900526816518 0.613704577449137
0.659819927077426 0.943235370317761 0.656328104231713 0.941670638557265 0.588644912249114 0.706683110561732 0.666540175239522 0.601158837071702 0.632336873828274 0.685597550444955
0.934856223885931 0.944231211959118 0.588601686404194 0.744947977872181 0.910102251694203 0.670437647560734 0.558229572126044 0.826716078372141 0.609523464214467 0.486197779724928
0.610025548114474 0.912548755971287 0.833212579617919 0.598330419164921 0.511819741086385 0.631726891921242 0.942703361718231 0.768441010653666 0.915168746159256 0.538402933536353
0.625049561567542 0.586265994122013 0.84216995579825 0.887302792030833 0.761973589074575 0.589436041052928 0.848904269260236 0.659653954563334 0.647110670827921 0.597247232482909
0.884146927073149 0.890391545719311 0.507706951229232 0.624383236010638 0.688407305097022 0.581996948719262 0.519671150776428 0.838813598291002 0.870648577306595 0.785807459178207
0.772396877156374 0.749394712593157 0.878112046430983 0.836931139588151 0.894512619354398 0.424193581632978 0.427884481520185 0.638137665264858 0.82367736855747 0.890844712075139
0.627069430447825 0.88776579264988 0.58081947834134 0.587990478159648 0.841294892901436 0.557653911814447 0.570744937969284 0.711480042911983 0.881049482796087 0.981242469339823
0.78778412481489 0.844482652728753 0.64635991596113 0.713492802571595 0.805996451059641 0.543052447563323 0.700292031658814 0.608961562849872 0.73871566736181 0.592339328580361
0.652913971297943 0.770739626751504 0.654269631547169 0.739955539938311 0.590196911086022 0.626234724670601 0.580449511638014 0.668428473842582 0.933169559441763 0.795670091996687
0.920926901745812 0.864582175602992 0.505557822561137 0.567156995620565 0.623080042783339 0.734830518505138 0.766460167442857 0.490210494207642 0.872014058331126 0.980170180000874
0.969900536596307 0.662996141790431 0.619836760454947 0.94693376585835 0.976045359472073 0.627255744583399 0.57104842980553 0.668459790687751 0.824694026340433 0.476531129068241
0.820371325279158 0.975150295454852 0.668047301076915 0.907644992880608 0.58961582986175 0.812063241286511 0.515383361061441 0.935167828166651 0.573965551062523 0.526611419189559
0.607796895006893 0.891604948201141 0.611762009569073 0.616837587745233 0.673944983093291 0.588035521065245 0.570470722698989 0.823162877345255 0.968292918686921 0.790032495767557
0.591300162083808 0.560345031827826 0.727113156178759 0.796111379064242 0.812898179981033 0.542274045829201 0.562776724372366 0.829895089918167 0.757117811252801 0.995712669841826
0.658303489142205 0.851818358399339 0.950516098124451 0.419143734659072 0.837751709108464 0.6975273375198 0.647587088374053 0.968698735732072 0.946725816119528 0.475008523411247
