0.756179215147923 0.942215928167774 0.182922102709585 0.480773521788344
0.48045874652206 0.936364850839404 0.156095199928539 0.882304876302258
0.26567210904819 0.86703414426539 0.568951686014748 0.492772259444043
0.754832125105991 0.412955455809562 0.388233185418027 0.529880035701076
0.534040104198314 0.60235558828377 0.274924321677006 0.685316733778573
0.809015452034928 0.48908051434836 0.445899393828512 0.371144929367322
0.646757843445268 0.566041418134038 0.435483029528575 0.393188235029009
0.6790683457874 0.412342266088345 0.273009805105232 0.847860203677506
0.0737705652255511 0.625129289541752 0.993381817078122 0.960920795136726
0.239890694762909 0.74859394681628 0.820401041724757 0.42835933078461
0.138883558782174 0.758353294186266 0.603833093742171 0.792305208009886
0.40680494511137 0.803106022403727 0.70525113000508 0.27717533794238
0.328672656774839 0.620691957287903 0.392307368845535 0.809856178084249
0.667585509630277 0.944797656404913 0.0688255178216414 0.860833223815047
0.949863523423389 0.650798416636913 0.0852570612881471 0.803048371496961
0.875612630924585 0.641695002323077 0.835341048426792 0.0894876493308571
0.418170817174611 0.882983600378925 0.646527132608502 0.276924003820833
0.991153330021501 0.507409309462553 0.461046995239688 0.316768116459746
0.949863069922573 0.976768413537493 0.00240603868159039 0.958132709976759
0.405556206823067 0.67037243016553 0.317138667240302 0.732263857165137
0.556092454975336 0.404360159365936 0.375770808081552 0.758138081384349
0.698393942729136 0.813763286201064 0.514717894269227 0.200718478564401
0.366333421342019 0.392751456032701 0.897367835418103 0.531830680485449
0.422230101150038 0.40289432765959 0.628950680023168 0.585308352885493
0.95929936071735 0.58134661720132 0.296005867273956 0.427754367320718
0.278924773045114 0.849023259928004 0.582390916676627 0.468154914890619
0.472999912992572 0.559842444220105 0.720343347683442 0.328937863384375
0.915134003939692 0.14620476000805 0.687659425911803 0.592231908239456
0.346330794502284 0.578179234544636 0.428545948932791 0.738802605040726
0.456022423781422 0.679530527987725 0.523747933584171 0.387977383331148
0.0804592110893063 0.653227238011033 0.819191501720249 0.961248535229439
0.474800968395748 0.778188322646855 0.595249712397649 0.285057511629394
0.840358562992324 0.324275765665854 0.806167523543063 0.306934099962906
0.260056854082048 0.408535439287624 0.683930607292857 0.947521878615004
0.337062444876814 0.799998342016946 0.334655576806127 0.721019833435898
0.829505950162588 0.325119119851744 0.46623406603871 0.519831795801945
0.479108448996911 0.969680584317831 0.914995149947492 0.151161440205595
0.213352056909954 0.458085642231175 0.713363260651834 0.926834283082494
0.855567939862947 0.948736667699766 0.0316856224665154 0.802823132624583
0.474505731958231 0.981985825383983 0.523048554673161 0.295692835072091
0.717589350637966 0.416287234017518 0.414726520427288 0.513195536108341
0.689340273623056 0.719077779359941 0.525461114950674 0.225799711357453
0.570184590344763 0.573786873698125 0.857987165470204 0.216780082339771
0.536456850111791 0.766386855306146 0.453861617956491 0.342515768647746
0.285763975217955 0.703604622385117 0.568004850287504 0.535891314822755
0.794581892481625 0.0811268586792535 0.945290046722398 0.667611112888419
0.421206543733367 0.660325705528647 0.306199957156523 0.738731920800295
0.316331091433955 0.775484739057903 0.489414832005111 0.529370095204474
0.436872737112902 0.392768271143309 0.480796519152658 0.788848256604395
0.87601860259856 0.0400774424249268 0.764225576111894 0.91289249402521
0.634221675241855 0.953252507286906 0.1609213511768 0.600040114322452
0.505351404648493 0.564031423885437 0.24816888378517 0.997965190774316
0.234020122286148 0.810480168651272 0.850711560469204 0.404122477110034
0.548158380838001 0.238812880371887 0.640175266632562 0.705111069447544
0.82929218542999 0.341300566193207 0.334775406614284 0.6926725877795
0.593622547060055 0.716577829191151 0.319634786744169 0.45996998654946
0.396149717517347 0.563280966957178 0.568326001310195 0.491768870120182
0.968351726335539 0.772911562590099 0.092862371925572 0.647111133499101
0.261246397909903 0.396406293442577 0.736449710865295 0.856965046578846
0.943544326359964 0.358947029629681 0.438675665292047 0.479635860807151
0.722898512811367 0.092031867377805 0.900514267891188 0.701820146476684
0.208007110865297 0.893353849028669 0.542624046707206 0.609896040275705
0.393593210108283 0.377604308665638 0.600579070013256 0.707840233313741
0.799732403211945 0.350565266281057 0.379453717768275 0.60878429489024
0.257229777833801 0.790381553216984 0.480672116352755 0.633051702418549
0.58461830130304 0.581142322702914 0.646472633622529 0.274028449745359
0.262128871481442 0.445045713723318 0.928201886708223 0.622618271812705
0.569112848140941 0.34461364434361 0.597281405717718 0.528170877327896
0.389957306568704 0.743197152829194 0.84029469113244 0.26761046963001
0.869663039691895 0.677825410015249 0.346102721422484 0.327962680043199
0.474951655674501 0.731539844155511 0.351970345650025 0.518013539683886
0.548080359596681 0.299656986011162 0.460464416496805 0.880879659551225
0.907759109389746 0.762737757877274 0.107182120383262 0.628416253855209
0.766656187863465 0.272285855255685 0.973420784572054 0.355580622432973
0.605079220835382 0.423884084390178 0.675596908541097 0.362120180428183
0.784303160878558 0.599663956091064 0.609553992282871 0.199526489758645
0.552931838649156 0.491445386277445 0.996148190521202 0.264141706894855
0.274544077353201 0.715673541631578 0.37342816373645 0.98326968710169
0.378736093672748 0.566816090720975 0.814448121964188 0.373938213916448
0.427036439471278 0.776257321784241 0.259866276895878 0.728238994380871
0.189467733834326 0.615389050197706 0.563992092725561 0.929225939846022
0.528696849498367 0.244330697215993 0.860387908553231 0.567165494583638
0.645313051119039 0.274592122298247 0.538412288536603 0.63268900930174
0.0814116042555119 0.63582340142153 0.921565590183999 0.868019669616265
0.479828766060166 0.566640740515087 0.528009713404417 0.435334781521283
0.764189291226392 0.909976173126292 0.375941352802776 0.260513810080897
0.274503054869739 0.84245304603888 0.350975542960927 0.833866336736444
0.916557504816043 0.482806613002365 0.607194895637072 0.244187522972914
0.179466370920461 0.981108774623382 0.523882466397915 0.684278953267289
0.710938048605856 0.188260043841226 0.730150548366908 0.570229473689875
0.471871654643359 0.512750789487908 0.41079531064853 0.630532150610589
0.573783253595246 0.668228664750768 0.170718986996214 0.85661217742604
0.560304807139085 0.523652695844308 0.785079976262175 0.269540715306363
0.404570541260598 0.251387250584868 0.715894012740563 0.934223871490033
0.253805064804439 0.714085227492452 0.534327821895189 0.619743134066495
0.613454820843594 0.280560578953867 0.496606209012364 0.717892865898711
0.482675833137139 0.7455603752838 0.255731134412549 0.662805635469547
0.828103680371212 0.24412142752902 0.540734988809854 0.566208704013294
0.941657752480363 0.29346447260495 0.417721817732743 0.60206049562968
0.412104871648558 0.591581138823478 0.362314845091626 0.7155162656576
0.348357544620078 0.789102144651209 0.299816609952602 0.79843754005907
0.561456381167152 0.866067804797197 0.301171698693371 0.451018518743994
0.723928148094395 0.7819005717948 0.113043095124111 0.700793681726207
0.671266726336978 0.972802605961821 0.0918512215377513 0.742200595962965
0.681672301853818 0.601976247819868 0.538569297915343 0.273827653743918
0.307899798707041 0.323361544361633 0.790996102339837 0.860446847099642
0.311033096691417 0.398019198114783 0.645001346670372 0.807855063972106
0.345681252955342 0.369840119265723 0.682819434878807 0.727673007051686
0.680936158342956 0.521152665487115 0.243639480734903 0.688837245040498
0.122856540660295 0.73171324170757 0.622991340499437 0.871524174553721
0.307788702957996 0.903435028117503 0.76221030749686 0.325481810036215
0.514116034912502 0.578452202285826 0.234630007895941 0.979432990012781
0.503506200287428 0.89253353263864 0.944910757089949 0.140401232809493
0.646790775017712 0.972300072472471 0.356835839566599 0.321165837529975
0.393309596769198 0.891861767029824 0.840995727387494 0.228669643739661
0.462580402049876 0.197547655329308 0.808332947741516 0.825316997535021
0.47486170496447 0.300540885857313 0.994420693723166 0.515277821766557
0.324168759711077 0.887526939420678 0.27540941054817 0.925364733729252
0.486712933611229 0.164278907616189 0.938203305014836 0.814830316434549
0.385078435813529 0.540079010550992 0.570402509178635 0.524826190491629
0.384720474702199 0.489177108575794 0.401195623304354 0.956132041346033
0.469520918352196 0.811086760537364 0.190067875288821 0.835946090413333
0.347719706076532 0.714858270422542 0.35253914069834 0.72793558136896
0.362357120559773 0.477174225580751 0.434439314175011 0.985651531396839
0.406673923267946 0.865242494685549 0.769769291505195 0.2405275500078
0.402428247827644 0.846582712398908 0.235897686035546 0.811535704535449
0.505444584165676 0.493552422471082 0.969317599363629 0.294319915134897
0.874048231719277 0.406207394279873 0.601714531879529 0.312311713533582
0.969154953145855 0.326414210983635 0.413707147387081 0.551010624964496
0.295910401251845 0.924187443978827 0.390550865864161 0.643514311387857
0.51340739021479 0.388435580305196 0.376130413781953 0.998174607467473
0.586933925079741 0.157624236349525 0.94743663727119 0.65792313223065
0.150848405750706 0.702052816540622 0.594748165348694 0.838941015884685
0.22068533286098 0.941092682346308 0.483776876638611 0.649696896365651
0.424674110670907 0.325822819850576 0.56369627100372 0.844679985522146
0.970657815894501 0.277490886762049 0.699837364158203 0.377889069727485
0.792783111021595 0.549879304603396 0.138512336227213 0.889132846771034
0.366079167286056 0.420764943886253 0.55074540252852 0.753420531530092
0.316906730054588 0.674593408608644 0.77655437121714 0.385535854738313
0.35951866415993 0.863196229003831 0.577614920394041 0.373374728240223
0.433982713953724 0.614895232245503 0.338577200209117 0.693669084703564
0.556847133658023 0.63572887037977 0.346524749835591 0.506145589671759
0.246416435998705 0.405385935665956 0.948630124334391 0.724487636507259
0.754527822790327 0.303911492310308 0.502681337185643 0.544063220067936
0.958206990605232 0.803403430820582 0.699020548654654 0.0677905261045315
0.123955846164944 0.937770586398478 0.565367348443301 0.80057934205548
0.92071298563048 0.30067909226969 0.553346220459535 0.447583274523806
0.755158928158722 0.595992009222272 0.239275261563497 0.554883986742702
0.286251884379191 0.647331316151024 0.453976902871914 0.739141409413784
0.368968707664793 0.370840517706402 0.600118656565552 0.785400920069839
0.834316955960326 0.107927554084471 0.991973044005226 0.579653181130759
0.903905628977071 0.354749864891734 0.335972023656993 0.634644034352408
0.849438143163443 0.900301806540432 0.331335331667677 0.278696347707256
0.468165848566709 0.425607126186882 0.623252426453721 0.504735901049824
0.686227262437948 0.159608315983427 0.7482923831538 0.636775878801792
0.634890700181273 0.85163063355073 0.0933384994929511 0.849511948036968
0.505298537167578 0.908681786350677 0.139353476152425 0.921139315774944
0.9069454639293 0.419761437686204 0.6960045641233 0.250166125673945
0.351320178648801 0.921394059008856 0.259890714845874 0.841022512784603
0.174223361892918 0.477868018264836 0.973115325357222 0.78846193752606
0.938442071736123 0.0148889457938123 0.854287788757267 0.932659196296848
0.250209248623466 0.704041566901887 0.411926035337355 0.933732005354918
0.966620955740977 0.44325549684666 0.249986812720905 0.644469949905289
0.547577269366338 0.117611045150131 0.87608278205622 0.963285857465949
0.70900542609873 0.778985902180133 0.990542494424021 0.0692016963309565
0.391620932213816 0.940907529255343 0.444877818743441 0.435887995467331
0.957068459441093 0.443042857133671 0.678007471641338 0.23562022821335
0.708780170714243 0.50545740120457 0.429828550881731 0.412187829644699
0.45888455201294 0.377408621927366 0.662440144760977 0.546538433789155
0.322191418795999 0.881556013308442 0.369103133016234 0.641509145872733
0.28814658178254 0.754147407808721 0.843910285576471 0.360893424430536
0.575371038303484 0.666202786670436 0.474480331620983 0.342657818629624
0.924792980293672 0.0921356290981841 0.794802604567519 0.642200870401186
0.364126920796483 0.505478340894755 0.614758326473822 0.549774935394771
0.231877635857724 0.677644911539254 0.59660313152318 0.621389121721206
0.804495809216481 0.33413989685291 0.280036453266932 0.992194502029382
0.949414989614915 0.139117733845559 0.605110418038627 0.683163924712625
0.862255065126921 0.133153851076025 0.83259350087635 0.551024331323347
0.57629543603379 0.270505926047904 0.491462857562859 0.827654958571928
0.656084633470911 0.858153323644369 0.101204536786992 0.768119736976738
0.610780792728335 0.346052994606348 0.997694430880801 0.351265534152433
0.367698973304512 0.712620267582699 0.281418724675113 0.964655243839411
0.899683845625997 0.857964222716918 0.397250794779554 0.221247213328053
0.53103002569664 0.423975714990417 0.631339418434279 0.441114893846034
0.958976075905418 0.504051356434854 0.419225845691739 0.355753647829265
0.456228230383746 0.534684750616144 0.506715320311166 0.505566783029769
0.0623029711848052 0.874549868968465 0.926188217928837 0.684502983210925
0.713968537130899 0.0655443410108283 0.875744085134618 0.828130598264141
0.495387183445338 0.580261133176575 0.286618794299257 0.754495530795238
0.559413517185955 0.52067958731576 0.260747628453077 0.827833149799362
0.29789508609119 0.567260550236495 0.983361642839684 0.434749238342408
0.978105805012079 0.604403186863044 0.278829127748786 0.431725085299255
0.279483284360919 0.514820117397999 0.81966947491361 0.53854897797811
0.575789834512642 0.65190057070639 0.383994407710204 0.434836631503466
0.977220969645256 0.29633829266811 0.795146088755372 0.320017505770446
0.494527943843657 0.521424498826373 0.88053761311776 0.292050688084318
0.495007346856645 0.490571463127097 0.339617824180737 0.777828066689366
0.279822408154266 0.659456678389426 0.480350955969638 0.691229286770836
0.421678242577775 0.582425286592142 0.824532380672898 0.32148219022483
0.406757081601856 0.517244702137252 0.956944004543525 0.357227611505321
0.905394919334371 0.38384953059052 0.41307950533307 0.483344591919668
0.842716275251858 0.243748955420185 0.59418694168676 0.51146960257959
0.817496859720913 0.851004476496909 0.322503130569121 0.303228208323793
0.669035635597441 0.575031840996322 0.403035370946342 0.405443118795634
0.572153738041907 0.590225674445452 0.286448510701236 0.625998863151035
0.343501911912329 0.407399504748571 0.766742392570383 0.595740427520629
0.469274795126763 0.157221908126074 0.920863959556855 0.95765225067863
0.384183532170541 0.69109999725192 0.649303550462955 0.365679208495894
0.787451063355215 0.827111597944089 0.413034860094561 0.238157185174322
0.331791576347985 0.837241323948833 0.297350250591474 0.817543304900323
0.907193949602389 0.579543335054482 0.646177617791887 0.169691050414929
0.733827957085288 0.353356897989182 0.662454147771855 0.369866728512125
0.94200326765104 0.70637028320872 0.373126935642727 0.280661324800871
0.329963163832859 0.525196122511227 0.473746895826759 0.779388154332587
0.336876501963138 0.642366401060446 0.360301624870104 0.847844079585878
0.533713396035724 0.496118626858074 0.480160609064379 0.49162280500031
0.40071759323738 0.204885259934379 0.959336025074932 0.916336458248086
0.347759365675628 0.903581397975397 0.33298097151701 0.653054436890497
0.400330122452007 0.627416983805007 0.415786506306359 0.599659485199304
0.470418014638447 0.507648622549535 0.428725213987171 0.611698363679547
0.370583171183197 0.26963173977328 0.808345842685339 0.816518818295717
0.505732415696823 0.425302847738984 0.367729680640714 0.839822031641409
0.262015707440212 0.584608885099297 0.648039928500808 0.601310253872934
0.0308215148904158 0.900981965465601 0.776576342562912 0.968849363809537
0.304272718351261 0.7457460904472 0.604727839541038 0.45678879042045
0.421763741418823 0.529020240456574 0.362078090676144 0.807967364838512
0.64971142795915 0.360446442204015 0.428229266681581 0.624038045104831
0.322484387895706 0.615101005453473 0.397722748580272 0.826542593774973
0.837864536864285 0.479603771752615 0.343085846612793 0.479074235327882
0.141815930660428 0.559236331873244 0.813606104638048 0.8142453021778
0.577420635404178 0.196754474029875 0.605299219345451 0.8570503606949
0.864670064439065 0.431791164860605 0.715570039305058 0.23978678933494
0.529126886366611 0.337726098439729 0.73941121347479 0.478688888947633
0.129917505912933 0.848449705107668 0.579824945078076 0.791572830891378
0.345504280952664 0.768521336849378 0.436069520974915 0.552746831111002
0.9962794669514 0.559698209774682 0.171890641031551 0.653077269774553
0.494004545205055 0.686434892821259 0.506978667112764 0.365511632411645
0.976218248833166 0.0104598810638367 0.862062489801691 0.965099790723636
0.544249550492314 0.368903847179769 0.459983989686169 0.680012684198609
0.875558807751082 0.90626041001211 0.244388912248637 0.363777426518225
0.452353821582147 0.463469165232852 0.57752599136434 0.51653951698644
0.86649233088352 0.35736492908833 0.573323177464825 0.377792030722264
0.738774534249656 0.842768112450842 0.425711148688423 0.240242338083732
0.806097105559745 0.878099432514324 0.451992455073217 0.195494157959259
0.783601598651716 0.315162537817383 0.615165169827952 0.420283227971081
0.881232031620333 0.788135862800342 0.522337784598351 0.155697586742049
0.625965163174863 0.461884194233621 0.258760108142489 0.854766590810997
0.294666862055126 0.378772980072561 0.664020602200154 0.939172387166986
0.276423928799804 0.312880537638319 0.96286898918876 0.945909319967122
0.378486882515944 0.568299729030218 0.392802543408754 0.757786107853022
0.804437707997219 0.853040083161846 0.0332487797382328 0.925499993879687
0.397126037428375 0.476183364554052 0.615766788617514 0.536832690106505
0.838837829121705 0.132056086631967 0.91391748698888 0.538166784565174
0.831873365243365 0.338590762541799 0.429769838487945 0.542715823374233
0.51780575579838 0.432039013517108 0.814218930006451 0.359379657890681
0.856664964840369 0.36055658888513 0.529914368235061 0.408741435169245
0.384125949137329 0.481684855429793 0.684968673335061 0.497203990068639
0.872486783680541 0.0522474327842822 0.87470550357652 0.73579034808344
0.0471340816951853 0.847690545452051 0.769648620653635 0.874355207741605
0.592916236029139 0.845235345426722 0.108086609245914 0.878257590792366
0.58173482153411 0.72927058293635 0.442418677687371 0.336024931019715
0.41012030590559 0.734791753256723 0.373098747689683 0.565602311002697
0.995684607581677 0.317832407661936 0.287454070416058 0.835966309602812
0.372434122466069 0.554534303177014 0.3780078517534 0.855614578891571
0.712446286174797 0.148697202245745 0.809840271214686 0.604480486259645
0.458663707857759 0.604937555079877 0.912955098886697 0.262908507298042
0.703743404908845 0.733661445918596 0.0968487089830843 0.839957661822565
0.927698224678711 0.15719014966252 0.510918209491868 0.787295952899661
0.445810870954683 0.297105554290333 0.646285927158974 0.728522262215285
0.861563148118926 0.541852044550454 0.664182345704428 0.188728040653396
0.957151935550247 0.774425044275382 0.066258895878207 0.725395678846525
0.306886392943706 0.482180291972856 0.983610726020024 0.498813737827437
0.4758487182505 0.221804992340612 0.689667082056864 0.847122781503391
0.568675859605972 0.838359834855895 0.503722855693873 0.264105347916636
0.285936742206967 0.816943560106303 0.539215542540679 0.505751391051664
0.676339805295223 0.714639521556401 0.339388127032165 0.385666679236723
0.335644982828808 0.703887632038111 0.631336728911715 0.421175960027614
0.823608492993178 0.539033280201692 0.25087429125454 0.558178325575959
0.444586210240356 0.454898505140004 0.624925649680408 0.49631446896048
0.420548328770266 0.387137073471562 0.592605384714743 0.649765191003744
0.826629724715845 0.257906294511663 0.443351844330592 0.669269731182144
0.370850407129798 0.265412022252358 0.865446556290295 0.784485119943545
0.675183069827489 0.535309458188392 0.311807759335529 0.547288058349069
0.24240042339579 0.964149453849083 0.415542287612995 0.711613449860865
0.798400500472271 0.572695072569218 0.569474992859306 0.230964006687562
0.148711427345044 0.595216199568279 0.666209428679734 0.993542796825947
0.389158231504266 0.540766628019804 0.758274858586454 0.402048497008909
0.407756246881331 0.871743596715856 0.523333946378714 0.36314279054592
0.299281133586272 0.933642389925326 0.340884086369521 0.73513031461472
0.35597734436557 0.715126603225222 0.700985184088795 0.356049608506087
0.6293877717558 0.494877942377505 0.281721890740692 0.69738664778639
0.403515765225998 0.232771564185703 0.892833236094996 0.790041981200647
0.424926761687704 0.565638663382266 0.371545356996888 0.707312860691665
0.660250671804437 0.221296852369919 0.913301775924017 0.479735432876946
0.909285038932491 0.348286924154606 0.79774068591391 0.274650406716816
0.827190969975364 0.373315543685314 0.36479906038314 0.582958757836386
0.840455716188948 0.47572213342269 0.767146305811539 0.196596304948036
0.110360073578423 0.997306389680495 0.825169529914467 0.578137637955542
0.551752328479137 0.825448409253255 0.446946487718614 0.319751824921869
0.384912061687281 0.655488751590773 0.801608208872562 0.319103880848942
0.474648937134973 0.406002113235197 0.998919848066005 0.390761455144757
0.328228936730873 0.936426076149551 0.779737572661258 0.295609158305299
0.381460980138564 0.795975970890478 0.309477178799717 0.685417880583825
0.95588170031217 0.666367851923799 0.294417728057087 0.37638407419102
0.535874444795736 0.507996976038983 0.7890271878698 0.294301079807101
0.428747490599075 0.678162660239714 0.626487564579297 0.343814235276881
0.449628148821397 0.25616064658958 0.694296549775016 0.775635915822638
0.357699826658116 0.989196996481217 0.453271638444773 0.46295076472348
0.386690108360779 0.979012692907084 0.749573005681088 0.251203078081333
0.673527448466475 0.849839418091053 0.21005664030775 0.50315298006924
0.34519783706801 0.493956622664892 0.843798509052545 0.460782676557348
0.517436204027821 0.384144163407726 0.835334554343906 0.399384430472343
0.544991067018654 0.766064793434516 0.860820467395922 0.152137836826969
0.574711818618221 0.975429124570216 0.127143339874515 0.761992677145899
0.441118916339022 0.931991009448087 0.430584252783536 0.401007163355057
0.354579011308997 0.347854218586494 0.658563772886562 0.796139925546378
0.562064127913946 0.684036308009544 0.35320544678655 0.461450166449379
0.69387159090501 0.420082465117815 0.516482312795502 0.420179600185063
0.325516713928568 0.48874602406982 0.680676477591128 0.573708835486524
0.544273105507224 0.403955092633232 0.460908812959644 0.61734590281361
0.288773578893107 0.617723013438883 0.417919797553647 0.904062930077862
0.822482100739204 0.867341337081653 0.323354392902245 0.297832073510858
0.127649496207523 0.894677493750776 0.544484249625404 0.857111339249532
0.739024336431885 0.604852606192914 0.119449711637554 0.980469770675607
0.198143045777189 0.63349031581733 0.589747212516774 0.766786092337785
0.36423306907796 0.367817010313185 0.913563258579172 0.565634063456676
0.427093276008693 0.433681699062806 0.839327209570333 0.429696815680726
0.374068380792915 0.885575857888786 0.230242280011973 0.949110155259202
0.433498903857424 0.766231643723008 0.456543303572655 0.426341841528345
0.0530136753382329 0.885502023825595 0.714768550069741 0.906457847329422
0.321802975356731 0.40510293208775 0.986373420468122 0.568768518444344
0.310640099063094 0.905432580252449 0.452322317317489 0.535361338248672
0.773207329559672 0.529329077287756 0.562082938101765 0.268383560842044
0.54752700716696 0.288863722093467 0.533633795615863 0.731567609237841
0.3020761609475 0.298514283089904 0.971612266944217 0.858528305073762
0.487214491794769 0.317737730075451 0.993352547133307 0.478919364222302
0.955618508029701 0.854321391512374 0.281605929959118 0.321237901522414
0.766724647934416 0.962856362220505 0.515330579044068 0.157801381691097
0.544796520196717 0.852981546483008 0.202002302791373 0.633427985860646
0.549429839788085 0.811561675205076 0.433946704847264 0.335875617431628
0.830579698311683 0.77715443676182 0.255635433442085 0.393734374738313
0.354478171045412 0.562987205185222 0.505038687564745 0.616157995128633
0.561476659898232 0.34124175949357 0.391979506906468 0.936392290332386
0.966791534833921 0.184303288444547 0.447210085920506 0.832789403772011
0.785720902092303 0.390835841225144 0.380936182092013 0.553050914285337
0.795672227559997 0.639238374354162 0.264131818975397 0.464650365623903
0.736688285971778 0.293116028239268 0.407257154122015 0.717798103507861
0.763781749981509 0.597337146835867 0.325830591163877 0.427672145331476
0.791814234926861 0.352876329622546 0.317097899000867 0.732540913579118
0.726118695801845 0.0588419337420362 0.816468478658155 0.9256581799911
0.867021986656325 0.851316509972558 0.730978327642587 0.0577487556057833
0.850117102096303 0.0905120105948668 0.62342121691181 0.907506031701434
0.66982454928357 0.310396482651059 0.574779844241802 0.515625166073686
0.507448514173915 0.519989417726553 0.429508631025545 0.551087455464123
0.235089184754879 0.852639507755335 0.751689936274688 0.424206250208301
0.165314120026962 0.899773786891036 0.468682031090275 0.895331934702523
0.706710377392264 0.101556213302701 0.837825313083535 0.716311208647262
0.275862944593886 0.773500730218037 0.500206978206384 0.582231474208017
0.643731497877445 0.78299090151704 0.198687594985034 0.571189744595473
0.875970424481305 0.536188281288654 0.124058749638747 0.952858936178263
0.855699946050939 0.642498848850394 0.896029051313391 0.0831791542584719
0.356908808655462 0.90297514218973 0.631589693483175 0.335700562521585
0.920336521119094 0.26915574331044 0.878865478103817 0.333031612292262
0.978864676560552 0.823006150817277 0.802957910594512 0.0359455977708969
0.430936253449005 0.933646294071741 0.737912194145493 0.22342185190845
0.699990410147686 0.574384407465557 0.399493149487582 0.393174542495244
0.420353530156279 0.317274592990031 0.579609937677326 0.854507099413328
0.498611959967806 0.553809176620764 0.305011527277548 0.742095356327676
0.638626580015428 0.520815767109286 0.307317066726796 0.600022405340472
0.269694937082798 0.436136524301895 0.73194685549104 0.722763625095817
0.772626104893842 0.503075812776749 0.987778899024702 0.1626123307167
0.0234039832980106 0.961023363599792 0.820922989360835 0.887427950905768
0.464261252493006 0.545334458980681 0.292417276539443 0.925234167633955
0.271453303971118 0.980723046722943 0.860542085599818 0.329627267194655
0.880962793305602 0.571700255542316 0.368667316776825 0.364540705147762
0.247419523997575 0.598297271349402 0.674786726734542 0.591963394011526
0.546510261189465 0.965536559661553 0.926930311957005 0.112407667471778
0.534716155014855 0.686220596473933 0.35501885449533 0.481297048917061
0.304745997432383 0.718214350695927 0.396353299883815 0.730130807243896
0.522089657884084 0.803531820290583 0.52477763465977 0.287844354975155
0.6391733958636 0.812775896956979 0.430675972559953 0.285422188445111
0.195454730294103 0.683385641045169 0.498124396831639 0.975851798371714
0.783009452382768 0.847826570812658 0.229152181226544 0.420731504407202
0.379147011904348 0.283897625404308 0.691022598731986 0.920804534367323
0.454552715829356 0.607179959814947 0.970735528271453 0.26018700544372
0.425420915884295 0.398827947157509 0.449910900425653 0.923494957634239
0.820960968827729 0.0904551661711218 0.989965681958584 0.625069962481616
0.37117562815589 0.449243528414789 0.836212279328567 0.476148111639248
0.671929101717923 0.684482075774296 0.112206677659073 0.931875540372401
0.677549711171509 0.416998607108625 0.433130554236654 0.515444308070685
0.397726609878194 0.574958101221107 0.446182996668902 0.612839988305892
0.316037038238405 0.565688975801549 0.472344956013715 0.744757457006418
0.513812291324983 0.490948863673605 0.292753927234866 0.934490877761669
0.289597280197049 0.326323327828971 0.809300403775823 0.928436174857171
0.87868319368702 0.540034768265868 0.164845699186493 0.723899453215886
0.677393027250384 0.962197428266011 0.331054371582098 0.331413840313604
0.608775184154309 0.176454998471607 0.765743654566759 0.662597067961218
0.704675413129381 0.430723029689575 0.352551091821534 0.588275540242758
0.879520186256218 0.388376302245697 0.273078699671296 0.711926242163498
0.799153344240815 0.324216892667138 0.912706797657847 0.296183468836697
0.423373851123535 0.40240562416708 0.730617816595109 0.51233568341658
0.628074713399191 0.460626632404758 0.457311042744873 0.474417801681585
0.55305215051776 0.533664914163892 0.462881519375332 0.457530696414186
0.681420665728062 0.318202128090302 0.839252628666823 0.361392802856303
0.398484546013692 0.340448197805167 0.549932342696319 0.975308246591838
0.826693964997283 0.860446397478514 0.796174596163572 0.0466139213278652
0.740101215976691 0.430571418119715 0.229057291652967 0.882309504854665
0.520408614060292 0.850403967491573 0.89078719263025 0.142278779383076
0.34186248948561 0.727211279851098 0.483053329169471 0.525439707802394
0.753587524715436 0.884840824443436 0.626590125563587 0.1131041087125
0.881607039856473 0.180240031224002 0.92297434592105 0.444983109090779
0.366300678307763 0.662926633901834 0.843436112709667 0.321549954122936
0.317124244507538 0.687801570256745 0.66584649526289 0.430303345368475
0.45856979672125 0.303801840772461 0.587975138476139 0.771096152168732
0.784505535674651 0.259260675079659 0.586650873923909 0.516254314402887
0.347480311346401 0.531461880869488 0.706170250393249 0.48197088393886
0.441368833155542 0.509514984797672 0.564531963703309 0.492335486117184
0.776805765123764 0.355020810898972 0.275484412374488 0.903753740684367
0.414009471436379 0.417263280577486 0.944778516975409 0.439657601030424
0.803246947274721 0.756255884197546 0.619436286090659 0.129914773191446
0.617797228780615 0.457424043305809 0.281829599333854 0.790802369763345
0.230199337523553 0.881323889227459 0.602998246516162 0.514497653441835
0.397383922813486 0.810373600069468 0.306900547139657 0.652856167546627
0.876695683503169 0.451054493207139 0.588438497509891 0.283011851023141
0.844043275829536 0.596836527536022 0.27288601113596 0.466668994099322
0.325912289058525 0.296714675198927 0.966019738971576 0.776749352212425
0.941637216703466 0.306863932406961 0.636525581493998 0.380288353813433
0.457179078235666 0.370834839032609 0.476912315397373 0.810590598604877
0.790551024236661 0.831816426254414 0.863720488976927 0.0464417653078745
0.441956524127004 0.307543768943355 0.547318393922896 0.935415089797507
0.233841627963402 0.814407410110575 0.630223470692279 0.508245937577023
0.967936051276052 0.809071633431948 0.143163406901103 0.522140904911752
0.891277440301284 0.496277452935409 0.98088320247769 0.143216743485372
0.928129306141903 0.127248437242779 0.8737168764742 0.533961497532927
0.814837125892589 0.633776082315386 0.354537447066835 0.355816140431152
0.845506679917276 0.230074455861317 0.396908840158723 0.859901736435199
0.243728594901914 0.78899664472569 0.950378059713309 0.382692289910345
0.822259828333818 0.416792972044524 0.209117546854785 0.947246429254276
0.540631014833462 0.177703016892003 0.73484170967835 0.793847415460655
0.784246268130517 0.872835434273132 0.26154862588855 0.373925668565785
0.586273356977949 0.78549142296233 0.887419043371829 0.122422730789098
0.544336155319489 0.412475189192701 0.969482324233619 0.331977748272828
0.758735109868076 0.418043307617117 0.339765334350985 0.591089438561757
0.707674088709964 0.636699687599717 0.139190457052798 0.796124117734991
0.512176325056583 0.264842476323697 0.967419192587073 0.530415110405853
0.539068562041012 0.562523066761552 0.926797385737589 0.231366459455164
0.371436131144256 0.485019514728671 0.547770079319665 0.632317172823828
0.414835101526197 0.314859569792577 0.818553752135905 0.605992523388992
0.430715201599558 0.71093606122981 0.251187610625408 0.822132456215458
0.472325899882025 0.607346336773543 0.416793559467896 0.523288984245798
0.539227717963992 0.751217453623102 0.966542650179399 0.148720519178021
0.979330706411529 0.944319417578883 0.955297384296011 0.00276676289193989
0.455443165967472 0.587392500220153 0.463292339940688 0.504865883555222
0.578732100507978 0.142386421557363 0.762577758089021 0.824891502278276
0.344471523706816 0.506491259823294 0.555121101016548 0.641092901467233
0.540962420844485 0.720701817955203 0.857680652768531 0.168722531381294
0.805886935749161 0.367301409804945 0.96220591746024 0.251278276275279
0.487149811686737 0.265647271247777 0.838393119420254 0.585760974471866
0.821237862550498 0.41021541236859 0.268481118877201 0.708318041408486
0.777719168050836 0.0510258677501517 0.927931125855117 0.788232661989334
0.622384295634804 0.290766447251172 0.684489568960121 0.495175956023208
0.717529672423243 0.243773422476895 0.619548131402973 0.548792450010639
0.919893564708835 0.592999749128835 0.361622763301499 0.351611028408922
0.894462932689091 0.0430856939215432 0.797137587854147 0.82104810706739
0.940460365041152 0.829958353879651 0.583369167273398 0.108955882307062
0.52202935037832 0.406043736108208 0.837012136367113 0.373745282658628
0.383200407003868 0.617188228766765 0.363631016943623 0.739140023597194
0.412737534385659 0.495077806582175 0.410924199034929 0.769422299881239
0.872989049501716 0.771345275039736 0.759662414808107 0.0652149550024895
0.508891938347798 0.491072135937532 0.483916939832031 0.516819313332273
0.508888802395881 0.481267196777502 0.554747653480863 0.460114439563364
0.224086638378743 0.481666547374943 0.732571851284419 0.759643863357004
0.771813953970015 0.316138465507357 0.778004359149808 0.343507452074221
0.382869351579503 0.42150391853457 0.670278559906965 0.580743731767532
0.411781033266786 0.846354989055919 0.207987427855575 0.944252862383126
0.765314042613901 0.453689992362383 0.271670623732632 0.659406111876999
0.747664246288185 0.628149443349071 0.383409627172398 0.353571238995817
0.548192898600298 0.559089092155979 0.486146680044325 0.419119048307236
0.770349200162983 0.183983334013551 0.749589369393872 0.532376404523874
0.121573540770694 0.869458206615105 0.982974364837711 0.540613535622739
0.417562235454553 0.584990842361577 0.446549668179704 0.573120181180284
0.396552504944402 0.514420259765115 0.743182561283131 0.421979031733751
0.43077399041073 0.296207871808199 0.791254238882349 0.629751978374301
0.883574742949192 0.306625619001656 0.994023950467759 0.288915325627247
0.341576722709766 0.761071789596725 0.640383066516004 0.383503642064738
0.875904233050171 0.259010704930632 0.803135830840678 0.370095559533872
0.153891020701905 0.655807855712893 0.595665425283567 0.953686776714851
0.340237586624876 0.716020897046387 0.823928194627778 0.326896630274325
0.68214207270195 0.357655249160112 0.339838753124976 0.775174095694815
0.736078547755468 0.600190543079303 0.14901983667166 0.784754496391711
0.708240389187054 0.800737386235448 0.167409797860905 0.573427268152337
0.22779413510785 0.653392242270807 0.64533908790678 0.602788718763788
0.486459804352883 0.42251573949411 0.795328461911218 0.399252167861541
0.944036999924761 0.353249625234642 0.398091018015127 0.534932614807938
0.445247509952498 0.960980025859529 0.239211726663839 0.665443099670093
0.381766417453899 0.462669695357546 0.426360502403416 0.998947421166935
0.540050347364926 0.362301418128108 0.586037895326178 0.541281991182522
0.416434654657893 0.412269957665476 0.524015209883481 0.704257942404297
0.413865441216001 0.516909054963356 0.381534575656247 0.798580197810665
0.697090179573346 0.587251049986429 0.272935049630486 0.542549999567207
