0.266531986487331 0.54188297955435 0.770867565502854 0.150148219606542 0.136169913171397
0.595367758569122 0.156687585479085 0.527267202547612 0.581318004596018 0.0710275106084504
0.200101943952535 0.443038715685471 0.556065403952603 0.64331446860344 0.201528334093965
0.622102913113337 0.521235138911434 0.51938028944376 0.0758504181694956 0.256500924873005
0.0591082840351156 0.55852522318583 0.276330945730352 0.0220430358432256 0.779558271604007
0.30223604857966 0.692422340787397 0.429211022833129 0.215467917959721 0.445596394875561
0.457408122039522 0.607048864425548 0.444890982386151 0.181538834057809 0.437475886892462
0.465831250014705 0.656494561922577 0.0634826671461438 0.0480303370026524 0.587944873585308
0.636795889831243 0.438979798864152 0.216722269163172 0.147088454080853 0.577221080356646
0.476732367253496 0.744519129708058 0.0427376396868852 0.44942107112104 0.120878908408556
0.382032096130276 0.2508796761426 0.257196786291921 0.573516650331963 0.629316558290026
0.848308090894656 0.153322107768432 0.311716369002458 0.305356542644034 0.257790615330575
0.606184959722443 0.217799303858162 0.0951970944592004 0.677899179665587 0.341311402183475
0.10534595217089 0.605907609300602 0.582534392337813 0.386435666059856 0.364827845830508
0.138737904309026 0.269649685642716 0.55167997906282 0.754339802573279 0.186176002469915
0.350107421966261 0.167999450595456 0.571829868905462 0.694429484225207 0.199948168658878
0.0700974734946427 0.197584911875522 0.510735771387297 0.48428825504935 0.678719680468666
0.420041723674161 0.419890522582411 0.063047170067478 0.584773184897023 0.548928297676649
0.567265616156874 0.20599107311232 0.00256014921936998 0.493565114777251 0.626230246502906
0.507040134731628 0.444576950158703 0.404092765045143 0.477380748148976 0.392528082681754
0.541900793504943 0.257770666948406 0.539504964668199 0.326793691377308 0.491973667622612
0.815363907102518 0.489932282939762 0.283569592468869 0.0700302141266311 0.0991570091540024
0.627707192697628 0.438626976810458 0.111717190795311 0.0118870428509422 0.63322035891374
0.357151859819487 0.190907771346355 0.406997985650331 0.254063183297815 0.778332390715049
0.533802934901869 0.553375552492278 0.53510183278794 0.242732711812015 0.252144370861992
0.513878975198836 0.583621514902072 0.573132681197274 0.00464399085281797 0.258479572277169
0.231584169521069 0.0170561904736215 0.765363632976774 0.127445622990333 0.586561148808003
0.252431806467169 0.593973500661274 0.524782658427349 0.478107168186668 0.281940349610273
0.0324531297176471 0.202687813004911 0.0735323150886033 0.690568486577165 0.68961772658122
0.277940692001614 0.466498647830385 0.637653648545683 0.0843927140250409 0.539818189410057
0.545207802119264 0.499732292731825 0.567644161591195 0.300019852810912 0.201951186775477
0.238383113491068 0.597607690083304 0.556968493001725 0.524901909579544 0.0173960650360174
0.22195239637012 0.790740239879568 0.396594101820438 0.410026834705479 0.00762364764464341
0.148606925127485 0.53480305560239 0.642556024117395 0.436233268266215 0.297865682902081
0.760334898196876 0.619819649441679 0.144130451152702 0.0396337029465627 0.123975914560861
0.296718246905428 0.301327791966867 0.222352498222557 0.0255897450338621 0.878102713368448
0.670881725643376 0.0442610939045871 0.476564420034775 0.472024249257321 0.313110407738415
0.583924987798061 0.553049178728672 0.265607228836015 0.154023452001638 0.508819998384623
0.406279979749492 0.35919600203682 0.474196224730093 0.19652917300761 0.665153391921134
0.630123893981292 0.744419233539376 0.146653740074378 0.162039543297695 0.0319335231468807
0.516430000738415 0.440841722517304 0.706954841552022 0.192566237268825 0.0457353943415669
0.628556685561873 0.0112034388285367 0.369544996801475 0.26402171063101 0.631284411060784
0.123908857795964 0.700644515291731 0.022349988116085 0.702293526238737 0.00530463812954318
0.00716470092565769 0.662154761526159 0.514160631397516 0.468510304111374 0.27863359257501
0.622356462931713 0.467824494579802 0.418783035318158 0.46657649206759 0.027199663562117
0.13084729624995 0.0366660266548602 0.778848057911744 0.597335167667505 0.134614218075809
0.0268287104103538 0.653139154320481 0.620957534316427 0.402901823860623 0.15738909205117
0.00507478431627684 0.369532513805968 0.667057566579519 0.528602754595629 0.372871691748392
0.224918548295953 0.422198032470708 0.293075841121343 0.774275764596992 0.292855014843633
0.317912885127618 0.43483524187981 0.552327462670364 0.576948616425136 0.26816856242744
0.134166386466772 0.602615647123104 0.0551044154217375 0.782861287412786 0.0542721904503155
0.0913825212548065 0.821292312943848 0.15081047907132 0.408990197990673 0.35652684170801
0.790752156768354 0.549720368944109 0.0955163828351356 0.184069756998089 0.171794900107383
0.531597370266665 0.429307149386571 0.329857133426799 0.63929836002703 0.124865871259318
0.72236078354344 0.00837275848739227 0.126159779702689 0.0893871833809609 0.673957295936772
0.571599422234735 0.411208123491106 0.529796602279211 0.403341144259708 0.246603854869531
0.0901928320737491 0.197269126147132 0.662802107768515 0.609035131238489 0.377782635607558
0.525920976595648 0.00798701597594031 0.0205808710780425 0.672067381830337 0.520812054370734
0.0994097568792858 0.039991256916322 0.170293851103992 0.725275994715081 0.658401955779048
0.673816840846089 0.532351951501784 0.243145537527416 0.430831251170837 0.133555027309024
0.0105525869792826 0.0977280977567592 0.389525940202322 0.296941492308445 0.86627544919155
0.247446494686069 0.511431574056917 0.0676957313173667 0.154891883662912 0.805378029041023
0.647962273647682 0.716927462855263 0.15463554400274 0.148495081182267 0.142116024180566
0.407112553583134 0.423634575827517 0.575994488557072 0.471378231151795 0.317531143711199
0.169325512049006 0.235931811460609 0.438595990542793 0.288872116695236 0.799907187482434
0.179064375166424 0.706003077111713 0.551483230473092 0.0144033399570148 0.406391922852923
0.533450114296659 0.463412637296335 0.305683839075679 0.378338617294195 0.513903672241022
0.524990698755139 0.0898132982063728 0.530728988104068 0.243179287669531 0.612787820473331
0.381148449818263 0.230814889374223 0.00714942159360843 0.721098142659608 0.530487229316635
0.601774059423538 0.517101458976659 0.535088116404049 0.147273152797857 0.249930767768342
0.289062238000875 0.69839077602971 0.0245029082975151 0.578018314270586 0.306574268932177
0.241704556735702 0.261675114198993 0.682331450300567 0.307276159673552 0.559562503648288
0.148729694456955 0.321377897444581 0.622481816060595 0.255214822100274 0.649597958952358
0.124256540567241 0.31156299521666 0.480879561330587 0.42795902598363 0.687818821864836
0.0970566216056631 0.397868261323912 0.170150334912827 0.612348068594564 0.654491837421324
0.390201899047917 0.155596939266928 0.708361929222833 0.55141465268357 0.133031306479816
0.252148963971383 0.604576191366785 0.0547319584283597 0.32860542443801 0.678182436042914
0.505181361565212 0.240197018210989 0.488201471233688 0.525227215154569 0.415803896465518
0.685881217338581 0.38815315471053 0.0583560996440553 0.462665827074022 0.401794701660755
0.0122691983752734 0.598737425227179 0.438226124755759 0.600641154182729 0.297575250797417
0.424840465003122 0.375329723555552 0.412092724322085 0.38332426084531 0.60156485562227
0.524693397266875 0.225372862756827 0.81534311887195 0.0322130692947176 0.0898989892719187
0.279898952956092 0.234771302646841 0.636652694242392 0.495415833460507 0.464516426467486
0.565692891729555 0.257385141063692 0.659269271665236 0.422439531318147 0.0255599535205026
0.139743070562652 0.523608272390159 0.552364997894145 0.63228311098062 0.0376460885668843
0.361112199307897 0.423129476578151 0.490155961675944 0.488239644593542 0.460357044306281
0.566777366717858 0.426255291900058 0.498420536281684 0.242457632879028 0.435730545147967
0.642303705730443 0.136540808058651 0.604032102915813 0.402700104484038 0.204402548504849
0.537846728326527 0.583455753421734 0.392270496160282 0.0979607037341611 0.454783287944491
0.547522488139158 0.423372395619352 0.373674461303149 0.523940974495075 0.326845822712159
0.323771371378403 0.764139774243127 0.547628172700549 0.0760990195139993 0.0746647720754424
0.436937314579493 0.379912799221561 0.758991395021968 0.127004910580537 0.269358243027266
0.0258335206053417 0.29785458521224 0.706979485814042 0.194061102314034 0.610848238507695
0.248918650582327 0.247477919321165 0.495857507132078 0.298675894825994 0.73601102390616
0.593703806985511 0.438580281742546 0.668334135827762 0.0327113363317959 0.0861543812019244
0.547069715955014 0.197138643632224 0.011547809442493 0.237001020861908 0.778169804913581
0.540269522936923 0.381580782552929 0.399403253369721 0.410408866807517 0.484300064232141
0.5658333932349 0.151400456864796 0.556100933774349 0.583964093178536 0.0815362624534502
0.281507656681317 0.0650147868519516 0.70005370092435 0.213458314614625 0.617160336107557
0.177424433003555 0.642731234674494 0.219605382362659 0.708530863459481 0.0719348462838436
0.530090236325894 0.389678242202883 0.377544650931816 0.372792967337773 0.534453598511508
0.139002725286511 0.33127143304895 0.436084546397546 0.824908059022348 0.0171593287120034
0.0108158414472007 0.547160591718824 0.524937868396907 0.289071118833769 0.58427427379853
0.466259100349274 0.0798215635381149 0.283318992806909 0.472093947562985 0.687814380719895
0.487402402822355 0.357518028241663 0.29832219845936 0.461444083963058 0.576795440764797
0.0999530267176199 0.0901055138179193 0.244275107938457 0.735136498385178 0.617895128005739
0.17821069946554 0.55531403361922 0.447092042129165 0.529324515038378 0.424018318361028
0.418190218208033 0.569150349511167 0.324180954479002 0.536497132628035 0.329032455057877
0.135519357865153 0.566997175208651 0.280060663987484 0.631071036238324 0.428327069722664
0.441208360215631 0.482319594846753 0.555978523833744 0.330316843022427 0.39304154431058
0.362436798756871 0.562205459581863 0.295075040479221 0.402836625624939 0.550652305601745
0.598360526950906 0.230054555728624 0.476603784202934 0.166160652170466 0.578168705248967
0.437104988345779 0.445949858352718 0.575387160327082 0.428159053778945 0.309317625421318
0.258889225981513 0.741573966088379 0.191735959254726 0.490312880724603 0.325384422514132
0.551233579881254 0.274443851710226 0.254667135039937 0.602757073137773 0.438919894494074
0.226525859307343 0.733390844182126 0.231523978156825 0.276120785002258 0.530073451856506
0.261107523260162 0.373159524192802 0.543799780094006 0.196029571153951 0.677073878689804
0.0479142664417382 0.59460414771972 0.731579679388849 0.223459953848615 0.242913466726608
0.212723627892855 0.673555399430732 0.543209979713558 0.011796537801339 0.453713060941942
0.273821471623284 0.50797074019235 0.560932231078937 0.371566208081905 0.462905080912854
0.524083710114727 0.814635249793166 0.241618117026548 0.017429736946375 0.0549778535533565
0.00575470962234048 0.463880129035677 0.641570898574495 0.208774681504135 0.57409234768299
0.43372284780934 0.229708806256215 0.171321522044434 0.649481943726822 0.554923865474994
0.352236541612718 0.751774237784244 0.116584330564977 0.335545936465928 0.429629994931161
0.333562483468677 0.497607763927935 0.49508456268148 0.474907336511847 0.412888460025901
0.417451625712236 0.667211620896129 0.0873016173484596 0.123681766496656 0.598033478474225
0.427605995893382 0.673247664354683 0.450698211226186 0.265987383640153 0.300020880704619
0.284325500507407 0.416983014392043 0.702847712671908 0.320185011338788 0.38570821455549
0.526812797984082 0.618783364553615 0.550942932250787 0.181422532628086 0.0558853620334201
0.133103919351909 0.676466707672855 0.186077892241204 0.255288221920591 0.651827493920824
0.191622359849075 0.33322221291908 0.669865059541081 0.574979239734665 0.270043522239201
0.0458793955362123 0.449693341005922 0.139153371222402 0.876478393248757 0.0899608001614033
0.391969554055225 0.287329134937913 0.525381388184061 0.508474196846867 0.478779933790359
0.427895273878215 0.550458603699026 0.0287792138817035 0.687915294513629 0.199612786737184
0.376613663724807 0.592075863993943 0.617587595795338 0.346281006776864 0.0792675560171956
0.541629692782937 0.579316806589759 0.242173170531452 0.453976296116544 0.326016857750568
0.36145871514647 0.0343064200393488 0.698011079753093 0.13798419125899 0.601590859549304
0.470531486718343 0.0629368833208264 0.0343111716114008 0.700837056113408 0.531308980731016
0.552192881945871 0.336787511451049 0.573919312260203 0.212655677837687 0.455028986941592
0.191157249481341 0.772215930257879 0.189323874742232 0.0124677783107696 0.575449813609552
0.353708944608779 0.406427002023464 0.440716215427142 0.519251454820518 0.495836887147694
0.00469869288012115 0.703205416429191 0.384079370977976 0.58689019070706 0.11628845785743
0.606232097692791 0.327742276380828 0.482192050263244 0.299304508931266 0.450527781159002
0.912991255872097 0.174962580156891 0.224167669302392 0.27372654430938 0.103236123648232
0.674143164698373 0.236254077457282 0.0678406009361022 0.242428375469611 0.652948037754204
0.21684580021327 0.137089434784333 0.625817635677403 0.499530035356586 0.541300671025052
0.170390938215998 0.305260503180812 0.354552936440697 0.731775826941409 0.46538082012172
0.339041757492075 0.632370414115061 0.435077419608383 0.224871992221192 0.495276258354885
0.275946136980197 0.564885605956492 0.426309089213073 0.424939661906165 0.492386866053784
0.604397688057176 0.386815534997494 0.180884848695507 0.0408183361225452 0.671335766591006
0.471332287892675 0.448186850066131 0.578291015761358 0.48291147711091 0.0966976120796765
0.0386593402261894 0.454011356856494 0.623663345042304 0.603177049306608 0.198999051502813
0.437554624754526 0.139181007153564 0.304848523481896 0.508307265762474 0.661714212411696
0.0883846064491133 0.201185447857892 0.671829968837924 0.388300992040509 0.591252407576194
0.467475198334994 0.739682483078145 0.291210616067391 0.0401138159157426 0.384608920894116
0.0718461615523757 0.463397030780079 0.542767488428281 0.297164585974516 0.630236450296431
0.270351823737627 0.459845107575395 0.677324402214194 0.031385124279258 0.505666883016747
0.628816778546749 0.538238599102492 0.0140004814779759 0.558694015473124 0.0505336823037664
0.459652642797861 0.721513685148115 0.369972835636505 0.188592963052656 0.309338399315428
0.520161409139631 0.378938908864214 0.549673563262579 0.0942522352440194 0.524226002590866
0.484791721722914 0.575920036233811 0.286083638782601 0.00717563028612278 0.592788124344847
0.148540375822452 0.275291659260821 0.414173172801017 0.515820814289412 0.681571514640757
0.101209793512018 0.475246083504071 0.25333078180803 0.551682561081907 0.628782637004184
0.271927474647123 0.655584232675155 0.531796666937893 0.0306050671768945 0.460999346308227
0.55246391034746 0.0568770586600029 0.718307553908227 0.410798738863339 0.082627369003557
0.0981558314795474 0.327724511427822 0.895457877098405 0.116349923952457 0.259961464249279
0.649139605816729 0.501593502420388 0.252852951663316 0.404873287503084 0.314904328949832
0.0326540319173355 0.105229909034315 0.690420526878048 0.647482418224685 0.303226639000474
0.143879067195955 0.56491194043535 0.505177348932971 0.160241247342042 0.615866789453459
0.671942433481626 0.166863163894378 0.299738983366138 0.471811996728613 0.456289417163648
0.483687778962736 0.558419917884328 0.416773636547106 0.249683028372577 0.467088266834178
0.208345400650088 0.350586323248099 0.655235935561985 0.465394513098391 0.433307327315678
0.484002976300733 0.180640782179893 0.538132211477895 0.489030100158824 0.452076664797055
0.245861260668792 0.309824187680237 0.0175575126527692 0.897354456506656 0.194956216540342
0.186154605283482 0.695025349276677 0.101082201534241 0.262588782372777 0.634913967951215
0.405107698469319 0.521532484711297 0.612165623224164 0.280619179219233 0.332261562671108
0.66824893246603 0.0149312149689175 0.559210503947332 0.468313920059104 0.145554483377908
0.57195784577089 0.436181469277761 0.0683123867152111 0.679783356425934 0.125848935900864
0.416605490615867 0.439757359907346 0.380834318782669 0.590948484058366 0.372556627135383
0.543844895215246 0.35716328493508 0.0393041527290731 0.549681907040901 0.522467321937773
0.475480801098497 0.616638527867046 0.259334637029997 0.240554528195162 0.51822195895004
0.614539857659947 0.533355637277701 0.394999065578977 0.422010745061056 0.0612796603787701
0.584810265145707 0.350108141054429 0.51276072444184 0.303802133334457 0.42450199834504
0.3274426519613 0.565402504898676 0.0838034446649084 0.730779742306456 0.178995162023053
0.294297606575189 0.559970216038725 0.363890874654935 0.334435380746611 0.596287416739104
0.0141511071884811 0.105378530636996 0.679016674695813 0.0806052755238855 0.721896292059245
0.238529385247159 0.335996145756446 0.365456707063894 0.679077728600221 0.485288734869876
0.478591805916086 0.390775652359993 0.411454785632974 0.515515112157018 0.428010982744674
0.506947590550636 0.477352780661469 0.466469214656137 0.446245735491281 0.313703169514752
0.303303388539447 0.26282829886984 0.649871427552706 0.431993310201981 0.479559430524536
0.545489955645879 0.12666725766366 0.36177046287919 0.04502705821176 0.743969629986598
0.496972100706627 0.0228065244192088 0.551950687187434 0.217428323507033 0.632909121923044
0.063306640515886 0.0491882575630654 0.839714499956243 0.153281534829545 0.514739851019947
0.363941695257356 0.467960149177835 0.573881497746642 0.0927792220642506 0.557325563501158
0.269206540763056 0.595619015915229 0.240008626964751 0.442065939609685 0.565455029432106
0.309704218880666 0.543764551139098 0.442621608458311 0.339606016962365 0.545121339428891
0.535881762673201 0.0681546480722184 0.418405670769083 0.550986283576374 0.479099666415439
0.564315569094762 0.430658941780794 0.456777013493968 0.237526924215229 0.480641794435197
0.758661251661568 0.397665316736286 0.121759860517624 0.248147710119895 0.435766739691448
0.189230184544155 0.636206216492403 0.165745091098119 0.303137922893618 0.663377382667231
0.26390889796407 0.53114790695221 0.394930798483723 0.451208933480998 0.537284056409294
0.605224450670266 0.462232574601534 0.137239330541069 0.384924689153227 0.503033558643001
0.448700549046746 0.696569603823941 0.466687028903072 0.134336305758066 0.278595725600025
0.576808805972507 0.351105565508565 0.5296453339973 0.434476339631732 0.273354373838396
0.135298763585239 0.267844875681225 0.168398856430129 0.000449079226019333 0.938932899958505
0.107010574669333 0.565642558674997 0.569134235248219 0.586929406174959 0.0140473186080283
0.770159261296672 0.493739828135803 0.125329964575461 0.323042228286663 0.207392895429166
0.159806991456685 0.512673622115363 0.797925042106245 0.259102201869998 0.0883694451410787
0.488205747902782 0.545076063271656 0.57252941174716 0.351488784121136 0.114947554495321
0.464366927387254 0.559869273332261 0.548174756325186 0.406604638725738 0.0713222112799463
0.751022308516188 0.255660087472575 0.255015411816675 0.360479134403369 0.419076777190409
0.338422665710225 0.56136563291788 0.074356148032884 0.738048140766022 0.141756236807495
0.136851431906305 0.114513520670026 0.274195274516337 0.406876364908439 0.852893260778132
0.258863045202321 0.346539502772415 0.391096216732212 0.422830656119245 0.693655737632399
0.662238393005099 0.0565650715983157 0.61873197332219 0.0387694034192599 0.417023239223481
0.681374464371611 0.317748714694293 0.183902142084798 0.63282005777246 0.021985682384397
0.107731521385448 0.807841559209856 0.15704031383515 0.396100194564879 0.392719887718445
0.506084485012585 0.342246958766724 0.114971094796328 0.57759116741124 0.52907050941659
0.609610194688913 0.640942600908906 0.328298916638589 0.25206836086929 0.215056633596994
0.272425197789525 0.577147756896495 0.668443947678081 0.0678814070756212 0.375845422620336
0.34564492622819 0.226125461906348 0.745221130979712 0.184584144993818 0.489868369879675
0.425462945071346 0.875579214080201 0.21966201448997 0.0266904879267099 0.0581252052586279
0.504864674214385 0.475413942269056 0.598742882077066 0.391152708449862 0.0871766256572466
0.602976587070151 0.53908168395764 0.186916154986251 0.545636856646462 0.11468629011679
0.0684230986164993 0.604131528147125 0.455415122458781 0.564734215696737 0.322514663436536
0.0625501245113127 0.677919068782929 0.191686924749734 0.261029802447091 0.656987658345671
0.638663458973374 0.529768357914984 0.0245778518204604 0.305888288123005 0.466135986074124
0.187020517702748 0.660030513122464 0.0567201549887864 0.480256426403972 0.543617178372085
0.257015240568471 0.731155945074113 0.533316465324068 0.303326569843433 0.151395805554749
0.723064394243823 0.162186878252478 0.26478501757703 0.0856542362632674 0.611085546037884
0.122428389124833 0.271268149333844 0.88662642667215 0.319099865304064 0.153276665486932
0.230672837671411 0.336119105342144 0.724893796994527 0.284479244644979 0.476879996885689
0.941759895666555 0.0053482748218483 0.190289789302555 0.131046868683829 0.244287144905135
0.087068217770326 0.652314802969483 0.218495484745223 0.0574764945399602 0.718234431785703
0.572333871608595 0.246720125048642 0.0128947202382742 0.309493851764905 0.718060165456348
0.040513453348157 0.670829538577812 0.112036229731888 0.730702153610633 0.0432277249636455
0.370021033269306 0.444429543506793 0.630355218844369 0.0527877630056692 0.515201480926815
0.652567334784268 0.534489069353223 0.114413313209898 0.371521680735114 0.370619134447445
0.513988926676752 0.424833272184597 0.00706388134277525 0.52821830716632 0.525611639571776
0.776255441307151 0.454356909683899 0.0622078781355087 0.194309813829108 0.386472721690824
0.566134737861945 0.360279557780935 0.318929241307251 0.628459961303038 0.230244033384855
0.330925044087162 0.212340631323491 0.0713088548685191 0.898743573174424 0.180485756723518
0.424355413150515 0.502891898320022 0.507503689983828 0.223622632045949 0.509367396898918
0.52086690996618 0.601098053266533 0.514589045653858 0.119659143513008 0.297083483095666
0.420673099909757 0.306564458262415 0.50784490866018 0.405116066840308 0.554100078576388
0.366039422730501 0.0620704504663304 0.634115847784421 0.582385503399559 0.347687528112119
0.332326912973203 0.18327125535718 0.168191841155099 0.680281418806925 0.604068841828811
0.254449522683611 0.429392604216919 0.524415177516987 0.637472387910769 0.263619248331879
0.827275256734061 0.241314637749258 0.00417332021046768 0.50140566148487 0.0771870535315302
0.665805530512462 0.359776641696378 0.0115229054698197 0.3707128022284 0.538240656716116
0.798740636064764 0.330206548512442 0.440561237619842 0.234054112065627 0.0640429555095683
0.78740131776112 0.0528373836285778 0.422113238837689 0.115809970228923 0.430831568101586
0.0434760804823774 0.335117589816601 0.231861499794521 0.74308951297952 0.529021976891601
0.681541687943644 0.272075931480465 0.152049677152804 0.265004456768957 0.606736473828864
0.537759143184952 0.500548344503807 0.322468121709877 0.461214029685701 0.378896276093426
0.72462009866791 0.201704119228127 0.544063734101246 0.330121472800826 0.171042764607384
0.255178923312671 0.0508794837811949 0.672140551057705 0.691915866542995 0.0421249151577373
0.637740235585228 0.459042683495759 0.0915199982171879 0.602126485806394 0.107865618532869
0.484349880276099 0.541788857814843 0.0724311296702533 0.476675736475429 0.489289281238118
0.62903948852515 0.406769082066066 0.279078523063977 0.364481007058718 0.477615964148016
0.32334727485766 0.321237589578167 0.0177617603641008 0.104787700240133 0.883717719993939
0.14671778719878 0.484954288463459 0.378769921918618 0.351535328174 0.690108316364725
0.490759521471385 0.190316511311943 0.354444037380251 0.292677222238506 0.71529307668645
0.406823201979604 0.642735404179033 0.133084463982428 0.624916966558177 0.114688242205175
0.611008259913637 0.414063228732096 0.516657764431032 0.409167711021951 0.144454448320034
0.491086852556584 0.364064276831274 0.509809727003154 0.422133073217583 0.433807118810007
0.086883374569798 0.443690741028759 0.609961427508029 0.194630334972406 0.621011992806589
0.0890932856449829 0.179696816350373 0.492182952771286 0.501261760273277 0.682835287119519
0.495362793980717 0.0670964723474579 0.140665728962144 0.265667028272057 0.8122486986895
0.560731180370856 0.143551455865259 0.498040765096905 0.522788628586274 0.378973572959175
0.493068003712356 0.281210396241361 0.496865548929465 0.551555371097776 0.355971846725419
0.140394106949682 0.523677887316701 0.794337194827029 0.130844899407313 0.240746751344092
0.321828713875133 0.331653786000727 0.667296779827758 0.528345761023919 0.248993593484696
0.117712988507907 0.906923783478787 0.11526888729291 0.240618135864055 0.30405410639
0.785998596528065 0.441022998857168 0.288798991372105 0.159992138047331 0.2805397994589
0.38573032541657 0.780891664526677 0.201208834899861 0.216685678193812 0.392406225677818
0.124966388358518 0.647318840573434 0.582193180561249 0.445641375187588 0.166783049642899
0.0557477718475129 0.706941220708125 0.62391647503216 0.203631554855983 0.257660083148559
0.634075518356899 0.569141599728161 0.253641242963882 0.16831886275297 0.425864951350288
0.624041138091892 0.487972211840182 0.437963304051487 0.418089559874429 0.0764528787495116
0.3077797223596 0.128475452419418 0.297716177417278 0.20869404359709 0.86981467825107
0.490559932163925 0.463017111975147 0.552602075852008 0.474939333308205 0.118446960342294
0.471219699404003 0.443583956004551 0.70099408052392 0.269438330233213 0.131131819710227
0.232310064319771 0.302443467035224 0.69368989901154 0.554786242710523 0.256059626204438
0.598854215665693 0.371346564982212 0.189634839801854 0.28232790462871 0.622739864515375
0.457663355829029 0.154801189975621 0.532521991136929 0.493463006254939 0.489382707833901
0.611184235685567 0.414080875108305 0.334884538535939 0.573229140890256 0.119379884414337
0.801335185649592 0.0399659224588298 0.376716687163848 0.118181042811783 0.44764095435311
0.228871910242447 0.428240420286703 0.479507123188901 0.597842389406669 0.420577207387978
0.359279657322498 0.439594767786145 0.680375333424381 0.444080718614033 0.132500147140223
0.427610634091567 0.044543366844624 0.531694066002711 0.729644855981923 0.00921077622005329
0.0384449272006691 0.40190490256865 0.533675172633396 0.262418596327345 0.695213440088812
0.411093916473969 0.135611161430629 0.387603097711188 0.553389855685635 0.596770400575006
0.20704851918615 0.662191188093131 0.581287293202514 0.188203892708777 0.381206136683537
0.144144034266282 0.0652049089543555 0.573839601519547 0.695718921303213 0.402062322908124
0.598386451965939 0.595892594352662 0.0268818974910513 0.495580555591497 0.201303121203255
0.771372726252878 0.197469478611372 0.272850838290029 0.427161069609464 0.330266200003395
0.105597820831652 0.376543818787231 0.627583340333145 0.335915580045362 0.583406999261935
0.378517517547956 0.464009612345584 0.457409767852634 0.0332423023070564 0.656575069714469
0.578668504944216 0.518978669183721 0.101013204060397 0.341507699625109 0.518625805393578
0.545021165461816 0.668726770112646 0.040893617526276 0.250306155572743 0.437528258128958
0.132583572292025 0.757558038009506 0.425910837783332 0.068315779178062 0.471657002470512
0.491263656711951 0.0416746074627987 0.569852296171971 0.427432772483905 0.499492574760705
0.382239275549948 0.218276698852824 0.11840349409497 0.124244086577015 0.881358291787007
0.440921414978228 0.806782846180205 0.312910072026535 0.226685120802006 0.0734226651265989
0.61836996030106 0.177740647263149 0.396835246888745 0.298940643919299 0.582394310366788
0.428094060693658 0.355360793429508 0.430772062810837 0.224253063087638 0.674240443231844
0.283273527873666 0.17901379233637 0.625739293900902 0.46104104862215 0.532542635019157
0.139863584943162 0.555335580002182 0.173536170464725 0.0028367035126281 0.801197679629757
0.139353420997102 0.5681231656672 0.251886954614847 0.724377141737378 0.263907959925289
0.477006713385582 0.580681078098784 0.0829967175094936 0.207664117676752 0.620694159820523
0.454888468025919 0.223338898657401 0.397183416813247 0.671555990501117 0.366679837234269
0.615578332389193 0.701588565683769 0.343094687258338 0.0100906553807631 0.104981024208289
0.0543159810235214 0.16615666089173 0.847400925557156 0.370688866371785 0.337554697730071
0.124533323572931 0.108652919605327 0.857001206275868 0.000751934687688749 0.488092574638306
0.225187666434971 0.552664262819271 0.357997464177124 0.644113008839399 0.317504291269598
0.635503018667094 0.301746375729614 0.526470843569434 0.0747499234901577 0.471514514950025
0.310911366794434 0.28358149554044 0.0475678405134022 0.683269704834495 0.594807085019453
0.379290643823484 0.0723385721573186 0.702204230712362 0.597294208311543 0.0324743833406358
0.320658143702339 0.00782241873906009 0.0811205072763789 0.748060168360428 0.575276118445945
0.211801399413147 0.554641514484239 0.633359251357708 0.109385455235833 0.484152701654876
0.651869587128855 0.673134874096926 0.15017798797657 0.219342247013942 0.226475237615847
0.555748695271101 0.55201263683277 0.0692640895577998 0.410943122642697 0.461252287074872
0.454630842259611 0.277631924947504 0.34764130303296 0.399380614731776 0.660205998547632
0.105868300850432 0.57307878372194 0.126631461338175 0.522887008694397 0.609037157865436
0.315862020866547 0.72976008117513 0.0573479029245022 0.329131566467822 0.506028692548128
0.117323907375022 0.206192365724744 0.73919643370057 0.113944497250892 0.619939588206537
0.536206341648034 0.633685246990489 0.199836352864076 0.481337531896753 0.198255843254521
0.614951301918764 0.448047261917836 0.169715895385719 0.352677101867573 0.517594362438445
0.118615904230968 0.356863807007685 0.0462325942528407 0.710877229764397 0.592532363624639
0.0629568239706801 0.135342519834822 0.390514279598385 0.901793283056657 0.109482020002995
0.650504965786102 0.505155892078105 0.0769934079416954 0.456802293846577 0.327207111255892
0.485910618980426 0.560687253886909 0.468961883107471 0.366376819069044 0.308809734840015
0.145617316066569 0.349265896162207 0.437432759326145 0.527089123067373 0.622606270810022
0.201092311418347 0.486871697232171 0.197361005043924 0.498564314594786 0.659545366615046
0.0614497662932536 0.167129345006687 0.276450842301532 0.867053143158892 0.374279958038366
0.521906529432739 0.709935486372209 0.446425769106126 0.109409107883267 0.111080419134606
0.164221855081656 0.545119077382188 0.10751248450087 0.650972880564294 0.490460750961591
0.444003972321737 0.839800886736051 0.0060849139321083 0.221704534491419 0.220011400632428
0.231857317055844 0.86238900882989 0.147958600382484 0.38100580073567 0.188335377334405
0.524306117010635 0.518232763092061 0.463955369259211 0.206608310129596 0.44564147074093
0.154339708488569 0.375037898462189 0.600007338366501 0.359463605057428 0.588475096878528
0.150576889520495 0.714831990309068 0.249988062741223 0.489002901962087 0.40586199173199
0.0062729085990979 0.542510525576154 0.517739448229009 0.572471980441213 0.331458407064943
0.445366247893505 0.504408497067593 0.362206781668158 0.632155599801175 0.12808793181594
0.298883196882417 0.54581797309591 0.0798877451321497 0.570301173212149 0.530213254150975
0.35360380633356 0.577034118594469 0.353442166505195 0.411741246863448 0.497537691729752
0.322097805713834 0.124175362485274 0.618446009048845 0.642514772059998 0.292459885253054
0.395403479093373 0.261061204144425 0.192778727311533 0.596636631643318 0.618356069339487
0.348299309060569 0.0744795862920509 0.497070458168611 0.596378217511661 0.519994580574987
0.349960329818967 0.812469836727619 0.150023793942283 0.427742487887565 0.109314945308111
0.723421163176448 0.182611809826265 0.579083491566741 0.124639101134298 0.304043009858337
0.314004700312361 0.562048694934872 0.597273286945701 0.323840279085382 0.351986373382169
0.635640147009657 0.394487699226557 0.516820979193329 0.257155774088235 0.327273650004409
0.217198955467373 0.57196766599951 0.602276517580456 0.406514613676213 0.312548345114469
0.425514004891916 0.323098068863093 0.0744715912443689 0.626006561922947 0.563129857195236
0.138115152825437 0.589509915316909 0.52346579953403 0.0100814070173292 0.599403191728078
0.712803811083943 0.512170621942212 0.110023146986482 0.423771176003488 0.194691752366004
0.357662523169178 0.867834480832845 0.191357828014507 0.208053502032963 0.197577213633641
0.17602430850445 0.552248037444711 0.649439290474198 0.491039405931275 0.0338593822304322
0.196211255389256 0.661257595099693 0.0255038968937569 0.702884743137295 0.171878228084865
0.477280890009227 0.48205168900625 0.558398383178483 0.223165998748294 0.422157913374313
0.383952141894459 0.35965354188178 0.236368491154317 0.622976934873878 0.528450335936242
0.00775490009411905 0.60186170251562 0.680098681010914 0.414287322874167 0.0594487238088441
0.340926972920086 0.551731387178638 0.529269779439354 0.49362865107014 0.235723420457906
0.781338745231122 0.264010402342055 0.246868878480274 0.508786651983792 0.000415038381079369
0.474913516823327 0.240178539762134 0.30809932667683 0.263140307586602 0.743372991169804
0.39908261657347 0.383700920230956 0.546969342729876 0.0449902786768057 0.626344219978936
0.621958352904604 0.559316920293816 0.241550737462604 0.284796559586523 0.401094191935242
0.0706573270826226 0.816262473532318 0.459388343261454 0.0544413023795193 0.338705788411062
0.580613284403011 0.223357255303783 0.601099015126876 0.0838762333583686 0.494615509228149
0.28579602432242 0.614249083730272 0.22228145729658 0.215111141133053 0.667335632437355
0.527604189045807 0.198763859738456 0.491484973137817 0.0981554412158222 0.656456227255584
0.262388042856676 0.139473595521614 0.59799426561117 0.726897374922033 0.160382965883951
0.131108847487678 0.266427290641743 0.658480350633647 0.312474644085533 0.616919924742881
0.521786077831795 0.0628958074432884 0.705714197301815 0.305463519950099 0.363927075240795
0.664003978035823 0.016877091582203 0.03200723378943 0.286998036611973 0.68950819059555
0.0865770554584145 0.20015987215145 0.78639474849195 0.452085182041828 0.360059337847189
0.653064095515062 0.274920420171521 0.59631476605185 0.325326448010247 0.191043062515684
0.0436028752175966 0.118644980774802 0.742584689588673 0.105513072451043 0.64919729523477
0.180968135345571 0.242988799412182 0.90680263008094 0.284333097068187 0.0712085482205356
0.0357765288593795 0.792949977772249 0.158790242967549 0.344475038734464 0.475471323174132
0.246732987447035 0.61972682029339 0.497008793052984 0.330819894012248 0.445647796435984
0.447886288529868 0.638376264790463 0.484389510305566 0.380706394619201 0.110919162010446
0.00870903983366489 0.297633899764995 0.00344282824298059 0.788894177767041 0.537561473279857
0.410976009683885 0.456740575146858 0.55191518014723 0.409393545511934 0.387651035462369
0.553906931924042 0.216382874821748 0.677098977613443 0.0877547651674473 0.42450163480911
0.116783087514149 0.335765767916512 0.494184057897661 0.470017392817195 0.639131306489695
0.451899789290894 0.174250460723736 0.566909679200798 0.634316516524071 0.204155161261303
0.515601735707243 0.0758767002225433 0.287911813799766 0.554635608023252 0.581277649911144
0.060331260653024 0.402533821842576 0.609251762357783 0.417300662944493 0.537586372623831
0.420154353760657 0.396910838002051 0.14389437689438 0.800858421838579 0.0620669167985111
0.566556709299941 0.653164125293516 0.433084399157008 0.253704898151012 0.0214906593146138
0.600388696078352 0.54684794858435 0.0915694469000687 0.564577614195731 0.115576332758464
0.189034797554826 0.184926653265326 0.426236650487131 0.210920076627104 0.838989283175071
0.260082620302024 0.706026591809281 0.433954976875778 0.0313978350633036 0.494551045164282
0.637800236250925 0.34658576586145 0.225777143731216 0.570784274141458 0.310353281442098
0.343700975068497 0.477297550513272 0.114143352191978 0.642898605406626 0.477189025782853
0.606457478145998 0.326775324223038 0.571182863087544 0.306398673195945 0.324495307606452
0.714744049701908 0.684616315073098 0.0133951659157803 0.00183670957735504 0.142332851371234
0.422587791915675 0.0450859135427096 0.639668639387611 0.632839435580392 0.0986159169817209
0.669299408077848 0.117298422026465 0.335429816117426 0.418029129788737 0.501016833693485
0.742027816855991 0.205553627741402 0.361608605388974 0.524894212520133 0.0294568719621258
0.0933442249715646 0.0294021217471412 0.512075153548394 0.85272754734241 0.032513659022181
0.622526257846001 0.40005131394047 0.0147691162678302 0.539769842587324 0.401061584728182
0.619145901773139 0.321316210795454 0.205866541327826 0.367251142875091 0.579792902868115
0.683757528868359 0.53596419628664 0.264300423072608 0.2436682734475 0.34057169714086
0.00700379638126514 0.246770629425881 0.795310098717635 0.176164214160465 0.524884006058457
0.271744306065559 0.236847446925572 0.00939554803375131 0.706011425773111 0.609522689783367
0.327131282520119 0.311047417367825 0.458661812008004 0.765059375452249 0.0234120136617373
0.0449209892245385 0.382267081674689 0.0949739959902879 0.343086573237665 0.851543026713671
0.211325689201407 0.596827629157679 0.69249717363782 0.0868274790899602 0.334734054939272
0.752383672802378 0.189380360208221 0.327582755761965 0.341798361998454 0.417033938583395
0.670293293269736 0.0283056803049063 0.539475815208462 0.0341011035723424 0.507650124594097
0.392516486276386 0.518463739982796 0.146636480469905 0.605071685941297 0.435329939002415
0.51246136913446 0.39868965948729 0.282113138144135 0.668980046851714 0.226512195617565
0.632272423241457 0.359356850730474 0.0852697384015978 0.589441841237253 0.341147510841295
0.219008654206824 0.815405920798032 0.268114164926878 0.197704199469727 0.419733531883774
0.116522983634334 0.332267470761867 0.719537699511657 0.592095673293183 0.0878005399039723
0.2986731709135 0.413191561535161 0.626544156594321 0.473047850030833 0.351760176642166
0.557585670040784 0.251680835823251 0.685384814528299 0.323685701902318 0.226340892996588
0.805809236076836 0.0886875760896978 0.549136619632277 0.185643603198841 0.0824100386529851
0.0376275262937295 0.727400520343248 0.306154074609746 0.551055673049169 0.268477149995236
0.318221336638822 0.518547672463338 0.335333510382571 0.242021117634807 0.677363054590341
0.472565009035834 0.170008723619911 0.0192270675127916 0.775331299805254 0.382453973106889
0.710691186535803 0.0820863399876708 0.224894216580769 0.650986261615161 0.117555725954123
0.404737953761203 0.425663757472363 0.577664109127044 0.565837663238239 0.0336075921073006
0.509816441894019 0.468654057250914 0.500121421368195 0.174350159175558 0.489827679986435
0.468044063328557 0.34378573442505 0.518379925778922 0.61463105984799 0.127503083916813
0.220198995453261 0.446282154448765 0.0147964603690784 0.546273795247127 0.673580467656827
0.380023185931774 0.223441549423941 0.534008161218212 0.523323331938334 0.496612752702342
0.192242944280131 0.946377201543303 0.000453648669577755 0.250681171212625 0.0676135147431628
0.606804153471232 0.278440309552134 0.198948003966398 0.466606754307803 0.544938108319374
0.389571465329507 0.578243952563739 0.123023699484669 0.415359272650163 0.571147834376633
0.34865185549271 0.408175541235417 0.0430280780071445 0.445096461583721 0.715452539018017
0.943537615293563 0.0884843382621953 0.20301656461942 0.153151501476029 0.192966791169374
0.627275355050825 0.165452277622754 0.121908610110882 0.520656449969104 0.541485294963498
0.247208936050227 0.513654276186447 0.52568940282489 0.630693879548793 0.0303794099612793
0.604154801071323 0.583468265598754 0.021274385762002 0.239019166252606 0.486804887050254
0.311815428472229 0.316796017410836 0.369742005645845 0.396488118074025 0.713091469172377
0.158717081996121 0.836349700787187 0.482227901999193 0.0315826074947638 0.20441833409239
0.641023519982255 0.213306369713392 0.469015866563367 0.525532253353999 0.217782476489125
0.626833044114171 0.0563667140968553 0.642998989078684 0.13517300626283 0.414950222038914
0.837732929537163 0.0280646079926063 0.193736323926932 0.320337594433107 0.396567748223924
0.10278659025891 0.519265523614876 0.711379377150356 0.180805900643966 0.425495993994552
0.69846404435412 0.543842123187368 0.0178342250397202 0.458510990123064 0.0763762799901928
0.63102575897718 0.319756486374166 0.484691943872947 0.389012089666925 0.336608963883253
0.405350757641209 0.303410532272075 0.416615252371934 0.117661378214061 0.745801812651264
0.565168235946005 0.217391686498045 0.14834903319221 0.00802478779949212 0.781827274307392
0.56229282713165 0.00954529322143105 0.588982181378372 0.506450118060543 0.283450051806046
0.114366923620563 0.228149747262151 0.75152053608571 0.0770528893784523 0.603446464639295
0.492246445306096 0.392880614563054 0.432667533335516 0.51071035613612 0.394096431748307
0.557133943653748 0.407637796815627 0.495674653372885 0.524593174438467 0.0504166120675076
0.970545268663451 0.0970872285197036 0.097178540328535 0.0163952461662186 0.197239647982135
0.628629796730257 0.139377882725319 0.455168379330044 0.38859264413295 0.476671677209488
0.441338632616013 0.490038874078354 0.650465868331803 0.108157198083812 0.360940837105833
0.128532080876648 0.540751219812365 0.258573018314864 0.286153715232788 0.736426281385294
0.345503798439336 0.161419264027975 0.638812972159282 0.66607608864898 0.0532125661452008
0.605540442389548 0.437936111256856 0.633642214792804 0.200045799963714 0.00345783707562819
0.00302680902569807 0.561764676283877 0.782214188499921 0.00333107148619849 0.269334650906558
0.297927541599613 0.890701711468877 0.0472675636731229 0.337740511104734 0.0398342280701436
0.262096285731408 0.290838837474754 0.729530707370338 0.148546502831566 0.540774621374173
0.117547585438818 0.618833446841245 0.0848363074626762 0.321923352234421 0.701709260627461
0.49210468192509 0.387839442180756 0.512867423147226 0.348589367353376 0.472086865268272
0.408613347943799 0.510025776295518 0.119948059243846 0.692518151039606 0.280962476072223
0.556998749900087 0.527794954989898 0.443545888466661 0.00166716627266361 0.463086539944633
0.0404786230801302 0.671766026821 0.206952530853676 0.364589910837672 0.609374050293662
0.760468614122559 0.564086083532262 0.150262021432467 0.284142697904729 0.0133652325905051
0.459321924186676 0.381545427491193 0.0688438223042613 0.139868064020765 0.78685698161714
0.323091344355219 0.328490684539438 0.584143639447097 0.315240830095941 0.589156414636615
0.408823058978376 0.0536764866347843 0.254727223432188 0.804537030464733 0.343244445670469
0.621602472473229 0.433080036109665 0.41590183441568 0.0107803777288937 0.50295277723074
0.111252555305586 0.0955575656414627 0.260050424091549 0.918611939961564 0.258877386568453
0.453765596204817 0.166449122025174 0.49188520493592 0.413780446757368 0.594328327210101
0.616090866559728 0.476024263104309 0.576504860768592 0.0531000861281054 0.242188916841911
0.797829177404895 0.245953210817077 0.341177047606326 0.313730358013456 0.296895783765245
0.401315998272253 0.246518874751549 0.239329124751728 0.717338787772044 0.454225216743061
0.0818248795921848 0.422382583817029 0.803251355013643 0.385813649518681 0.144335478942626
0.294415639425065 0.462637813158474 0.196401652492642 0.721394427481785 0.374569293982118
0.154749269492375 0.168833043806764 0.861359900828797 0.273383012018356 0.361758091677982
0.390346302047554 0.259168857117774 0.462150429724049 0.651513376055283 0.377370599152863
0.286863611979803 0.5713961297829 0.570123627189368 0.515921171006033 0.000354991868120269
0.448715044112453 0.74356797951891 0.0419877613824343 0.455259143347979 0.191670574980828
0.602609356728266 0.322777657290232 0.702109986007903 0.17079557043125 0.102698528747111
0.0227130183848887 0.867245653883218 0.0968184445183315 0.350849127171186 0.338969280880709
0.274286129427419 0.639522631797639 0.608159688750359 0.356935666213067 0.136075882456986
0.379343612483317 0.568143057507452 0.633707723865288 0.360907820959471 0.0383660704002058
0.592602618943234 0.29570736506383 0.678495436436213 0.163008752568383 0.272857801042886
0.701867700228784 0.0873330757659188 0.679910085989451 0.0834547893749527 0.174677526754368
0.649614964993821 0.536726974186836 0.235524691550144 0.149332301843395 0.460600190764923
0.552912897214554 0.589350477523065 0.486200241088556 0.315016831653112 0.106428680710647
0.399981810454295 0.570781762927311 0.178661205028269 0.562827468552047 0.406851502241832
0.713870994798733 0.0803605061009702 0.00234936396709062 0.364345483108647 0.592602093542995
0.602726331122998 0.531170908782939 0.439318711417992 0.154431599731134 0.371117752520995
0.234873746085083 0.0542602448728582 0.470414539802823 0.782773422467634 0.328429717057855
0.286131456841719 0.661353985314189 0.509041192638332 0.249083860292386 0.399467132883124
0.756956523567617 0.327665610571531 0.323698677947993 0.22074682966668 0.407605289666418
0.590948657904167 0.107702787774182 0.184377249614159 0.753904632015353 0.191866174396235
0.473789782273576 0.450628027129133 0.464107634577822 0.394101440548979 0.449161197636951
0.37811001129915 0.329632191994597 0.762488047230309 0.124419187960284 0.389239361902683
0.555054816794576 0.207520595237161 0.362424311272705 0.68618221500027 0.215990600076442
0.515936916687842 0.478370092956209 0.485355862489701 0.479229760068614 0.199348127593836
0.577698080720103 0.304866604707926 0.15422871243092 0.580588192459718 0.460925304040067
0.587224958384379 0.0842926484580409 0.456263784157338 0.521815667545934 0.409381687470765
0.295117491907561 0.438506310889164 0.778841925004784 0.196478626938619 0.27462572037543
0.0318013445246627 0.442645147456497 0.366527732407166 0.212389545570045 0.789684779028095
0.248414370409948 0.689730834341889 0.615628315497219 0.10762914793886 0.268289806746142
0.0346773031025276 0.501588652995481 0.42468895354173 0.520466704485491 0.544022067656595
0.574838709374341 0.554354741055567 0.309185705225735 0.48607876842975 0.174306941456555
0.0690016978282991 0.240653387471147 0.230466938520411 0.396853693145138 0.852476890761015
0.509513318259242 0.438563215685226 0.598633630415205 0.404545757779664 0.161366014893717
0.40082732150073 0.397909757950508 0.428936347109636 0.416908801609288 0.568512043966764
0.195323722812091 0.610123269902727 0.51474924577217 0.489708564406739 0.291233539884579
0.57155649380811 0.325682873276107 0.564991838980521 0.394765800331525 0.303641277191392
0.116887485240847 0.473284794173417 0.46034145388739 0.198678646848856 0.714808618105189
0.767338390578607 0.175111880863567 0.593002892985501 0.041491358271157 0.164783675236044
0.0723307477579884 0.430099530343626 0.627954109590164 0.42010456571225 0.488843990495442
0.260674017362678 0.584444732388702 0.118861418215275 0.000347364834660469 0.759174060445051
0.259915300602057 0.256278500996352 0.694523181085881 0.610282837299091 0.109351615774642
0.585603745625523 0.390516800108791 0.00264806273349261 0.3355397217308 0.626075845921823
0.569226048520556 0.571016421806357 0.266122780852993 0.512759016619579 0.127195943722784
0.535734199196642 0.357347173617524 0.0441569141804661 0.240479575837448 0.724921792922381
0.466706714368972 0.232070012991273 0.45987113479231 0.693910379259677 0.187976798498306
0.325388768592432 0.701244213901122 0.00787389662184923 0.274283060365688 0.571913897621416
0.525930618434313 0.647279854009978 0.0918840545010515 0.332623845480835 0.430516519000272
0.361975860163904 0.508073157985681 0.578771461273946 0.514087382332068 0.107577422049621
0.527283120042954 0.0952645739945096 0.544814162489351 0.267953667695646 0.586749974502675
0.0833075112432073 0.739015600394491 0.661614360436314 0.0721485727253671 0.0630620524735153
0.505327432709851 0.460782325164364 0.47055723376659 0.465354371810364 0.3071563656412
0.20046683460516 0.477200975974638 0.225158902580223 0.311673239094252 0.764366101664384
0.446372423672087 0.551520656640214 0.681349218086076 0.102705359030228 0.147619365004119
0.00450443481770624 0.507843110556802 0.0828945875897902 0.857234093823468 0.0187957671282789
0.58401815849117 0.43591802446137 0.088069350990434 0.181438425978795 0.654386853089776
0.506656494271536 0.588497649308738 0.100504242070204 0.530376778153281 0.324913964138518
0.557061559887948 0.61645926434055 0.238325519219036 0.281085473425272 0.416955989790508
0.7408185121233 0.356468720829483 0.0640524786442842 0.562157657364422 0.0631983497544093
0.311187619549239 0.111273377271198 0.112442043539897 0.624659946934168 0.698525044998899
0.392608607149814 0.271942900973224 0.466524335156882 0.549499046049632 0.502306065361672
0.445678128889286 0.564952553477108 0.334079857819629 0.503929545566362 0.341533716423338
0.100437697106005 0.813709883915288 0.395170650059232 0.308613232372106 0.276381120837179
0.226620543895816 0.320720190105305 0.602876632218762 0.200794879181527 0.664832965159085
0.631861870409842 0.207731622486227 0.130691472723822 0.480541644249055 0.556414968203687
0.616154963796017 0.530214589025723 0.229597951902202 0.499315335496105 0.192858825036705
0.538537833797515 0.258242978306122 0.354237476752678 0.678766584076368 0.238912745849732
0.419227926343454 0.361388166739511 0.190868999063534 0.463944659558902 0.664808932534516
0.0245704967654087 0.241828373420461 0.607404094629067 0.543456945189616 0.525956407937511
0.625842415617394 0.01060173670444 0.512966896368307 0.228919604031677 0.540989512017822
0.174321041193715 0.0749343384744272 0.127887026853479 0.70704143473299 0.669129537121051
0.402386784739446 0.612101415094384 0.637021768845811 0.221248815026753 0.0931072552077126
0.314775505394994 0.542583766676676 0.13044274513078 0.698532577143081 0.318678782247686
0.0763922876019902 0.478882482982564 0.211196699556163 0.458005974504977 0.714466421395519
0.318120603759179 0.29334079910237 0.210012000859742 0.479285814541645 0.734118876286339
0.139244269350215 0.139643865227806 0.270047186263765 0.324474165046388 0.884817301913698
0.107711409091962 0.311362296067451 0.488683711736887 0.536477469976786 0.604013184483083
0.0940448791636972 0.716223560725931 0.136388746803824 0.297601221813649 0.609106718305143
0.307000529992896 0.673482247832063 0.236533693329583 0.319869063176925 0.542132761213834
0.539508323649181 0.164161349195623 0.741836034546002 0.170026448424349 0.320549722864937
0.545902188196216 0.600831054743914 0.521515113076819 0.205999855764075 0.163030337163218
0.0200077513477619 0.556673574883681 0.460365701491203 0.113059404183851 0.681905574789013
0.764146188570367 0.549449702732899 0.266788050966847 0.0669697973488254 0.196277377108211
0.473806124780168 0.0805507983664904 0.00980683257569093 0.816484802221833 0.319805751635156
0.526216522193156 0.527104562245615 0.180774782551904 0.374471807824529 0.52186999853291
0.43897277023797 0.204822191666246 0.423809157841783 0.700921627201469 0.307319779775596
0.699915950590681 0.42683336537341 0.414001489159851 0.239157411390737 0.315178425440352
0.583447051035637 0.286560671526503 0.655862258705345 0.28664135503394 0.255252720577724
0.484817496177069 0.616182196089241 0.294363209716027 0.0138983240094198 0.546286219832283
0.176972607085707 0.513102109490653 0.315229290719896 0.404142540927242 0.665361723021872
0.000311461701758553 0.0846254334359117 0.704454879127465 0.323693256501116 0.62594283922464
0.386770193999466 0.702712210949329 0.519308570052112 0.225112141478312 0.190387758130088
0.393284908297089 0.668341131863342 0.301303669084196 0.501596561973023 0.237200548858181
0.089704753360938 0.092824830176219 0.329015967107412 0.487189439291172 0.798580961304949
0.252464023033043 0.335035364201946 0.472859620541072 0.678893993796109 0.373523689017661
0.338112179900003 0.0956574117496192 0.592006061040963 0.135290330246059 0.712569409681125
0.135378290903313 0.238073789128871 0.593220036463475 0.745349631062653 0.132429245618027
0.82054147123011 0.446742771523162 0.266365916706597 0.0388322490912651 0.23382438908484
0.559536842166326 0.488126889817139 0.563094334886478 0.163192021736231 0.323950298281046
0.607014388230669 0.300982999876708 0.200065592098087 0.51654587313247 0.483835598188496
0.56433615962832 0.603122263577854 0.521499255768853 0.17888218000615 0.117507131789797
0.594195267976347 0.364865514978642 0.591958510674859 0.104257141731158 0.390538998733212
0.0139889422722475 0.22397738000106 0.667517671781897 0.328861311911428 0.629212871871463
0.515691252908178 0.201635659689483 0.117224627220609 0.394325372476822 0.723996878314807
0.538777133752918 0.153150632030755 0.269006080829237 0.774657072329931 0.117499926892249
0.475222235168607 0.611892316636595 0.4610005902692 0.404100922083616 0.154701391671424
0.458711127025604 0.549973399444589 0.298894640962778 0.419898158971368 0.470596314841553
0.447622117610381 0.817787778536825 0.276724632587156 0.106624334465786 0.207152885862193
0.578502484873619 0.460162191429837 0.380938305189601 0.551080080457332 0.0691547911279669
0.73072843348137 0.0824426043203061 0.217858694937412 0.191562073799001 0.612438351523435
0.156982260622073 0.488233790171445 0.448075156180757 0.153497255880744 0.715996915381261
0.100641522882784 0.672452552618672 0.199059225812956 0.695208324472722 0.121406995478199
0.429322830902388 0.283739273617031 0.169535449331387 0.617052923127902 0.570681481171902
0.396010298393465 0.0235563766142201 0.775851289583499 0.175833019139869 0.457993959041938
0.384874190222029 0.1118981019353 0.774443611462104 0.479150569861502 0.100012481976731
0.212271868898581 0.556351835193849 0.10911740457941 0.578874307323158 0.546270278790386
0.754195691693549 0.0681704123562835 0.429261161714356 0.308907772574003 0.383213382591308
0.0638822634148443 0.461100336809077 0.543880726346082 0.420177622823546 0.557628959616665
0.517081140309289 0.0156156487714975 0.134828852950971 0.746277556626839 0.396578157160592
0.239409510999551 0.676455874452601 0.575176032647244 0.321107144869061 0.226170884385545
0.363492386645661 0.552812574735723 0.492437928387011 0.520307524800168 0.221487038868945
0.323974930645537 0.746369125178525 0.569229584449667 0.0466592514929223 0.108507915521603
0.105369338707179 0.673259926972593 0.645757574738249 0.324500784011838 0.115389640077211
0.147920402660484 0.623875981336622 0.184074486750217 0.362398377876896 0.650908836495455
0.681065622270288 0.615426651729127 0.101165620008661 0.362007057114427 0.126949054469405
0.498699063132435 0.696302980266823 0.503824821327005 0.0700838716325655 0.0878077698963704
0.472371552257895 0.591594424805108 0.521460782476091 0.0330620546766974 0.39225846840694
0.415675445804016 0.368544193249105 0.142884495553031 0.594103028563051 0.563927933126889
0.167173144775915 0.0997590983204937 0.289826825964403 0.754443825481299 0.555802291388364
0.234680137323188 0.404742776024712 0.587319305473622 0.625796845894829 0.211051793377466
0.511623704085107 0.456925571174207 0.464891743078925 0.231758540590809 0.50953297626907
0.578567016873682 0.366570934282878 0.421738080969512 0.249220289927672 0.539362767785641
0.433608739222598 0.614771643896563 0.548457953854561 0.0318493095833147 0.363619005915863
0.245987301644407 0.644628129431134 0.147184063185324 0.421390077155958 0.569835131063868
0.647563371800962 0.710424254748613 0.0808550149590719 0.261670496537518 0.0308232958072906
0.679102385799051 0.137965189840527 0.452622448274242 0.0454852582208719 0.559329568856426
0.044578529720543 0.174869310233663 0.254754773781012 0.239879045810232 0.919234207176449
0.194429447807208 0.492383543309262 0.516699599408432 0.596265499092282 0.31184068795941
0.563742391679952 0.181612278205269 0.112102426150146 0.778407721646687 0.17528822310733
0.199366686410389 0.517689313924778 0.638334422078197 0.484327216811946 0.224069210832553
0.360041669133108 0.634856622574681 0.657724659171317 0.0822143586743713 0.167230790247046
0.536086679178489 0.585056391637754 0.126986147828712 0.595142482559614 0.000186342680064788
0.577349042660772 0.318952890971122 0.643557713255673 0.387028829908221 0.0312936224949554
0.55198833235242 0.220658308579293 0.502556383856065 0.41188660893367 0.473714359322533
0.294332604972731 0.332760811616764 0.0814085866802412 0.509366552462499 0.73250045539188
0.415668019779082 0.506953846930473 0.586783833679278 0.437674426177879 0.185320596852711
0.899516849465727 0.0108431103827301 0.167261771351998 0.0159161524319462 0.403140224265001
0.578242323434797 0.418522238747169 0.373363087158388 0.372106535896753 0.46109834325582
0.0202601047519547 0.427710790100495 0.72286241836747 0.454974186345003 0.295163381974604
0.486190893312466 0.441009418027237 0.221466289833989 0.160074509310042 0.703177034897771
0.358343228069918 0.287336214079065 0.187467576000991 0.577713034054243 0.648175585167548
0.163515224697198 0.61749324072463 0.769130070576693 0.0188802824032773 0.00688029233993959
0.0473419002261872 0.591237734971433 0.599850693008045 0.533617950183348 0.060230511941311
0.0485824090946398 0.203959610772979 0.533479856210371 0.649725085669886 0.499296287557716
0.632605274454278 0.599794131863251 0.400962092415307 0.192045696119819 0.205925756433793
0.0962633675401798 0.290862841930411 0.00523031869167156 0.930574598250546 0.200339042902792
0.613413355059185 0.650258770101523 0.0994008160162996 0.0914471330862269 0.427369263479128
0.547638698403765 0.306234889628872 0.443029460507989 0.457852563444071 0.447669493772266
0.625773592056089 0.335991255338217 0.0362601101404185 0.374869515771085 0.59470609411677
0.59138577285924 0.236064535632304 0.661779735485618 0.22770288254549 0.323628462372276
0.234047662172477 0.606351375080942 0.0513631560094322 0.410015072771877 0.637815935888774
0.867891033348692 0.354309714490454 0.254581591618801 0.237497416088376 0.00360152895527799
0.307064460513411 0.570338973040779 0.498418644991986 0.331453991639215 0.471319401967691
0.600502107321196 0.134552133846243 0.727858277592622 0.20061856230666 0.226423193551666
0.559273192074925 0.33061383089503 0.505688112505728 0.389516134217904 0.412873716167026
0.416127691431042 0.376655536787979 0.242977330819191 0.661644654765837 0.433770352328289
0.871501461709223 0.280585951469193 0.120499740271513 0.367546713556356 0.110208674909172
0.760309002373236 0.369492039883597 0.00945767053596336 0.523764626817799 0.104818994153339
0.325729696082002 0.547156832332742 0.575545456901862 0.0911545264555458 0.50493350578885
0.56683698658053 0.267955742791465 0.458225228241203 0.617468303515252 0.125132269645655
0.482430552865222 0.347130304052391 0.54857593981081 0.564651946918956 0.164298298140819
0.296798434870713 0.289632610795477 0.339682644513384 0.111932126481517 0.836726084151684
0.406652546237163 0.717184102817457 0.361432740402019 0.331868815567304 0.281975411559577
0.787139321862819 0.0778715886896332 0.0451547444793743 0.469559170063818 0.389644631057936
0.640752436341852 0.451900187153469 0.342289325664468 0.0773917217404547 0.51192877933835
0.669274187129159 0.487773707977669 0.434955462258001 0.336504613714949 0.108292488422794
0.292923245768502 0.303224628199518 0.50498835106606 0.557188770630361 0.506732904114898
0.327885376189235 0.708288000437886 0.438169340848051 0.101653385744126 0.4341583886377
0.3261434800566 0.541657861581476 0.220251585516275 0.739382328546355 0.070994385091289
0.629905046886999 0.139970551504254 0.0371914686110089 0.649467881768464 0.400544806272187
0.191435524124304 0.495109419780751 0.716370287036261 0.225659059405765 0.392569361141838
0.540790648872154 0.0429471733633507 0.418247595510711 0.474183662483202 0.553100187557425
0.25710425802145 0.756150204673969 0.385208252879233 0.459981830108735 0.0465358610353681
0.475474380728344 0.732531550708399 0.399903053094986 0.0171498155652752 0.277678001359726
0.157272462245521 0.48829827157364 0.298100118970078 0.158883481732236 0.789127701262663
0.0651029400048739 0.575211485728683 0.58217964016024 0.0855728125690262 0.564479861660665
0.189275987178161 0.31001092346113 0.264444964513307 0.244514745138041 0.859272499365681
0.210541141729713 0.609942269749342 0.400498039673163 0.649997023607931 0.0273504064129642
0.243128026995327 0.589289814858037 0.736549471410287 0.125014066583963 0.188394893548913
0.479839261377015 0.679237619317005 0.0677158640969584 0.514128953878391 0.198686990714646
0.46702256003168 0.40638037230809 0.194953310919174 0.421086462845677 0.633580554305419
0.314766108119884 0.425793216658802 0.715344311411055 0.455411251643379 0.0224842574897721
0.225827017652488 0.0671455141518789 0.410654559768862 0.462803258080593 0.749446205460067
0.468521388066965 0.482555624086441 0.525170081471617 0.463760201593005 0.23822392728662
0.336801370993647 0.0880205694195011 0.662164737239797 0.503428349848223 0.432336643347649
0.659681326465551 0.486380075933029 0.0324666191346165 0.304386727076776 0.484303219346607
0.5655554276367 0.521613761772568 0.625259903052408 0.0936484692958321 0.0913573184456553
0.427975933512892 0.155945289249304 0.66042791158613 0.374944769009417 0.464509484171397
0.453746954278665 0.656013355952487 0.198223300542996 0.480583494168016 0.305789480770499
0.132680432561296 0.464996960825303 0.461445496878294 0.604863214695439 0.432876742454043
0.151591714775325 0.287599178405318 0.0193555173365253 0.715691924887247 0.617832580228564
0.544008002749447 0.461210292369457 0.158440483399778 0.421481074320194 0.53720636292488
0.386169510615615 0.579891856094138 0.265885337842731 0.00682965249720779 0.666225853051063
0.392731309708015 0.486668298532286 0.33298096641179 0.477164569183557 0.519955513002851
0.360571242463123 0.896004628482444 0.244930987506502 0.0208782731791305 0.0820791929467201
0.677092651952945 0.194164306181368 0.649752177295834 0.149752295636529 0.243397043793365
0.399180220114969 0.549669806261511 0.408025777364124 0.49990801463575 0.349464158194717
0.757048610479725 0.0597762382188903 0.22812096619654 0.464036899197148 0.394885785614232
0.664943919172281 0.480329107675668 0.414908246778528 0.365347210280467 0.146649566554941
0.360184629002961 0.271258897150122 0.478318370176298 0.510042317316711 0.554755815692804
0.908122857624512 0.15229151178879 0.305338510924711 0.020329129803349 0.241816647741
0.40564424050255 0.0816336597209062 0.0865869119444598 0.631506743495397 0.649992796381191
0.0041852470122743 0.629604834065125 0.410603769297715 0.274750631109999 0.599580580049453
0.466332293731675 0.680580979890344 0.0983755479486652 0.499599638344423 0.245084015322046
0.36598410505953 0.339616575089346 0.641473923707575 0.581251559104691 0.0370681400927094
0.108872582540885 0.366432628965888 0.639108304204379 0.016343234571768 0.667193647587236
0.750569279776376 0.205983117991202 0.54678468403079 0.213681820448707 0.222673079373487
0.141675731883331 0.933352964430913 0.0178373222312915 0.0160291841554011 0.328945475685984
0.0753810768416221 0.545990962162675 0.412206385123212 0.519287519001411 0.506594444466072
0.456479590638437 0.41399306199327 0.260632015790457 0.280252886111605 0.688306181959105
0.350463926956679 0.50412633881141 0.594018560989789 0.505062615223086 0.122822531818655
0.31241957570935 0.245564551463432 0.293156561541329 0.801438855123694 0.337412287419178
0.00149494041245424 0.0471851986647123 0.592991867584127 0.739714558323027 0.314570086569263
