0.255482542542609 0.285158103064121 0.528479041727326 0.148985260667037 0.729504583663512 0.0677607475287444 0.123119311158121
0.145780296402705 0.615711146872464 0.118061663816349 0.382047733402371 0.597912838455023 0.199253995188212 0.206269107597221
0.472165060303468 0.345526020780739 0.240948232810266 0.176901196909811 0.110434333691403 0.540894509807195 0.513380197935318
0.460818088022925 0.244017023695332 0.347506751281155 0.187734507502799 0.372606682689634 0.518151607858459 0.405931479061659
0.0893837188239763 0.570785363279466 0.143410030015369 0.586924032913962 0.229799992420777 0.498347919447088 0.00311085523523646
0.410602068512752 0.223564878114021 0.597340335159313 0.253148095573798 0.477079039797015 0.351426514303755 0.0970579576165801
0.422321111252089 0.538827080179444 0.192901568982914 0.0256518334481667 0.407387634496638 0.563360172410051 0.100507990638177
0.561958266117172 0.0133561688974942 0.621324496538701 0.248429221841593 0.147680113404256 0.0291541005314676 0.462173056503926
0.484118468600394 0.561366273331032 0.164304387113307 0.219100890014657 0.123045875624603 0.599997901270337 0.0189292065208662
0.595224899654128 0.109852691274997 0.31947606273167 0.120964940469069 0.0526838758085222 0.381218881920019 0.607321008090121
0.0801265632772231 0.0166409946417919 0.388863859068883 0.462550097415592 0.506809086464782 0.319192086708308 0.519033793991417
0.480210661704459 0.259877514236966 0.433898345308458 0.503186222098701 0.0942036048691236 0.5004999301056 0.0319804721971435
0.0947149579905602 0.471189834740634 0.183945445263276 0.485197522590757 0.0296349043962856 0.445224910768089 0.548318525021359
0.296122021059405 0.110930662678994 0.149051700983274 0.567814145259237 0.446006220748442 0.399539480912333 0.443647921041903
0.234966394163739 0.118118358013504 0.455492552678162 0.499706805118763 0.35187727335396 0.576866339510877 0.130637289174718
0.817063460884622 0.0555076702392402 0.232523434198221 0.179353745934225 0.0397569697964537 0.314786590991646 0.377385838743777
0.241702586292893 0.15671009655652 0.516920078108665 0.474101885363066 0.476892052595483 0.258076531496648 0.361957614399556
0.461274203840532 0.17414455072266 0.490199201075546 0.345654512311089 0.374443449667579 0.0271512794290918 0.506144640132811
0.385462161063905 0.247902551243739 0.458423463894314 0.13159461474877 0.635194854278106 0.245337710298593 0.314373881865384
0.227516453503921 0.497722968082047 0.000225377917737246 0.363475520626874 0.459044557232706 0.515122139150734 0.303843515267669
0.413864163226281 0.329793298487865 0.198086249754578 0.388811439096777 0.592133717421608 0.299166564873991 0.299027363813295
0.446199047017684 0.475850393909529 0.027407380230459 0.451402605015158 0.219045406239003 0.321879012339305 0.467301132217922
0.127913148646593 0.118027473023538 0.612909992995981 0.583265416786597 0.22502806101609 0.214994079730438 0.396220208366026
0.409303386549513 0.0618119632525024 0.555025595986638 0.376124536568532 0.190703451555744 0.132735288817999 0.570210905206033
0.382984219758877 0.583380847139186 0.360492312431733 0.26663056767478 0.518994575803012 0.189579749143204 0.0815319364896178
0.0236666010637421 0.395295512065485 0.401658508116292 0.199332457326564 0.634779265189776 0.00775966460153765 0.488992266338972
0.170853240604284 0.502256533612048 0.475830671468543 0.263156882157962 0.386247463414996 0.465026977687025 0.239674736070519
0.432762763777678 0.306123926620323 0.15469792897709 0.697224835525901 0.39947109521959 0.0123674967915693 0.221856936878953
0.290509083238202 0.0690443077983258 0.355520385458763 0.147426241451507 0.737743244347865 0.143439502547978 0.444823706089681
0.22544942957698 0.63113962314581 0.233896194294039 0.157692954270281 0.399534051571484 0.501430783859664 0.245357991310276
0.12356061398432 0.355314635097815 0.346743931741851 0.447510760559275 0.331064036037787 0.476357433093674 0.448851032882586
0.132426845459881 0.706877682561599 0.177139993636814 0.621368761813326 0.048747196637801 0.132063965838317 0.213288951288675
0.147320107425887 0.460101940521442 0.541920430793988 0.275999610723957 0.247989947412751 0.4988003508098 0.294021509177395
0.0289797951160805 0.605912063025276 0.268106797736066 0.143410570491533 0.556542742871699 0.191323396556722 0.439588932892235
0.0466322460953913 0.243080592153456 0.40650055539708 0.320650144388471 0.0672341943733556 0.502061214040026 0.643499916994216
0.405590677271752 0.528370981808749 0.146025947740903 0.572724846917828 0.0389026976226091 0.218455836086455 0.397173272262213
0.460612912429614 0.277245035322182 0.113888262025827 0.575157846730086 0.147656534218812 0.56813207928688 0.150390620709914
0.183125339407987 0.0553858261317386 0.508579717784659 0.671173653298624 0.0135523421206916 0.207379399463882 0.459434692646641
0.266698484671456 0.482275547414399 0.589314202135498 0.405650344879049 0.361597510212272 0.22301785515257 0.0628415498888628
0.489699048883268 0.158999433198616 0.671543584957846 0.263716354822957 0.422246505041701 0.189886974259286 0.00690980845763278
0.10562545048227 0.0470105636650909 0.299396425970741 0.259918267364852 0.397806563650614 0.550915371986649 0.606366008567111
0.487382056967528 0.450623585242149 0.0594076846822598 0.18019521834405 0.120482495052893 0.476722941035125 0.530675730680137
0.157314682574597 0.565182296300094 0.40183309832475 0.510097431315958 0.441574945387742 0.187847026583497 0.0622647288643512
0.293961181287744 0.160577970595222 0.0802530750425051 0.331110119986919 0.563650803430949 0.370660263897434 0.562704018292952
0.499032667928771 0.537332808851218 0.297770255563182 0.322136910842346 0.00774873713258184 0.512248082552391 0.085687767160721
0.580407292969534 0.034905462283083 0.46420627855309 0.0403106076994267 0.0723290994694252 0.4149249590889 0.517109609777648
0.549781344688792 0.146026433665986 0.439027251549876 0.347961732899464 0.325875910014169 0.415958982340521 0.288751579770253
0.296769168017609 0.463624918061269 0.458820835995719 0.460482589938269 0.255754594789479 0.179466072673284 0.420476797326616
0.494122645014572 0.361466231963739 0.152837083457278 0.147114316980258 0.371356754471686 0.477937233089727 0.462442797141696
0.382980319385773 0.00138909753212735 0.265267773417095 0.221656198148948 0.665472334940482 0.245523889750662 0.480302274167295
0.58174174295983 0.127693478121242 0.305707979271164 0.473001706987082 0.135187514285964 0.547983036197292 0.0975800428457892
0.149785623620631 0.241247890937976 0.120174181184285 0.439373254850671 0.511098234938264 0.584561811315214 0.330059258570394
0.206311341218063 0.191445372614669 0.26565122439965 0.728461516785113 0.0320059943279629 0.286505656937646 0.486258851021902
0.316642553551435 0.517723371536046 0.332109716577261 0.513177913947514 0.242016064396959 0.244990924304824 0.373442418880475
0.252146052330902 0.46131203357028 0.14444866789373 0.755674119827215 0.0695623645340608 0.311411886873155 0.172882899960689
0.457409327921306 0.346899659167724 0.368137596310387 0.639725088879495 0.208170301835547 0.227538664424805 0.174800273644815
0.566961010242947 0.0866914241278807 0.396503013455185 0.346140222852621 0.597815517251493 0.142002135818511 0.128312575563676
0.083967444531161 0.231383717693684 0.432711908335202 0.318034890250776 0.357767892575945 0.485226637292968 0.536267192653406
0.189756383168266 0.125925298647762 0.845320252089027 0.171552300923876 0.403967310619185 0.15534951869458 0.129675566918767
0.26702082978931 0.0463738478478362 0.322496710099471 0.149079496166521 0.517183049608797 0.72683649787534 0.0674604850695805
0.372523948013864 0.283392814061912 0.380571865009556 0.220984799112008 0.709985975663708 0.270714307818684 0.0993925204525581
0.0785474186274077 0.474387709844252 0.397851288723006 0.691659757648468 0.0982109460484409 0.135936813583006 0.322464770596683
0.134657563460093 0.588451972118729 0.00794012500082852 0.438873316140588 0.43146348008078 0.406809852129319 0.302098979598423
0.161878526253569 0.150795955374198 0.449524273061343 0.301566760952933 0.304996325992093 0.545999803470887 0.516626359121232
0.00415263051159187 0.542126058333347 0.322646313757056 0.585424883391189 0.232629907199703 0.324756577586607 0.315714501174195
0.250149308783641 0.222059483753664 0.429607752447742 0.625681643670866 0.0431833281627171 0.162380625413995 0.532768525214466
0.0596449227237734 0.295245070354177 0.360357479393444 0.574013902301501 0.418728904751828 0.326895668351314 0.409546926460351
0.732793331906818 0.0461243974168549 0.295645942144258 0.455438248617581 0.300533091605585 0.194672582052049 0.194520944663543
0.469364451578732 0.440256637295605 0.0211684646001755 0.0109730000560768 0.282572339770434 0.531267986160148 0.472450837617635
0.395941132976865 0.27992778359388 0.554486044851677 0.371087849349283 0.111725163232702 0.179926966945144 0.524265070156147
0.382611624127532 0.305173616500051 0.366495965408543 0.589132043714428 0.451662941873608 0.244860969361947 0.122984730369661
0.297312373500094 0.48274182797855 0.496186399836791 0.452732022735376 0.169419882299107 0.146731568357043 0.420909969732065
0.476489740444826 0.334963508766185 0.230459570624594 0.583174057347175 0.32393508089751 0.0265220750887897 0.402387901268837
0.497173842370852 0.308604942918928 0.136375963475769 0.620638086239496 0.41045844049545 0.178593203789052 0.231126498588209
0.222424360616098 0.487502873640924 0.332559989685383 0.109771488082306 0.549406437083295 0.512814937002057 0.15936070073902
0.202767172221562 0.516153586029351 0.558313630673386 0.319040649041327 0.0502058169110737 0.13492087486297 0.50817874516395
0.153890532452808 0.264985264730447 0.55076898494079 0.41168445001544 0.429273593208405 0.263750838489552 0.423591347539001
0.430283346364521 0.32177556501996 0.478317971739426 0.350792383452531 0.273680206814245 0.340477093823437 0.41066755679
0.512726584076016 0.326620201242842 0.0382582687130436 0.569537835530775 0.298539791122843 0.0171735424396231 0.463867131247979
0.293680611079395 0.2111875243364 0.225262698205095 0.0164010840680709 0.668081224390032 0.451671051588004 0.409633968628518
0.314396660977361 0.478928450311385 0.228034408160773 0.291306431634848 0.259326271571856 0.450007777945828 0.514942749528972
0.301526165839806 0.348259302226078 0.385820997504399 0.16970186572641 0.35001761176361 0.445035244133456 0.538119101421806
0.477433043118183 0.553722868339282 0.441418217562333 0.0442762599578 0.215151636068988 0.462083965247687 0.0939490658978761
0.0812167759431055 0.139692147809783 0.582733618249367 0.00682722748840514 0.459285467470413 0.178388350690707 0.62569906023651
0.201276950489456 0.21578993998459 0.102212338515688 0.581822292789863 0.625079040428143 0.399752209603631 0.115896991356376
0.122207720069529 0.185475701380814 0.513029370440782 0.243499487877329 0.0828740118538602 0.489206600943177 0.618046682358368
0.384658772522857 0.305626214576649 0.204858294807198 0.505426577056519 0.342172200121686 0.288605487772901 0.510717493169781
0.546259332492158 0.188885387343815 0.359454432166645 0.247748211839757 0.438276798769926 0.377959119576934 0.374695527632465
0.237426257233958 0.00137421984843555 0.781142744810792 0.464605530261408 0.0578595945326669 0.102439562088226 0.322091603143185
0.546607906082982 0.218489661676165 0.441113821157626 0.332905692607296 0.277142665676834 0.0420178416713854 0.519134765936943
0.398666288682797 0.308918355992508 0.500270462926548 0.119502705092594 0.558751497853265 0.0224112798271979 0.410338525099486
0.48440319114626 0.238642656037275 0.0922046973954237 0.400596717582969 0.518029465026172 0.364135397088481 0.372121862726011
0.162281878054362 0.535552284890104 0.477116399047887 0.417615040012271 0.241792637243032 0.149738162448814 0.451575869152435
0.226464422631133 0.418323330236205 0.532776272080988 0.131625309533881 0.0533527011058204 0.625243057345543 0.280656884800542
0.0340230155307741 0.11091576542775 0.441989602622504 0.4031689571646 0.531955398397237 0.308038008951024 0.500775548228649
0.419665299048591 0.354088305285983 0.124208860224475 0.516507260359922 0.552837399811316 0.271381973950358 0.192399458045109
0.508804729420215 0.156048341968179 0.298413114450427 0.389816960035735 0.381017666636541 0.0976760773069159 0.566607390274675
0.33588423741507 0.351536087768508 0.0544788826473572 0.555353969682914 0.159403293854151 0.192764740619523 0.624219931144279
0.583005925512786 0.251751834855973 0.484255083436806 0.0641024762391132 0.042620811679602 0.159209854439649 0.575281391868652
0.640037575167661 0.143472638058184 0.0975201429729131 0.37594403602295 0.113008080566151 0.433754880757472 0.466914644385105
0.145958129085233 0.551700572145182 0.51591584019158 0.352392318385086 0.491555291385867 0.205751542502367 0.0035918379236568
0.136930513850424 0.328051712446576 0.28395382233696 0.307811682419539 0.29123194954105 0.405750404802127 0.669928999113518
0.179335326211409 0.411729158013092 0.523825962369367 0.276183686578817 0.543521795745984 0.38997102296886 0.0123908201382753
0.440476348242051 0.404274412283779 0.478741934841901 0.34502123173817 0.187869786448825 0.492126925589497 0.129712482572664
0.483584906706767 0.111277982246507 0.447667338765709 0.515839733978748 0.154324414240145 0.202637495651655 0.471580525307373
0.0191356758989752 0.325881202223964 0.259513266342597 0.485432958372902 0.474965087474123 0.521856075591962 0.304166693625283
0.30495375958669 0.564727175980566 0.104015163094401 0.662625446261587 0.189114732092471 0.199397088653746 0.250342174189728
0.0722665744480011 0.55291227302629 0.370610697232636 0.472430701653868 0.0954527609225296 0.53983389560145 0.167304032760888
0.163224522975345 0.100131481442976 0.334248895826921 0.584792581403615 0.0161453243452084 0.562699066598219 0.439016904969008
0.261119901111435 0.0794765465715347 0.483090360069284 0.695193995879599 0.00649036816482207 0.161724955319134 0.427354421806786
0.207335421839552 0.54771454341975 0.376569531245137 0.124639624227126 0.223068526230707 0.497028569005158 0.450426673483479
0.452891036008753 0.367931107348173 0.11779950897595 0.486251990836638 0.204120791373413 0.553673749970441 0.246938793962509
0.133531991888514 0.328436994670077 0.551138418530189 0.358717052637289 0.506070790741752 0.414951557191709 0.116509344620189
0.598098507781572 0.184346382234844 0.587769599508286 0.216814006573033 0.328763915374885 0.324071787400613 0.0520089929949303
0.0743465857024009 0.600947873953613 0.35170714480129 0.0858277128608999 0.468029775838384 0.240414963928111 0.474782792478767
0.184527152191152 0.501288665138921 0.369361946593374 0.323550734463677 0.240813519146816 0.123071570782869 0.632778252158997
0.541271687257755 0.0402445001145892 0.158907704033786 0.327775034905024 0.653935194866757 0.180479720185945 0.335429635529676
0.273913757059469 0.0563332880444338 0.53704590952854 0.556389714835907 0.531742064225111 0.0238323843347669 0.201227198026729
0.58883094916371 0.439317710727265 0.239381788438455 0.141843338126853 0.331868731489346 0.407519134665163 0.326567281096509
0.220566267782239 0.15580572725501 0.0213165801765434 0.00826311775309008 0.287938050332858 0.588133811632641 0.705508837613464
0.255512553878401 0.326255721701014 0.0864333010939938 0.738859524251294 0.470041004259395 0.229573635033323 0.035267933954792
0.598923763068919 0.643758257829383 0.398317927962737 0.167870965977529 0.0869066396462849 0.0867134738118263 0.157974073815809
0.294248835450617 0.102449624656771 0.493686968190155 0.407421722656528 0.00536621944501214 0.685175195346436 0.153975874607952
0.0108504030398811 0.100777150277201 0.415002349954803 0.289014310053485 0.67023986451774 0.390568372408538 0.363599894578594
0.216085563964817 0.0759932771342904 0.446620278888897 0.585409812013083 0.270744007423593 0.30179521744088 0.490892104779079
0.15234336459255 0.676292552871687 0.148963298856773 0.319278977311598 0.430929276267496 0.329798097652845 0.317527835119413
0.323199404776685 0.417623003023682 0.341777448766464 0.511089045401652 0.0453585501160059 0.417981960813479 0.40785171036602
0.456639742588418 0.610345217735139 0.243599103605119 0.514897436952103 0.306693013845072 0.00675974602002238 0.0198158500180491
0.455625243677555 0.0411111807125518 0.426150994215249 0.488119523878014 0.420190508276193 0.431102537817833 0.0918733221575382
0.394892870723104 0.466162276718205 0.491907801752322 0.292826947975374 0.42139592106893 0.119955694684591 0.327211788526631
0.339968674901721 0.269337998530189 0.409593867439576 0.519119206954826 0.230630159590773 0.526861359520134 0.209411777824302
0.585738613691798 0.0842431687124175 0.646068332716728 0.3537003279613 0.0662640591406513 0.267475318314452 0.177119115216806
0.531968643498036 0.678854484938792 0.362869424953828 0.0874104438215428 0.218992316286718 0.0342644753125124 0.260229622635247
0.378560002019354 0.100106124898283 0.255365374226749 0.430257323341753 0.179861805408374 0.688880892287569 0.299050325500746
0.363636651162879 0.212082066461656 0.457284380964369 0.608878618955421 0.128385786601919 0.221179238241987 0.421359988241259
0.163721745169235 0.176085756380633 0.289907812356641 0.244096904804373 0.649848276225153 0.523206222809934 0.320174365398403
0.142372829421556 0.102811715854805 0.878496892162312 0.267786339080923 0.0977188539533999 0.265665949037504 0.21346204508606
0.637091414795794 0.0307044663646 0.400452630605132 0.370101176605185 0.480463611877393 0.182670355942461 0.177822477142879
0.28716619373229 0.403314685024354 0.0149931161537313 0.551838836593889 0.3503078222204 0.424869379269936 0.383265426520183
0.617599868243001 0.129727068135117 0.605116014214946 0.321966554905064 0.0166579971181449 0.293493548236026 0.21330139633466
0.445438010496344 0.362148813327859 0.462008183126154 0.441422105095414 0.505561029559221 0.0652830536800445 0.0476901243562573
0.254700186291714 0.422627777793452 0.608059036255912 0.420952344425468 0.259807975357906 0.299930610730859 0.228294444473817
0.359210247201428 0.47833036110464 0.464155731427145 0.45463832974225 0.064878602055628 0.464356852837341 0.0139638920724118
0.026636676774319 0.0288841997903574 0.592105655138697 0.157166693566868 0.45923703908542 0.546531957155829 0.337001299371975
0.52697654882183 0.177256392033286 0.468568835571733 0.155970611917539 0.14486074413694 0.339222582667252 0.557616093061208
0.485504227311067 0.428051754827377 0.446015444557095 0.207740915409602 0.321651652264023 0.485124227817347 0.0128830863558095
0.207253157046209 0.439344741193887 0.36223958276787 0.480077888515239 0.130294156223183 0.385450049409727 0.486602224798338
0.229200349561443 0.381771092540305 0.442511333310196 0.306237524980436 0.457543113427982 0.291831005743066 0.466486113715085
0.38807261255493 0.310749623188227 0.171222259237961 0.302592541169723 0.509316709987679 0.486003541465176 0.369258794957815
0.565783539561046 0.228543936277808 0.0321267585093972 0.0210701772208569 0.571367717314955 0.455205686821552 0.304150109103378
0.00829204697341357 0.277667709269156 0.406744743008267 0.183781164626906 0.50595950391958 0.556802933658863 0.396976770368321
0.0860314242493093 0.657384516283654 0.124299407370019 0.298787312113569 0.631686290181996 0.0614890164211883 0.230025048408243
0.557664148993179 0.139675472130164 0.534337008055208 0.22860231628555 0.242214620810845 0.518948282705237 0.0612467106640332
0.0129596161641482 0.315252877529261 0.354513326984578 0.43775392807338 0.451179889739607 0.394877376090951 0.472914406580231
0.180903329145326 0.442807194367028 0.279729017188298 0.316359475207353 0.61076512954311 0.316283456521687 0.34611394825291
0.0991291191312117 0.757043109037195 0.0127792970783578 0.361975829816562 0.0464966187404472 0.502058234089918 0.17789022182959
0.473770951240026 0.233594776350966 0.525047526377842 0.38203502015366 0.364048144204547 0.402147672823644 0.0713799873011883
0.553067856472658 0.403839166543725 0.337061847857233 0.42986959257564 0.37504457399982 0.220141779211341 0.208591664164432
0.194000103173607 0.335857083158334 0.301187088730424 0.405870145292946 0.511155977404166 0.286760114951323 0.500607576490884
0.0436391465572619 0.530918854235134 0.172801230759071 0.0101191553181197 0.613792438354136 0.162142383736983 0.532190588478017
0.473945082323787 0.375003728631261 0.372291493171451 0.165568709790514 0.261618479067547 0.463314139924647 0.430848103234185
0.322521113660649 0.0779940828863912 0.605658397889646 0.172351321130235 0.188449367690453 0.490450815373281 0.466170371178787
0.217454059854964 0.586829777627912 0.471393296001005 0.461317495165454 0.232429335903426 0.0582197106047964 0.340449911425946
0.684541505104943 0.00312210820753889 0.0394527566327266 0.427983603998878 0.579762013359827 0.0554391208828215 0.086424572153466
0.0592427572761853 0.551146154978194 0.311656651030362 0.468802387652235 0.557081324567375 0.0767883006939029 0.24410370635853
0.440442702239236 0.561675337208762 0.328861698776743 0.215310984046544 0.412995630887131 0.073891422408763 0.399996089236828
0.257647313296817 0.0525554934263326 0.378701736592795 0.0751564975862604 0.245740901525064 0.594661129880592 0.606450185555748
0.419479667741983 0.118188023444354 0.11920294890978 0.378139390122216 0.169144008561829 0.592674096784564 0.522491509445694
0.575925038932304 0.0496962000702358 0.609725112935383 0.0327564469136792 0.118718590895063 0.422639005218745 0.316678238144854
0.348174666718234 0.112832422472513 0.458143755378663 0.456684728000837 0.449501410992178 0.310669664251666 0.386030368938466
0.320398467343795 0.536204742975711 0.459238221736836 0.0100933607021371 0.107082981455624 0.0392220273375333 0.621146152812631
0.303492224482467 0.28822622306865 0.385435751505182 0.177705333740505 0.117792363904382 0.631451065662867 0.481739266113033
0.649799162198161 0.274124133013309 0.0599796725506015 0.235118677211871 0.260012593429906 0.613106452190872 0.0152507230290613
0.102973257535961 0.545178175686697 0.268916707135489 0.224406577147064 0.347004701530846 0.670078076753196 0.00926638624972664
0.0629105940721102 0.280228741878731 0.360702118811006 0.350766686146965 0.63829067062827 0.382195810568528 0.332989797029976
0.492319842049523 0.358401617133204 0.211624473064902 0.537571802483114 0.0635704982944555 0.52902789300385 0.107188496146729
0.191303306542172 0.407661032452005 0.421786239784836 0.28300178274143 0.0671274565783172 0.446204503050124 0.57932489369149
0.301586200578933 0.541323707140467 0.0939062399136161 0.363605488451832 0.182359561396678 0.371283406694864 0.55125374997484
0.581037140940186 0.0222558208705352 0.157809923553376 0.215349603851605 0.680800963646672 0.10598434072541 0.340438633021035
0.493695789504344 0.30255192044977 0.269676748907542 0.0492005181689987 0.515912198788433 0.487927830343507 0.292132843901473
0.423817190764409 0.211662326737555 0.18495694000936 0.265566810876584 0.0743495144646138 0.586116965931682 0.567258582572127
0.298083586042029 0.0634979195655335 0.526420821935004 0.183194013762041 0.551214021321913 0.527793561738011 0.118458095477814
0.344261340379664 0.44902798255003 0.532322242109978 0.204968694492023 0.203083475230506 0.463028804591704 0.314388761642281
0.112017076585844 0.0862129287483288 0.426915931996314 0.11887909349184 0.369229483562676 0.577384958857495 0.560291220135781
0.0255807636649131 0.36402355315946 0.0967354459623293 0.264205578710158 0.618896183285599 0.346950088939838 0.533163476850711
0.220667890176965 0.478485854608828 0.419964660742648 0.0698547742762194 0.0966898978094349 0.72395392885979 0.0874570521588289
0.301117762012812 0.29530065011475 0.523318474991543 0.0852541923885853 0.590835608998149 0.281716164671905 0.335476380028812
0.117425017507263 0.0374283359864955 0.199275915122253 0.459570916113814 0.578538002895189 0.413109037129941 0.478046933146547
0.406334486092457 0.303382066243374 0.0353022352944391 0.480312379255007 0.00947193194584439 0.390577357744449 0.598552410348557
0.168589459155705 0.334581510230134 0.165861753512257 0.149697543239756 0.346484454075183 0.81255950407074 0.171490253285909
0.192812342798535 0.269562614698425 0.295574991185029 0.397635775846727 0.188726959175552 0.0555174884259421 0.77844752869635
0.095790395048998 0.127852509967038 0.121069332748206 0.500195426159955 0.0564991763920399 0.60663917552545 0.581740012387728
0.340119143976276 0.506035154834735 0.547869919442993 0.461795324558416 0.219612588630921 0.169652534573911 0.194471972235642
0.665056475878412 0.165806558953549 0.16732026680374 0.55639772043576 0.31910999156057 0.176399406936927 0.244306439598505
0.259808968377618 0.350388240312671 0.604960596966161 0.0435918549505105 0.267253445176922 0.43376085201048 0.426939019774108
0.521325772349636 0.133786499231035 0.0781522752046875 0.241107104689534 0.433885509572536 0.426120461423412 0.525590063257859
0.0805991467962096 0.188639709037513 0.369095951462404 0.350018693332572 0.200231000767212 0.570378844138713 0.577710525378007
0.663792275726385 0.391584130363332 0.217247735814176 0.135672358965729 0.123566501648627 0.127630919494244 0.555769542066892
0.364419856630119 0.190229696263814 0.489143681209798 0.254371209657218 0.466828677255505 0.273905980913305 0.483829595306972
0.183333814310212 0.430811462732255 0.478970212371879 0.349975203395089 0.334339480449624 0.504768816397498 0.249641027444029
0.487605313279601 0.510587371822055 0.289878649971519 0.449731577069916 0.26926893636764 0.363681460964412 0.102388993219366
0.145129077544867 0.0464654323983367 0.303431007595938 0.256800842538282 0.674326198954905 0.395491541529268 0.455666636178014
0.337829162217172 0.3916352172665 0.420028297444567 0.662157213420736 0.0518766994601786 0.156793813053309 0.300569253341539
0.525430931930468 0.17303322712668 0.131300922045649 0.652502467119244 0.0702259416240456 0.355102418755914 0.346342353273154
0.619937683785817 0.429991693164579 0.166373658429772 0.414914672258926 0.0566912638897518 0.343616761578639 0.331155030638955
0.367475081589356 0.559626720384835 0.0312054949396172 0.143439278701447 0.0892248542895338 0.144769365086997 0.708033999863503
0.0463857553442429 0.00599645665112358 0.248372073094197 0.395795884960557 0.473514622519325 0.550306209736134 0.502410502229191
0.466237321765563 0.0346884556587655 0.327022663324674 0.0354718111266785 0.615565821606768 0.271776986987553 0.469503341561982
0.435430605979995 0.476523293070037 0.353674584496618 0.479935523976994 0.126173812167535 0.447425668145811 0.108592634423526
0.34906329998743 0.352661611893159 0.451109719179416 0.385129387570978 0.195546340201521 0.38554354871798 0.463764786357928
0.440464797488739 0.553633965208968 0.216946946334155 0.301480017729909 0.24335549183808 0.539857986754157 0.104189610115665
0.0371437987780797 0.47889086623017 0.404962823421452 0.233588161060639 0.223258570308571 0.681278006533355 0.191680587723943
0.500842164674705 0.602272136550219 0.374536097262957 0.460339154197561 0.134785783192154 0.0350182530992047 0.121829754896147
0.303574850097183 0.487229208001544 0.149279180793873 0.147515660122313 0.607576832745638 0.201496382406826 0.465461561943186
0.168338838587702 0.550650443285824 0.516449622060965 0.0150533955867812 0.241941257679658 0.0492673528200774 0.583555021968751
0.49941160951066 0.6274762657343 0.0934682479186519 0.0225863309176502 0.30778491922721 0.492638179123248 0.100951436241572
0.082532932250738 0.492506966073645 0.0708004022309697 0.557755764585308 0.312409987349774 0.336789022034975 0.472751698061106
0.448304701931742 0.212880706842898 0.39876765079656 0.408993676404315 0.316636817816254 0.546152619209898 0.169916668849175
0.0475542504699762 0.428419942301765 0.304147410128092 0.446141211955124 0.202386122029203 0.584187756781796 0.374715679741604
0.445418669772489 0.174762178105659 0.0600336666536782 0.566565881164165 0.544244578362951 0.129289286081108 0.365433400659862
0.299398131027416 0.399895866378972 0.492427279399493 0.0974126584623207 0.148483490719388 0.610661069118812 0.321738893065906
0.264842443065394 0.288347338169027 0.394854682695174 0.293239586659901 0.434661229905254 0.463174255258257 0.448724683714219
0.0871446559784077 0.354043805513631 0.615190749401177 0.0276867186301191 0.108193311937455 0.42831907024499 0.54098942826179
0.205326503293758 0.454117845160081 0.0906838976758243 0.514935022427309 0.147576602163355 0.280726052729376 0.614532662228244
0.422716649362373 0.512921320381365 0.260491573367512 0.181790229144675 0.196730219958396 0.373989480369791 0.527965808902418
0.575134998573421 0.540779881487961 0.309240980816096 0.0376752801037155 0.215218112673037 0.462741627013122 0.138848092725566
0.462773102607816 0.386287763634893 0.419155642702793 0.332019975105596 0.414142791724602 0.410858021573668 0.101860378268987
0.485514614545398 0.581768620701708 0.342107602060832 0.354106410056128 0.0371380594223198 0.123080747818393 0.408489613157818
0.418073100109015 0.461090715573697 0.0852132215148971 0.302286938679536 0.303086254514028 0.414897940833881 0.499969968674364
0.0351387504095508 0.0340553098362077 0.00293903325132883 0.566274049475628 0.420987511555584 0.425957418782861 0.564145690016077
0.0718849363392313 0.655984041931547 0.398754276705107 0.328018639060166 0.459649880774201 0.143659379771245 0.256905160721155
0.509582689736843 0.235948089654366 0.329943843400363 0.576253867034462 0.0895759035045545 0.354660915085528 0.331533278964698
0.611109424591004 0.448615951407741 0.320463586473346 0.407801422086709 0.310593587183857 0.204800923543333 0.133709739822273
0.399736711279965 0.559130226529954 0.190193060280921 0.235297281012482 0.293705975474794 0.539772482718551 0.24171927452109
0.393745341638689 0.557834181579231 0.228429354760795 0.471200577970008 0.0130135728405049 0.0422183139265588 0.507566683200428
0.309642708518976 0.482247794027031 0.409862606423941 0.543939518520633 0.204895055260568 0.353373771691641 0.202103676547964
0.00506295204810114 0.510781835797072 0.353767792732789 0.363015741419361 0.352516480273359 0.476625520238939 0.36153070082041
0.00540811430668897 0.166979629289853 0.411053779269221 0.651786441413708 0.0716878150303578 0.564627674469617 0.233139931026027
0.285755874932374 0.169935775086387 0.618929277274307 0.403289903993505 0.162940219015223 0.281928155257047 0.487561499359481
0.263617962841841 0.724450671814604 0.256507859349655 0.238982284253007 0.0781317432181283 0.498692643628767 0.167239521560566
0.534695342828476 0.301557147511262 0.0452353958439543 0.528195591997836 0.0417924823008039 0.238638388271228 0.532383753288691
0.0208759395764671 0.099675806512893 0.586950222735078 0.564126006721097 0.0153745038881282 0.153022087993314 0.550661491781763
0.516354800360335 0.124051651590496 0.416911322170544 0.266602395136262 0.441276111692923 0.193374202525395 0.490895947511251
0.417693555873513 0.205288273766399 0.43575120543184 0.317383244501462 0.404247639040613 0.311705374770741 0.481872583552228
0.272052520864887 0.218262313021487 0.624831167023597 0.40587289256997 0.309047190669011 0.104182525203429 0.46565870740298
0.100823033085896 0.392829322027894 0.604831108304682 0.0187751027336523 0.487149020744454 0.479025582149501 0.0506654609451742
0.491968370890994 0.359119703880731 0.514529220086978 0.499136483220223 0.327082530468673 0.0610263477928735 0.0664485986307044
0.417362615652288 0.567410588210411 0.368251931211269 0.158775873547751 0.0196650401762862 0.40299329761412 0.424551642151903
0.0470895321980622 0.0362436636843215 0.401985575605971 0.26658662270922 0.105271387654555 0.553374374286965 0.668208709327504
0.319868442493939 0.214475673987827 0.295277145415927 0.494003923277821 0.00341461212748928 0.568005774486519 0.444762494505887
0.0898353708469272 0.511074321196531 0.188792924848124 0.4809982672788 0.503284409195309 0.428882884819303 0.162772286739432
0.185412660199343 0.376609926609918 0.574316617700579 0.338755530613275 0.329698460283271 0.289918833691075 0.431784919707265
0.184716873188415 0.399897544438445 0.225270710294399 0.453191753062161 0.340719766378897 0.654892428370011 0.0696987863153991
0.184536317696151 0.434963977326172 0.46507393834072 0.106066159345581 0.427097885323706 0.599294857713992 0.0874182902329717
0.303309267582116 0.144665555553159 0.509170359733217 0.589702093679117 0.206314635590978 0.00889185003755266 0.487265386477206
0.390301680394976 0.349872182967927 0.451071262877039 0.325251532477837 0.0465716701980254 0.54432745125452 0.34283948961456
0.24497315582188 0.186173216360654 0.373708934814284 0.53791956161609 0.0790755995073393 0.470851904735372 0.498354690032061
0.121347966015372 0.293281889940035 0.205127941774151 0.0850357105427624 0.504648625539343 0.493180235875593 0.593342126682463
0.572458458936739 0.501618317190791 0.213870068172835 0.111513839395523 0.0147440607330372 0.595713415286236 0.0860393731647239
0.509562362859249 0.474083401719815 0.310621893418538 0.0149196673151191 0.227446543706181 0.472734596427154 0.379041739818089
0.245001885151555 0.28579427273618 0.486548632806524 0.353406115188296 0.0633985362669702 0.492161302203554 0.500427950675729
0.331903971099105 0.520040665042837 0.550616304852839 0.112712619865005 0.323341907206455 0.32638009920204 0.304041202327546
0.0373136534963157 0.463106874109933 0.438890888689574 0.265902826920055 0.289821863736586 0.452056625669297 0.482139277973516
0.433799129365625 0.193927721848248 0.577024697995491 0.332080336513557 0.565406383297354 0.0255410067970058 0.103144465498787
0.256403315245848 0.2557898562843 0.396035295222289 0.240609988166999 0.0902718977347136 0.243267876014905 0.766004890887804
0.341787111501039 0.246205634071135 0.153649020840306 0.188899764215146 0.625429308640579 0.0133723725963445 0.609862749462694
0.332272432439726 0.539954291626066 0.0360826027203742 0.62819483362604 0.0933054535651189 0.398777441068609 0.185430135661482
0.224780641404148 0.172844631434567 0.256450194641118 0.134021640482127 0.703970199613597 0.263181381012339 0.520606773803061
0.41029419089117 0.31639356524456 0.48079654273994 0.377253873437285 0.128724484818789 0.446449287169446 0.377068997999984
0.397649015586552 0.468308427672059 0.462235534664245 0.409955893574117 0.406269883532556 0.151810129237666 0.229641936908665
0.19837037984276 0.323449841467559 0.0389479601215579 0.6275863245838 0.395338318818587 0.436606275620613 0.337239422096241
0.228972434117802 0.622184294478997 0.115416208170385 0.440918569265982 0.591523922059748 0.0498207440730297 0.0185899267592337
0.61947465844175 0.155628051511223 0.360861864214641 0.278736198683235 0.610890133289504 0.0228986128039176 0.1020039323342
0.0315208650852027 0.43223732773664 0.373224913261344 0.469841946831649 0.520911781210019 0.403736013183839 0.133331108706493
0.321666653588995 0.61895500579001 0.312370029700389 0.281024462823796 0.325912288265335 0.469799778524674 0.099723763826586
0.565746761928064 0.289967744040273 0.167897350531327 0.215918015296135 0.716698326457798 0.0787966605571546 0.0342606812085661
0.442605405408302 0.00227483843214527 0.617946183556621 0.534406614560895 0.128416433506531 0.025246060445769 0.345715520033829
0.466014267571978 0.369378013953903 0.478959527650811 0.022205379298753 0.29525875629678 0.390895218873435 0.420141014329119
0.318227244095613 0.319062687676204 0.0526479341976936 0.189916392315657 0.531179477903641 0.422317002942359 0.545515437620668
0.351301670470475 0.195498093146526 0.279012850059592 0.461206352092449 0.122026236241856 0.323103918344591 0.654615626005783
0.400290931887947 0.306134558456783 0.525470051987765 0.440134685416506 0.352356117730359 0.34161764693555 0.188026686202371
0.404435938420427 0.0981239753651195 0.685430501333707 0.228024426560093 0.35870760646833 0.310549941108438 0.282631797654131
0.0884893434387624 0.504482458400741 0.309562438926076 0.0289968913871349 0.480050811309006 0.0311598516476734 0.639982534266837
0.600012948263106 0.434919131753813 0.0913797693055851 0.0539488078848067 0.53387743049936 0.391801353977294 0.0321817163239004
0.0709640585694522 0.289864046362195 0.455383029315501 0.267019992956929 0.507462246109831 0.405153697919576 0.458914051676198
0.146995862673482 0.0986531953031975 0.634719174428837 0.434349202525961 0.275522505391379 0.517528625248209 0.182711724753345
0.0744228251686541 0.0967469084212311 0.401772562094482 0.250970946695213 0.477258135240895 0.405626289340569 0.606947820500229
0.408296467413092 0.0873447371506197 0.288843979022623 0.282964020005609 0.653179661593097 0.47787327543538 0.0846101238653494
0.299965848359962 0.561599483156619 0.405304101909608 0.116220207939486 0.117632906859356 0.486619248367431 0.407691261765309
0.498998580963586 0.208904188742337 0.443717966013024 0.39795837079595 0.411824025070579 0.121914945918309 0.409439465866854
0.247485633743412 0.718603787471203 0.232794048578869 0.314200579133058 0.0883051948634641 0.156239045920754 0.487068719824289
0.529379741353549 0.552626964069368 0.155700981922647 0.147577004296723 0.295724100981619 0.0774538413746177 0.524296594127771
0.0436245319073378 0.170014472237735 0.356768943409197 0.105382814913378 0.750025638679012 0.41482684348209 0.310133187575975
0.143949367527177 0.18640990244913 0.528167735298518 0.282576020629791 0.524298368657267 0.555328756004861 0.049404019973286
0.526609622597411 0.0255512754667712 0.63549332365939 0.447014180769352 0.175186871850047 0.00174412728995832 0.296078559569368
0.172203772829392 0.314576291971891 0.27719669921963 0.0540494968848446 0.570672622513766 0.509065813441826 0.454766989214091
0.0277658806922654 0.508703883897682 0.510770942044183 0.139224402497639 0.335106093322599 0.147794157812476 0.570998964993665
0.589187369875025 0.537173161707484 0.182168966997707 0.500888070286798 0.234036996429153 0.142216515194251 0.0723186914754166
0.501144950246353 0.390455863967749 0.416420943609599 0.0863156564547238 0.581551149383623 0.278070295801487 0.0040414791005795
0.342408791372082 0.355308077618713 0.0302883313633656 0.0706132068587931 0.559149137440033 0.441620485027059 0.492881700689808
