0.334325381132086 0.395432350796585 0.471708694649354 0.487924275001151 0.309690757785318 0.134004197874105 0.199174372342566 0.34313945215844
0.571901297263244 0.349117489180884 0.313856280442315 0.000329259963136486 0.501955860212054 0.422614834283581 0.148205960069405 0.00346718813894886
0.223672151010513 0.200919079025913 0.639597335278092 0.40475747912966 0.000337527347768152 0.378591547135919 0.0558629790219368 0.436161183998292
0.419735966299717 0.266037924510619 0.326091997418871 0.555168631955791 0.310434662790413 0.056465424694812 0.312738329475337 0.37567812533796
0.272556778726052 0.320487298371213 0.668569389687687 0.321437139432707 0.260857934740432 0.150096539329618 0.222994475909765 0.363856374132857
0.134313585579275 0.44697582154255 0.37385878821917 0.456396861524894 0.305306343723005 0.363871754148112 0.456391547165632 0.0140044863579157
0.213699388616567 0.103664155418411 0.475069586362577 0.526409045287142 0.0811953842642207 0.504993559264967 0.156291204537689 0.393383519480298
0.0489753452250564 0.320572587752732 0.701445046915155 0.267701235661561 0.21554057594404 0.155443800626017 0.237002733980915 0.452056097380951
0.805857690236116 0.209871071749361 0.0481585239265585 0.0737940362460773 0.289225204237513 0.35772883673241 0.194569178469383 0.222045960358233
0.0638558773047923 0.403979364800944 0.343356357007585 0.426099532982219 0.606868782477552 0.0567183369715045 0.366179929170784 0.16635585478532
0.393921966695658 0.661582936867201 0.0649135441383982 0.368316589348861 0.0875650569695517 0.439618963270529 0.0124554724049153 0.257245044143989
0.120856506943587 0.439027933218687 0.0619016705322838 0.33583530039642 0.064809836248836 0.387807286226025 0.451944756870883 0.563189260718282
0.28815480211247 0.513587788511215 0.140829908996784 0.560310524042204 0.498976972951823 0.114972137238864 0.238790631416292 0.0139953335638501
0.384072079565521 0.370789223465595 0.45852455870174 0.452656778816701 0.157123504023277 0.435243950435263 0.25584650981818 0.142402705822148
0.221560140766991 0.407660553863217 0.504053593392919 0.0496837873592109 0.483374009117511 0.436818612426619 0.117691048492044 0.299788854630668
0.161696315460878 0.544436404491363 0.20663616736729 0.153530085605208 0.486039728831215 0.43755198983094 0.0815723239238324 0.420515046512056
0.143940241450001 0.535927293335942 0.0361323051792637 0.540276316962987 0.337684453201338 0.28842244695794 0.349655826522208 0.281747415491694
0.661776004447875 0.228075363048548 0.169597004287998 0.0890127674299575 0.600016609898629 0.150548164468673 0.00274818185097092 0.301090513958279
0.0297859619078408 0.511731174938007 0.486215307698645 0.290336275917892 0.0113378149389283 0.143322811847284 0.48549195205881 0.400213833541718
0.532029669301981 0.0154054415599147 0.410754085429983 0.139873853406974 0.493320698724899 0.38197948771975 0.26056287224729 0.266939765800466
0.505921692484186 0.0568112316423653 0.525313377819158 0.0870856382994937 0.290690795754568 0.445405326027281 0.318253140599678 0.270380411694265
0.327432168289751 0.0416319157491931 0.541672941396314 0.0553013883388991 0.586231834621242 0.0964304586713465 0.106862032516566 0.479792714086464
0.285548605675439 0.316297095783287 0.418472841321293 0.381314651723503 0.426026250839908 0.0731150889409002 0.335655023993058 0.445409116078706
0.325470253265941 0.54597371983966 0.544872813463789 0.197803586040033 0.319805868695265 0.00548282026382318 0.335475025731309 0.212414270052193
0.33820764198524 0.447953262072373 0.335618292477792 0.216863423577323 0.368463015617066 0.400696992904189 0.458178844751863 0.137960702346301
0.193552126616724 0.437542852632581 0.212896555095512 0.108419530568154 0.489668552948798 0.54514298828326 0.138014483728219 0.397504618176939
0.579247067027 0.32772382016378 0.153665544853406 0.0890726338373212 0.36981891697937 0.5905414862915 0.199818353160842 0.00949982194502441
0.0594270612435648 0.260702509976198 0.40094083109077 0.101621972524146 0.245787740520041 0.385744414760934 0.576774763914957 0.464265608407787
0.374989565493682 0.426440992123152 0.432026169158569 0.403751077287435 0.152581644084868 0.3342827162262 0.413479530555655 0.147911960610212
0.476673012784801 0.316503778080231 0.415528718072362 0.284388923067189 0.515578407759524 0.0968797929821908 0.375008030766346 0.0568261406577522
0.402801909423841 0.0990715718452092 0.398154137100906 0.332848634274173 0.118340205763466 0.480285405789553 0.315021210552788 0.463361281048772
0.246038822391644 0.49839264012343 0.379496179577679 0.370879272853255 0.402090257661759 0.097893361176733 0.28447295601046 0.396631240109009
0.220116195651079 0.329978860535459 0.185774993131426 0.423109514999788 0.33297940700996 0.434030042000699 0.292757460719919 0.494130052310594
0.086369623467799 0.250081537049047 0.535587286732419 0.0547534435508991 0.461481581791689 0.543528162344138 0.347094829365758 0.106230398250881
0.6057951911651 0.570911566190895 0.135859669606039 0.0256144658414074 0.156797303941155 0.349207336820167 0.173180903281062 0.333819465267385
0.42239944859046 0.628411954970382 0.193040256587479 0.0649403786774793 0.219418968280864 0.466564474778267 0.171022736648462 0.300199030673578
0.288338442369622 0.169413836368167 0.0899736226694363 0.00768873032282547 0.499721245893115 0.155753398872239 0.552227007427024 0.548698836120156
0.350594299046817 0.219641727153555 0.0313526743350686 0.0617754060685247 0.600633661559458 0.0603403829493038 0.349152053262876 0.581148040240617
0.19187856556812 0.644656750597794 0.34919259633997 0.280053503711871 0.268615431802469 0.0420878686123656 0.434598759042858 0.290573803801926
0.456180520478838 0.502258786433064 0.385740828404638 0.115402519580793 0.210407373918923 0.0938450962040258 0.101726985025629 0.560441942933562
0.108973122109074 0.556691417666154 0.177631447197918 0.0407177403370363 0.368710254448664 0.132988184551031 0.614335613999727 0.337590436992323
0.374853790574969 0.12109208149354 0.0352617970230187 0.236402507206477 0.101711678671835 0.660816516045512 0.192934004841255 0.550858003543093
0.342743266280912 0.277022682559726 0.418380580426177 0.0520473946313061 0.580207512700409 0.393956705551314 0.267567248677862 0.254164059601221
0.432823164149635 0.0323205554248555 0.521959424341276 0.0291795415458644 0.464678272295643 0.519846545453739 0.133034995361553 0.18563880632649
0.307634928195826 0.251513433962663 0.4422420637892 0.492804862359514 0.284953574154337 0.330850699174409 0.378904761177579 0.263510010303183
0.279723086453072 0.392638947552422 0.610935266288412 0.0194190890858925 0.370639126849025 0.429086614299897 0.0739600603170113 0.258866521028544
0.106455273296532 0.338299475065277 0.0216365410143082 0.516920649945246 0.203330820655677 0.387453992911532 0.540702801577232 0.350317146063352
0.426984778455902 0.318445112656937 0.427230639756844 0.584933128791922 0.172249695874525 0.00103513515389075 0.39280818188337 0.0873763554879292
0.227583051774745 0.344125631306709 0.510662507943939 0.583520992685921 0.0748003058832547 0.0560712260575223 0.406203307874165 0.234030688197425
0.27459089889553 0.225942091014312 0.512351515802247 0.19991733114915 0.568420047365969 0.052708303006194 0.274308649782158 0.412255071423667
0.0807352229482873 0.444472469935558 0.124106808412561 0.348411296323741 0.537003410644399 0.512330231329732 0.0333859629359343 0.327358464752754
0.484629604601439 0.193445806962656 0.0664892243398182 0.50670942476273 0.329199901510272 0.531647339195404 0.140521622653256 0.236156332023307
0.331338893323339 0.105438948167456 0.262967090172754 0.522848948576192 0.465678956208049 0.200041934347535 0.519107217639484 0.10113596433279
0.246858496281301 0.15221008287393 0.253263082874277 0.409263820995518 0.146595660185185 0.537560977855415 0.431519910528785 0.43310781969579
0.198820682343331 0.0070096174870895 0.168637890154541 0.879844895459124 0.118087843904215 0.0493277252963643 0.376105784670455 0.00467962076724104
0.0297042565191465 0.371991956897644 0.185643858424046 0.325753091678955 0.444289487001235 0.552074219612037 0.383014371907003 0.266986555713514
0.0110730774580615 0.202730497819989 0.673536126722691 0.241948602711759 0.354035311708921 0.0469149775620673 0.443895093649995 0.349289021630325
0.375260394601447 0.417474106628494 0.326093998998871 0.34934006963697 0.0405768272370154 0.411143873835626 0.474361337816483 0.246606535568375
0.549396445553581 0.0461314976742354 0.219378696429566 0.344079793436588 0.354096614337796 0.215591867446491 0.320216601476182 0.505088681699968
0.323864391827748 0.0543684149751956 0.0629016288677409 0.0632816601999845 0.198835899580098 0.657897682061672 0.569136168676329 0.296502435416184
0.408288390494169 0.514895992863257 0.0257162002851089 0.398738059958016 0.0688781641364127 0.317959719812205 0.376931131926371 0.400761375598623
0.192031299492369 0.434684769101855 0.168216424813437 0.32609225948273 0.130781194044266 0.459907063230632 0.233415482798381 0.597025283484295
0.434667894677607 0.327608600260966 0.260250255639898 0.466149997864014 0.466018661317544 0.299365158615191 0.316811749786204 0.107460851526706
0.371013045756499 0.409418939677018 0.624865878918374 0.501170415220585 0.0424261335501973 0.0459647803992149 0.153585216907436 0.159984822048081
0.381412000192995 0.502714241889851 0.43450190730358 0.0987025843127841 0.27749804650778 0.49903119007026 0.238673887949524 0.142360985673407
0.338339271592111 0.483466074945082 0.173098623308877 0.266864848360452 0.400353536857854 0.258709403369461 0.485930560397864 0.295406654628638
0.159955954879592 0.297780958808235 0.255377710756209 0.0507980345298413 0.519369599068724 0.237658193596141 0.696449975677988 0.0816921756630984
0.280861276668479 0.100467680023313 0.515251270116364 0.435097206303486 0.244851619189186 0.442999815429023 0.447161816839892 0.00865424288958905
0.368965388142731 0.412237849845539 0.476175862592546 0.248904777229365 0.189976734273584 0.0755207829911816 0.596348875782988 0.0883228588054364
0.509506671270949 0.273429296177385 0.213735396987195 0.025024606152607 0.60722799720937 0.0756603688222567 0.394565602882401 0.298660298835977
0.150738529341305 0.221011468102016 0.0291747202406836 0.661488413329197 0.4475243389293 0.133011936450516 0.0187873359622166 0.521239453902457
0.333353098886258 0.242813107215012 0.13321078155402 0.0589186980074665 0.500253910662374 0.244392361590245 0.52154502844363 0.476140906559676
0.260070791034655 0.352981296976525 0.332316371607007 0.327114680809615 0.434981807433483 0.425467941770567 0.162528765148687 0.440092559154114
0.0252107072365328 0.022990146586406 0.44149548179794 0.373024781056468 0.535197830366565 0.165503854790899 0.37102380516942 0.461825960820986
0.0717309734295999 0.549344223093019 0.481044609225573 0.299753533028791 0.404213308534223 0.33655228517311 0.0610286208047965 0.302389092673962
0.600110583087454 0.333621618159303 0.261504628056025 0.055122234234544 0.533455233100977 0.0739026284356984 0.391269721110462 0.118375224988573
0.296006528729442 0.58387721669504 0.0599441430121264 0.31699095377256 0.155617314163633 0.113406972634641 0.465150033534853 0.462545697322731
0.370914615184705 0.250596648678534 0.0684269788200667 0.683718634233284 0.472123705939127 0.171539558942896 0.238210231310226 0.135644820735301
0.54965272181126 0.295735180500893 0.466933772595255 0.174246971327971 0.330063281004578 0.0612685305786543 0.489121178397306 0.100490317687951
0.549589821317574 0.40217945740076 0.271689594328213 0.341825614884617 0.3184604859716 0.304957156566259 0.13217626552037 0.365590224237897
0.172993803613077 0.518206257273241 0.35006185305204 0.168645897561567 0.157066731860044 0.507044895477285 0.355255243616284 0.377597545945593
0.218372739265207 0.555249519137534 0.217440741986286 0.420988570002894 0.295645072125272 0.280029888591152 0.0323152800303924 0.502625547893207
0.341041364860173 0.498765662737908 0.305487997939559 0.248377150033572 0.409478178104166 0.149507620994222 0.537817825120428 0.0252300512857375
0.48718016077245 0.452107968522393 0.475934786876014 0.0620313102937107 0.412131993328283 0.276367900273912 0.0389145945537526 0.283100210238309
0.279086205393715 0.234829093911481 0.266822384609641 0.118633503088515 0.562981858280178 0.00214419228810903 0.592607423512403 0.336988671786817
0.113284922083614 0.511226828409746 0.382745091917362 0.521107880430676 0.408511598279721 0.227788625389933 0.282412716494259 0.0961254476456974
0.511921709869925 0.0447718260983232 0.175426912723793 0.0659360718115496 0.496525972442657 0.44443115902103 0.00147952092563541 0.506705233717656
0.575096559933968 0.403674866360458 0.350083333388695 0.129121421305688 0.0848085511052394 0.36313617718307 0.251814224309759 0.40572045817288
0.678251518458363 0.335285931796175 0.19317796334616 0.105732987710871 0.232485076541646 0.00381920653808454 0.41778520625107 0.387882270438149
0.369284775154124 0.00752361918528177 0.163962301333835 0.516500924324794 0.125036879011896 0.417480784200486 0.313624135042722 0.530688971560258
0.527506667161123 0.218658468160505 0.268830845477492 0.0734593287487403 0.187370893612091 0.149008580572655 0.515482579027971 0.522709475524701
0.516288755364823 0.488713627019761 0.126653739421374 0.420090122640666 0.0880213009688319 0.442410153462169 0.282845719607103 0.136425205107558
0.564847905039184 0.206791645498024 0.274832161304687 0.356895843398609 0.120449164287287 0.177724339008984 0.593700133649747 0.19158003302286
0.247962598912807 0.327671625703552 0.0368386117070088 0.592082672801305 0.384826357314088 0.440562996847371 0.191487991420968 0.31681564066813
0.436513642345508 0.0136194863224809 0.0651885287378894 0.453720534521323 0.489029961666115 0.42199128371273 0.230243723808341 0.359053425862271
0.335094273559779 0.131209325661225 0.572580294404408 0.226337977476639 0.507540357733655 0.195446985668849 0.409100883106534 0.168102931576234
0.280597472090682 0.0610377505339985 0.0326122701791627 0.543046859788965 0.429113365152124 0.441356173590971 0.341174807100831 0.355305781621749
0.451193594186683 0.481215544825207 0.480108311898566 0.442424382193313 0.0414876615873263 0.0156989556471012 0.240272751786123 0.280916244362954
0.103551667835808 0.0648253739976526 0.359128775617366 0.564480134074497 0.318638233336069 0.507670061141141 0.0741548822945297 0.415578226622377
0.351439402341341 0.602735128865083 0.233634621806014 0.166205244252846 0.563172580276606 0.195462297459186 0.0425053566560348 0.271690671430719
0.451385158663609 0.537129258566704 0.401367134395666 0.100331427454493 0.193772378778628 0.524213471469676 0.15401198362178 0.0226811965036059
0.12722757508714 0.294805019480652 0.420763549992614 0.386209643535314 0.343229375975952 0.273413142799706 0.502990398346561 0.353755281016569
0.14552922573266 0.431160918019212 0.113356029122236 0.141457214760302 0.37275992550803 0.437618789494659 0.399122842886716 0.51990630269971
0.459140738123075 0.629231944241845 0.10130438828166 0.099956050513484 0.582684044151612 0.174636147140053 0.0486863886476163 0.0247852412879849
0.102968842887167 0.108922633914656 0.550661676034209 0.232711674449417 0.527942544976824 0.1161810049992 0.57265077603843 6.57348429333737e-05
0.0334603019028403 0.371783771018045 0.429603152824639 0.447660238253638 0.0957008240257881 0.226337113641773 0.408522608011055 0.498418318269846
0.292331509700753 0.154005558726336 0.404439163041144 0.337251037459459 0.100986523957731 0.357631470230577 0.0572471660885501 0.687124073878252
0.453661141463685 0.0400201056113255 0.124788268000577 0.500198584417518 0.305410487056806 0.521500643544389 0.348816843071393 0.199768734683564
0.330473567327841 0.38576110205811 0.413349004733888 0.436924014921697 0.191642900300613 0.0470006019568953 0.582638943136802 0.0425605806729681
0.0807089734187052 0.343375460147523 0.288101987538032 0.647298805343112 0.0904837813827181 0.492059161097256 0.000827866685510048 0.351099185814908
0.519072500696388 0.0932021694645835 0.400670005287365 0.546931648557045 0.0489515766875582 0.00783670313163642 0.136643123286321 0.490996333367142
0.12650801132654 0.481903961582543 0.360582493853952 0.474781478861276 0.0976989983537816 0.41369920013254 0.246957289760868 0.393251931847703
0.0176168264254898 0.353600751418142 0.370187055711711 0.310532739434659 0.181625151373612 0.741577085650396 0.202041445768373 0.13206855100486
0.246103781368483 0.0626195232419345 0.36818763673355 0.462369991259493 0.304578794214157 0.504168129319812 0.470891619066372 0.132177600336094
0.669659841696911 0.0615244644950866 0.0682574304343129 0.240790743039781 0.282587755721664 0.302782193261059 0.476287497649299 0.294530985275067
0.648575580255417 0.069574404447897 0.146438308812912 0.575019190553471 0.15316555347729 0.0855587262630684 0.339911851344812 0.275858336928386
0.114833238648806 0.536982727562928 0.3422659460291 0.530354201474214 0.247993150548485 0.458451403856676 0.0472070923850537 0.161661741854365
0.182901778537899 0.564911610986801 0.288022018686617 0.399514644847605 0.0884585925378345 0.1224565625981 0.618073417652831 0.00423019595074714
0.620625602187092 0.622282335733078 0.271176972124476 0.021947560085176 0.0631880311146507 0.169608227779285 0.0849045261993014 0.337048148139845
0.57652868343305 0.246176765607358 0.375149514314929 0.502207627925565 0.187635368065865 0.34892158353336 0.238692153913303 0.0116090685368111
0.163466654171644 0.121559250494767 0.37870668002696 0.302335339815889 0.270203701273436 0.483894197911015 0.520728972088109 0.381253586302739
0.249277434703015 0.208692906624922 0.112003683690381 0.368384774374976 0.713065092710087 0.0804878065017519 0.278640156462289 0.391759382644974
0.184631025156227 0.122845875674342 0.69046727672356 0.658427948502818 0.0522410769337684 0.0768035154726476 0.152452168428765 0.0931572757067117
0.277531379544975 0.395273857235739 0.0597609146934939 0.0638728971908029 0.298547088564015 0.0857770022102822 0.480491919885385 0.657056507432898
0.531060091713451 0.310019463595773 0.370647871983324 0.200697557749885 0.527277780069491 0.166373643036439 0.201979630234648 0.312579492300123
0.060459201061306 0.462159625665013 0.23846438326449 0.406106922887548 0.294656526638916 0.420335485429488 0.367213211585312 0.403255674162614
0.424247677707408 0.403021093501313 0.487948143129244 0.20769762912783 0.346367701264838 0.349753540185746 0.361001090343057 0.0611252815408792
0.519235418182082 0.189606855432159 0.112763284727044 0.36827434706504 0.539389641561958 0.503781840172618 0.0369157569181764 0.00147199487205196
0.328112782043568 0.390744730319185 0.400899414540552 0.29817519387121 0.499703503106361 0.0779389553575035 0.472972688558957 0.102715798525106
0.409744725156132 0.335695536941458 0.325026981364552 0.164020867483776 0.256939734245739 0.315269415520148 0.491062756477536 0.424637399322323
0.299599461315482 0.0834047711400846 0.503327868685728 0.447073572467094 0.138874775146876 0.0317996847312056 0.577406688724828 0.310441906048565
0.203016485258838 0.493863387560139 0.188271346660414 0.0501361538381599 0.235467885731576 0.437512121132191 0.411827241027148 0.510352691229548
0.0138235537232787 0.073567329707561 0.476210683652334 0.0761539091929047 0.478331666920517 0.564096970086947 0.0239779405600726 0.462859813959299
0.240983866538914 0.0150398012015732 0.532248302368773 0.310301780912458 0.551570831254163 0.500980992381196 0.023618861371221 0.0797178938868779
0.540507826922917 0.494256384383947 0.500292458638849 0.161454666447727 0.307935130634817 0.241309352381612 0.0456067090825294 0.179074124046075
0.246351392846313 0.638424993156199 0.20912112377189 0.205187658594695 0.0374457269831937 0.638142438590248 0.0484039724469 0.186868940065354
0.268926571399433 0.340557751040775 0.547162850682773 0.29959858631465 0.232138701084707 0.4260031409858 0.432487937955581 0.0118131352412109
0.480306811813808 0.159715954143352 0.216715143489076 0.240426702293323 0.474664039992724 0.364928427070965 0.402288572145069 0.344544518021952
0.275338249449962 0.285409684295955 0.543935686989732 0.146891588595647 0.280443206764113 0.200697474188821 0.245184515092859 0.588424740567166
0.412059679294251 0.285420470065156 0.393358179024555 0.382358722085843 0.230804965418387 0.468086842958589 0.256751128598908 0.330931654511224
0.530590355642525 0.633327759507846 0.0732515053183828 0.145168345066995 0.445555695520341 0.0591772927285313 0.290339220841725 0.0679080197822017
0.594489354993769 0.133252430578968 0.47010951498161 0.0882989574926147 0.133420743686099 0.25181164063198 0.184599457346499 0.533609761639739
0.492953417903568 0.150950546310864 0.180504322394523 0.0827965427656887 0.336457848176384 0.0869456272137711 0.557727381209928 0.512787017197416
0.379211965425694 0.43179301073186 0.468911906262228 0.231016894163574 0.148267316665938 0.376793475194589 0.437140928961614 0.203610382897536
0.442017826846868 0.377606037879833 0.160712638908889 0.0977394806945426 0.16221198060206 0.607094966950075 0.133828369168797 0.462455732555488
0.275974663485742 0.145367866769819 0.00351888169660575 0.329218416651981 0.335085599256931 0.68092032997291 0.0198317683791692 0.466884210909571
0.34940990187864 0.48416615070436 0.400977641013259 0.228327986833579 0.167757066615868 0.106612477475426 0.412184351987841 0.470291959362059
0.399569254947733 0.14728009113028 0.0464354321123411 0.535102005418377 0.297515929973335 0.186674206975812 0.484099153052786 0.415268108063418
0.411450417757937 0.354652536363953 0.0921553864740994 0.483460668294117 0.22174930848587 0.259610872045512 0.533930107072693 0.247085772955464
0.0821756845783742 0.441055496116979 0.0217138577337848 0.259419693878321 0.340844958374191 0.374849181368147 0.441607728205421 0.528434061153564
0.117336990152574 0.718012743825943 0.355859944089254 0.135116841076197 0.0752338574059694 0.533036619989312 0.178202945165896 0.0652104951694727
0.678415853968838 0.0831008276325098 0.089925834948452 0.053965311123384 0.226332376083352 0.256323535199897 0.0105120261193067 0.636245761542395
0.108528195548384 0.24263061840989 0.558151708634812 0.223597000347325 0.196423398486854 0.440578413689199 0.186490305605542 0.548044652558438
0.533165195082998 0.456775302811754 0.124229364691132 0.363298501690273 0.285632771584598 0.488718263558796 0.0280854945040643 0.196091929387259
0.199573637195209 0.334630248696272 0.300967567213871 0.14610578934389 0.565424719345568 0.393989964669172 0.263014265108025 0.438354733797144
0.574385365152563 0.485916731185673 0.280320295102361 0.565945929453229 0.0971473428802959 0.152802523269185 0.0469626717357313 0.0100204719820942
0.606744534063443 0.184259147474283 0.183304728286688 0.00675038330414834 0.262393343330662 0.507373796612455 0.0944655873919658 0.478603450211852
0.293078345841546 0.237904839775574 0.0792370436638612 0.318641264392503 0.74266804253349 0.316098281687226 0.118374270141298 0.290188202775839
0.0499366474068466 0.339808317982137 0.299137915494041 0.276821336923383 0.0445746221737791 0.483874677842703 0.077567483980605 0.688320258196248
0.319585242769645 0.389917926890757 0.157333226433979 0.225878001211527 0.384832274357669 0.598452981743062 0.381047868387079 0.136438039324983
0.378016521362295 0.537704182608331 0.352567953529422 0.217144054833765 0.176035303176029 0.372022932213273 0.0447783515155116 0.474475951293421
0.232682320483845 0.0889906668038973 0.431593304098183 0.363285145435845 0.535876834354158 0.458322186915591 0.341818454722316 0.0750177133352261
0.335079891380525 0.159203964628658 0.0264563018727882 0.557990157358846 0.317850994026801 0.454022402258993 0.194516208013349 0.45312300877803
0.247965283626078 0.298242098542745 0.471240007796472 0.421343119967325 0.0893126198725979 0.153306782723574 0.502503370108414 0.407404404018127
0.624481135360481 0.135569597110776 0.262915883285202 0.132690647997935 0.459008605157874 0.0662640025267921 0.104256394150556 0.528169871165738
0.66720351368432 0.408209285624838 0.0904641547930259 0.164401645440175 0.269257256450422 0.371197104799192 0.239688608077586 0.29198561013588
0.387318715305155 0.451846144513742 0.216731745543415 0.510121832183911 0.380200144269665 0.388157215861266 0.16258971282764 0.130264164758567
0.28800944200408 0.0910994011348123 0.350552059913665 0.443161375742959 0.469217701164656 0.0503574606285448 0.416988977578316 0.43919446310292
0.274014982421997 0.16580462536507 0.496539304693702 0.390722347261031 0.482482643239265 0.413693804936452 0.281686467629001 0.122188585987793
0.324172894885552 0.473226216398022 0.36981666023888 0.404854381466744 0.2678825038303 0.519127647708036 0.0177277269087228 0.169495212845244
0.0695458260058596 0.528341020903228 0.542105766175975 0.27181907549385 0.532267221280481 0.139187964002668 0.121386392752756 0.175609030730615
0.128561263841906 0.287583728754782 0.237763559609639 0.495923174968094 0.33321002469944 0.286781252693499 0.183670589282023 0.609334884790233
0.307955757673005 0.272480022927314 0.476416856584827 0.288766336056967 0.121288260092226 0.254265471703618 0.546759826061984 0.377161491686849
0.437234015362412 0.157569218834545 0.437905538880336 0.0991516143614433 0.257037564602939 0.34262309857337 0.422819826488851 0.469223348213072
0.179312345741549 0.491837247915861 0.375649396071263 0.295325050419225 0.00188502537380886 0.270832242390785 0.4997713664073 0.417718535061221
0.123436799635895 0.448976382205769 0.149979167003873 0.0203376698256298 0.185102792860348 0.784497014272133 0.0587599466299179 0.327299331978255
0.514985783399031 0.353666741925093 0.254235208330885 0.0992861870022034 0.387959881512048 0.35621513452981 0.467755503637663 0.197531991217208
0.577576153700743 0.476400868990823 0.270380319993416 0.261019274288415 0.026160992011917 0.441721260263627 0.257800658460009 0.189600028842043
0.585566968872241 0.25929959350963 0.373713098845292 0.282990233108553 0.487002853514574 0.155258206133079 0.181767060455176 0.275343311737577
0.0952381229210786 0.482973822950701 0.14673556692613 0.473819605379424 0.39453188646526 0.440670104910726 0.36716784400396 0.164231132168737
0.214422624501481 0.382339187895645 0.461583055911923 0.471800597676787 0.00183797263258367 0.524160799927005 0.303394609587454 0.0734081097549404
0.235083381473402 0.446967965666457 0.388133043047505 0.356401727563202 0.134184608456727 0.314946015017883 0.4248311779545 0.411834869362867
0.470259965383985 0.021441826413428 0.118745142706101 0.433152119472542 0.407231772937986 0.470123496288696 0.387356410984314 0.19943880699024
0.0127436936271577 0.289958512540433 0.320929019252055 0.472743965184117 0.234823690514729 0.470384479769489 0.556228480351444 0.0590382966636284
0.564467121363361 0.207886550205078 0.0698507298516213 0.425428211019006 0.462607609230048 0.412646395542308 0.147865757012177 0.214813020982372
0.129997304173258 0.270030909110318 0.376598546430579 0.236244529897389 0.570467711556658 0.535853821177455 0.241206069156634 0.204433291211367
0.625697788925091 0.336332941071312 0.331584139945926 0.268619869224464 0.236348857084004 0.439431009579321 0.0309472396933195 0.251713383850114
0.448494814017595 0.288885033610271 0.348869541730472 0.468714984607601 0.410129037586251 0.265407253579006 0.23607223760413 0.282165210685488
0.444841179134887 0.444389475011514 0.0857220356017838 0.29629965721818 0.29309382223714 0.540182292528678 0.200197299039371 0.302841062690936
0.186853475638671 0.288919915969052 0.0100154950888229 0.490068138981459 0.36277256701187 0.491409253009742 0.35419736170357 0.377890472827532
0.369450166917676 0.110361351998679 0.517082553890972 0.337830843676111 0.438538706284059 0.161267921924119 0.501414456028419 0.00910513080115682
0.0941035981309924 0.016039535415763 0.452813444660736 0.444924739483489 0.413757897165463 0.485946206445489 0.288927646822863 0.311561725069576
0.207503981655038 0.379838117268233 0.367861013717 0.396780616722954 0.487033160595289 0.464826986897163 0.0866632113044763 0.243171913646594
0.561489588614675 0.412859588056207 0.282315017602709 0.184545745354907 0.162288316609475 0.259812495172647 0.0244726661797701 0.553243670898317
0.0198202871855473 0.24484602096917 0.49520326391338 0.0977771111919873 0.616246153834851 0.356791777013124 0.165619573291586 0.387790418718945
0.319180831839097 0.378870664054704 0.0145815680244051 0.201580199264497 0.483799664635984 0.304996924948471 0.584499818373021 0.212151220207843
0.628101683162588 0.0862165302896519 0.0883172521754767 0.129617776382992 0.538528494191075 0.289104473539736 0.10649690667294 0.43418700316746
0.0858923869737639 0.517229929887162 0.39318413644834 0.410879836503053 0.0805419895392385 0.438368577918556 0.442454350577661 0.0852045641916677
0.181399088990412 0.363513959257814 0.226336360350111 0.57723984738844 0.171856843672213 0.310020409552429 0.286397998261487 0.49279482550487
0.0828004189276385 0.729009928758163 0.143367071954138 0.027355729443606 0.547021135307642 0.264035533586547 0.107650822971027 0.244643773653444
0.00905854894347446 0.346556476922334 0.179437325642919 0.044730561391197 0.379442659545327 0.507253611629169 0.666557681671022 0.00598937806874555
0.324000875561209 0.321094648334501 0.429676077972272 0.0183733607817331 0.217777228260858 0.408955227477743 0.196020918705242 0.594867251811748
0.226220286514335 0.535439495322512 0.42541247040739 0.495345685926752 0.352963498048678 0.12146482045098 0.293503450809987 0.101511580986925
0.325377151647393 0.292159147092578 0.497007549426436 0.309187919077454 0.483221079164267 0.356501320787866 0.12810068591217 0.298585799498752
0.188083015158825 0.613725032630345 0.417342589960304 0.16349511902543 0.259731974199504 0.15406850342858 0.147023365721811 0.523686165707353
0.348060456381812 0.41117118281777 0.211426615189985 0.351700566123288 0.163153655147217 0.480927284392226 0.275756466877616 0.455462268707061
0.268301776448748 0.411765064952262 0.301062530007869 0.256009706467471 0.446604065594665 0.514494275002228 0.103109079615713 0.357061673305962
0.105869958370319 0.326332579242215 0.0708263719690986 0.00866740826429657 0.266940138733905 0.618807924784093 0.115375078654673 0.640090154970393
0.166983809197578 0.081510032388716 0.535328459122202 0.111516902877192 0.505978982137761 0.430112850731664 0.454148785558418 0.138553344089978
0.357607274175538 0.200113411311803 0.620745939020999 0.380854213053475 0.208909798478188 0.205790915281562 0.363581494188556 0.288983563597047
0.165879466589712 0.240094852384131 0.384957744991517 0.323512969271488 0.285126137265207 0.515665858906801 0.434259655188685 0.355240365651605
0.314952146827605 0.137845492915816 0.0676768897545003 0.615211145437062 0.561069170290543 0.0121208125745138 0.31063446398612 0.295464976352063
0.169236599870337 0.463350364984643 0.303448533222369 0.4726372671069 0.44944464037834 0.0334219986072883 0.0455566734406121 0.485803961191284
0.339969576391547 0.440798566641817 0.673961666874275 0.262663066290743 0.347940821932301 0.207406328128459 0.0523323125221071 0.00906777353592214
0.30438464462928 0.473841053019432 0.328752518475904 0.321780886554012 0.0355837513200455 0.30127160200723 0.426353926922037 0.444291609976777
0.454312377061006 0.290934751976309 0.345577898374448 0.44969227265143 0.387667220030312 0.44044999893578 0.103144816122848 0.179969669869058
0.204255774075991 0.178440992779521 0.422732897650707 0.113650655494737 0.434839981615407 0.407303745443825 0.616294052308332 0.0042786712247358
0.227865725185547 0.08000941429286 0.375921427512907 0.518731220235431 0.458129966725433 0.212899703455799 0.165307351094511 0.498739246431038
0.315099864499581 0.331455996832193 0.553904624324697 0.12663276205142 0.184848428894214 0.425288051856872 0.0812884211293839 0.496342756728338
0.28035291627777 0.352628426391656 0.283016492202017 0.439882733910312 0.0437195400263163 0.24737485062671 0.47033678772487 0.489017251223615
0.558683029991071 0.263698718767599 0.116390629940083 0.0726139926438837 0.152462908559168 0.619161017186252 0.115257127598568 0.423824465909036
0.193203956551842 0.458536569809702 0.0157985115594433 0.0776179505525485 0.321638735952726 0.550384219500478 0.0707053701311389 0.578592076681487
0.209910603270953 0.498875254116589 0.268057968147052 0.0108584821430816 0.265561310512053 0.498455216970867 0.263734645207001 0.496539688740124
0.0447041614925601 0.642628311633199 0.0112239757769057 0.26472183384979 0.140396426184856 0.362907398926693 0.483760720083887 0.359707371492962
0.155263036536361 0.365170445714211 0.0711207967526013 0.422725016773938 0.569215936569182 0.159222006311754 0.260084817402591 0.491718197287361
0.080397587392573 0.0450789396861231 0.245066536375775 0.534219616870757 0.0728761971227428 0.424119979128887 0.449996732252194 0.508301244338885
0.0203867685274407 0.508358457844405 0.115620913580824 0.414911069505021 0.563450469919673 0.183905636050125 0.110948802860038 0.438211495595706
0.341805793248062 0.495489671758119 0.281842140480943 0.413926947215882 0.42850555208208 0.217993595897213 0.375615329639356 0.121091631516419
0.546358878955131 0.17396369035539 0.205410335523273 0.169050214393279 0.201786259182364 0.132953356714808 0.530259147070752 0.510772137444753
0.206352128085141 0.470607180675528 0.393629481158911 0.272027278385572 0.429733898711461 0.343213294533557 0.419712397759149 0.168462417259771
0.483634514625907 0.033882488092126 0.557462251666421 0.00808287542527775 0.0462200006177025 0.0994965472934158 0.587375376647698 0.311567735625301
0.313712534602932 0.571088331086337 0.539153604717209 0.123109782758491 0.259030953253673 0.0521163194844855 0.443828063601098 0.0529475221290585
0.503952490312179 0.111585407227548 0.40054314966766 0.659512661837307 0.0893312556671372 0.105887609897829 0.192805419744008 0.286046551248201
0.0256191695250305 0.384898759976354 0.409830157266629 0.434668618408246 0.446535139635521 0.315273542803131 0.391730986467065 0.205072751988109
0.419907063171163 0.143958865036041 0.225592183870822 0.537073882313956 0.179237629582743 0.534909851558719 0.361571955261224 0.120932869827334
0.289364092297947 0.354628335129846 0.47259439431348 0.436351247474168 0.290789587518449 0.0223915085074488 0.312023537113788 0.44084083491374
0.430625227619442 0.460538786088592 0.341959277376708 0.420474972165293 0.0129974867836724 0.421662852380729 0.326344559339153 0.155760467043264
0.0131391436597017 0.171591821251705 0.401036267381282 0.289518105344304 0.443511052323503 0.432871219428866 0.467350996070087 0.351050265682151
0.187913019653032 0.182692175308002 0.446885604113072 0.0825527825820833 0.548099215359222 0.529162078109691 0.344965825650355 0.159260432616413
0.0815471463539714 0.160428829634546 0.0174739103295716 0.425169106002025 0.606073458101427 0.569455004557442 0.255408862297219 0.172339262886751
0.0685661808673315 0.106093419890139 0.308412348538194 0.460747489042576 0.15366268800011 0.260912824911727 0.464183602530386 0.607850556438403
0.353867642644932 0.359326143081047 0.0230390830638524 0.311606999737313 0.503197808946237 0.163955370879223 0.514477261648678 0.321335403327653
0.469172053989548 0.382023951774508 0.199381593571899 0.0340355724522681 0.0985459131742683 0.186108868123337 0.516403074890084 0.531040394343933
0.139168883824634 0.176458694854477 0.474779604234367 0.216609173565962 0.548790031720617 0.397619549761421 0.376102220889473 0.276467825052037
0.252523909605296 0.406995830452395 0.325920525593304 0.418139177386685 0.0142216987225308 0.625893860553963 0.270629257555936 0.155999781937082
0.247373382873147 0.425735715872149 0.298545955726854 0.435897611462981 0.366456915683901 0.536440373376252 0.122127263113412 0.203580649081752
0.3048696388199 0.179863989947778 0.243714014546357 0.609452170305069 0.612941457911732 0.144124027932584 0.200990266556645 0.0837193296977776
0.0620095968705978 0.256521826993874 0.643470262837432 0.552554570221439 0.410535092386858 0.0307405475818653 0.126504157113442 0.15966679313275
0.559399495071293 0.254648598105087 0.134881445146139 0.316011011341631 0.473688606943453 0.14227955352278 0.0480367249686071 0.507186788292879
0.437232689317869 0.398974792416619 0.0980034868924116 0.412255650858579 0.215411798599932 0.58581525391049 0.282303222611808 0.0284678961778972
0.170363274672709 0.466986248618541 0.274529906470099 0.306142595237639 0.209828572640301 0.675932595978145 0.287326161834062 0.0184665265369908
0.202159664610841 0.397785600388752 0.242881496340741 0.632715498842073 0.247204185398883 0.189084231099302 0.141033972234953 0.47415654095941
0.239601441794072 0.424572522386106 0.0183478338796443 0.403284760918761 0.155671189994631 0.188127691737177 0.540420849637718 0.497668402062728
0.299623980834541 0.609355191442874 0.444028671371965 0.0198198051433711 0.430783412979842 0.15827108073643 0.090333805678122 0.35010449118781
0.331499130809162 0.177365294119748 0.210893516904106 0.303132344519319 0.189679478625382 0.576141409024265 0.58338271400396 0.118456600263281
0.452678790633966 0.462066242561009 0.375424378961825 0.263671586086051 0.47664651123983 0.00147702551008211 0.248112098750859 0.286978812004824
0.372552705287727 0.544369224322781 0.0414313346023913 0.342498795230085 0.147445329919745 0.324127474441207 0.142529677850705 0.546563075134985
0.435892671199533 0.467855284586854 0.234325225907583 0.400865678113216 0.485172389618971 0.278242110209822 0.106705366509679 0.226518109007466
0.00448657628010474 0.0824076060199727 0.361446361906618 0.0414191984892712 0.354051806898197 0.724571241078822 0.00714425092648474 0.458718463631706
0.363274008765763 0.126927421645574 0.368943920704019 0.250788089573549 0.57200435562163 0.469705899629405 0.300962859034162 0.120481883195993
0.13642155081986 0.393832078346221 0.227195325089902 0.62369954121016 0.249773496362394 0.0518069605528495 0.227909548233632 0.518317565075748
0.0913524743976329 0.473450994808899 0.501950329108843 0.338958737151108 0.496957899936587 0.142451640646447 0.00732976133043106 0.365155272341692
0.435409401858393 0.513613831723072 0.200113516488147 0.140092432660452 0.555911482809846 0.0700596703353122 0.339324731845651 0.240543068278069
0.484090362845759 0.159756857780877 0.00192421633161532 0.251514860429251 0.45967814881377 0.423345023676118 0.28178029630596 0.45491284265466
0.409675543785749 0.270818741692751 0.607958636845547 0.285886924937429 0.381806660551012 0.104486235034465 0.113055333110008 0.371487432235768
0.394501069855193 0.479983182365486 0.398029396373339 0.122018134359545 0.0364209068810987 0.435111603453903 0.111340795180169 0.48746678086807
0.42895307501456 0.339800275082147 0.533326953145465 0.272919157856128 0.00337787875256124 0.254738796966901 0.0928458266893745 0.517773033804082
0.442630786277188 0.476043599351595 0.0250047205858339 0.217230300116933 0.1118134571344 0.490891336252916 0.39275650183288 0.349159012885285
0.390121896332525 0.129465658991276 0.102350845457074 0.416435203831609 0.157906746678476 0.249173574910898 0.609220467401225 0.434715982690759
0.436969393954846 0.494441758184113 0.126372450252433 0.403029076045894 0.346316442398564 0.417150538468986 0.000637055652434659 0.303698219173015
0.144823399039785 0.0888019010577482 0.356621649508972 0.128013154878759 0.503674055657468 0.600486625372392 0.300927385712518 0.350349830417032
0.450241489890229 0.317680481765566 0.250715580012177 0.0303312476969019 0.401949087047262 0.309739294501094 0.489700476211834 0.367798001762749
0.32131125960113 0.317523879791938 0.462390842116891 0.403883382598408 0.185535491415266 0.337656435308375 0.433429352856131 0.28760092455617
0.0993267309120484 0.18413326256882 0.265576170508877 0.357077960031285 0.52409510789073 0.484524324081866 0.49452642485652 0.064791069110392
0.057195350033084 0.280477867730268 0.438562180737355 0.425912616179481 0.320406140460691 0.198337722508267 0.436809923768264 0.459914837917849
0.270824535690961 0.080274881953466 0.583575396750665 0.269704450351817 0.453751840015142 0.0277907529737283 0.547501566059754 0.022096534954687
0.233786939346045 0.156084795425475 0.141242566394208 0.594281509269943 0.154701106928162 0.400331771736377 0.434378155825829 0.418304777167772
0.0624248940997285 0.00645223054523214 0.441211579335997 0.638238819591497 0.532687777332709 0.124644197860052 0.128074509698514 0.279909857864213
0.00027478668970049 0.237623730316155 0.453927685667038 0.346271389635393 0.425372328641839 0.250274740466232 0.478324072720255 0.381061262731519
0.362434392352497 0.476788662773852 0.1202191919641 0.464909335089489 0.43286592680655 0.306130801385683 0.0620425414217985 0.354657980633931
0.0539146080475853 0.591760407487477 0.0338979362966465 0.0533048094572568 0.232900044812391 0.366460435607171 0.591815321611436 0.322709320813368
0.154564233483319 0.518950002939633 0.350225972575317 0.0922560582188452 0.150713738556907 0.37736825537739 0.336728281896194 0.54509083008901
0.248839497740522 0.0719945956464202 0.0174892536188661 0.364658501546067 0.25866041377605 0.48283664588338 0.535126981322236 0.461753899191145
0.494640176304722 0.3946987121411 0.214956009826155 0.292854660956218 0.0183055445380085 0.482048582990791 0.0398493513209182 0.482990873506184
0.0784751238308317 0.460967489340397 0.032042776716699 0.281593740415856 0.135341182535399 0.247663396955926 0.543043500290128 0.571382724135632
0.380342761381993 0.325210955356295 0.257419235499987 0.421884704691797 0.0308174300780211 0.536901132983453 0.427568395225103 0.182478980519356
0.0231817042432647 0.20190091178689 0.140131289566437 0.0422486675017941 0.238828239974908 0.877218612773678 0.287225559204873 0.16800880191267
0.479483768324687 0.325314632936536 0.0741888354521133 0.165540309639305 0.364502266619627 0.489417355340947 0.484294128442839 0.156288435801642
0.149101836717393 0.164366289139459 0.403987549231393 0.497076486545623 0.465928005343264 0.0102573118428775 0.383865897963642 0.419421322351008
0.0736722528426131 0.404405280732417 0.467095403187665 0.360210280375439 0.309463395478379 0.617635094001478 0.0511638423529865 0.0569277178717493
0.155282642977803 0.294400885157469 0.539885902425378 0.659078097952873 0.166782418684788 0.17835547716205 0.286729639465942 0.146675680346694
0.491621132405238 0.466882988676337 0.142313009107105 0.180121938217366 0.408859817992988 0.261679540124681 0.445864495973673 0.230639004962219
0.443299737200809 0.0117116853685817 0.0325883161150591 0.364887946052009 0.433914020526281 0.211659237280269 0.46313247369521 0.470712512873687
0.255589000565065 0.300736780017026 0.222330991894541 0.308080304401773 0.284521811981864 0.470654908488501 0.537736666950507 0.329025349566321
0.069547315130552 0.0495463737144831 0.164186444117861 0.0918817117932653 0.49793827186226 0.483070174810396 0.431442307775303 0.538393080472575
0.519812957137118 0.0781093337602318 0.366721133026807 0.474056954497003 0.572003969641788 0.0552661496626133 0.172956513761244 0.0657433785222598
0.0252283691962106 0.245877621200419 0.0915883755983927 0.454841297032329 0.541081361720269 0.217201292408423 0.415445556238851 0.459454281867263
0.191444028538134 0.128469625382587 0.00317072821371023 0.119154070018089 0.297580564984052 0.658239412036502 0.527811656809767 0.363618663015538
0.373365415988279 0.430280350685395 0.0899527370298907 0.0522189542448953 0.0936619083491068 0.493824825114198 0.247728761922842 0.592143328441573
0.0537318624254389 0.547856592097639 0.0204411029892398 0.309077141570869 0.204476098223403 0.0454504460907676 0.472121957063985 0.578138532867318
0.44675326464852 0.255851497530244 0.281177163568293 0.300522039511116 0.341479227824294 0.191675431473238 0.484597568137045 0.42118297814955
0.50626639965378 0.0472061588872271 0.582062759162266 0.106244287156279 0.219188748245977 0.384690057565217 0.289746873034613 0.333762803211013
0.109160962990255 0.359859759635562 0.55850584542218 0.219474518904516 0.568545364488991 0.0385793169520672 0.375560524581032 0.180856547940556
0.287287848708032 0.148214506152312 0.545627377090827 0.135705462487022 0.225966999072433 0.534809229521088 0.489827887733645 0.0485755979742826
0.447256924283308 0.452292094154476 0.247660969111053 0.161090020723306 0.491850964490597 0.499137583244397 0.0547886856195768 0.118531246931028
0.400738421775902 0.029946268968977 0.313787973811663 0.37126528554245 0.427142251193075 0.102031557197804 0.401255549672755 0.498341425097262
0.556184676272764 0.10989328269275 0.380175318632189 0.283223324487567 0.113291406873094 0.546747392469736 0.367949813249971 0.0817228777825764
0.12647021081917 0.178070270467058 0.547520845972217 0.427142375939991 0.470644709141823 0.128242306615338 0.480129922281638 0.0398660850092515
0.260283755847354 0.277524404508 0.307735503263448 0.351689915795643 0.445919440459567 0.417008347548317 0.489428188380175 0.156734085691243
0.635364681111925 0.422906097806601 0.170197437365342 0.24855075849798 0.311236982689279 0.0196568895642186 0.456456820958664 0.145292205907023
0.377676354305955 0.519465218915724 0.543157137203279 0.260783657614384 0.155470100049629 0.366812150215875 0.208535036096596 0.149263857400777
0.488398781555782 0.387749391100959 0.333193541840182 0.212402837827325 0.445757150878177 0.0318585980469899 0.31987012027695 0.391091851564332
0.264469645592016 0.431015008915927 0.433593012344864 0.357080383491762 0.201907015976479 0.33154171695105 0.407717543746899 0.334443746185122
0.145737088458124 0.00293734265447265 0.249505227573953 0.259192027493287 0.238501115994463 0.64953709940457 0.0851392354985152 0.602734429171164
0.234644995385457 0.648438741801689 0.000840963740288969 0.383125493049358 0.474421584721634 0.0092940587217033 0.376094498571436 0.105232039768636
0.028639798472752 0.260347464347363 0.285447449676013 0.0928786824043901 0.451320067724356 0.749784211615956 0.272223492919594 0.036338216288092
0.0717538363754123 0.358277239421121 0.443222335423902 0.381936099955975 0.433590272861469 0.103341130006335 0.406116069735115 0.400696153764703
0.0334394405404512 0.477048659122998 0.341105493963507 0.167295135456692 0.500167979960369 0.401098572080132 0.382625087376513 0.263658358664181
0.411224991568379 0.50886321199553 0.105123671725498 0.0864270930202775 0.393289929303176 0.213634837635712 0.3091677383035 0.507474241978405
0.319850789937174 0.287367475654689 0.583765020059669 0.375565419791815 0.221378298860789 0.305478367770801 0.31565558333544 0.302192970220193
0.0908235108467088 0.543578565151891 0.22688654837519 0.21288444547731 0.23796427454336 0.521273832048993 0.519998170439397 0.0269191238117212
0.176636071518986 0.472682931440811 0.316049428345696 0.43976257992989 0.0774815439989796 0.495622923483415 0.186445262550449 0.407044062514624
0.585196220172576 0.110227027435473 0.0620203650223088 0.518009089768645 0.0360974871980773 0.194159102119109 0.577462887691734 0.0274093301457442
0.290133770998769 0.0215511590834181 0.160697089977026 0.764419970931278 0.152077019684342 0.0412132967302284 0.378693559509339 0.370083406849369
0.348711415328153 0.191853003742055 0.421519114865653 0.439049365093818 0.460590293050686 0.244003154927469 0.302883376852792 0.32822365385169
0.443981168648223 0.642758993648366 0.384808794936673 0.194632808028001 0.366997541730266 0.146264071889096 0.194227473519403 0.0998858023797723
0.508709751163093 0.288793785727293 0.459619533614824 0.265347146128163 0.273722727828475 0.391882321231925 0.382744281263322 0.0341210271600079
0.50227204257015 0.318129422400602 0.146765217443077 0.59697722341306 0.306710558924477 0.17111877389428 0.284002301109695 0.254134458033419
0.39437076685777 0.108165873803209 0.541621372774682 0.361765067816669 0.130909648296299 0.295165892895093 0.386176644616804 0.393892783712219
0.435247343021861 0.0890275803427076 0.464757298678302 0.124145592849937 0.138545099711242 0.0751465327306526 0.429550593104896 0.601553744365134
0.334807003113508 0.164980875339071 0.490102965429211 0.480537102516657 0.252572974711673 0.480212837370688 0.260666252220998 0.164998139515703
0.358657297512302 0.16924550702152 0.307884520321087 0.37044223222593 0.361005349386838 0.546213910253572 0.252994794916649 0.343539971079055
0.318144038297768 0.294838134478413 0.0229902419899634 0.477124347538257 0.537294952989623 0.369941398952078 0.180031190690527 0.354577095035935
0.344285580813089 0.342127904826071 0.00493710105932321 0.389553847087374 0.458236878833856 0.48031146732586 0.201161489898531 0.362620011926757
0.492210701208529 0.0572519933806634 0.442471749966369 0.179448268161945 0.0749850463437158 0.513704156442652 0.497632150402711 0.096516474081236
0.134132956797547 0.0768272894958074 0.539299722450414 0.47450429187514 0.226005076799591 0.39763415472982 0.394092973987657 0.309203680368021
0.330764063326356 0.500161529701987 0.615082172000829 0.122483451289169 0.171475417417877 0.315266141728459 0.0480044174539417 0.340594071397267
0.100211002811362 0.617411804469116 0.0669927119419719 0.349845033673438 0.259298110478962 0.213633441052619 0.0552402666348623 0.604941818100377
0.530341796485183 0.1606029140775 0.451460442979862 0.391289734156795 0.213900151236107 0.28138662427228 0.459415324486647 0.00509390491331985
0.518170867867778 0.354589503345853 0.202460373321192 0.327831554989998 0.46626569571199 0.208080158446422 0.410395700366388 0.167856552989408
0.524929768698177 0.0936730818197373 0.0249250572185498 0.443693796771751 0.0395489573656826 0.343724638520144 0.305474404028323 0.552415866204814
0.286750729850202 0.130992520436083 0.0855556786590782 0.148650188855236 0.571108604095624 0.327051856087401 0.490585430395354 0.444293041768836
0.510398451117361 0.348275613880985 0.188205097253971 0.345988546989635 0.457272633868702 0.476737117734601 0.0505193169241909 0.155369051290294
0.46096603665735 0.000837932277915288 0.325632287112753 0.231947886386531 0.231809599443293 0.522414407114277 0.497120554663943 0.232146620661259
0.368188416840938 0.421073207670055 0.424899231008172 0.449817709362216 0.400968933378839 0.246778840510869 0.262821162273217 0.116225945132362
0.412050971530499 0.272139288306815 0.346362476720566 0.315758224194412 0.157808170623581 0.460713712257484 0.286860732474269 0.465869466675927
0.523839898935063 0.111468785040113 0.239669501707416 0.529065545210867 0.213047973605783 0.258176624668985 0.135518652130392 0.49538342262251
0.361743150199623 0.501763316564607 0.0181718115847145 0.403822350933727 0.288923197431634 0.483080591380098 0.279288132622254 0.243161322536985
0.0757346872026469 0.142247681618675 0.275144451880523 0.508396716662483 0.549444084936549 0.0967846052126553 0.392673034046637 0.41762422028575
0.399856979793295 0.415656858358917 0.277351158011383 0.302808444112034 0.296776094122867 0.0832733607633558 0.630904685755755 0.0753387547664395
0.345045531060892 0.544116072522789 0.310219209678929 0.117517538865918 0.502933853320657 0.323229978851787 0.148608514697843 0.308756182832297
0.469990950665963 0.0379926147971825 0.548032935520117 0.110277800931725 0.400873115560595 0.0830923854510479 0.00866513169970584 0.545421939339871
0.515702201672338 0.0685736873289879 0.105858734110435 0.283270581524078 0.375658673321002 0.476431581479963 0.138611192696079 0.500580704021372
0.234079788389493 0.49397321539542 0.0959159583405276 0.532276054159474 0.375546445517407 0.368003762080644 0.362846546874767 0.0236627981918934
0.270612892167626 0.474821184436316 0.220918536541426 0.50470919362979 0.243737618238961 0.274066012716365 0.1436281743696 0.492572712538296
0.504660321544103 0.387628513372368 0.326875872275147 0.387525464085507 0.386160965714015 0.100797194513527 0.396874200200439 0.145769604656416
0.300608523556844 0.118188408422867 0.526604744712267 0.0311819845744701 0.205424675048792 0.00672917955525776 0.0526736756392381 0.756546130306826
0.413892091372045 0.272410234177164 0.214810295157898 0.350832210702137 0.401094965349834 0.317951533658507 0.0753526069453407 0.563569812609765
0.552762650762527 0.538182846389353 0.411461830224459 0.218607067144383 0.141929170810964 0.0784439487416205 0.393824309478182 0.0795478401961701
0.573440640014097 0.206827088888423 0.0507844904822143 0.28309333237319 0.651125649647587 0.0780124391828507 0.165657162066845 0.296942150484192
0.599859838628897 0.314196923894108 0.543092784442215 0.137216073906115 0.113784728501011 0.17748985255185 0.00854201081401573 0.427957784619598
0.148544733511519 0.273619213876274 0.481082223959264 0.405732175109458 0.356337857872837 0.34220302111752 0.42692476686325 0.284013997258018
0.476232662895721 0.014621667980835 0.0882761852964896 0.0846188005815974 0.522913517847794 0.473921723214039 0.417503134761965 0.292722422947328
0.126820512338747 0.330098699566597 0.471805972821649 0.474711981084374 0.441084576740051 0.467445910157345 0.0194256576571317 0.11644924337734
0.558462736807353 0.421908587900986 0.341593058803652 0.432284973917557 0.127685900233181 0.172482990475097 0.285866114227709 0.280682903237905
0.493595055341961 0.119037902496304 0.181596564953965 0.203175711345497 0.510271241687729 0.272054407577969 0.158540766954007 0.555347370089133
0.414277695531172 0.200647402442887 0.0514438068481973 0.488938520726253 0.505918310037433 0.505252556761509 0.175142998942563 0.0670724678353463
0.712699168131083 0.435423676622288 0.224393888357674 0.0171178294897834 0.147187613525392 0.471448453784743 0.0368791687507689 0.0808243102302818
0.205502502995551 0.0381478904423569 0.416097145100476 0.32966641331589 0.35044102263121 0.391443440654898 0.0479779317264964 0.629410773645262
0.0929774148719407 0.618628048479633 0.577415787855533 0.129968633972676 0.459847060786846 0.162538669401094 0.128187262245339 0.0635892090651256
0.170579732273432 0.304221716182994 0.49502808837927 0.418966641815393 0.357791860638075 0.0528748280657947 0.56805962213096 0.06529433225238
0.103514889486125 0.505546862255208 0.536852278895624 0.458007528465487 0.326944223535354 0.16910231313512 0.124376750727039 0.291149580971534
0.508314950749576 0.427450726035827 0.423697533811247 0.00622924910940936 0.298994886431522 0.178661041361838 0.0423100048787242 0.506197133168657
0.212239971721515 0.296933505655098 0.0715595528856822 0.466762652083188 0.574923799297392 0.378271625248659 0.342343243872523 0.2301539713803
0.110395603012891 0.446109259991352 0.613741678782364 0.167631563808309 0.101381326070527 0.45911245412703 0.26988121569919 0.30020303151091
0.451354892366659 0.413072229864424 0.239016452958731 0.0902945466370313 0.327314545942007 0.308905027817957 0.388931151567948 0.454470631897981
0.0209425918474365 0.563146145666518 0.331781685219764 0.0172227840754955 0.577020644690204 0.371841720149315 0.107292461754477 0.298866782927516
0.428052705989623 0.567095499757239 0.181279414718119 0.162255928203384 0.541406954053007 0.023488443294079 0.087981177548306 0.366838490543512
0.545943271377505 0.163678496292444 0.0703266164206499 0.0256019714076957 0.545920531806393 0.589805379212683 0.130621014940925 0.0811944482815513
0.155507325109204 0.67491406876181 0.21413173252426 0.198756092059434 0.0822071423497346 0.606447555257417 0.0576239275792277 0.238945433225908
0.408039372738039 0.166046232176477 0.453623766451067 0.322163423293489 0.418099369376458 0.469318005050645 0.0808297010706017 0.307845437135649
0.487372103836113 0.426963889075148 0.267085643742832 0.0679661421269031 0.46194354672819 0.39541758902739 0.125034597956602 0.344725356620059
0.146984417317642 0.267546983999391 0.398999574960981 0.527341837117316 0.211857821156695 0.594494345378918 0.209715877109748 0.165033651842989
0.113274137578938 0.33924943937902 0.0502427403432933 0.441394570608377 0.457748952220266 0.351896122311344 0.318396476337314 0.489881605509415
0.119746113198686 0.439194939797349 0.355320027150354 0.579787298475576 0.449976381522223 0.268499599782215 0.106050014190728 0.211058417367275
0.188113030180728 0.157868723503666 0.263996792346005 0.704099822488159 0.291876951936726 0.305836021549915 0.335872841232243 0.287579023908105
0.330184437978355 0.490580316365399 0.039957674214661 0.534725723138468 0.0729475314522559 0.222496771059023 0.4827628049474 0.273669315195894
0.455066530098485 0.250340327356515 0.117142655341285 0.0339314012745437 0.259544611740006 0.663184362064628 0.356600433157195 0.284657091062315
0.500732644166775 0.545972562323133 0.0368809117975794 0.0968501747640431 0.382014045718327 0.532447909911936 0.0855477875181395 0.0607181225359729
0.399330153670375 0.221112340939194 0.448925806231928 0.0611700988472198 0.614514012065622 0.185390813161892 0.081035380158165 0.409639650293798
0.0647387019137619 0.224396181753883 0.540363436107489 0.50045469765773 0.478742555234563 0.366363509201816 0.194624113980439 0.0413824333426442
0.217299760189636 0.289671542045083 0.438167616283762 0.0263050942146673 0.0487464276110166 0.384064723927393 0.17803672508766 0.703284716284318
0.467325143557505 0.400087551437091 0.241999696648273 0.166366635519904 0.183225367103301 0.286280188867526 0.431860461361371 0.482974234319534
0.076186485423819 0.261239066569655 0.5085731868281 0.248980321369042 0.584009290090321 0.120995564064918 0.4527908120693 0.211152991495495
0.285495311372171 0.406322643838452 0.627046151118537 0.44576146318644 0.200076252801673 0.113527440189574 0.308839392145422 0.114906143621829
0.455321783482647 0.44798229800318 0.314177083091717 0.444936398332357 0.242455334437384 0.230251450947329 0.339414427192956 0.261372957311514
0.230996605098104 0.016444780391515 0.403485392699502 0.162669336127463 0.183780881432065 0.431553984717867 0.345189613685096 0.646481429811501
0.0781856635914808 0.195639642500353 0.515340267349127 0.333392341449694 0.00166525499773451 0.562253706669803 0.0353563606845255 0.511374629624233
0.588949332239338 0.362362684360093 0.274090605725637 0.146449603463474 0.325971407710181 0.13869239208323 0.325829070960699 0.440001478164667
0.163178889945242 0.54074567189572 0.473288643177645 0.116561631270142 0.393914055483286 0.146827175847445 0.482575955588213 0.183771485738375
