0.0142815556206404 0.709768329257577 0.689224359053545 0.144895613595416
0.330430616021282 0.724322145137117 0.293076597626341 0.529413964666147
0.18847533980629 0.832624881360054 0.504306205680809 0.129954238626085
0.602142842101387 0.322801168893648 0.52861885530798 0.503771286279637
0.522495862799773 0.544751816690942 0.567347970873903 0.329180515089068
0.538343046572844 0.152472727882523 0.645757586536247 0.519553626577288
0.59500512105746 0.302693993897187 0.688658122699626 0.283011028078049
0.560442069033887 0.469192511181383 0.00970872761982766 0.682399307822281
0.0718166583168793 0.535901722028076 0.556882815705278 0.630502372309337
0.281942693286472 0.439845968548176 0.85227174843068 0.0260136210704928
0.226741721078911 0.67922283760719 0.396026268625657 0.574811032734628
0.720501610775956 0.639298720464941 0.194284183993133 0.185548459253275
0.511368862447626 0.576144847943423 0.0259490703670207 0.637091552647152
0.0469904669676974 0.685580915943375 0.0637684066064625 0.723674162884978
0.166771471591881 0.377075101623011 0.0260107750691929 0.910672874076841
0.079225484900861 0.539823175569613 0.532561920104239 0.647064187631372
0.397632412166212 0.0234295883440717 0.588023183734703 0.703966089080583
0.561321762476184 0.565303109170689 0.326378252828144 0.508750931019718
0.676707914177138 0.214412425185956 0.676771420812984 0.195125997208673
0.138848984847729 0.739388854575956 0.548228078478831 0.365336906297488
0.228290743912233 0.669530631951586 0.706824893441335 0.00326176856236704
0.519916431863635 0.60653443489044 0.60149678333415 0.00212198232594563
0.57567293206384 0.417181709704001 0.463567371575396 0.52883398944106
0.165740256211349 0.697818949343674 0.615994787106602 0.325774927926292
0.0852330031743804 0.029975678129741 0.647916076341887 0.756334285820941
0.197337701444123 0.839651469121274 0.470195449490814 0.186974547116357
0.462553625243723 0.593326659650839 0.655164521988208 0.069043955922512
0.552310825265479 0.0652072348083337 0.764767951941873 0.325316382166423
0.399762457275016 0.0532929480536819 0.915020258815638 0.00936831885402989
0.322202178910003 0.716724504608141 0.134683974261639 0.603615744888212
0.732995887618351 0.639040671756479 0.0478788237739423 0.22814834386784
0.550239066509109 0.736390139432107 0.0199070317245922 0.393154222058295
0.85460096341865 0.436603215144126 0.139414907955405 0.244127649580119
0.499873161311051 0.50206663088334 0.163940399310105 0.686425135195668
0.605846317404527 0.606673790914288 0.0836068352134223 0.507845496396941
0.410399532687053 0.731615612232971 0.205468127274281 0.504077045878528
0.590257835951056 0.0318225385890009 0.549682559403429 0.590281371062838
0.218004278306149 0.218491683112665 0.896198506122618 0.31869069122646
0.24707785526989 0.407088412839708 0.110378282410058 0.872380761100957
0.657789404487301 0.333547147186436 0.587837994533998 0.33242426525493
0.775556658883253 0.0462056186202998 0.0630406269403917 0.626420616698335
0.549964596356803 0.432170078633633 0.233503569968233 0.675458398941036
0.578516887834798 0.0842402100312037 0.571522769179369 0.575832894000842
0.250521207314359 0.847129357996724 0.385698674224929 0.266171952329591
0.80712278222076 0.576616101666069 0.0272635865897761 0.123787651104246
0.728050308055343 0.242406432211539 0.272416082476262 0.580492332913432
0.528043231963137 0.384934701574252 0.72311249163085 0.223839105496091
0.656048818037695 0.400572256449443 0.578870042071462 0.272123666935693
0.383426027172401 0.698134960239704 0.60358361461989 0.0357614197185121
0.852169864514715 0.421909581617197 0.0315320354454055 0.307903487627609
0.5097496196064 0.333164145513689 0.722792490337939 0.326692505831314
0.528894076948572 0.343124404075208 0.558834581218114 0.538739834736143
0.838354803190392 0.122773791986097 0.084761955501461 0.524312150220193
0.911873166863433 0.232055708656195 0.208267189558936 0.266949908012248
0.519754489470639 0.369408825113629 0.551548123571824 0.5377611532899
0.603866809894583 0.204442976266029 0.717255034766952 0.281235062651666
0.689847767700629 0.513832385823916 0.509813436328847 0.0132889734567461
0.709559853672972 0.550465594017499 0.427809212043333 0.102429106944345
0.260206075054401 0.526150869286766 0.346991747500242 0.731474393550651
0.386578828650368 0.713568404987908 0.414536424722571 0.411748094373916
0.539569311797296 0.607836585645728 0.273821319185979 0.514219338489312
0.6172669665916 0.0720620700534103 0.569672487729015 0.537830648753915
0.487053919165329 0.832320418000476 0.223917387820505 0.14100427311556
0.15365487812388 0.515703012330456 0.604779560106253 0.587096470079421
0.715394299690322 0.690896472994281 0.103982330852417 0.00779323072647853
0.0536419064457155 0.0741171751512866 0.45688705150007 0.884806991604404
0.318444800932665 0.420486071697421 0.626135770319248 0.574228499287652
0.477044664638126 0.677916554509639 0.32688848649253 0.453873826586972
0.743183317630513 0.268550167949 0.332178392876002 0.514992115470309
0.323336804610701 0.732833774954319 0.59301827855333 0.0820809988486318
0.273886010635683 0.452757889256762 0.63524031673927 0.562553541347687
0.190926244367593 0.652931669732943 0.718424615838092 0.145235929539934
0.633378184153843 0.222095783521113 0.704606501541021 0.230293761891735
0.46579148630371 0.85073784711103 0.219470622841995 0.105432691747945
0.379569223877828 0.605134611788191 0.673941776029018 0.188525299160595
0.542127595934982 0.439530947926451 0.0932528240870903 0.710080366113875
0.863770488440864 0.0368278301809298 0.408905262476918 0.292131375482809
0.616001484329245 0.0524436089354837 0.591093296911934 0.518073888100693
0.617513170160355 0.670341585099534 0.387833218046059 0.137495596092352
0.580886915539758 0.285400630648418 0.693829718160558 0.31578029320626
0.448152182712572 0.204085083188275 0.206230821993455 0.845563568284429
0.477805656652908 0.456579030683579 0.590864539181452 0.462727176150717
0.450815111048395 0.208428159129022 0.17823653038366 0.849444040163509
0.498218995715542 0.183239989975904 0.515501195682489 0.672651065287011
0.000694548953420582 0.943402645882517 0.197270768136225 0.266599342427098
0.585514657156182 0.486964327385516 0.115617287837431 0.637707591974854
0.473966853003341 0.85215662888007 0.187762210471846 0.118024804293802
0.575856717215704 0.233702702458274 0.465676588295338 0.630013811923887
0.225918015697168 0.885000076496467 0.361685365424537 0.18686789778456
0.28753769511267 0.651406656009518 0.684661574949417 0.155659789873862
0.0138249248060103 0.491331445840034 0.619745169741917 0.611815500264919
0.176399159080722 0.519975568265663 0.599165140468038 0.582674763079998
0.162394690488713 0.500681646023639 0.74511428215431 0.409573632410341
0.951812977670553 0.0736128956328355 0.0904467418689593 0.28364164718841
0.353374153466354 0.252937975604855 0.847902324016209 0.303662208855114
0.272229049407142 0.205764819400923 0.77173222903886 0.536639124941987
0.4537801070787 0.427181110823473 0.1671593280298 0.763974915836831
0.540605038312569 0.664499880086521 0.51272583184412 0.0574310306003664
0.17239304777041 0.320250175763729 0.615640725414827 0.699075789320754
0.0748867425570358 0.489178842818254 0.636353230086382 0.591735246615257
0.0155449538770821 0.60754724271618 0.526992866367671 0.594073413876192
0.159282250174024 0.666064071048435 0.693821894160758 0.222708323196648
0.315212093538958 0.447443578031268 0.821309019816225 0.160894606913579
0.842000054449149 0.431792123133582 0.199693181376813 0.254389669638984
0.57230984452491 0.543539368386569 0.517746786752477 0.330097957705418
0.106318112634411 0.545400938492005 0.406292744966752 0.725369202961691
0.744617411511789 0.591861828948454 0.307240427578972 0.0291171009608444
0.456478516036922 0.683040598903302 0.441454427876532 0.36083360812811
0.449882652043038 0.779259649427983 0.433883641796519 0.0458800996673887
0.655067738481836 0.579114486576583 0.484210363968098 0.0324498515145353
0.579971096681702 0.751792576787264 0.226982224664545 0.216611445190979
0.269712769993466 0.610743014571237 0.0200231837088577 0.744209019005448
0.63250743905477 0.152598672654021 0.631079500211108 0.422358436707384
0.618020020345133 0.590157961121204 0.500484435950465 0.138853032913257
0.648689962167196 0.00940136521313151 0.462109896365021 0.60462169246328
0.459239487080343 0.481471148263601 0.640214950508059 0.38393937547727
0.0986926168742517 0.339107881237509 0.389374100670372 0.850678212947915
0.247176861899532 0.408099543503917 0.625893686118968 0.616940398425816
0.752081688503458 0.286329420950026 0.591089508154115 0.0547885924836279
0.302334778537854 0.188469627682543 0.794079169520152 0.492454214787381
0.339197346053741 0.235027148717229 0.654098053215457 0.633926759630556
0.377661055323714 0.505912822035462 0.572022919980588 0.523654583488749
0.576436506367494 0.487684459057733 0.23656238565633 0.61149248581891
0.556421081280445 0.487273574664933 0.470162792188792 0.48156722540181
0.648155684520471 0.522117230827655 0.186027902086972 0.522189070683963
0.283631610182037 0.898198525535091 0.327035549260687 0.0764216458334573
0.105615105893645 0.369750794422326 0.899182227612745 0.208808814412884
0.664192046979442 0.354807692865998 0.00982550718448438 0.657923920541679
0.677798072717661 0.233697640170698 0.629154033399381 0.30023388858715
0.550011642470321 0.494341505733735 0.628440116534058 0.241198442753397
0.777144115258826 0.0948853038807561 0.40064949499327 0.475945149557879
0.0388840621895806 0.376194933950989 0.722126613727539 0.579222371049018
0.442957854735998 0.591468828975917 0.596642235279288 0.313003205029077
0.530839253815771 0.293788879528915 0.704096275535906 0.368979966461494
0.464491873340274 0.622444133152203 0.585246342079195 0.23301785293871
0.900106236336756 0.282042686841947 0.0432969502475198 0.32922038242782
0.565900577430091 0.682583352529545 0.427992882000253 0.17509596303437
0.729265310624748 0.390212626935283 0.53593676618885 0.16934578573644
0.659381457107461 0.290677827772475 0.639600864027406 0.267643847677678
0.672291342468296 0.0571154129528467 0.626209692493403 0.39067070721097
0.291264873447809 0.825950064618476 0.0148204896241796 0.482443382522205
0.764606347402773 0.259129768163931 0.583320207469268 0.0892548728121231
0.523386355980538 0.506370615777017 0.4846647494216 0.484515843413934
0.183849334476685 0.600572887110871 0.731257523595737 0.266033952089622
0.252768839825665 0.495729108598707 0.727519913313444 0.401341924340726
0.239510123703982 0.876407842990897 0.0535740867956036 0.414335625563822
0.0525897387907852 0.57542156392237 0.44782020607624 0.682335259368065
0.424919543766043 0.488300208376008 0.627977175032441 0.432031197327092
0.556587679126705 0.765142341619896 0.220920422862669 0.236561871963658
0.21239675887924 0.643738688144509 0.732843524382286 0.0585532832087952
0.160548733522586 0.877268919760448 0.365134094743707 0.267021421317322
0.709178199803339 0.552575537451338 0.355919259041955 0.255045167327448
0.509696434355801 0.395810084994867 0.623016416156282 0.442034463159967
0.471558754225011 0.465606386634142 0.364895674143536 0.653983318617981
0.595799292833461 0.168194974247092 0.289217797854255 0.730127878320985
0.405175548348925 0.581391273741738 0.391174779946703 0.587196094478459
0.258054771152388 0.84415597325229 0.0100944593197803 0.469794135551956
0.12908253397794 0.200667525453369 0.970982077207662 0.0162495966641938
0.588675084636083 0.323396407126885 0.74061665272022 0.0190625890061865
0.399877340950821 0.560657646031702 0.468446277207595 0.553461111109567
0.295011011945215 0.241295544193454 0.204083671405566 0.901717704300558
0.74475736173428 0.426425315107212 0.462546841944806 0.222594568184395
0.665836811740703 0.364195687574645 0.306739841190334 0.574398390587522
0.266289574136828 0.443327296205718 0.58361261809425 0.626056773101393
0.599050153045295 0.502292429137797 0.385835038192708 0.489869934850152
0.559929255905947 0.574934943557482 0.181080946121982 0.568452926818691
0.764925226435751 0.546887079444817 0.0476788401029733 0.336943093867448
0.451170882353689 0.229727576045454 0.585707826696762 0.632942665228558
0.520611671967829 0.397821785012686 0.405710796635168 0.637259808770206
0.723273975976836 0.657920974395072 0.14600110911609 0.150659959055385
0.0371408199249116 0.815296828635569 0.388886179862875 0.427409849937678
0.00758526002432547 0.903012186540148 0.162678821094371 0.397551324935145
0.314173706606235 0.610389691578963 0.680873904186211 0.255205864136514
0.0423811724528872 0.637408320505508 0.469527431010119 0.60947392126399
0.745971285914666 0.192710268649359 0.600770216229624 0.21322462390475
0.620756853520624 0.300733655069962 0.658476856013947 0.301045557365364
0.741598290954278 0.348808125381824 0.343400570712967 0.458738394463904
0.554869735746901 0.617457101072677 0.101310348804418 0.548272302703882
0.233533053242631 0.71423101170339 0.564591759662709 0.341427180940962
0.224977962613797 0.214522737471231 0.770278825793935 0.556808263210516
0.829199332827093 0.400599446585445 0.117387747557578 0.371710460651698
0.833443666210221 0.281655110562755 0.183250138197122 0.438704274880794
0.400797433392528 0.316035137221614 0.623596189230477 0.592124144250599
0.416131897290995 0.00440580940745472 0.706154066401879 0.572853617780802
0.290321324695359 0.515672770220475 0.253987170524959 0.765039632757022
0.151786556994153 0.225199499549564 0.915244990487103 0.297611548678391
0.193045382693346 0.792586964458722 0.575946057019638 0.0531556525161742
0.318462371992385 0.442856842085859 0.759100380428643 0.355283193348368
0.434471098900155 0.489585264416748 0.558304521090041 0.509742282743834
0.299991243528174 0.568485063521075 0.0591817551183088 0.763758801075952
0.353199408210293 0.602098710149309 0.27074295805063 0.662891825219192
0.0156107395495569 0.56366792229258 0.800219829804651 0.204164154974612
0.477819969965543 0.238520954274817 0.587805121964237 0.607684925982673
0.301118169209399 0.734831043222829 0.605929936658392 0.0469052017284409
0.626098114280044 0.546127713999712 0.164081216409946 0.531811080852829
0.482743205525964 0.489878649877961 0.333121770992398 0.644986660019532
0.0744541780983397 0.674536625839464 0.650855458166299 0.340358764159157
0.474116070970357 0.00639816048480635 0.601053247230048 0.64335682850519
0.546303549181347 0.694832741971891 0.140154066148954 0.446224977536671
0.0174012549211906 0.0450260513884668 0.93945866679076 0.339245139118099
0.570903796486834 0.0749245941942016 0.685124206697148 0.446161385307331
0.102682691525393 0.724098831942407 0.0734451926550413 0.678043472143642
0.519359245826442 0.408471900195479 0.728548148351691 0.180649594681543
0.311108828536703 0.408050529094848 0.358619724754412 0.779806357712608
0.785540075711973 0.215418954416322 0.439050309686684 0.379152065921622
0.32742339272777 0.496578895102872 0.545681684763345 0.590283679044987
0.19988310158913 0.364904072951101 0.793518756834285 0.444094298313971
0.0504618613973598 0.401559811143747 0.545748087608315 0.733731792612518
0.711362158304938 0.513019390785389 0.328991662395948 0.350056381864236
0.0461673180666921 0.94623963570083 0.290776907781288 0.133969849117036
0.086339229090213 0.96689135859135 0.237886637187724 0.0328113707272083
0.356358773998574 0.900765203816402 0.0597460482868432 0.240958256762317
0.0709956846883617 0.636167021360948 0.603600398666329 0.475307997427161
0.664909017835172 0.463220362432907 0.559463904379907 0.174135101358065
0.238995328591669 0.470099149469944 0.482043770382998 0.69965836378474
0.340585698772664 0.531391403400049 0.55055127362922 0.546367873588214
0.041266912298357 0.106017440341107 0.753059179012329 0.648042604462205
0.0887273453163073 0.649784064766796 0.352548473514032 0.667546029267785
0.541294674112961 0.389233803924111 0.502735766443695 0.550230743232311
0.154623408590246 0.199380064247469 0.701712423956948 0.666287374607289
0.302351605204143 0.341310233497414 0.671739705562416 0.583829255271896
0.0948791377591425 0.407399058424688 0.108509803542005 0.901803514601731
0.667624171731934 0.489803356513165 0.483932909437446 0.283159983809674
0.983093826478307 0.10739655483887 0.0277572241727351 0.145677880459613
0.226555665141187 0.63103947623027 0.496130646962752 0.551648521411761
0.582659629144316 0.655352478468828 0.480641790717647 0.00208675487437648
0.575538648364052 0.599798903866764 0.476838211976313 0.285695395060439
0.794182228731796 0.263665621774094 0.536986126058559 0.106775127636073
0.615275808080607 0.528993187141563 0.341478231525373 0.474335857112734
0.104750074050223 0.623570609500787 0.483635718026842 0.605213688875219
0.113824433527544 0.488788949209203 0.642463224330139 0.57911170498136
0.619907134153308 0.250081488170324 0.681112173539081 0.298765127411514
0.15393512947921 0.249781303968809 0.48203043429873 0.825566433734825
0.776271121014164 0.178485397652196 0.0218713174465077 0.60420837049606
0.478304618184584 0.0191287857826761 0.769106541381259 0.423478346296878
0.238710493877987 0.732874625560068 0.530230338656446 0.353224958476873
0.870997146192852 0.428551114803312 0.0995768422562296 0.218614651409792
0.406516216944625 0.801969069260219 0.43261930534585 0.066563608323183
0.509225290408943 0.24791046056577 0.487272189456619 0.66467723033977
0.0419486945032223 0.10672238419739 0.59296897430764 0.797018466065402
0.871231078850815 0.411398486175642 0.232430795663007 0.132979765544598
0.865836557254958 0.143688904344949 0.0232152535337935 0.478687379081997
0.309447725891944 0.660566970197939 0.596999838644376 0.333893059949451
0.481556412114445 0.492104362503741 0.551629488698678 0.470788302270017
0.24361843430088 0.588906682010476 0.770480673201033 0.0140893781226351
0.37748368972718 0.466675055842538 0.559225404848429 0.571828123492041
0.64510540801764 0.522114955179144 0.505860177760333 0.235245545507155
0.257620729185121 0.559353372769088 0.64136442878274 0.457610132927759
0.350982248881154 0.446435859860319 0.783504411287367 0.252244566828192
0.314122214647038 0.788720048126094 0.51862026614034 0.101394967812684
0.429257669662602 0.195775912560307 0.838850686462835 0.271549573591715
0.0349628683054952 0.602738649183998 0.795744731712294 0.0476869014702197
0.249969345172063 0.564946895223606 0.0865747793461167 0.781572222915215
0.0836606291841702 0.519456949615729 0.619885599824128 0.582157384004628
0.616909783422516 0.46959389016924 0.323338166656458 0.542546152337794
0.691725201281614 0.457224080186014 0.222971765464998 0.512587532247309
0.576345393402153 0.104934044938104 0.642994429005748 0.493328488924588
0.0856036895629064 0.466690750763396 0.0399863225683217 0.879359338093693
0.011649285842904 0.440025931207715 0.265805450142219 0.857664816043439
0.651612207700952 0.175862811021126 0.684272363754548 0.276125215575475
0.478061692967849 0.44513566741397 0.328326611100998 0.682285051687026
0.321433614243435 0.26055966758381 0.0854925689115305 0.906355400449473
0.17595892844936 0.808578307654158 0.277011401506643 0.488368978668195
0.444968419860309 0.727627776693451 0.034518162508384 0.52093130100639
0.472659732753423 0.172079744460498 0.700117775245734 0.506770598362648
0.682120199613805 0.73012115224618 0.0219401929069449 0.0339671055101863
0.669699745848648 0.546316263177012 0.391885522291091 0.315383145423469
0.855493708078355 0.508672314046984 0.0357401980629195 0.0900312756927032
0.675741082337491 0.345264378466492 0.573839110046182 0.308018139701072
0.54919874883528 0.637517182175049 0.251432414726234 0.478261766749428
0.1119375119523 0.731534412674463 0.344395810901278 0.577684102191335
0.594000305586726 0.418554754448128 0.643979275525179 0.239303671484182
0.249743458191301 0.536603169736401 0.66481531025799 0.455747568908567
0.411281443599601 0.50112554920545 0.737813704571013 0.188020465458848
0.0140858578010866 0.297720098540982 0.214943752344578 0.930034147148796
0.659115280141657 0.560681288297115 0.499301862164856 0.043602647579929
0.707088312855434 0.130530672041882 0.274276523920818 0.638561077662476
0.290629496963933 0.880831992964075 0.20628811814192 0.311632328199262
0.260398713788969 0.508903594255077 0.0769753513361693 0.816874798789868
0.549578287559338 0.0620890560442638 0.57030742174275 0.607336891410373
0.295201382290546 0.587862188717568 0.0484867890557703 0.751613745388549
0.667574975926095 0.261625261639119 0.306967537761729 0.625832888836978
0.341030893693649 0.565371246572026 0.662116032897796 0.354479395840984
0.947693015132745 0.285901380180894 0.127940306625843 0.0613972948895281
0.0132942617506343 0.957547864967936 0.0242810365194785 0.286942119887257
0.491819335431895 0.748982988913031 0.231167059738397 0.379077847026353
0.539505412192967 0.394584362611355 0.441671553516925 0.598467484338986
0.0798408988746744 0.671506099034241 0.669131344879179 0.308169163166727
0.514016098693772 0.779098132614694 0.122987975114382 0.337146122648911
0.810915557390977 0.428290201253298 0.123116690930256 0.379243645571121
0.485126101128034 0.427914144894791 0.72475201676731 0.23722703217591
0.520876358521424 0.295565411359679 0.481841584869759 0.639654276802277
0.524829292465879 0.319249326165339 0.589850610116435 0.524128170639598
0.510721702463237 0.413323711546144 0.673219595727179 0.33926719268993
0.379717263701087 0.896854615236621 0.179445751648759 0.138801372440418
0.225678629168521 0.50287131327564 0.661138623758955 0.509004242413721
0.546300122936667 0.512881156346495 0.0551206754655292 0.659902118711775
0.833659310192454 0.0259435372411093 0.51612763546102 0.19481106569771
0.13472354133849 0.947352719973977 0.237018033435734 0.167913201367197
0.65546389634726 0.216256710017513 0.429430481181878 0.582399843569321
0.507586677808763 0.544798013090669 0.618283074157866 0.251549060132255
0.709742523149945 0.200869371831487 0.080563460079304 0.670392851388515
0.705900063920788 0.568971431287702 0.0669841219198645 0.416520992923137
0.500604813007964 0.233090691649062 0.608569479030996 0.569830448336841
0.687103380706306 0.273469121066322 0.604465399996789 0.296184341672378
0.556647361113872 0.796065735308906 0.054796193300278 0.231128617076838
0.549954848767016 0.0315192573799263 0.718652468528421 0.424375812470354
0.464588441031554 0.796745179109613 0.310196110035096 0.2305061243103
0.731793748537457 0.489657354911796 0.0840865093562452 0.466522285991317
0.572023847944433 0.750480378892589 0.229543009581341 0.238490932809656
0.71694150550627 0.665502898556333 0.0919666956374906 0.186126023406299
0.220841311627188 0.662639650718368 0.703633609437145 0.130527974185914
0.521199513066997 0.366024550732166 0.228956873178766 0.736176504694522
0.246477197270153 0.866691859084752 0.0453787746555752 0.431317724459388
0.116813681144738 0.152556246107536 0.981366715740224 0.00072450551273695
0.35452994285991 0.160668224552472 0.508372752191212 0.768148023537416
0.665044726527122 0.252192675546645 0.0366640633624542 0.701975863243776
0.463978716107723 0.582174767599405 0.425274604296951 0.514721091378311
0.720374458937399 0.0112498225154087 0.669325361907432 0.181487300689352
0.297043984509806 0.495638295333571 0.78133570590506 0.235843308455446
0.6050716741777 0.457602691881134 0.636993382276373 0.13684837020236
0.499308675253324 0.0565180315564411 0.710263441694279 0.492973023925603
0.581572198613873 0.225838596676815 0.571415487601015 0.533155743268481
0.453536014009899 0.102091224864517 0.552829460238846 0.691564930931074
0.239987048477684 0.790812238049436 0.36523658133653 0.428514247566887
0.641141631644438 0.274896355599972 0.716452523072691 0.00807366291942513
0.274336253746547 0.43970625767092 0.851802998637714 0.0763523303975988
0.616064644200963 0.108094799637126 0.412562924487527 0.66224746265671
0.399644765561411 0.283420879477668 0.606032407495883 0.626642950570909
0.0447434237284987 0.345065459456153 0.154435537069431 0.924704017301451
0.0556435752065941 0.407648234448655 0.47882734333399 0.775532774784429
0.672087646860752 0.681375649879266 0.265876162237124 0.115478504678766
0.200166712163426 0.680354005132107 0.115608692469466 0.695475625214778
0.964031632268968 0.210492633463239 0.14996517819236 0.0620186147239092
0.54640506423436 0.521986502742407 0.486002155483165 0.43905979273843
0.163347531857419 0.725777215844423 0.644865969022891 0.175250959464922
0.391624930512557 0.098365971669246 0.700515791518658 0.588414543711819
0.56690186963947 0.0206770227245386 0.292731722001599 0.769742080092092
0.52342180357308 0.345783659673864 0.718615380758169 0.300092003866556
0.104647315166469 0.219292042874858 0.743664133215791 0.622835127725329
0.451480276471254 0.525270292446268 0.460739434728188 0.554955721762739
0.249692980441025 0.759887410887188 0.600004056695338 0.0148212766920318
0.462726334360528 0.496442845568946 0.727710528837211 0.0993288819636216
0.606505716379637 0.609208991229755 0.378619001633027 0.34302022186171
0.334264951289629 0.800205995804058 0.487815840355654 0.0998649714198379
0.645400859739714 0.671582714799385 0.130905305503341 0.339555869366152
0.100056383987916 0.0884108914318291 0.656306163128173 0.742586328004676
0.545517153781004 0.333881289750846 0.7603607302375 0.113074662049815
0.104069711125962 0.434347665389445 0.64090746092386 0.624298988729782
0.158987206309463 0.635172126552607 0.746616374147633 0.117658096768533
0.281404369350375 0.277635072961111 0.916494135581618 0.0613909326928624
0.562464114627328 0.198567286910533 0.685969665895231 0.416714254372311
0.21771353230436 0.520484993169441 0.0989078968619337 0.819703249765007
0.123954363601193 0.0788831284387874 0.791681229832567 0.593003876987939
0.634807086185361 0.582133784037204 0.470686034452783 0.191297877098758
0.612077146017946 0.262101833192733 0.493673548370411 0.559419899537818
0.264862194188435 0.285191476410195 0.508969176607277 0.767765730634268
0.594349309835268 0.207961685159435 0.55606835610064 0.542483934091619
0.468478328704313 0.627871735748185 0.550072283058413 0.289353801415981
0.619558371266512 0.371958401050113 0.681981758291506 0.112673217045822
0.1696628103267 0.354908876022644 0.691794615633923 0.605536481388448
0.111437885734402 0.0654080458216508 0.667947304993407 0.732905029943774
0.522362833000279 0.411634721282726 0.627322391546385 0.405167303714082
0.189936920391579 0.354094036090691 0.698608367409093 0.592020040930347
0.77146018968425 0.180319761552485 0.587607384877109 0.164473464619318
0.823329439752575 0.162017137980314 0.221526983915524 0.496794601454837
0.496892627702754 0.664509957929989 0.551617749041363 0.0851004776078007
0.509129224852379 0.585950187164501 0.591449281120589 0.218260299699785
0.0823722266758828 0.352316537985276 0.850703857896376 0.381301481107469
0.399478299568714 0.771707807570427 0.490875417291403 0.0626535921358424
0.539315991270538 0.57278169235692 0.581289403285957 0.207754720976626
0.225079069807495 0.4869632045958 0.644798965297537 0.544463537856859
0.794549566231859 0.439782071690447 0.367055927041163 0.201376916860835
0.498206975123384 0.561925611568774 0.613843940164557 0.243361940583813
0.821070459174271 0.165679928077622 0.404878463429308 0.366697276175688
0.441520706165003 0.384010225396657 0.773562846211991 0.243302560156626
0.278379493076981 0.556181919273817 0.607629594674334 0.493915788554082
0.655775473444234 0.550943936482833 0.308660865475699 0.413700105638836
0.739430900948517 0.637878365517575 0.00663974691200198 0.215195370043215
0.673772191876127 0.0720348436396701 0.735303660950255 0.0130591327966576
0.105781386048899 0.0704688669856144 0.669495686580297 0.731860617058819
0.377148586306606 0.0964317001098491 0.612442288305996 0.688022030574144
0.375431546129024 0.269219740040443 0.752811175297006 0.468878683767632
0.59734106235899 0.177380831428362 0.0306414050814738 0.781524663818263
0.638731878526112 0.57598382496146 0.337622822410848 0.382459214197545
0.538213240458683 0.373670886332143 0.594451966869111 0.466179617302344
0.789102227154782 0.156617580860173 0.0360028032790249 0.592867950407949
0.325937637234675 0.75125963745131 0.54104426361166 0.191428102908951
0.682070193882836 0.55996021160702 0.0169429710398398 0.470040155482482
0.507163395421713 0.126732318558573 0.714289759032078 0.465311024927395
0.398505163454594 0.730447660850437 0.474247381129687 0.287626964921208
0.0492356870956653 0.868108178323408 0.168253823284631 0.464386357243982
0.730493362082286 0.65053621619433 0.0680374895841291 0.196349126263327
0.651367838231757 0.505483313477637 0.361968097359203 0.4349547742089
0.560039766352159 0.416336379107256 0.64200265024855 0.317572159689598
0.594212771769375 0.392890924449029 0.150097399341226 0.685579079364843
0.0732817818019194 0.545243806693991 0.31638572811606 0.772812424047552
0.693719372610128 0.349415603196646 0.39248387984274 0.492563267379657
0.171044874319244 0.807481161129454 0.43581596133194 0.358862471203746
0.141171754931961 0.729626988782831 0.196957670847877 0.639470616012424
0.715140695594057 0.31506827316238 0.595305939471609 0.186859859738654
0.622393921190027 0.23514529246665 0.507929844444712 0.547119522059711
0.308193222178128 0.338672759367669 0.816883723661285 0.350740191428108
0.621785427355983 0.592552522638137 0.163174859867058 0.485425952489444
0.397107148925147 0.505195305035263 0.350254787508991 0.681472816677158
0.349161608228838 0.689216338569791 0.0277535308175122 0.634268674549409
0.693895962324469 0.578616193244057 0.00371715829864083 0.428599903312797
0.356696923236113 0.64033842313301 0.274284489237666 0.62249660864703
0.534128320493121 0.725497159020602 0.334134818642513 0.276974245140172
0.427620331367893 0.776066550291103 0.159507400547712 0.435222874962463
0.314912644023006 0.830826519692502 0.370088949586372 0.271277515109784
0.0736397770512454 0.384036260924857 0.744551320449941 0.541051443715795
0.59551115570635 0.56403472847066 0.514630830799846 0.249772689657169
0.865859702759369 0.269567513214003 0.0954260658663717 0.410504807414412
0.428859313728831 0.715760752653621 0.0867431390002898 0.544281050400558
0.652137807625602 0.699646362969245 0.112085816233565 0.269532959855442
0.579786336997974 0.767187137676378 0.184043636353786 0.203469012707276
0.594589715241932 0.45444696909015 0.535569844314633 0.391287572859264
0.848416668554988 0.0857702321716441 0.416498021831744 0.31521741957183
0.726385575635854 0.427014399423529 0.368941918469253 0.392306715452795
0.0867476354249388 0.652377730722495 0.424634022166932 0.621742785582497
0.593121876631856 0.537644945706988 0.168014651806643 0.575252491167772
0.745569936225411 0.517544515122717 0.417582346438446 0.0435675223783619
0.610514144799982 0.420432273690247 0.0572344800923684 0.668755109533642
0.0566501336758718 0.54987192271902 0.710030507074493 0.436220483223027
0.343782185526875 0.340343034680462 0.598422855619595 0.638647409398134
0.594345322205119 0.111359890581531 0.780418096579767 0.159060388762809
0.577020527394795 0.8043796007478 0.0939051212354324 0.105842321741353
0.599751840522638 0.232350129942295 0.765709357813217 0.000571194168972888
0.401103638533173 0.52651771835646 0.373405095571309 0.649971997868784
0.357192779174001 0.408848430692821 0.388189767573766 0.744691200147414
0.618223416025507 0.469361677461946 0.0688114707080334 0.626709187029246
0.863079795066648 0.339880505064813 0.234906108440275 0.290505817225826
0.029585312829338 0.739227697520375 0.249984878896166 0.624639640758401
0.149736058213772 0.852034950072275 0.480716640057777 0.143272707441087
0.468856977506851 0.529864279142554 0.351625348104356 0.61300619483197
0.750261989343362 0.115517172910674 0.575990365386107 0.303311439104504
0.184406336953893 0.652120138254696 0.613250682236285 0.405779778834104
0.326494025766108 0.09679307044114 0.675475411187774 0.654038012300757
0.747737346055144 0.230026379826654 0.60854961134946 0.132831082298819
0.363673597961413 0.637039532708452 0.317802580447244 0.600769230048836
0.575186788647636 0.281692650192593 0.455505552973169 0.61832362093268
0.56284593551408 0.48907069826866 0.465810775688907 0.476481506695049
0.691320090150094 0.00954254756893469 0.700960599430019 0.175042025775152
0.376447839339922 0.835462707290331 0.0705683970046249 0.394092870181144
0.120596209566776 0.134906420069193 0.982099049681599 0.0523284690846212
0.117259625382617 0.259237110811164 0.934099752338297 0.215647752863183
0.451001076910455 0.698736355456835 0.341948556292471 0.437534820372051
0.599830383831777 0.503194884192649 0.593308805439387 0.187037644720676
0.906894285259484 0.343736819028389 0.229985576271337 0.0805877739801497
0.23586759407445 0.24570093000266 0.604268149033861 0.7203176626493
0.414094406968606 0.1950200948594 0.65735731532515 0.598643754420657
0.800901670034129 0.369453793516711 0.463418420685028 0.085462136425721
0.779692121512595 0.233472421815001 0.515119436125462 0.268742982101511
0.51583218325994 0.585538774859691 0.618737506485553 0.0906939905238258
0.586836155267611 0.456525529713417 0.37210708762453 0.555647444815689
0.680948205680009 0.680592551563965 0.236402571116568 0.131214116261567
0.679011308447499 0.364450376196729 0.634316068412136 0.0613407828825903
0.0946573762031891 0.908818278557973 0.376977868851925 0.151581674634868
0.70181935752621 0.501628688819461 0.323710317328353 0.38862562757742
0.0169921426358218 0.36643896135382 0.630060559856791 0.684439512012219
0.617249815919277 0.100144709746151 0.307692922217406 0.717146266444155
0.826972052260545 0.215232173637108 0.515765759153321 0.0614655830235667
0.522215170859327 0.44839341002168 0.164502501114649 0.706522181039293
0.0466864865622126 0.565343653747865 0.573211815321969 0.591299534850809
0.232630313022777 0.696587527065481 0.103582347029605 0.670760502700898
0.345954606958075 0.54735049211609 0.513914964981564 0.562684865153449
0.0901424650035054 0.246758127945457 0.660244035627644 0.70360683319171
0.70900447045631 0.452153924675011 0.366810949466925 0.397893473966494
0.583968985699853 0.490806814099988 0.461217220995104 0.453174988311644
0.168649434474522 0.519093547809918 0.402321799991407 0.735007772833193
0.434689689426787 0.239416896269388 0.868143269891915 0.00718934128771576
0.332804908540531 0.640094504655112 0.63213567098446 0.282709057921182
0.600864162754227 0.5398536088426 0.580296004137295 0.103811784107445
0.0254345742867159 0.618998205774097 0.106911889111738 0.777665835462676
0.664440352635157 0.493804149214391 0.533588825210728 0.173087970751741
0.267799557246746 0.655040997301697 0.116812073154072 0.696821087911304
0.114512848756564 0.74003704694956 0.473990963986192 0.463211121057419
0.485397008957172 0.691278261810966 0.364262105538977 0.3922208904576
0.261281094110459 0.592260278706242 0.741664120092571 0.175767702080213
0.349185570933135 0.305273109927535 0.876586660821686 0.128349489585107
0.595599260678531 0.459067283192356 0.520639678215528 0.404293303987598
0.199074030527292 0.938388843938171 0.0712079505335018 0.273359352726078
0.0646510152046315 0.604243166663287 0.513893537963897 0.605494734421929
0.633165437860727 0.177715334743364 0.300704082224711 0.690721248427382
0.0606237749810815 0.178589941979281 0.416233412030692 0.889483073048705
0.475085887543505 0.450981606585701 0.602935306878897 0.455387753126091
0.313554041406576 0.658253872765904 0.294292895542691 0.617881375135545
0.676563806546373 0.0404642002751839 0.661117691461065 0.321787914945177
0.347153199117734 0.577269700582161 0.0580710890424601 0.736798546245531
0.145845135392405 0.460459069670138 0.583064416671609 0.653255331131922
0.149990538792951 0.110803646217779 0.381253411274236 0.905467407833768
0.240735857343201 0.650253516274663 0.650445792531712 0.310059482260199
0.248441967802181 0.92559480920157 0.234998121753738 0.162255109583349
0.0739928032282843 0.839638042214971 0.0417846106221117 0.536457891591679
0.262068153668309 0.926776602819283 0.250208957636646 0.0989994384732347
0.614473788181755 0.376339234376089 0.340400793776945 0.604084467523217
0.214345462090833 0.284898175941331 0.248644708006296 0.900591395365753
0.524997353753902 0.172164022769948 0.519918549339301 0.651476806853465
0.0872051042850089 0.756305309187805 0.479573804454445 0.436355950070661
0.296878231689631 0.929272397168746 0.122967048395146 0.182195588360633
0.48783713512139 0.48352090312622 0.726678707134748 0.0126697448092314
0.522191102900361 0.490595520943158 0.640214742865574 0.27705156541659
0.807604089408287 0.509478932257569 0.204048368135283 0.215803419384464
0.180168667580461 0.445785933387396 0.294343463807673 0.825939512391743
0.406565992787849 0.331512955263677 0.437431582645427 0.730381314455053
0.269246609904779 0.710167083460157 0.154852107412807 0.631814689172617
0.0903599262890683 0.576678848467789 0.811641800598303 0.0226754707215239
0.499618296265023 0.394367679395402 0.589761931893178 0.497027720731095
0.154309410256562 0.615637676787434 0.613873902367852 0.469401415440673
0.519961397588239 0.494477541129419 0.641664698918112 0.270921613200234
0.121379646420408 0.619007098069849 0.728579072031304 0.266963910991741
0.909013977042148 0.172668853952279 0.104187713869536 0.364724521653622
0.290531247936219 0.795202367921396 0.119185124592356 0.518690364380072
0.766876803408218 0.520909652270025 0.373412204568756 0.0334129921649765
0.400470165724195 0.673424736784051 0.38403546884657 0.488507450219505
0.855323754094608 0.394316295812789 0.270195578687457 0.199825633480136
0.528616252511647 0.706489384514209 0.207376262660308 0.422412941130264
0.04847907736177 0.645598096801983 0.128347499841102 0.751252151909295
0.0453279991103489 0.389181207911171 0.721493887703778 0.570902732443578
0.547495087246227 0.591709786411917 0.528895219377887 0.265327166013635
0.74066557170045 0.538122925622334 0.348646390341723 0.200708550687289
0.335880914003002 0.437677951895527 0.644483087951074 0.529399255173345
0.708322029069042 0.67190154286263 0.207349696278409 0.0619219128224004
0.620890621096738 0.724476962154689 0.278721134674273 0.109281732357727
0.536459849489449 0.585543718865398 0.0272581725556258 0.607129619778154
0.389032963818743 0.292447598199039 0.766288457390567 0.419439811462865
0.232011488469127 0.292445782995374 0.727299755026792 0.575917702076026
0.374784410497797 0.568369555366378 0.535084499627413 0.500177241024545
0.155290225165889 0.259689374823041 0.476758975889901 0.82531645656703
0.891601237477705 0.115182735407048 0.136115821912611 0.416236295651195
0.488387289676612 0.621942586679937 0.550778713261572 0.267035733889923
0.0376609575273491 0.625969847713405 0.378420911735427 0.680838465124517
0.605134041662468 0.367870635499603 0.476083393497578 0.521371834293142
0.579648294709617 0.762208490127715 0.196301795166074 0.210977906976153
0.250316119083942 0.715523166907782 0.575031001462504 0.307746300549725
0.15578298456195 0.534415325174379 0.413354463780474 0.720603919787071
0.381530309889132 0.669312055701382 0.0940259864091566 0.630567291102605
0.739572779229374 0.0328909177716891 0.545515317582867 0.392890990013184
0.835852331693646 0.288579829403752 0.194861676624192 0.424383657374792
0.292053534602442 0.944528054766001 0.0389853388125455 0.145091798678787
0.922165841511218 0.16595222424148 0.315802748956487 0.149461178139136
0.0842143356276457 0.696831165187855 0.583993164272079 0.407782119496693
0.155041046386328 0.278813823855142 0.944967296822577 0.0725391859517165
0.118099864436334 0.673509355804977 0.550728424947567 0.47868128396466
0.869008136998572 0.467654411102847 0.16157560058689 0.00418746955879168
0.765935948390237 0.581196593764004 0.274764223396258 0.00756729159726333
0.265703071171633 0.52481264738666 0.487873680021309 0.64494405606644
0.76236762965269 0.205147792264571 0.541927667220495 0.288139521911979
0.621282181830474 0.318349141377593 0.462613418145934 0.54648979869294
0.322379955968802 0.813803449737927 0.166864147212315 0.453818758492099
0.655706823481982 0.0973779219579158 0.735202942150281 0.141572369507249
0.66035032933042 0.733981000294991 0.149477122452925 0.0535343219099934
0.249364903714535 0.111843236427535 0.818321702050635 0.505626173386828
0.464183652004049 0.299527474312591 0.800845975579577 0.231219706647378
0.257408565992692 0.244900283292258 0.257942684359198 0.89845993398845
0.740670951189648 0.273709938973485 0.0945354382643818 0.606261051266791
0.625893494539146 0.148497393471463 0.458066692065327 0.613498788300423
0.461009114134803 0.557866914803309 0.456129207054334 0.517881500465565
0.577506223301818 0.0451386738684083 0.812737108676577 0.0625096340503588
0.614043248959572 0.659034086183047 0.117702043383855 0.418056444322191
0.662474943745522 0.454731601733808 0.392398846393345 0.447626255533727
0.455596280804021 0.0380725062113446 0.706368948371838 0.540393765660184
0.426136073943632 0.0478364475685388 0.809517848082574 0.400999469330932
0.649534208943783 0.489232268056173 0.249109691366089 0.526024201887973
0.634915186211433 0.116683860356763 0.629376674566964 0.432611355099903
0.756671170817356 0.458059544995419 0.460083697064538 0.0771568803666163
0.691872120972574 0.123039915748562 0.704616452021381 0.0984367964447193
0.168187008790297 0.106131158859204 0.778697626942996 0.595045639414928
0.0366841973183195 0.13877903430101 0.754572989349026 0.640323553409107
0.511462794360726 0.849613060487973 0.0406551548048406 0.122109032511003
0.786163709188769 0.580685659422217 0.202359669724803 0.0616551000713651
0.20663163265286 0.744282161196364 0.0817619598594402 0.629811412116378
0.419963065347135 0.669489839634657 0.0393645405226309 0.61144485550182
0.797625782894932 0.531387033847556 0.27749390093827 0.0664685313663813
0.338744479241759 0.764859734065567 0.00137802379523555 0.547941480487469
0.686751712854598 0.63603707028643 0.036400626692221 0.350005606368161
0.657286470532843 0.558668113701735 0.179100051202111 0.473061947367176
0.259760969368534 0.0999585448001591 0.20957192749565 0.937343125712197
0.513317692234003 0.494431263742124 0.609345381690538 0.347477881434683
0.629594000306417 0.48787200083714 0.0351733244408781 0.603618375155284
0.663701857762114 0.652080499240773 0.209014971163009 0.301004332764081
0.558341111243565 0.476734760861079 0.21225396139851 0.644924357698382
0.625989103121445 0.430982743240957 0.649060160955866 0.0333530397663143
0.392859563953319 0.118019326951939 0.28832759570835 0.865216735291951
0.496121772439218 0.51394886191995 0.560218421182216 0.419374623470546
0.297756568771066 0.127946048736532 0.687153297038447 0.650223946602694
0.680090487032259 0.0195986246508354 0.246267510485621 0.690250053704623
0.376972069760237 0.112897446631872 0.319919767774874 0.861857045774737
0.936373807942648 0.003827613782032 0.285475232069578 0.204189453808322
0.599432902638778 0.566335815886037 0.543861081679436 0.155431858745947
0.0407731644697507 0.912204512406662 0.402921247485427 0.0622490556461194
0.429939941350232 0.218019695467805 0.46177831477723 0.74456688565997
0.0201764066814867 0.38445717659326 0.916513426804789 0.10857592028578
0.00277803716056046 0.512797382411938 0.52483807219242 0.679393939536071
0.372780357104357 0.097363614734491 0.0810220381367575 0.919233681508216
0.483141609569116 0.640526934320009 0.203041305908246 0.561314225375278
0.696691299985917 0.544332059559096 0.466201381203504 0.0313067664256663
0.360999201407115 0.275440483373888 0.837218860606827 0.304756781953069
0.670251896311352 0.0702691366940716 0.295173930613859 0.677271728780458
0.596090830241997 0.714662622521925 0.316770246798017 0.183274845014298
0.101949807942318 0.462693868120554 0.7712042177385 0.425164292487635
0.603403777253143 0.138582278947036 0.588066869689287 0.5204576739105
0.642140628008622 0.271187670249225 0.506034521110337 0.507978075127384
0.78806673403057 0.29001740572002 0.309439970304142 0.446192370925358
0.564014619055417 0.253337436435747 0.086966299920025 0.781117478661281
0.657121305115541 0.131485004973147 0.49135657285789 0.556302078137237
0.503092101440845 0.506209281191227 0.63913595451659 0.286628213454055
0.941458189650809 0.0954552814755316 0.0726693867434827 0.315061782208147
0.680762125315297 0.25516859147185 0.26020346658425 0.635410162524972
0.616434330157136 0.368167662743786 0.542012925500637 0.436672963788397
0.692346423108934 0.459276954895466 0.238840060316003 0.502669408954296
0.00295953431709972 0.277383065411895 0.523654065373186 0.805503752938161
0.516344538996289 0.346212565514719 0.643380149797271 0.446751787209932
0.566162866929022 0.555622744873844 0.606581083554012 0.0529373456456433
0.808220474295701 0.142189299827321 0.0928898701038023 0.563855779411675
0.736201884622506 0.320047291578142 0.193524618729964 0.564025476532035
0.362823999532962 0.315586917582031 0.0853219595115079 0.872630394863194
0.677917520740444 0.710719806203844 0.144771683881763 0.11977625678213
0.681613798907423 0.0554275930321164 0.166162380084412 0.710436819509195
0.0324750781714415 0.407330713764839 0.854511545988014 0.320682205142039
0.623823628748702 0.649601954197063 0.373208906569287 0.222657794329137
0.0841160010093421 0.481777832703532 0.184572517045887 0.852494929158544
0.562916290085023 0.418055238387885 0.609759402315699 0.369524747887018
0.567856591466674 0.486895403823472 0.555221998549388 0.363593577487629
0.170181251702424 0.448386193193959 0.850382667804348 0.216419688614476
0.597915375317459 0.654371385509256 0.446640918232575 0.12168477286021
0.430605842774558 0.577108150327508 0.529998824163301 0.447912979695269
0.177234482502947 0.457427787650862 0.617664697503783 0.614685349389678
0.105841894772959 0.156257651059142 0.701775552991397 0.686944039220058
0.631405840283843 0.30632984005459 0.0608846620063851 0.709775846221856
0.286180055572012 0.610384613318215 0.36680078116929 0.641084071359422
0.593595789146899 0.425142034571462 0.0500757981443577 0.681462180893198
0.474371527833041 0.00446682645352992 0.397932014653511 0.78523997144604
0.554456987874046 0.552527723354153 0.488748111826177 0.385247773139656
0.571183154805441 0.557079604020382 0.32767111869971 0.50600766438966
0.664014720973389 0.446795908400331 0.593205784408847 0.0869756512550449
0.553418362556046 0.3524500737499 0.485567507573923 0.577694778484212
0.677880640138172 0.491045972249694 0.207388114889824 0.50630214365106
0.117015452109089 0.548786629801814 0.00410413831945355 0.827722039677045
0.949292669006902 0.108071362869839 0.234057213846089 0.179947852845799
0.0641785784219923 0.239131356948273 0.776163400850661 0.579885919277012
0.20953245829143 0.810924793222452 0.0623148463044986 0.542783555931387
0.378849756988943 0.0404233025971794 0.544566358420161 0.747185585723895
0.709705127014157 0.398806537236849 0.492692205967099 0.307451408723797
0.652147349412519 0.540827022786993 0.341628392415476 0.406816921444033
0.676318560221558 0.504666813855143 0.49009932468717 0.218419925909514
0.632737547493021 0.701642567393877 0.00201985460454501 0.327622990342285
0.467501542143725 0.374925433635278 0.537824675537535 0.592973731028267
0.456502497791017 0.661069189609507 0.578500732764032 0.141173291564197
0.588827929662419 0.537101651368361 0.598291228081595 0.082771322011103
0.810782941230619 0.236866322405036 0.483248672814327 0.230208791628233
0.0573703475371855 0.158297350782055 0.711470096377828 0.682246944968587
0.244715105788371 0.271455829228885 0.595383727676942 0.715502946600609
0.567867551626099 0.362954609522058 0.707740378202595 0.211881930089656
0.711625243207927 0.535042624268377 0.454708097067027 0.0236526934396472
0.88508443373447 0.135456188570585 0.204546363603605 0.395522377717626
0.395642643624471 0.731119237758151 0.476898590342049 0.285480810660797
0.646082461706722 0.248387422814812 0.100835178429154 0.714642153566076
0.469519044495422 0.654232202327837 0.499037498718049 0.320146321494729
0.755654986622463 0.0784463333307513 0.530254039333329 0.376380615534666
0.290744658229611 0.169012597327256 0.0729594941799092 0.938924489969589
0.360281317055796 0.403257473528874 0.814613734099645 0.209726600220103
0.473143629239197 0.578181491971484 0.255587524231571 0.613609228996082
0.352512719672715 0.615791755087955 0.617277782522234 0.339857964507346
0.0872588074689035 0.487724701135891 0.681637146956619 0.538406274396809
0.661102560958028 0.318325380644785 0.427579807376375 0.528003659320721
0.212456678501454 0.255059075125252 0.942233970689948 0.0447456415110443
0.0323313088266822 0.0990535270949667 0.770246281376411 0.629177042862668
0.613920415208866 0.378368875720928 0.0581256138598452 0.690333347513265
0.314674504567018 0.617103184133925 0.531844413249318 0.487139750382538
0.475668687944804 0.416406427284075 0.621002881398987 0.463357753706071
0.0963676998351888 0.557584542891568 0.348786607538426 0.747101496691522
0.643796082983037 0.532856081878114 0.0104233353243397 0.549074087552782
0.731425678756576 0.598434596397638 0.195897568784737 0.261756858237006
0.0476379792887476 0.734942656298651 0.351041149176796 0.578238727920053
0.0632687996155873 0.897169222062939 0.425222178183489 0.101343698171485
0.617121848408506 0.44421656041291 0.634083486427513 0.140607268345994
0.311465457550949 0.634516289659859 0.697490284095941 0.117837390078987
0.570730224790631 0.234628570708845 0.744582672378028 0.25458414780177
0.356133674368908 0.297010414328022 0.473557897972361 0.748796726107423
0.615410220133381 0.157665859194239 0.381591197232937 0.67141633581129
0.692100372345609 0.381966750124915 0.609628278445677 0.0587523490376283
0.407825834368975 0.116364199777277 0.898880866825198 0.110229982704449
0.476625869642056 0.105517342450572 0.835937545733361 0.250803290375958
0.60709625281906 0.564149264939121 0.55477561769829 0.0734422268806298
0.65373289330696 0.384581972099493 0.427470383205549 0.491934022432558
0.669608277540254 0.723438205407642 0.0384370247277104 0.163659746841503
0.276253316640638 0.191911729363665 0.548810659025004 0.765284818690555
0.694799009347302 0.650681740843113 0.0266815665030422 0.305214191597192
0.291636758288554 0.759332423991994 0.49152686081466 0.311068507224809
0.417022060454368 0.718587195834184 0.555608505292822 0.0320036236047351
0.083662317710014 0.462024307540275 0.128016215178782 0.873582282609153
0.517129520616662 0.735132396448719 0.123597922298762 0.420572196182503
0.388632464667658 0.295563872876309 0.872616383316915 0.0121429824839462
0.494449959369858 0.574624280205467 0.581475937138185 0.295316624670479
0.547699952466503 0.447180949535057 0.685274132659434 0.17450880650837
0.523217323821469 0.122867342954903 0.83016295180025 0.148245477322573
0.500751138864266 0.236149912981575 0.438602703162852 0.707890658437568
0.405214527670104 0.512075729378407 0.731965034515692 0.194439764948196
0.354190661399465 0.694799315231705 0.580697676692352 0.233651653568017
0.675410056074054 0.344469803465223 0.651429411007537 0.0283113604238134
0.233372134356706 0.675282871902944 0.132394887914613 0.68702407779814
0.439963601369801 0.470710462310425 0.37267021592176 0.667817789749606
0.0659108242267905 0.114645488031036 0.812283700734571 0.568073379806535
0.568823679535876 0.621858457678735 0.456206487271715 0.285669951489293
0.563376541228865 0.438081992589346 0.300504366935812 0.632762329800421
0.427238755944166 0.667157996875684 0.159828283603078 0.588916099614028
0.179762283391655 0.223144646118925 0.840486508574655 0.459863476786605
0.114410608088742 0.596020635229427 0.792474928350137 0.0604409056345145
0.220841739458555 0.60448686859397 0.606561203396155 0.466806232118835
0.1056289681689 0.458957981499196 0.693387375205914 0.545356800825671
0.0581804145465868 0.529786385734836 0.441067170962546 0.722081141944798
0.403165408620706 0.535219192841311 0.696876243445863 0.255659089857523
0.498512999550258 0.666427466232406 0.340317806511216 0.437656271635463
0.389594009644184 0.201084293944522 0.603166925726721 0.66631169439503
0.920716825001295 0.0159065301611392 0.267392107987926 0.283776269345308
0.0246848958218898 0.474407957105821 0.544907457602536 0.690943998311067
0.462571930334507 0.667853767427935 0.549229379510717 0.195820436321632
0.4047470527679 0.562758339336681 0.556039324401526 0.458588207983823
0.101845970320045 0.829247101023455 0.289162650281598 0.46729177764635
0.674045699592867 0.258667075950104 0.0388411169906094 0.690829288833868
0.353476234942379 0.703782971322199 0.600698213555598 0.137498133947229
0.0419663751963022 0.725785659774931 0.0402954899194103 0.685456251638356
0.147262673254755 0.203470296128468 0.645842548429584 0.720972222972034
0.0671301727934617 0.742241755507851 0.442777767642343 0.498516363585998
0.477432611992999 0.502474906298486 0.63804426069228 0.335375298648413
0.133005005123924 0.542751697164879 0.323569038460981 0.76356619960948
0.599181221896701 0.075678490813227 0.716643011376333 0.348822911518252
0.498040764049941 0.111746529534058 0.581506221906239 0.633497138403938
0.282914526365241 0.664077793786371 0.597223169349146 0.349692065343096
0.0337106491538161 0.456306290162329 0.737030106180773 0.497428169965352
0.245817870017154 0.957738988793002 0.138068721787961 0.0569792259496931
0.839358614858859 0.479747651386666 0.121652181414231 0.224766664361854
0.540044784515838 0.780419660640739 0.244291896064671 0.199043345831414
0.156896489598737 0.659743367776667 0.654774154812538 0.333755878473807
0.460720323191899 0.15558125149712 0.538409035535474 0.688220145327281
0.0805718651352955 0.622775258234912 0.523217824229171 0.57610959086614
0.629056271790285 0.531568477085244 0.172049578366235 0.540483213129309
0.416590945300542 0.0251594055696843 0.619009225860892 0.665316892092843
0.749427835911605 0.105073897193922 0.255472441414479 0.601706927471386
0.159708436041189 0.211386980253577 0.450314023272912 0.852658220203332
0.0133099536291238 0.442007513876364 0.33532925195277 0.83186927794938
0.307972099672151 0.218750934692664 0.733241542379428 0.565383104561545
0.111984688789771 0.46071421720754 0.712483576108239 0.517270715694903
0.574369031547913 0.194207537349929 0.723671705922132 0.329670911793776
0.646287795983227 0.231098606946711 0.0115220490833732 0.727167629240571
0.264882288683893 0.0287538326257053 0.67143559228074 0.691509100207313
0.519143659873428 0.228193747588864 0.398189992524172 0.721014704307875
0.429651615704609 0.699149488469544 0.0618735346255803 0.568120715700573
0.443417421832882 0.468477116070874 0.607927389834953 0.462962709536587
0.356316514313896 0.861063382408962 0.0945742458739935 0.35023435742228
0.362404082164303 0.529443139538597 0.457503737578197 0.615665147079273
0.672853016760227 0.232133178960241 0.523319038087019 0.468529817021449
0.432461675453653 0.465239080756056 0.118289811123314 0.763241126764989
0.350480404109814 0.652405050329509 0.671269101957748 0.0304783430719507
0.490035193292957 0.369396125243325 0.0101594295336958 0.789499080418148
0.20440828953805 0.171680474052673 0.689260252214926 0.673545373908688
0.149013592915451 0.644275845252533 0.331169251335063 0.6730754128036
0.24800624708526 0.607577980894955 0.717742783311695 0.232781432984413
0.519760371803522 0.708145143040882 0.461329892498216 0.124717050068775
0.603060227172505 0.464760017439365 0.276422902662522 0.586435731752452
0.48413838067493 0.153004097219521 0.145097515165528 0.849203441870254
0.810146337641703 0.339385766986376 0.244654902497038 0.410638760295432
0.244321769073707 0.600807089892852 0.300513106366704 0.699306504183259
0.0614146800264754 0.701103248127631 0.0746940388906023 0.706472414957825
0.571349787022302 0.0110871101776379 0.119525752248808 0.81188058937681
0.38582987157562 0.872844095215099 0.137840224165112 0.265101052902827
0.549759063343175 0.21836978774607 0.682691236210369 0.428966530248375
0.685375927498459 0.456823159062086 0.434248438150606 0.36469265596379
0.779949174617451 0.444724890820378 0.332982468660693 0.28813491989516
0.540278290116246 0.383852600741198 0.04286155744182 0.747609147233329
0.480555338782767 0.40206616855557 0.417308149280905 0.658227370301608
0.233131406891381 0.919298058898753 0.118217568645642 0.294220040937634
0.140846704830473 0.821498178165353 0.219386071015742 0.507121978279072
0.679632139193254 0.0186949651266779 0.242001059842464 0.692232721481467
0.319505676983227 0.345955115389513 0.731976445447652 0.492383655111682
0.23966289556078 0.839357981538668 0.483043192477737 0.0686232432902457
0.869148234905595 0.34073461002799 0.17886183575358 0.310627936606517
0.911779346040356 0.291574005505658 0.074010604820101 0.2795808538183
0.667975995300319 0.671374151620812 0.127469657972025 0.29464606655185
0.889438278493173 0.0747805701594132 0.164187334807201 0.419940393587758
0.633734545072284 0.375835898426975 0.458070234888682 0.497292231735667
0.571163778364136 0.55318362367912 0.404900536324415 0.451459159240615
0.463205172457428 0.497054729988374 0.541248557705642 0.495406461793174
0.763694237211683 0.356461734210834 0.458347118618042 0.282177360799211
0.576751869859389 0.762023367438951 0.250377626207194 0.154882898944818
0.556279697381526 0.205153065734353 0.608073673952694 0.527931363859534
0.384688320995038 0.297093090126499 0.611792794513577 0.624067438719866
0.522905277191105 0.0481885175232326 0.56895787826276 0.632878243130024
0.5956825224288 0.616972432621422 0.446446327270389 0.25532925160437
0.117225593199282 0.615921328020664 0.737370838161106 0.251362934853025
0.767172774154445 0.433798444965136 0.0256048228223241 0.471814833160467
0.58848687846427 0.452059523097747 0.476133441332873 0.471828705672443
0.786951771188402 0.119404059548019 0.212101863154657 0.566976525116528
0.0454631889593525 0.653373631334908 0.463006298444487 0.597211155226204
0.458413280019849 0.827721282921358 0.169980558284882 0.275393086887859
0.276043316191999 0.39638928021541 0.701974063905362 0.523362245218572
0.657623635590955 0.207216050839448 0.552694298591761 0.468104341456901
0.67622280039405 0.0233095358853805 0.620336384493313 0.396688996365921
