0.442003047845326 0.560797399410527 0.322931057080004 0.10912575993899 0.302857457991777 0.471951958345515 0.243896274168659
0.147587627270792 0.314617747893081 0.090753108763359 0.73212315967452 0.297395462336427 0.385190525848897 0.313332594990053
0.466028449308894 0.384739018756841 0.127505625607482 0.350263004496478 0.0826201364700708 0.437210342551164 0.545777009790881
0.630347755947968 0.163032197550124 0.449221625626206 0.143180435138522 0.0598124828490961 0.357520686823969 0.47157494482317
0.231426206100455 0.346855507853609 0.390396854527835 0.417021265850328 0.0859396577319396 0.451641265146165 0.537076596446928
0.0370908464637308 0.113900550538294 0.458817999110754 0.620625538571163 0.417670780065522 0.0624245471293434 0.460016536285481
0.341459851213412 0.40048774080563 0.648215130285017 0.0207342583905036 0.477118706925882 0.149891352402369 0.228675090135884
0.465931186138215 0.458411686437997 0.251063653303725 0.176512401921057 0.486416838434967 0.439717510278335 0.220509500748395
0.606327378673734 0.581114431193908 0.0890517289147797 0.347016758714918 0.401025805802168 0.0721504406765511 0.0171727536522746
0.539503002337713 0.0695587872584805 0.429250682976497 0.184528140949974 0.406704247788081 0.0768507128571599 0.560782421898153
0.231068257701886 0.269449925486066 0.542603487007148 0.322167754762338 0.525340200892597 0.386959769326601 0.22377086911856
0.203540773136118 0.164044100437763 0.68962716948903 0.0349642988723244 0.465568882280328 0.479728962231895 0.0892092502927098
0.621859153048956 0.432546836621245 0.344438595570759 0.212621228892787 0.0766624336271937 0.502976540032116 0.0590437655576844
0.480259571905062 0.49598330102319 0.41197540501928 0.187669847083392 0.0076983151632698 0.459416580085238 0.327543500532425
0.227271027549652 0.563790561439993 0.250234390195595 0.0506433879327611 0.660492969833898 0.340727955591488 0.11384013865187
0.00139900708444174 0.0200395367155344 0.0230374232342488 0.862186060176214 0.484473417486987 0.142430445603538 0.0264577102109395
0.434587497185026 0.587066548451442 0.574421713339961 0.365227935779179 0.0113801100194693 0.0515634990996275 0.0186151499155136
0.4537954672631 0.400457217571633 0.162702020545346 0.405298257193469 0.297448453574896 0.360729151985018 0.473670732035157
0.197298710630623 0.703058485222246 0.246481453254041 0.0447660769105204 0.205044662599516 0.38403407643583 0.463140789799216
0.793820964700539 0.293312856799435 0.0798737831935091 0.274626499198362 0.222671095375329 0.19991422626478 0.335362779920154
0.400750040573794 0.147835743437384 0.511092540809042 0.522914077223341 0.152253258924288 0.175061863720886 0.478603770911744
0.15908001683518 0.483565576713113 0.489984795460271 0.183567172270723 0.334755513938036 0.452705058568596 0.387392243828662
0.550653144708958 0.003146858484672 0.0475066418252992 0.38339860093041 0.266137896043055 0.593046934830547 0.353533303478992
0.0851189363200492 0.360925893472395 0.155498491078718 0.515219845945353 0.0959960830429774 0.314438452741297 0.681739838351295
0.298730609005586 0.0647226033555968 0.356564222104554 0.418595728904425 0.426382393824289 0.497076116366485 0.418717049916355
0.366572094171554 0.169318002698258 0.30904922105056 0.300338075837868 0.488197591049872 0.535068547270173 0.35581834511769
0.692110762434241 0.0579174331701779 0.412336785177702 0.130350301518789 0.458142959090012 0.264061655296523 0.225813881723993
0.164572575052577 0.524407908878416 0.143147059903005 0.54806530239708 0.316903411237831 0.26715352734296 0.453041694515963
0.148719421192934 0.644834552575109 0.0575830105366214 0.369479872340443 0.643375430601815 0.00684488959796747 0.0908898079129222
0.0437752639639637 0.485949625835898 0.0454453103784768 0.532718366727404 0.580758944296091 0.0841545421623718 0.36293196963654
0.598279467582807 0.243074028068722 0.0340644298542282 0.0833127086677187 0.280204952399012 0.666898152189552 0.22717249392843
0.374571421851565 0.40777202465413 0.0491022644074234 0.0019837831128352 0.323966392216873 0.658450011662017 0.390503030631603
0.361551503834175 0.286263653122756 0.0307549617353522 0.612135924490355 0.22172242471728 0.568900414209375 0.197151866191898
0.140009061969851 0.470841992327166 0.513459984888176 0.278524225262814 0.528880779318908 0.302581513468899 0.214983556724663
0.532581867798806 0.516229855586073 0.339315130051093 0.485590699321722 0.0271081767690328 0.303915837209008 0.0763578168230011
0.329249639065942 0.648065500400343 0.029078771898277 0.505890703989923 0.319541441827541 0.128904406048122 0.310018909203012
0.39597620851915 0.313612008000514 0.409652964041471 0.301201786532879 0.172348787936385 0.394604782276479 0.548539191551082
0.192021947462059 0.47898633897476 0.281614695691065 0.379224087118906 0.510856986964789 0.374791011141302 0.330361545166857
0.46109485163084 0.300251455887088 0.516595474944828 0.524879195653512 0.326266483149187 0.0847644947789346 0.203068236492566
0.31414430763785 0.603201376261812 0.269930266405125 0.391369367683423 0.363276109802063 0.300803255981124 0.298290114168005
0.370240162825911 0.316501056819048 0.306280705480193 0.179315563022208 0.577598846691657 0.37223366427282 0.405720387279404
0.291034177969962 0.0712434601781954 0.567602006499396 0.311752934363678 0.00173897059401029 0.297298639181222 0.634406842563153
0.354917633419925 0.528527780151761 0.435163270348587 0.341842433569513 0.253150694003598 0.470395106944901 0.055782679516483
0.704485548177138 0.0781711286457799 0.472545933284316 0.139928009630251 0.0260562712982476 0.294875227930944 0.408753655386565
0.346786003619849 0.434489659900835 0.22092646879132 0.374095399298277 0.228215284287309 0.391602551202101 0.544763762243378
0.291281387023308 0.277472913983054 0.422158603230274 0.566884729409405 0.344355240352119 0.46702739529673 0.0435044060412941
0.171944313393957 0.495965981853444 0.421992486884619 0.520738509890407 0.102386083016205 0.508529747374024 0.0782382854234034
0.230744526377631 0.463117499599164 0.196703414940822 0.413271819083971 0.36779578720275 0.555577474132028 0.28080819853845
0.335434714341609 0.0219786242035718 0.276535336519162 0.545053977427142 0.293975657092277 0.641244654339517 0.125811240189123
0.0836487850220389 0.559810643382878 0.191416191565949 0.690105415818746 0.332953413038039 0.0908162891816769 0.218228566757883
0.577060621759519 0.360453658792174 0.357477975901272 0.0491614210080668 0.278368072094585 0.55987408479647 0.126170819603854
0.167578097254965 0.036810506075864 0.487452716257066 0.471647464369727 0.0101262860400367 0.609448313704673 0.372788543256932
0.356483250741566 0.458817677254769 0.0210928323060423 0.269307498392899 0.45700969772861 0.52083602463062 0.330615435729956
0.544666476435238 0.464097090240838 0.385348279105657 0.396646214577953 0.0146337091304376 0.333825133758484 0.265475873022606
0.509451697488138 0.320887686208364 0.503522112498944 0.00207646757445179 0.233058256931125 0.469687605393475 0.330194841706043
0.706930385601165 0.161012397460737 0.368230106194118 0.057340468725228 0.435682107103725 0.0489404541490295 0.378456114779137
0.514817721050853 0.576058384719414 0.149558465647211 0.131482418000727 0.591711089681986 0.0572279397996788 0.100334639332788
0.128584542288683 0.512416668775699 0.299087739150155 0.124530097431749 0.126055455632362 0.391541986513651 0.668385253481235
0.590909165034257 0.0318188289359366 0.315776907659346 0.470010010431284 0.454731943802262 0.305891784718181 0.169819112042466
0.0860087060493622 0.588197173699956 0.140335112582151 0.573739911581044 0.289518157621623 0.339558252811904 0.314061437819636
0.417998775118192 0.439150897769144 0.222462602546298 0.606581769477845 0.39918807031445 0.219647665843688 0.0860014406957494
0.680811159486067 0.0922252948347009 0.312445711866229 0.427846634910875 0.0344812557143781 0.219720211289972 0.444802951877327
0.161789159482083 0.629740121302896 0.0962572154541603 0.166944578362548 0.354070147411385 0.623428194230288 0.161515699158626
0.0283698052715057 0.375901142299295 0.363479977973144 0.547542233303427 0.53110451430858 0.223521549373843 0.306495359793987
0.469420936594773 0.445401227635163 0.0307456732494787 0.275832299718138 0.537854037475186 0.453041847884284 0.0984839842484486
0.251211150989715 0.0884502049892355 0.693198262651847 0.0745956093570773 0.471378823250369 0.467252010062225 0.0495857505822014
0.340900915321336 0.600222281348179 0.266896974907542 0.268155895390437 0.448295349638838 0.0808696466237908 0.415775876171231
0.546400299818991 0.266878826097045 0.482690319005584 0.215818671624622 0.357307460990028 0.322550016981658 0.344887846003947
0.393924919669919 0.414239426976005 0.448007684777811 0.30415122479125 0.36192326162938 0.444856484376956 0.226106750538263
0.526678426687347 0.550757952205897 0.327298684869364 0.342635780573212 0.431558740943269 0.0332223427667001 0.0860530926488486
0.496928635231473 0.0329756093954225 0.510311832896033 0.517460537345851 0.257633693476634 0.167692803425011 0.359576097416205
0.374395670304873 0.0967363204247096 0.344112739323223 0.226370575635889 0.770148234048474 0.295709585366274 0.0155012968463973
0.295843543451204 0.524870974720617 0.181251970565462 0.367532615391112 0.41148203486249 0.187005393107993 0.514554249246783
0.518071028105582 0.420294223047311 0.538627425436451 0.45361243430128 0.00505243042928605 0.109476417448972 0.216935056860217
0.442388720765131 0.265103041685983 0.323086760753716 0.517672425820362 0.129100817524072 0.55089096653357 0.203703027728821
0.489980857478436 0.117141018391498 0.364943258621446 0.440977590475014 0.403737001303572 0.499366498943185 0.0786222443850111
0.239511496863111 0.267408631469534 0.499937164807966 0.447232420426185 0.209693201009868 0.575279734702649 0.215069403542616
0.273577998623046 0.259669014448213 0.0858516621558973 0.566014132916429 0.0868747170532669 0.400197029115459 0.601896749013409
0.0121998552356213 0.208293580828403 0.0267018600362074 0.568184768575438 0.0120510238021906 0.486244189451699 0.62955491277344
0.458318525243754 0.325177577778058 0.45731457526457 0.240053974249807 0.467561071774329 0.299847092063385 0.330029554083594
0.336199227679892 0.228592585552273 0.178618480634511 0.397832967735456 0.302742637868664 0.703155910754523 0.241782004466606
0.571204540607093 0.263373025906573 0.277675862900897 0.463985265106382 0.443512907430549 0.106804288964208 0.322277761786954
0.371526019666368 0.524588866072518 0.461184148283827 0.113954620905735 0.200065670199231 0.375015499286345 0.424777079127761
0.539862670148926 0.508288717501343 0.452777111475544 0.117902343761136 0.402456683753492 0.0213612410595899 0.262402585319851
0.143213518614159 0.036072074616192 0.444060896281111 0.594601643751626 0.00306874362950482 0.27633332502057 0.592518333434949
0.400017857713517 0.0408976988900228 0.201418637848572 0.415608315957659 0.71491191916909 0.304120067751115 0.146373781774197
0.48764595466816 0.464409474876295 0.174806801881239 0.512858658000851 0.112646900304743 0.41924557457889 0.25394421733576
0.202683708289316 0.442632227985766 0.439657848297822 0.220917709507489 0.164392141813906 0.627362610443035 0.316676089919145
0.189526428059196 0.337236282364012 0.0873177927348701 0.523985031969018 0.43016479972395 0.348370880279292 0.511627488628833
0.578821030696013 0.591970733631056 0.145398490474023 0.079871140239089 0.161576127686056 0.0329107991822578 0.509732066023182
0.215472510704376 0.647487533734182 0.0538437720401083 0.0151916047969934 0.605133795289551 0.403558110700403 0.0464273112741846
0.510355205088914 0.471653230346502 0.166010307764902 0.149334470121085 0.266486997913369 0.334870309701222 0.532979497087409
0.461156749259812 0.370050996645937 0.21939916179761 0.4269089871547 0.600404748968476 0.198850291034947 0.14135818389447
0.389039269358867 0.222170732988835 0.422938321377398 0.471341081619629 0.362008298653822 0.340062162120819 0.389303340580977
0.407216032849201 0.473397439519851 0.614498161174004 0.109906176027034 0.166908830142144 0.436964001594581 0.0398310552524217
0.401495392945965 0.08216642003066 0.612865471186544 0.287212806334895 0.222626806612914 0.568106774773157 0.0405813306979607
0.391985637503122 0.155908440840224 0.53189897734242 0.302758817754905 0.525815680442363 0.411510139769431 0.0404681270589533
0.223654615915648 0.554339289727174 0.0933261452316358 0.22184414132935 0.488889313218638 0.226834070275632 0.542490107007714
0.490668583819288 0.242384961051415 0.303569628360008 0.600105866774595 0.350100051392654 0.313124521495575 0.16611829809502
0.38281893060254 0.399281223737379 0.216387997653768 0.569631158079757 0.243530784089367 0.43804155875661 0.26745672353133
0.055741212332209 0.560580742916459 0.383978456408645 0.344824017923955 0.535998039246238 0.306589917433406 0.187103752095317
0.267778978607444 0.437192190214307 0.323372591734419 0.460966831233361 0.269385599545813 0.443095046856441 0.388838440818088
0.296597216745815 0.477647938352207 0.346564857173403 0.408618546553772 0.0719014248382828 0.151015069891012 0.607314461348667
0.0830211160227893 0.124894972707806 0.591319260070449 0.574683427036714 0.520747254151499 0.149845931622995 0.0629104563282755
0.527861238184413 0.0585294070341076 0.0307283117958448 0.521969851989458 0.629210090713402 0.092500327986459 0.200195947186164
0.616297714392199 0.20859881012522 0.403562743798441 0.21867218300283 0.303838404785294 0.522230882316368 0.0306656351726236
0.578169266117561 0.114247160764949 0.25318147771568 0.487567177120323 0.202902352315063 0.547163479507175 0.101429952329023
0.233179438964617 0.583284995027715 0.266123185984098 0.621353992380789 0.272689829727099 0.154630817925274 0.224127634987208
0.144989943082445 0.308515779682523 0.135140696865049 0.231006136763285 0.675193872901664 0.517997985091522 0.296581200276653
0.474947625975012 0.49158393396441 0.404388018314448 0.264942022459617 0.173168637266387 0.186515951142951 0.484014944876745
0.581662012315691 0.355821830236645 0.283396089225132 0.0919956757954461 0.35815808876083 0.281913713346907 0.48839637845186
0.118954668607087 0.412907059032636 0.419664458764207 0.0848023826518379 0.596119522723364 0.268432299299315 0.452364300851941
0.490766400731714 0.0795102681665869 0.485404055917928 0.555120587898789 0.187350294886306 0.0223834867050786 0.416472494994785
0.548731274524104 0.208692813655751 0.161732103853804 0.310931451544868 0.257900901157216 0.436982896408716 0.524441350714613
0.503391300646558 0.161718504420877 0.492228878917871 0.368349419048507 0.443110865069213 0.160410119507127 0.3469799919656
0.36221681311972 0.548277653030559 0.324255027890082 0.427664876061726 0.0503171949445893 0.240151767013425 0.468985431378251
0.231572598438993 0.497517618290399 0.623379730075116 0.47464364065537 0.0708112613280578 0.238183680174528 0.152367245257638
0.380462149728138 0.503331822563255 0.269488694554686 0.205606525516627 0.350674142854248 0.522177802463694 0.302267129108035
0.20473098993217 0.326539061739095 0.199763971842963 0.444619373559565 0.514121745257329 0.22931230795723 0.544940480788367
0.00067951807570521 0.105265757907978 0.442155600172954 0.54379631587176 0.376023472181905 0.215876904218328 0.556512498638273
0.504846403719527 0.103228411657907 0.448478403716837 0.481754900513838 0.334515660673027 0.288707398837783 0.325577412498711
0.152687787474086 0.0257525736713554 0.611190595985149 0.192173186899878 0.257889023121269 0.604018103919052 0.366325194346804
0.417156817372338 0.369099495922698 0.133134166536272 0.156938930643227 0.692941542541447 0.387085560076835 0.13186358625082
0.69871755852468 0.192596361289744 0.328983074332437 0.330932521221988 0.286056615952491 0.361866382703713 0.210186944804944
0.142518488101168 0.239513472113941 0.283716675794466 0.433869596682916 0.564032858842574 0.433053763300125 0.384597413424863
0.170756730735087 0.323235752358633 0.372695699835079 0.592598806177158 0.00210172471746495 0.603288633693988 0.111012453159614
0.404773655981537 0.159329528943038 0.296739888012302 0.0541522918672533 0.424000630049796 0.485549571528841 0.551589010118616
0.249698775091352 0.396943612788307 0.455778529490663 0.477791361946874 0.316559701419236 0.490192304420109 0.0597419167200958
0.531270867627038 0.553577471811053 0.364377734685625 0.247998813237478 0.0699928063230131 0.160193134211836 0.431819255970237
0.15527866778157 0.565977807680638 0.118698232628297 0.0802440324962085 0.54574667613174 0.544798387211682 0.200959110635408
0.0971240867952476 0.59759379726811 0.360305060484382 0.473911932062566 0.175634296146679 0.243050675992052 0.43487385778615
0.116820460197031 0.359328219241116 0.535129897423122 0.583194911651114 0.344765744871938 0.125908134865247 0.309902600153957
0.00929643779166023 0.290059253767052 0.340370671726627 0.0493559646393588 0.24959725111676 0.49260356448479 0.701807623657086
0.317795174969922 0.499728962152788 0.503469512232625 0.0989535071710398 0.0847172330513913 0.425232545509374 0.444976535882582
0.499494639585305 0.213871219030632 0.234690352899133 0.477636723768539 0.5081748306947 0.390800468076481 0.102864671579945
0.0874226540301645 0.218313624044976 0.229669970719293 0.315321087610426 0.824636626967743 0.211481723331624 0.260328007591573
0.312193586855233 0.0239399281375644 0.333099052869272 0.483814131199472 0.742000705268189 0.0532171756625474 0.0594460864358389
0.0780168322831092 0.607195715307864 0.284173630580958 0.640584455248175 0.25271176908834 0.257912383061016 0.0611686602529925
0.473274955534997 0.415252621447753 0.267973973893847 0.348707080695349 0.370556814009486 0.216321656847163 0.475459763179409
0.333164957386933 0.0423454465368698 0.542795833522198 0.15617473827637 0.0928832202090231 0.542193080367012 0.515353742169336
0.316767763921182 0.356305116536761 0.449465775401336 0.0753813062376951 0.590376273939497 0.0159656497115485 0.464977393301522
0.39064835541359 0.397708724443871 0.12707164997235 0.429816573289032 0.52013416575227 0.426461145302784 0.189534912819494
0.310857308662249 0.625353782532329 0.283236330810681 0.151858291017233 0.516724208284437 0.0902419377305571 0.365881272996386
0.462660841048201 0.0816558106511163 0.379072543580764 0.476384704455373 0.18271117288528 0.443104182442954 0.422982512187091
0.363170387117937 0.324113163153915 0.230333056236073 0.536747626952255 0.46792977043466 0.269623128863857 0.360903995377823
0.244682330108356 0.107631418158073 0.542562889985212 0.250337708381334 0.561244983676337 0.490027095367884 0.127984731256382
0.0646069530570866 0.178396856415678 0.0782357973062036 0.530581141176397 0.516702695321048 0.399939328143343 0.499429849265855
0.147158795080487 0.270695623682698 0.372936500132869 0.590646305185239 0.594775416157306 0.10291214063393 0.229727606164806
0.260472663550982 0.552535645362025 0.506268241829975 0.115518639544634 0.533487594543744 0.196746864345696 0.184086722001446
0.421061648901722 0.0293152045093064 0.477114721515368 0.0501772760872634 0.457413878976824 0.515015416141847 0.34237867127222
0.569651015713518 0.0404768513594237 0.141842502665157 0.651439312899367 0.230780261073198 0.391176716202655 0.151947749727876
0.08417732880954 0.127364387968611 0.708426149175931 0.417828357050475 0.174530997503313 0.512611758946307 0.0837404364725115
0.264527139707352 0.479074306364861 0.518688283002081 0.330617544598415 0.491186496277975 0.0755973478266678 0.274205347313075
0.346221741483543 0.465434727274244 0.516064947801421 0.366835600741515 0.242196149206252 0.0593508528500987 0.447692007552301
0.267284856431616 0.180879636210163 0.395659996392725 0.507270615535242 0.0580133274047437 0.480291551387221 0.497921210740516
0.22945509376727 0.278779759868045 0.508571204687193 0.0354483678079246 0.513143526640875 0.433894053920915 0.397681555334893
0.103517149954716 0.518554111758054 0.436265928738856 0.0568094833498562 0.475856718567977 0.0486819374076997 0.545913003354164
0.417240832971552 0.0298297242783754 0.443032988906104 0.586509800420885 0.121406683795191 0.441081572632809 0.274692124050693
0.269659426320062 0.611368134490772 0.131926704813268 0.157826969494281 0.298908763773004 0.634392614624394 0.139277965353792
0.533563483443565 0.195934413637481 0.096731263567757 0.264867156337165 0.262873919114366 0.457624068086979 0.564699638557995
0.42829410380748 0.404739547623515 0.370678955180702 0.255754815791922 0.376088047366952 0.21057981633318 0.513955802768527
0.401329657900449 0.461191052069816 0.264174968364189 0.0926510623762944 0.311861813665858 0.667854077116734 0.0676596391223332
0.0980459219306881 0.0221917758670864 0.62250898602674 0.558685130880886 0.263578834889805 0.142528613442016 0.447727373826554
0.559012087795501 0.0904350040252528 0.394504960791088 0.046722772702405 0.111716553578045 0.457371397457935 0.54757705449709
0.456797289187871 0.410454082113587 0.389820460682152 0.274150324988009 0.305414979333569 0.249882762315602 0.489924061774505
0.418961179878566 0.14978452092957 0.515821825073027 0.214925490696669 0.0639977228738452 0.537231866043825 0.443911273618749
0.0662146130699739 0.423770600605278 0.39855391558905 0.197312851956131 0.67538585963334 0.358396377201248 0.183473418555835
0.387351720780607 0.0992111836108177 0.492599732280209 0.0995158036457946 0.0893996529684697 0.09132014092466 0.755795096535866
0.715525582354518 0.0767677205434911 0.350144891345948 0.25346204036575 0.394821008072139 0.372083640372528 0.0309118648544031
0.153974414292768 0.232616040980301 0.435396689427245 0.123915663426378 0.572633615422075 0.601029382158648 0.167662496360645
0.79650375875308 0.216855277227731 0.049168617560715 0.131973590529766 0.214308189317764 0.277349462013023 0.419368865550338
0.350613707877205 0.348888915525753 0.192613116479296 0.0987792208156022 0.479068424206204 0.291678161052056 0.627619869555556
0.524384840093663 0.48465916764498 0.109331265783261 0.0323282645780085 0.126581424825952 0.678241356364883 0.03306650472273
0.117309504738462 0.252791956094301 0.594994200888468 0.572869570209614 0.283865529652797 0.319283401542378 0.240032360408853
0.257852326350335 0.0502256702250033 0.502444595775429 0.00625569770493117 0.686623519766627 0.158318295728239 0.426595022954388
0.0840894140401759 0.363562940118353 0.503481665801061 0.373119555492529 0.458954162012216 0.319822563737202 0.39384460568396
0.520709876995366 0.438655041582308 0.466435540702941 0.511994598982542 0.000944635936941607 0.227173589495398 0.071649587399224
0.452261233919253 0.316242358022257 0.533745155473613 0.0964809606782524 0.11197648552586 0.462161820732257 0.418480344422687
0.687820169113305 0.118319711235393 0.303792424518152 0.241416538200993 0.395803226438281 0.0784609675466594 0.446671872066328
0.10632893373756 0.00721096838528501 0.381244063442267 0.326962209886002 0.684804627874089 0.13567142019143 0.499025775453675
0.458976158514131 0.694173776994406 0.203950970452531 0.0493117094359032 0.448375124009638 0.236498058780989 0.0804016577881163
0.157823627476965 0.218409275084996 0.249363110642951 0.454707801689565 0.0370239837173091 0.594924742056064 0.55058307385825
0.177366344803754 0.288505624688686 0.150157461731949 0.621145867640612 0.0273175194930059 0.661376172671221 0.196904909549441
0.274524711014785 0.584975074419128 0.368588557030817 0.373015372346549 0.404111376535807 0.360778369884794 0.118217241328396
0.186917380694371 0.45175625654338 0.408459458567461 0.464728046999367 0.0501037931955158 0.562457781878244 0.243511281092323
0.49136045329357 0.148878132905801 0.42460713805639 0.49522761340825 0.140104125881321 0.530059002103074 0.101325633043544
0.0375754643768844 0.919071041519214 0.143269996896046 0.247085032722365 0.108382334216344 0.204568375063753 0.136836578681415
0.47814141674295 0.32990180285123 0.147098548968248 0.0404352802845729 0.50840888210088 0.415528053648731 0.456212051903638
0.321385182873799 0.125236402804931 0.179231647484698 0.470876240365209 0.012738930795558 0.543352643146071 0.576007478483976
0.257071909708514 0.714133495655679 0.416251036151821 0.0620741528886366 0.450202457860198 0.0791973902164731 0.194563044760944
0.38701926348731 0.0371128361250725 0.35031432292851 0.597964112831022 0.504373568961856 0.291737224002872 0.170452976112535
0.766835549398096 0.11281490492356 0.0293583444880925 0.317333349096524 0.332327529376303 0.432445692544797 0.0149267137911621
0.496375933238675 0.0340432725907724 0.365832880930222 0.42803196942572 0.408084759937204 0.425888603939406 0.295791566164617
0.218607865839383 0.533411394963262 0.194393615453892 0.00272994208080291 0.132128424107369 0.578331161805027 0.527220732930381
0.46770172921653 0.421246877332155 0.456096358904048 0.342500273787774 0.186913943592356 0.491914653848113 0.0394839929058727
0.687825438823353 0.436938597144177 0.120150844590556 0.0431105335260292 0.291859436522666 0.484242388001125 0.00366925769834003
0.436750155195353 0.392345885934131 0.617862276696033 0.363702020834601 0.301888012181963 0.0264408247167589 0.222363588955879
0.36726555100641 0.438425474028498 0.0372137141644627 0.392862073275957 0.364566617474327 0.56786592026845 0.248582235180316
0.517325892736648 0.440886814663341 0.429554832629307 0.496144012135819 0.314602703498757 0.0643383086014327 0.0648245581890308
0.402327854790038 0.542606774248546 0.285334871809473 0.177678756257336 0.158235443592331 0.196359848889048 0.60591155331398
0.312061102519254 0.365402134481155 0.409384135996432 0.486331601284543 0.179320178057572 0.440222635765861 0.372872170989349
0.363883941006606 0.419001635377764 0.50664049093111 0.377053661039192 0.499817120958101 0.130854604323349 0.161962880928997
0.120572903301742 0.101116585428503 0.274089234620433 0.439411025691781 0.333076997284317 0.735876281683112 0.233616063323247
0.308153273037882 0.481214238116506 0.0310776879518123 0.238966427349158 0.698397931698642 0.357078798573496 0.0117771758035945
0.0513562061305601 0.310443306958697 0.518299952780956 0.0119232235094358 0.384782000109734 0.695473370573825 0.0216816087747697
0.248988101890388 0.0709950719409482 0.46800739474902 0.487997981548303 0.378294677480679 0.557517899582738 0.147846548748286
0.43995707209201 0.42758750127601 0.492614988166252 0.0877500734424466 0.296097373659316 0.53203082331799 0.0500664544901077
0.638373485965716 0.259503409145245 0.581337794479393 0.180525715935215 0.0823864382871394 0.0495154379885654 0.381254250915382
0.13031707833387 0.374325578293358 0.440435632599207 0.293054231200582 0.267921853757127 0.382718360493676 0.587178021099748
0.542669653863178 0.368369917822379 0.18059630877025 0.518285245729032 0.144192120646037 0.31184812541797 0.387992276668758
0.396827667840459 0.0408210577901335 0.1034027919647 0.514112882981011 0.0264478050495088 0.585900101274998 0.471040162170983
0.308941092162006 0.547907385560914 0.0584768696830887 0.4650379080393 0.50936410830646 0.149819448716311 0.320586082317299
0.353640976693981 0.167440505535649 0.494871265394942 0.437364929428709 0.417471665564471 0.472190398667391 0.1160591304391
0.477354142360198 0.0872739387121368 0.0562974607128496 0.419442966769478 0.280476314853454 0.529213915281724 0.47610938303771
0.153545712247807 0.091214057338167 0.147099773613875 0.696814124255198 0.610844849565372 0.254986380187657 0.150883923973651
0.175789922790352 0.274776996743482 0.450375931822337 0.52845184242192 0.481525070393363 0.144158500695748 0.398556907657934
0.569770914403099 0.194476181072654 0.227196990270131 0.365327846968979 0.281011723162311 0.54388755244007 0.278704061116726
0.568150285162146 0.108652615236283 0.0112786600090033 0.382554318522434 0.64629020351818 0.00882280455068452 0.318050277215749
0.408368524915051 0.241043714936362 0.158219653056198 0.508997258224992 0.58515797828474 0.0652434802306652 0.379940569815473
0.448974641970648 0.541326498500065 0.144421411496489 0.151421839116234 0.368629633627606 0.57035333211813 0.020261914577107
0.125578179044277 0.614436223019695 0.194695471189803 0.388196270021784 0.166467164839965 0.619225477877812 0.0833310794704389
0.376352500449923 0.401474552940559 0.524401037974777 0.562570848650682 0.0234324328053017 0.30305444252391 0.115340783442132
0.0411266619760274 0.447764195701537 0.497933153015096 0.559869847625149 0.0751752008518446 0.271744481085661 0.396141108378659
0.440099969052949 0.0726262342806727 0.369729408308894 0.534898665623998 0.522734601650502 0.236669865134822 0.221262153685124
0.0769038501191526 0.199158622330761 0.293177705489444 0.325122758260758 0.344030599557211 0.302563146486525 0.743547009280184
0.286839295815908 0.548701695923208 0.0528772664050526 0.302378179838535 0.488867815424372 0.446062440872903 0.290615994409467
0.324859121738827 0.388743562630934 0.516785981660692 0.353663088864498 0.283003071350834 0.269427988640482 0.445553007859945
0.112036214931747 0.112767923441348 0.440368540763781 0.225190456300389 0.361418378258917 0.591117032013605 0.500053496141578
0.120407558007336 0.21678973213615 0.0564314134471415 0.248250413663673 0.00842478697754323 0.892113444298075 0.27884419515964
0.498568422258686 0.210534073629053 0.213342356258139 0.470667714506614 0.000979511998641103 0.309896329038365 0.586536596914273
0.466729740411137 0.45505632293011 0.4501768624383 0.012497582691782 0.468578339138277 0.3882820729996 0.0440802360099974
0.248818192634372 0.485731117598682 0.162407638784337 0.278021520993535 0.491749939396758 0.321599111856294 0.503228168424588
0.0753341850546557 0.31402423954967 0.536697333204258 0.297926067414298 0.403025676307395 0.541677421884955 0.251128340258376
0.176239661220855 0.139039643160547 0.508221199711757 0.270779387067377 0.445798776256364 0.605834353506525 0.228528952969118
0.451027472293564 0.28089257700129 0.333554679817659 0.333909749101503 0.186314388137108 0.667129624688134 0.123061558113523
0.208199417118373 0.371869710801862 0.0124228312030042 0.604637259935946 0.318771339831609 0.469999782192663 0.360708214076935
0.125831606226882 0.468617031655891 0.0234385278844007 0.689581706434502 0.174253624236207 0.391804694938435 0.323445429002521
0.222451557912077 0.403410570298864 0.433558974230187 0.300456590556078 0.24329808023506 0.467726719710814 0.481212457270192
0.618345863848613 0.242490668378419 0.29603621114336 0.170644464925434 0.404967007143657 0.518580310243243 0.095738611051281
0.508620760622085 0.399025684870915 0.445184226849117 0.28439366210534 0.178199691547713 0.0237889447779805 0.520282259773699
0.427984426089794 0.112230476485865 0.0460203462072504 0.165146668710838 0.653834517364882 0.382442293887996 0.448420196321422
0.119313056848395 0.568056909877264 0.0978072028801666 0.617780868943155 0.381003773495133 0.0667196194555149 0.349629672083142
0.106790131823744 0.0519519365015355 0.347712414736143 0.513956664081372 0.392568862397687 0.557204288147326 0.369126750140833
0.323039374022098 0.143855958336779 0.605598058767927 0.0770170808590845 0.462007722573693 0.130067887423044 0.52144184287268
0.547479774794618 0.37014293116684 0.0788159216333599 0.436861314149009 0.352836657503295 0.204643749285689 0.447020780719799
0.53551084655429 0.562981043754543 0.381561442962109 0.470319842592088 0.0197876662956622 0.127296281993953 0.113554803322748
0.496062898683322 0.11683016353084 0.249210774873578 0.513090134055826 0.140357349448512 0.491928268029727 0.391422036975186
0.213549038312361 0.237026833955481 0.433570426268848 0.0559642051932365 0.415268177282222 0.599455103419893 0.418695236829358
0.616145116463699 0.246013703520627 0.534554802709993 0.48731933353117 0.0310798482648856 0.131450527368409 0.135529646538366
0.575070576745962 0.503329504885179 0.0883419745043349 0.581220025708904 0.105319602369042 0.137672371177521 0.200714518906604
0.00899069002238229 0.47324895766504 0.177334053868204 0.270742173533038 0.452221873509925 0.374873393672871 0.571114013316525
0.238830366946541 0.175665240579335 0.520502219694096 0.263071232463259 0.0982010891421305 0.430791036293307 0.613798317170065
0.118841752069201 0.282475866906979 0.708058800522725 0.393890241820686 0.287885479455133 0.40498318731683 0.0519403859306474
0.497621460358052 0.478872921326951 0.0921143445884414 0.234411272678282 0.672703233724276 0.0841368366468247 0.00335592450307309
0.475157266481029 0.712444192299714 0.0463290450450524 0.106797016174537 0.093193580733308 0.493379332796416 0.0314428428991699
0.674730957343041 0.193668085301875 0.0239407195665188 0.114848399109248 0.320310195725839 0.597533129772984 0.183910392433126
0.154196399071183 0.454792216477748 0.236531647832368 0.306778603644628 0.505122950578278 0.0324254416935205 0.602599845498129
0.0496570126359077 0.470801406696509 0.274331698020124 0.409368624857735 0.384384504360894 0.512384661181943 0.350357213119473
0.593295854610395 0.0442049632151755 0.448939257303477 0.168208450777215 0.101968666135843 0.572661718868941 0.279045439555541
0.0404174702364513 0.688838633469085 0.182162230775969 0.0381849086099046 0.20918233035116 0.586331249314007 0.318880884218603
0.337267960070751 0.120605651036014 0.417013649583829 0.47997472654718 0.590569976917479 0.33261320152534 0.0895769977135914
0.148698534641532 0.00717731214356265 0.28946754699948 0.695075954330363 0.202592531858294 0.0730731960872861 0.603764658605097
0.491906262467504 0.490896431272908 0.469903269609726 0.0135038754602022 0.323459443509763 0.110778850821507 0.423272394424015
0.447144293551115 0.0434900219824528 0.373986332678776 0.458152895667961 0.201931840431502 0.296844316508848 0.565250147695269
0.397716429788124 0.342930805476983 0.478396558303148 0.2644050919159 0.297900138706761 0.507375606657446 0.281553344202524
0.362526161960461 0.303236167741437 0.513393687695018 0.587156764193579 0.346652933844216 0.0468603083556769 0.214318265955911
0.362627332346999 0.397313352812519 0.0743713741366532 0.504466986988116 0.259360849158817 0.619145467225225 0.00403925711078723
0.364406309696543 0.0325693083925994 0.414892649639881 0.0987890331454149 0.284802862101853 0.48926962364136 0.603120769771364
0.435895415534022 0.374706764394322 0.42849055820061 0.553654730528376 0.345973992450868 0.151689635423498 0.191688704369178
0.393139310326063 0.514316909512609 0.204786585040623 0.538924173666895 0.45440490277642 0.196966738147548 0.0571233515024104
0.617153164782986 0.166112401491011 0.035815275508466 0.13428831995183 0.580639580892198 0.353236915114426 0.332105274477502
0.58765716139922 0.249970767315406 0.404141168986101 0.203586548982687 0.514732914903473 0.222121404669211 0.270385311454923
0.459435676075044 0.306640493493818 0.311020985074912 0.268899841510579 0.547143380692618 0.166815708297158 0.445708346127287
0.466238888906372 0.230064684553976 0.213970881151243 0.291093945685258 0.664367176367162 0.176023990472071 0.356095669647066
0.292172830605388 0.0422913096212479 0.294854051206852 0.647276926028605 0.337105381195123 0.293217613714843 0.455327952887899
0.405675820986345 0.131419279592663 0.329805673771803 0.0927838858094387 0.612406884286053 0.35241182734204 0.448931154330953
0.495506659937834 0.519926065492156 0.408752958945028 0.0907301226573248 0.261419137428726 0.488054506458711 0.0479784648225883
0.464329649980571 0.527774892361305 0.277841598804549 0.373723833777 0.446182061177388 0.249499521735452 0.166306157793285
0.380968427086538 0.33188526944375 0.298999651716867 0.477675942581558 0.225144432821272 0.447242336836327 0.420029051557438
0.0483726824699868 0.488050194482096 0.531298460392799 0.440300725595078 0.507603930121907 0.0689343800525772 0.144605012544159
0.0879295212848703 0.0595991228144304 0.544213140599749 0.508430772962164 0.525351421224433 0.348787741727402 0.190786650445426
0.271366329390304 0.211914625542274 0.194810666507957 0.453721158864322 0.537078066491341 0.286808629589316 0.516649186058659
0.425711281278943 0.0360755320012673 0.43523489140426 0.276983050926102 0.506012606678101 0.3037276685743 0.450577612639499
0.37751432088514 0.553961226403196 0.446680598387911 0.0144056439918817 0.158755693566094 0.450145894122075 0.350776454995032
0.200234936929837 0.120623476354581 0.190328834110379 0.383168266059605 0.250673413309942 0.423217395182943 0.721361794143555
0.305707633494733 0.274664342590616 0.370966970558464 0.434056619612082 0.490610227015561 0.33593590014048 0.389267742822941
0.0144770307140726 0.00741957634859136 0.460368859569583 0.266647557188827 0.0408040531605167 0.63089847861422 0.563024953070715
0.0777015599185104 0.456846262121758 0.400878283006723 0.184861419398186 0.456342535186604 0.502034786889133 0.360679056137065
0.746430289753094 0.21228893256979 0.234314364085496 0.185718610963373 0.207323439698643 0.139734172284402 0.4958547775509
0.435665821876312 0.336765271911463 0.466251229975171 0.406424709302724 0.387792106769924 0.401231920937258 0.0533237006031495
0.436300321067245 0.519543204235371 0.352944546104894 0.0653754766360028 0.545101327752919 0.163995037886199 0.294691793624453
0.338281669242979 0.680919027364258 0.480901539571811 0.241028718356546 0.259381446612005 0.0390607706343672 0.252485995538904
0.282815571594317 0.0919084657562174 0.532638467783694 0.0677631651003248 0.343655466577812 0.594671530664106 0.389280481642143
0.338338825614315 0.17680798760885 0.409372007457663 0.235685124423751 0.452803331285289 0.0766096221934985 0.648253781477126
0.434939165202267 0.443897892352081 0.354491497199773 0.275079206358216 0.0685322168738844 0.449243031907734 0.453799323394857
0.0105440077233762 0.345230305925428 0.392732489064137 0.301722158433727 0.676849530629983 0.392974209581455 0.151247394705324
0.328762061443545 0.017803351189586 0.478312362164877 0.487278963694434 0.517127406267965 0.397069062600985 0.0170425524698476
0.0224505780806525 0.462748005871084 0.370135179177589 0.438041481471626 0.552069549133831 0.0326980704850051 0.388110697298108
0.146668323145153 0.364462570067777 0.398138125967305 0.0551208110354794 0.478721358303657 0.671553707058851 0.0628064207452471
0.301349268907747 0.0561004136158109 0.205498872398266 0.600775677487981 0.128890922462954 0.596341485352666 0.36144726234518
0.500789165107349 0.214647413586225 0.218754176009285 0.081672972396439 0.302205660575962 0.557536497642211 0.496424846802576
0.255782968533009 0.150346740611879 0.586264209106881 0.520748052547956 0.318476765678593 0.265899740418624 0.353491939443931
0.457640934388394 0.0939202664241003 0.601265440805356 0.500823567331875 0.31268947554975 0.073759844866655 0.257262822791654
0.135959339155606 0.245837023769822 0.583720649722558 0.389255209186387 0.0948884482224359 0.561949202904714 0.322550890244932
0.209276328060918 0.547586061414495 0.442298691404645 0.236628894210758 0.48771242469497 0.160374379895126 0.375696961573605
0.179759608495162 0.400112440530756 0.0323039896214194 0.322552627052754 0.269274933942885 0.631565906249813 0.48075803595468
0.604860797137096 0.46778271090753 0.159360209690525 0.0587703490739412 0.354171032972064 0.393252683053286 0.326172236363996
0.322845721459941 0.239780416363423 0.47498801361281 0.5471400351128 0.457568633194009 0.235646978671098 0.220003655252962
0.193095609010547 0.244833361346622 0.380918467284073 0.611810726902354 0.606903055688125 0.0568091509026782 0.108631800371072
0.599263670921987 0.247968720218813 0.267073749876661 0.0136870861203749 0.390999252671825 0.0336200673123751 0.594868151602089
0.0146148327071182 0.316298867707929 0.78786501926634 0.408946845616137 0.11923922547031 0.130110248482892 0.283947093976406
0.0125270864149206 0.517644203622219 0.13995715662644 0.636514190577589 0.419089588781107 0.178287337773744 0.315795458848768
0.319513148228657 0.330398553205825 0.410019218849753 0.457873052446358 0.37517391687749 0.478248628972501 0.2037337309984
0.242757362883991 0.466269229323206 0.481423558940995 0.545668812458976 0.437619950405087 0.0473622708855528 0.0196052763858363
0.126582732754931 0.431201131065701 0.21464807705082 0.191446384337523 0.556937918087591 0.335738124164639 0.540755904874924
0.197988497570763 0.486603396491021 0.0887169105559831 0.444705463363747 0.611772765247761 0.309369199908849 0.220020071442985
0.217755000561672 0.605926357240187 0.112154692468817 0.0289015539083419 0.420330652263311 0.132091915570148 0.614732383301742
0.249486285995446 0.273055870124385 0.120555749626315 0.524469845224217 0.227891849836155 0.498694049692536 0.522459880902688
0.0273511809347012 0.072807063500567 0.488056532593215 0.725201456641602 0.112323013079156 0.427054723266451 0.186661503134746
0.503410532464152 0.467422101377773 0.461181951280861 0.0471294364521408 0.139774653954403 0.463361604855071 0.280968874144962
0.327865020998801 0.277124190952139 0.454944141768041 0.244286481756207 0.516168569507612 0.413580595270003 0.334032562133199
0.283748431970775 0.119804398797497 0.316479738797576 0.0582818273178681 0.611558864946739 0.653355488522084 0.0264555710792473
0.0988309266660723 0.200817234345524 0.313407881352989 0.475039959683086 0.508565482014318 0.0242249491648054 0.605633325763841
0.0444185508994119 0.0603103721200087 0.45796941042092 0.674323938720902 0.573539218227816 0.031369414716671 0.00310179179590642
0.152619769974375 0.090763021948563 0.07487880099417 0.699738959328425 0.647355225568853 0.037711642304521 0.229645112255361
0.115432306357282 0.0432150693555087 0.531990418567043 0.369290465960768 0.393401241332949 0.4010515220623 0.499811691241998
0.405320892360159 0.347595349950572 0.413260307531214 0.123750501468823 0.303511508018866 0.0248115403648241 0.660347885950552
0.601966145967783 0.407915913666774 0.270183568736941 0.274652594668433 0.426870971187054 0.221883069136533 0.302253594686543
0.0613994503330934 0.557241072981131 0.422723722652406 0.0103023019599565 0.555313621597181 0.0706651124044364 0.439936625572753
0.0138856782014104 0.548630322930151 0.0822564837682501 0.433018372036507 0.302406865173637 0.429055060717727 0.478542328146365
0.117701850281025 0.146656011588327 0.185296404139836 0.0581460166865592 0.808074504301979 0.521319065942415 0.0465252516790544
0.391964580056261 0.0859212358379147 0.274396471750085 0.58031722113944 0.445176823893906 0.00556117931945233 0.478232660015832
0.109867676876396 0.547267190292434 0.0903089496419904 0.305632801879531 0.62556754263444 0.412313687063259 0.15976004850915
0.531964041531612 0.41103955084082 0.221287296110825 0.0969659580859075 0.331600083854779 0.612197710499969 0.0703251687553801
0.431884181006714 0.0144928378967474 0.545904391831216 0.12912761101156 0.287570532186467 0.443372935998256 0.46829915176303
0.398666209419109 0.215649943677307 0.476869261267899 0.537003774978419 0.42883526063429 0.253384320335303 0.175156256014582
0.49021669844405 0.215034272467717 0.341496001763867 0.078692318303712 0.496541942028617 0.171879833749675 0.560838009238683
0.328748142280634 0.187942777629762 0.145632942225205 0.196196716131976 0.886616300065555 0.0430432903120801 0.0946513476865309
0.119161628361443 0.309328833383574 0.424565301645405 0.43036194406914 0.39719754105822 0.447541401327082 0.408154245812878
0.577352961017236 0.51904905489894 0.398020337578044 0.207829669887559 0.343116676361757 0.0436375414933723 0.275690020814521
0.453885828092196 0.392496370129185 0.235330573403143 0.169357713643327 0.355614138465084 0.435393203097122 0.489737770408094
0.242909272155065 0.323039950338639 0.313366018592861 0.203839143020657 0.521644801051643 0.57457802152691 0.307633575645088
0.102036947081367 0.169156391701601 0.0848001606132959 0.0762088470293755 0.0123405172029409 0.622132150063218 0.74884913064255
0.579226554700112 0.353711294799156 0.174981240404412 0.495399055674293 0.00585471089739875 0.349910232450142 0.375332933530072
0.156127167684845 0.304420734064354 0.584356712004815 0.258371130596085 0.186970860984666 0.643798069130617 0.159027857679691
0.348138921297725 0.452185654503732 0.489771577639673 0.00908107395268853 0.290115653747024 0.395579252403848 0.440134892606175
0.420124935600067 0.450183354161717 0.648582450398928 0.0507201579005757 0.267152887941217 0.138415965284582 0.327213404002363
0.512730755608265 0.00100260844372535 0.0372491422146564 0.738546431280762 0.0315480976031883 0.334388626938793 0.278310619610566
0.111420097706791 0.535445940087554 0.207199642063785 0.0563874597529539 0.192590170574754 0.448678963061345 0.645265979334256
0.510416354510914 0.592394185399545 0.109328871975522 0.272413353250293 0.515572300420588 0.057108358921487 0.18250006919562
0.551221313307171 0.199209867800936 0.479071198241411 0.297961911894323 0.241257150150729 0.528994290375556 0.0118324407321544
0.0436734206703012 0.365411677700208 0.0824114062963266 0.131585748214943 0.543802948711964 0.520872368956893 0.522906126695469
0.41966943316036 0.367095690353419 0.294943356747191 0.226388649797916 0.205230706003497 0.43708744580515 0.563657554354611
0.643232024826828 0.0743211289796583 0.513935862004667 0.462969152612863 0.0720635665984413 0.199603673721248 0.239214634387006
0.302919022181619 0.441444898553992 0.603693143444862 0.103401583796842 0.279917582218046 0.503134070473307 0.082045248864999
0.211735767633989 0.561110481225812 0.0911434807506351 0.481629081473484 0.291612874746255 0.453430187075418 0.330775275813695
0.439915477791141 0.261550223309529 0.383422287038512 0.439606104223116 0.528130997184877 0.344780375962616 0.0019540168997576
0.429210862081704 0.502867819878132 0.380623755392672 0.212113147732174 0.480002295886503 0.373465828576592 0.0561839106978914
0.322041138477488 0.610483402254167 0.028044354926141 0.529940836151892 0.404364499270652 0.161717267876107 0.228719527010689
0.173325248817854 0.0936046530980281 0.466820030574769 0.349325823567152 0.706633195823474 0.249250863552197 0.244521141545506
0.185207315573893 0.0763651681718784 0.0134121498439773 0.28027261437222 0.648747309823424 0.349662733823489 0.58137499756136
0.384723978143914 0.463911860600245 0.449255476026317 0.486010682584792 0.307122041912913 0.117421180145099 0.301039362432798
0.324651897395397 0.152676314044531 0.250580098472608 0.192376537408034 0.770210917324175 0.40698782264956 0.112374489103713
0.141526235176233 0.289915104814226 0.540296345701911 0.482074643511996 0.551676359433524 0.251667827157135 0.0626095270507639
0.013659856161839 0.263418162536675 0.334447428192565 0.6919884314225 0.024908792925069 0.49053301189358 0.313812244512347
0.0463763137077833 0.553226877997783 0.609462810538482 0.31986574791047 0.21615341557837 0.3013803982708 0.283686096493734
0.297809482844716 0.291388700952744 0.562956255331374 0.16936440036288 0.233121177688168 0.0505035786413701 0.651077565590714
0.0994056377627216 0.214944293916598 0.58225005367671 0.671849570026992 0.306681233322144 0.0899290356263581 0.226671325096531
0.236214550507262 0.4727863416115 0.504101097881442 0.0776410057210608 0.0589234165164255 0.382999319845412 0.557107952414608
0.46687687919415 0.535615702822831 0.507306893634354 0.388873160584965 0.0383618169215673 0.144257713992632 0.253529608068475
0.581564917250051 0.540566285996269 0.0388541157689296 0.0026113383031926 0.563449367523837 0.215515161056625 0.0642798697878814
0.21577144001914 0.592487113972329 0.0331731061380346 0.499757692583774 0.251534652931015 0.122772382400267 0.522686100519174
0.343269781216632 0.0974239170605063 0.0447390133767961 0.203971767433881 0.396122257038681 0.767974545504324 0.287002842139328
0.302961473273667 0.494980166472689 0.319360071273087 0.411657192010072 0.410732909121172 0.325703581309912 0.342011894734826
0.282804918344388 0.534499779539614 0.542296731211546 0.316620451655177 0.278190655474286 0.189112756073983 0.356150857699599
0.117706959604837 0.474514231008248 0.274942408476486 0.494669744950642 0.303856496245859 0.205213982617104 0.553397038942628
0.00889104958147591 0.324471028844431 0.268478297930943 0.477814231503335 0.542770133680114 0.405386401776687 0.3678517522459
0.0683963442630995 0.406190965283917 0.159689901695549 0.593207151646762 0.585516153225008 0.328748302246517 0.0450626056435453
0.0741898422675792 0.604173262169934 0.5809898959457 0.512073938614001 0.00933821497631904 0.00315354104984455 0.172059326118939
0.350250905488758 0.472613465261614 0.44446743395473 0.187395245713378 0.469597298389503 0.193255024031681 0.404256614945542
0.209621909341302 0.605017195402108 0.404547406406901 0.244779976172693 0.267224556958054 0.495617399516743 0.222241843677225
0.323678350399968 0.0596498802631997 0.220919431658848 0.0039339303637328 0.481996789877414 0.751882260132752 0.212615868692576
0.0416415680721863 0.329044981276198 0.0629208029060635 0.327173654904539 0.526467849790213 0.538459849328645 0.460311140427581
0.460703437577114 0.175114996255968 0.440320086026471 0.42300007395211 0.0333122608049697 0.461862553462997 0.412128032239686
0.476212280833574 0.407730048695088 0.0813356144068599 0.478856096758982 0.568386722676549 0.120792228756001 0.182770890344628
0.280919208030406 0.464031672154591 0.256554898523149 0.448671747241785 0.218110839665026 0.335926106337471 0.52745953946187
0.366367103380291 0.282239045514798 0.433306816784336 0.434966715409718 0.216353207791678 0.0968203930523368 0.594123326194975
0.508909576796196 0.295374743879397 0.308835478244437 0.313207208844986 0.516142620977012 0.402586357497695 0.178347174342851
0.416600877117992 0.288420454722053 0.274430443800982 0.495972916475465 0.3172710081227 0.523204235199062 0.218065549308072
0.550932398804415 0.48430797445619 0.0983925225371683 0.428586554824297 0.388241461811931 0.0644091621406925 0.337152460351155
0.543846285105495 0.475721431690122 0.395304888227875 0.0481584957399585 0.0134613557407602 0.293366951293223 0.482793709600078
0.548389891325955 0.0774333405781775 0.652105589285742 0.376065473091627 0.112299084173428 0.038137029069129 0.335470040296697
0.375114276765752 0.461916240278837 0.37879029724447 0.122441924747965 0.412907857659144 0.212018170118429 0.521539978077999
0.58152248678977 0.648591780548009 0.208739178546664 0.0297293864536129 0.330385076485988 0.287178581816676 0.0712641695753925
0.11509225433783 0.122183626937513 0.407142560176643 0.183007075266179 0.502357428480683 0.612075223638907 0.381535339192606
0.360424428498873 0.229515317543026 0.192283886277368 0.0927748078788626 0.0254201939178628 0.721048257146674 0.501278283054851
0.471664219356339 0.247649461405265 0.480268704937728 0.476796716443224 0.397327019897836 0.0195499580413987 0.31616215632289
0.26037466176332 0.0402767327774026 0.700288787997849 0.143867347638591 0.115313337189602 0.408926383135359 0.488838078957015
0.393011802166225 0.267384929654372 0.122573630230987 0.0841728772061294 0.367261081292167 0.567539337476896 0.543098566791532
0.00944905881711156 0.533290428031724 0.637413394711729 0.362689421375262 0.0267384501268108 0.0586869754769211 0.416549488915718
0.518507724900988 0.347612979670059 0.382427019309673 0.258735550236664 0.480632652075938 0.113453684049609 0.391460037376201
0.236539177229734 0.287439578229791 0.508325515107355 0.295735200127243 0.385500675233899 0.365347865771462 0.48320154694449
0.153927674444552 0.280931511019105 0.568909336014059 0.330873687445655 0.374489199314909 0.511386310546952 0.249980816244819
0.420115391224092 0.255216689057067 0.0883610418812552 0.043225122053142 0.41450036395627 0.630114389130109 0.424071597346293
0.418828698165274 0.524533100336245 0.219428674354794 0.229766860311707 0.369772071347134 0.267676833025698 0.4900240028113
0.49915980156197 0.473895998045578 0.572480255178373 0.145647703319202 0.325973330132684 0.266248651019208 0.012970094926657
0.209155413304529 0.345247813260817 0.411032343942971 0.406407638407021 0.417994043481395 0.396039063106887 0.413977347579192
0.530877637516966 0.374328349833226 0.408637768918281 0.207165156311681 0.136053034224955 0.0328263542858965 0.590387156586138
0.293039358368381 0.437861824631249 0.433011698951443 0.105646539891298 0.435564001495525 0.417829399223387 0.399308437055431
0.445799399094273 0.0201329454650068 0.430826977033407 0.136311230644141 0.338897781761769 0.611047147898405 0.329294095144144
0.0389469390124503 0.789941906174726 0.286420976232351 0.0405334810050033 0.0894332021763148 0.233374286817567 0.477842156682735
0.457750576183583 0.486677469201759 0.31432956102038 0.0106593433064767 0.255608507762961 0.492122410050183 0.383630786993914
0.410074065103534 0.538237067242604 0.176869975709473 0.383221403094502 0.0473409697062874 0.455441063886219 0.392849536580881
0.65924022691187 0.252342162694261 0.211355581629218 0.178334546036767 0.0588445864556452 0.648917145947686 0.0263669545450067
0.23399599357537 0.340008085657208 0.560665377235192 0.451503998078511 0.232864547413932 0.106982684675074 0.495749592944516
0.543329635591592 0.275334039041334 0.182025541471228 0.315173172524059 0.507507533810683 0.0955420108278212 0.47940011983592
0.074935850900691 0.26358716712827 0.132129692136532 0.0814110846622309 0.374757981889809 0.549376602598564 0.677172213585469
0.572687083367172 0.726832628347806 0.0435382133999265 0.0735117651502754 0.290298073477295 0.0448594481134355 0.223961911320172
0.0430883445165686 0.661668823725787 0.322614137191168 0.0693175386564016 0.611560767225617 0.27612072199418 0.034694876725525
0.0607238380488919 0.162436834205143 0.633432956614259 0.120509389701855 0.159025190824676 0.613239222357275 0.390916502210443
0.313770365145232 0.568069562196835 0.0256309600899574 0.0595202865628912 0.459223408956941 0.321487669246688 0.510298989831217
0.193446812987811 0.340199101381769 0.130476404327575 0.276385473208569 0.390754050772448 0.543594962514106 0.552490423999485
0.24389580467569 0.410037372675599 0.325871929705713 0.199551042381557 0.0328960563509402 0.658900607140774 0.437194345538998
0.139722093866527 0.49699896328 0.449926942462942 0.440447235976595 0.318064745612965 0.112283348553422 0.472513505612777
0.229046345069259 0.190733214110226 0.507173337975925 0.3135224890968 0.223809609597133 0.597157367799337 0.385940155538974
0.590287055632504 0.587705356207991 0.136996228844447 0.10258466538446 0.335747817471281 0.179729628918212 0.363101486501639
0.161204893541965 0.453770941066899 0.441952567089646 0.554824174269847 0.40195992124177 0.285029647216472 0.148792813512619
0.573884588355082 0.143536161754264 0.349988405702453 0.19913312410899 0.62748279374468 0.297179679026578 0.0765346078702402
0.0246283211155054 0.540721075445993 0.604622008251276 0.463508456804191 0.173038798423342 0.254148352102094 0.17908794303567
0.202962947976392 0.414354210384336 0.27718180620653 0.460625700158644 0.464819530590957 0.43376175407973 0.306438224485504
0.46018636461917 0.43338977080736 0.386558963368059 0.0639021167448466 0.428585782625556 0.323274354266434 0.398369705798941
0.322591970958198 0.181439585005362 0.438538277772731 0.477940574758499 0.533885750416029 0.225913717396788 0.325883538996228
0.0401800442640043 0.204703811184999 0.693501761856246 0.256095908354479 0.0877179723211785 0.107304479513365 0.625094722233265
0.296231026029434 0.442413514283031 0.147356223806653 0.301508858630181 0.727121137364428 0.17424330567883 0.211731280386794
0.475886639657457 0.234994831940528 0.324057949507329 0.533075088098576 0.290853456792918 0.478268566661576 0.125658966180966
0.657867116371352 0.269453585517469 0.0196770307432366 0.42110002169292 0.0426060769843328 0.549141267190651 0.116283272712049
0.307570123215227 0.56986210206925 0.584635475847789 0.33057013148317 0.184849573511282 0.0632697964855627 0.302341066524855
0.523530018774766 0.584685028572268 0.163787892836962 0.352728860004839 0.05782461755528 0.292872347635089 0.379074815676472
0.573983428099532 0.114682434568691 0.416241875651603 0.0584623465153018 0.611494676439632 0.323963488086673 0.0428688410757028
0.571845830972917 0.295104299032736 0.365298957338253 0.324506033699912 0.495526088375946 0.231496814050939 0.219137913137655
0.44913151132625 0.466776661799594 0.468632134246985 0.165843045012691 0.435706895833522 0.229009600829418 0.301653019802766
0.543828895343113 0.211438802237241 0.668512389149062 0.0484332258147119 0.0862629995815531 0.166473132014018 0.418490818191273
0.486485649377095 0.364166351919463 0.224152786471573 0.516562925976348 0.0141727880729905 0.0624397341601226 0.556357137619219
0.509079979444814 0.3408194926619 0.382294459542956 0.457910985761954 0.015845383352202 0.515209317769611 0.0561819008331055
0.510407654220939 0.280272389596664 0.487864939580333 0.182022993646302 0.578865487778752 0.221476392639836 0.0751651462892395
0.222824325502575 0.439648746228253 0.192823785774605 0.254294952585469 0.563447617896896 0.218863234956312 0.538365146442564
0.365313620415915 0.41458941429524 0.228550145932654 0.525279337961236 0.165965304743071 0.53385006890777 0.232309375073035
0.505782789860893 0.407263932716014 0.0714805537133844 0.0839556804295918 0.560199033321062 0.0168655659596907 0.502050225081771
0.502098583311396 0.408529297409843 0.026969280713194 0.380160952412523 0.433108871786921 0.476831668882494 0.144219966312995
0.462482985384836 0.334188302708922 0.129455816950554 0.294304697110553 0.534089007449481 0.534595616667294 0.00317207189916691
0.411900303001368 0.3289651011323 0.274872169882359 0.369433517762127 0.281896475573397 0.520731464639953 0.399321158462318
0.245898411758264 0.0922081062401513 0.276899040817363 0.456406476011586 0.507563870717248 0.25691449192763 0.567825278644382
0.435061618067915 0.627340736841324 0.264374907747509 0.362479133836043 0.277901413247468 0.181659677158841 0.32503898270836
0.407984661981003 0.193368007912611 0.14016473315135 0.027103164428026 0.0812053488469983 0.574473203643875 0.66269361304945
0.318945866811022 0.374504069882595 0.37120486303028 0.298414565863212 0.521558174954999 0.506309098578992 0.0529537445571057
0.387493496861808 0.295744624807779 0.494328646608284 0.477678168184518 0.0661266146929563 0.371188708088355 0.384308310326966
0.154562135972609 0.328397047935533 0.175789577384548 0.0682681286252103 0.414037448259383 0.342246747222987 0.737660875729443
0.622084649671978 0.516198318042707 0.010710719038554 0.198273907768901 0.247082498199021 0.492216923595155 0.0616073234149238
0.508923616847608 0.0341591497645749 0.647518278203799 0.0162807978461216 0.0517442098995737 0.0406314659089682 0.562100116025205
0.257509252661044 0.837243285505444 0.0616493663764246 0.0524936497951003 0.0188551276482299 0.193360557040502 0.43406522225229
0.298826062621852 0.521742477837918 0.421226936609473 0.0749213405198283 0.163699680457427 0.402097098301544 0.516684400657109
0.176736737220754 0.288246089950288 0.0782158184172097 0.336816947765488 0.510111263501815 0.587660832309144 0.400694636613101
0.000140330228373009 0.0476244276966713 0.354280259206519 0.593122476095367 0.258292890672846 0.239050382841838 0.629732338039019
0.554733650226248 0.0575909883632644 0.549164644354852 0.458377510078032 0.146987603832522 0.345119266407418 0.191179086945348
0.131202269243041 0.566628370361952 0.326792126936161 0.377806720017571 0.475797420346229 0.173436391653849 0.394618645492718
0.254026411805965 0.153978525170827 0.13265846733738 0.695187458198728 0.222066657887814 0.60050822500877 0.0308803505395471
0.420145304997488 0.145034652049032 0.385034384298486 0.341746497916982 0.680717913870067 0.225876073098703 0.15167019417421
0.506019732731156 0.145123302493165 0.13957841106335 0.188861925497752 0.283253895073909 0.70810957921824 0.293394533294853
0.57213481510691 0.0333997687012995 0.323918611040801 0.170919880200163 0.437707398521433 0.459561621197981 0.366912368786508
0.193871745962109 0.173042023061889 0.344794685426672 0.618627301133317 0.53107926894219 0.325506634215418 0.207092570479633
0.00360304844126691 0.0985277998304613 0.163180758712049 0.227031920930537 0.653179963271934 0.485427638300747 0.49982375005704
0.290568676896256 0.473836490498369 0.457745610050547 0.299495047770793 0.450475811913297 0.0242693744538964 0.433938978963451
0.558209969929776 0.497150793709549 0.567324720816654 0.189989638400141 0.126580667124408 0.239162072725679 0.100340190929412
0.30628632824326 0.146543653734142 0.0484255884036566 0.53439196414635 0.463015399174257 0.196620372580901 0.586302825286326
0.114199724247497 0.595997790425798 0.116095834769148 0.408978683481361 0.467579451248248 0.361455459877228 0.318939896676157
0.276427029222427 0.536538718163587 0.389165181248303 0.261992010163773 0.480706706253169 0.272664000600788 0.331964388271637
0.474098716558829 0.311994821787622 0.422079229681764 0.492887388193414 0.475275399578223 0.154660816394103 0.0836308017071175
0.491671771607198 0.367205663551369 0.132122705412438 0.381924173935278 0.236288526321172 0.53161149388388 0.348788385182635
0.13526595455675 0.482952897990819 0.497309527030855 0.414942494795771 0.340617055573514 0.00330874489592303 0.461448430332983
0.204600434538533 0.0711756690614236 0.492069053195862 0.165454654627409 0.506781017877222 0.627875163533071 0.180308816775557
0.366337661089456 0.235996763301596 0.214387741107731 0.516879801766618 0.421740132608288 0.297938261454942 0.479941106466048
0.48552424031323 0.462313665407499 0.443599339879327 0.397039258249322 0.0247435296475387 0.401456174767854 0.185290143813806
0.294315321862092 0.470976211106225 0.554965128874466 0.119187377480793 0.286409074056083 0.382283175776465 0.375762412287915
0.294260735712279 0.483159898872888 0.0932784913554753 0.168031798367652 0.484087311761783 0.531549071818396 0.355171265965084
0.212661691940033 0.302680012846476 0.453360018000641 0.656641202240342 0.459922564258616 0.00178630961163395 0.122126508944728
0.246761921336291 0.258831082997705 0.42668712539204 0.52721090183637 0.301310592587354 0.224707376218745 0.52040398588958
0.486054843003453 0.240312625700245 0.477109822088874 0.201475240697167 0.293146748241708 0.400836484647773 0.437229428498143
0.298636531930583 0.340748922502565 0.491328068207202 0.288910856124341 0.521198120021379 0.343342301236458 0.283376470588029
0.402370418894691 0.424832690455372 0.460037212875578 0.33940543470737 0.344273251927832 0.4445601150579 0.12094286620746
0.0709832400778353 0.264825765617729 0.026789337777062 0.512107325805387 0.417973564457345 0.449730568687856 0.533758022640857
0.231526902545857 0.372390142115878 0.364057800659553 0.139712928946255 0.340872560657655 0.627007426556219 0.382531926969066
0.387098761850534 0.485925624595593 0.213145485583493 0.288849064049441 0.071773534013715 0.465725281359774 0.512946954592623
0.517083827152909 0.18386694294438 0.0708394719010651 0.105047588155461 0.698300894374567 0.229591822223874 0.377395671035439
0.491591053122183 0.522703644163225 0.150857379090724 0.441136307949489 0.0317279604173253 0.329493134085975 0.397727993695738
0.476779815375529 0.333344344335956 0.35469238374184 0.412176055947875 0.34529583529141 0.0258695549317353 0.495951932979936
0.539301245367165 0.0991071953212974 0.311011680666126 0.333633966625059 0.572691750510867 0.195060525607757 0.3539316199927
0.409075295417504 0.00953056603383162 0.658822802251712 0.340043677538777 0.256698177452171 0.265930041772677 0.382461294989151
0.450960307317951 0.564007604510268 0.382221429269981 0.27156511311009 0.367946719461469 0.270878422869667 0.223449061953256
0.547514383318973 0.185982498572935 0.351245107155481 0.0191330581979308 0.220426224228712 0.458376671403352 0.532167659532406
0.361943735805873 0.521854933645825 0.505936976198824 0.196435741043674 0.457553389225984 0.250225027433206 0.173600886373544
0.143948375206185 0.831802291087969 0.361556512019142 0.00963557663553627 0.0470566660264045 0.375824285437756 0.114497313302265
0.641915597052138 0.443657078297796 0.3207782836068 0.381633547610575 0.177289920457119 0.174938945040795 0.28378608291145
0.0875442141358194 0.254955652170242 0.0960738565811299 0.383149621720258 0.696437064026403 0.47211166444918 0.25176536615736
0.0210626783342118 0.354932704714897 0.313623573851484 0.549888023947605 0.164300907090174 0.0698287845081611 0.664057005483895
0.173699464046481 0.068501982529019 0.441993066191805 0.464493080757687 0.158219363917027 0.624090781471937 0.373499144991788
0.0100597800681499 0.480282407555706 0.077405701012823 0.360959190471881 0.189323402274856 0.537598121593236 0.555057960119995
0.0704574411344613 0.277696600898779 0.307240003635802 0.355381107023514 0.324696236761634 0.499103632192715 0.585402523004073
0.517385289984952 0.0340540503259583 0.490291513024426 0.491432011975179 0.28354877354684 0.410908333461504 0.00400346572375776
0.66213682360243 0.155198826495841 0.341504451967802 0.546468108290657 0.142205041988577 0.0758827465289857 0.310249902181524
0.0902784556925911 0.364118478993464 0.492101068500405 0.42128257723707 0.110895855214157 0.447746742402639 0.476287755621163
0.379617799266359 0.499051903606527 0.0309596999569502 0.439533999759795 0.444551526501808 0.0476007754003296 0.461299241801673
0.139545442064403 0.402548750174872 0.110074572423773 0.368123448454053 0.559431442078261 0.431827939763956 0.414018575174078
0.444130702864665 0.126954594874817 0.637965641381468 0.0548637830507269 0.153355659757381 0.544168560989546 0.238710858969903
0.383352099664184 0.679035012264469 0.174556913126317 0.0478569928687981 0.0868210567110498 0.592761846679917 0.0169619971586999
0.126542379990442 0.0636063930684413 0.589099952020199 0.113440903302237 0.579986039713078 0.31602972727675 0.428689941601471
0.168483354039278 0.373747139977155 0.475273133177952 0.535789778041014 0.422973135954875 0.372684041761217 0.0342276010489735
0.538653092468886 0.112012288601534 0.176974342976696 0.399829684862142 0.140205616800602 0.228823374783891 0.658866182450604
0.45456243177552 0.276593622051907 0.415976345341731 0.199417130616934 0.602524534734747 0.26978033159661 0.261243583112539
0.214318762386774 0.230920973449784 0.0725631053624989 0.771763540593835 0.0978253992938825 0.0827580735757772 0.53239073787139
0.536107326689448 0.0677240005166824 0.535535434690213 0.301048698245304 0.126316229669704 0.547424247454714 0.122248831980321
0.310999699808133 0.592351205573208 0.113014668391688 0.0756081299873432 0.594000620540362 0.187615763840178 0.381934443772336
0.276423705855196 0.565458989469515 0.261195822979349 0.182323135647628 0.380641131738123 0.316328499042292 0.507375296854236
0.493808088657027 0.00606568246639017 0.476961697085804 0.559272051166546 0.372491983176439 0.0756025779859729 0.26715737691717
0.357596367430498 0.409316636506787 0.653001012208625 0.0484555610910735 0.37570680281517 0.319994498398574 0.17965073071433
0.16766416717377 0.0476668042183536 0.198871557551032 0.27793983777639 0.17501955245378 0.685524159738206 0.593498892728285
0.306555719845205 0.261573030655943 0.174560022880841 0.082082093905181 0.515935148285023 0.482885829818813 0.548658971183324
0.233937379950663 0.445735508951895 0.126392115989985 0.514002163669159 0.208332372086757 0.527307019671277 0.38074255977801
0.335053689124647 0.224111133411646 0.615906872184779 0.215587317231752 0.502193220410724 0.183003401207394 0.354972933122121
0.430053478411891 0.279459142082819 0.390976327728657 0.400746686521787 0.536203195074369 0.255479014887365 0.265918793156877
0.232214869298528 0.300578323379366 0.443366806800426 0.158331877084522 0.457729857421878 0.573343533332168 0.309590677715488
0.65011769852058 0.556769792577859 0.370467381902641 0.0755031503181777 0.24704757493119 0.0927343344389819 0.234041467091033
0.391999062331684 0.426414993883742 0.0561512929188391 0.523899527074551 0.384927094073454 0.289783510627019 0.393369997805705
0.471892385369208 0.470325093639576 0.14990802979624 0.0240331163089962 0.46197715837314 0.412520577274647 0.386608009892502
0.439307633573714 0.212562085495893 0.608786682671675 0.159371077221183 0.275052889086205 0.378749614642686 0.383014928238869
0.0986902540506657 0.283867193685699 0.124879073665156 0.579802230775631 0.262102982393115 0.282388276491774 0.63990087370873
0.523476284495618 0.404289453776363 0.194724190688666 0.313265294731073 0.470492461570423 0.245996842619394 0.380253019501836
0.152336215140351 0.521553011035111 0.707021308447691 0.136469451205424 0.151985354201426 0.32795670912481 0.235834563993107
0.481450594417741 0.298013770028084 0.437682641963508 0.34551590938422 0.457699715635573 0.183237614431768 0.35409140946818
0.23207694283219 0.423485732595421 0.0558466851773489 0.355379118435498 0.559182487982991 0.528615519810861 0.212761683995825
0.496845542646054 0.456851063420532 0.306817661328603 0.457494321642993 0.153216606744558 0.420681686123622 0.201358067490258
0.196240422383354 0.553737887638416 0.451158906676282 0.0659861954791715 0.264720627487666 0.539000606277742 0.293882369604162
0.176190604598341 0.427730033813409 0.252600216314133 0.263991351371084 0.513671993406577 0.134900858519464 0.608644746716013
0.470571566525897 0.270029409890007 0.343560970530768 0.377974936426447 0.431006108181387 0.405100828083925 0.308016849099608
0.505003128378233 0.251104820901383 0.0528375588402079 0.574224338845692 0.522497245244805 0.180574383322371 0.209242278473195
0.541301447354616 0.190472960471738 0.00827789747245467 0.590227985532538 0.074691614894736 0.533503356404799 0.179082459492262
0.16285885262073 0.520794676974074 0.260468972994606 0.160946726516485 0.363707803372277 0.0194668505790386 0.689811307086177
0.070497351671851 0.085411280905795 0.685885426210603 0.27219698239 0.0436231870989373 0.323652971655866 0.580129979294833
0.240520160802995 0.00646264473923341 0.324216940151886 0.645298852374046 0.488506835665962 0.423805563894592 0.0482801080485393
0.172711495548563 0.170232582772022 0.651107703260406 0.286806293889745 0.295192652972925 0.497010948417853 0.317543588176374
0.375232970072746 0.73317588536766 0.142977967740671 0.261500896015626 0.150068294183141 0.0237599863567728 0.457976955248617
0.335232258789059 0.193499878079747 0.562417547549938 0.550529778679881 0.366580585495607 0.308803926318994 0.0322397933084998
0.304641852742045 0.102164438517911 0.473981562622888 0.443636865410358 0.674153012721178 0.011883190953195 0.143736161818731
0.0441079515201532 0.430876299448244 0.494006314724901 0.496026769701856 0.402023501558961 0.387022163445893 0.104433027024404
0.224735389559216 0.534035284777728 0.450013730687857 0.086440096855117 0.289447814520671 0.48389535143628 0.369298419530439
0.0213095412377572 0.25155725217657 0.528679343781679 0.294121326878821 0.470683313513903 0.250540949789883 0.534735541853336
0.563924724868613 0.0328179160884493 0.38230888642546 0.137310153923703 0.435996422710237 0.410837541757577 0.396254160510035
0.456311676452032 0.533972246618174 0.203249476701614 0.496562503598314 0.205759098174031 0.38707159714038 0.163117737299094
0.373825276262985 0.129177776797215 0.393550037239128 0.368538798824368 0.234158303896789 0.376792595619474 0.596709741299171
0.264948268072584 0.607448811534612 0.216131302165894 0.301796392671042 0.232958379017872 0.512512501716916 0.325692928131056
0.0327001485263844 0.302541916912738 0.479742390038901 0.224494260637144 0.395138786855264 0.54157716221341 0.421198494096647
0.487325541106924 0.192600561201821 0.393823553046159 0.0159889585131811 0.0850156020983943 0.28686146644168 0.693216452164926
0.425167253866659 0.280641657017711 0.511996115103419 0.445535029670214 0.234076326761076 0.00440124848098677 0.474363240885564
0.461678193779521 0.04730434488263 0.217195279200128 0.228653387400858 0.065515531835053 0.731934532479267 0.380971047088519
0.0486753143575177 0.444523831605474 0.106283696448823 0.316012796614088 0.216852601802382 0.427744823102986 0.677405551019797
0.125372533139928 0.212919278818624 0.461974597125163 0.366927126865945 0.394991447523834 0.300670493631296 0.58691573029262
0.632933529590712 0.666962233644858 0.233106055423641 0.29210718257681 0.00215451924597165 0.0713111024216885 0.0990028865306259
0.605822466465856 0.0658420044828876 0.333665454645741 0.0489089676422979 0.384309387607842 0.445081665986088 0.411251567815432
0.102535522327295 0.491060440724809 0.491013154787509 0.24414369429276 0.385324240770788 0.0885893610939439 0.539743645774833
0.158464453925329 0.0945338170214128 0.662558149590335 0.503308444612999 0.0139873150028331 0.229761336886785 0.469748619332929
0.616444515697414 0.408172106330939 0.0214050160567755 0.591221006654832 0.134311327615645 0.281345191104581 0.0787184093719603
0.0483832585467121 0.0443741258815191 0.35800799603695 0.477140033804795 0.694269124685564 0.385003421978403 0.0980836771959497
0.321822328831309 0.529049681647179 0.409592284491889 0.371602292389057 0.275713223649041 0.478701928214649 0.0742253462043576
0.0323986862621349 0.219743805245466 0.661172096193994 0.639628836579853 0.203515166492921 0.189780898748266 0.164177292255455
0.028856356786509 0.109609266225183 0.0378237840451543 0.40904159523891 0.293077482588843 0.473009654098649 0.713284592911106
0.605438879087997 0.231988348977245 0.0748914172867672 0.615622407255086 0.110224082085377 0.156223564600438 0.398083341175794
0.0736694204806375 0.43322157745187 0.516549717580971 0.585700250189096 0.288129246462818 0.327579080314446 0.0818350229713436
0.576059387838516 0.543797939143101 0.417144700840071 0.0596646211189396 0.394693429279338 0.197634628684952 0.00524071015118022
0.407275237330563 0.076230147039729 0.543684634675583 0.515143357769932 0.294624511135866 0.424221022664529 0.0241475893257734
0.178333779415409 0.29423667250178 0.558182499801777 0.405464510583328 0.116519583145488 0.596921909708511 0.189103388918614
0.0999176333882655 0.210269242813793 0.251343389356856 0.121211314773344 0.832594738686644 0.0592894262973105 0.413773361760737
0.0593150566962762 0.59795647264478 0.628215522938767 0.227741400257746 0.0309089828956505 0.432113337066321 0.0687865606387358
0.122459190663578 0.433664081333877 0.461031502203829 0.0524428198269473 0.510573839572831 0.174973838237279 0.538829681887994
0.163899976348868 0.0391622155827357 0.527357420932503 0.681085989035679 0.457110165252552 0.126131428301998 0.0689949590005213
0.35253375471954 0.53970215827697 0.0907500374854374 0.443207741945086 0.0932834849147389 0.454828969005936 0.405218040943408
0.386885806538219 0.226626720220812 0.503626434063928 0.377164309567526 0.473734857468164 0.107862963877632 0.408666204529912
0.305149342847352 0.415039864184085 0.399797864014996 0.489322192155795 0.336590034515193 0.454250537409033 0.125358876109535
0.00588864070419226 0.358871300114535 0.498067283680995 0.272746643495126 0.426234250146461 0.505843993522091 0.333408430417175
0.460306902271718 0.0416546287410576 0.527456975011336 0.285471023116059 0.0491089867350802 0.49391571777635 0.424633316231485
0.182280858977333 0.174502751554719 0.202981131639133 0.309397635836392 0.0278172103868918 0.489269069492643 0.7478209824094
0.722703950108805 0.179775586784834 0.511078991659479 0.375467675447125 0.142502258280042 0.102011931185482 0.1117528529965
0.41178160560471 0.526417946610791 0.223901070870169 0.105946921983659 0.280017920545695 0.414161430071817 0.491959235070547
0.49981174751986 0.390785149649438 0.0588716579093371 0.150773090318435 0.275659318376769 0.577782216647632 0.401816422391182
0.52506154142365 0.471456456840717 0.0948198839385143 0.368374128828298 0.136324894765317 0.466590660696793 0.347933264087602
0.580070456575784 0.566546149084419 0.101038624489726 0.120560839980949 0.224120353914309 0.43494168230077 0.279992511593773
0.173580400286709 0.761513048172659 0.4496152543056 0.0506528350754752 0.254019222954177 0.193712223802537 0.288440538435307
0.295566520291501 0.672419712918411 0.405798919259578 0.0979058419733447 0.464604528529238 0.0216643190508505 0.264399573272976
0.310793160690888 0.173886549600384 0.455621433280991 0.104206828940241 0.044234246970759 0.726962997320667 0.352546815890482
0.286776108980419 0.342834898202695 0.655753495463929 0.353654886760654 0.0385897669094076 0.354323174405011 0.34366435386723
0.652783079519636 0.545509300313978 0.298584549330838 0.372527394151916 0.156048001540854 0.154959873307475 0.00095955757230326
0.443140737699218 0.0650489473663799 0.540045810139802 0.487211886639657 0.353331844800539 0.125017348645872 0.36041266833006
