0.446181482021136 0.402398778011055 0.567475501663647 0.562999878835
0.53475324436363 0.509866970048768 0.422482277633749 0.524960346675118
0.230601722996715 0.569252139571138 0.0917474472656392 0.783809449333744
0.536151458333304 0.136639361012859 0.580299837299469 0.597598023406435
0.280320466155682 0.656194266004501 0.134515242328631 0.687557394766681
0.291361775654546 0.0960498901200928 0.796797090143059 0.520573848204942
0.902139558674858 0.122670151487715 0.194999707949086 0.364789479710812
0.174450363646477 0.29757129606035 0.737235089808479 0.580949926189564
0.282729862878085 0.501195233337391 0.26814943373725 0.772633835593038
0.456790907678105 0.238677938828183 0.751219334298557 0.412364426151645
0.0502432530823644 0.237944682946771 0.720977788335154 0.648882864702415
0.723480260701516 0.24605863101046 0.570302893635905 0.301307271719483
0.535755820514757 0.496720985549158 0.498356934782073 0.466770102785354
0.706475292611296 0.222440492789769 0.662190724852002 0.113650041870689
0.0156228433803713 0.675066066855796 0.641217113019562 0.364530308911916
0.440290999206788 0.507755100406868 0.65771679280828 0.340201726165945
0.156333669389348 0.712072961726244 0.383707595188341 0.566815986355763
0.266206754964877 0.528979267220582 0.545742081255644 0.592857891242584
0.299927713278024 0.647892953965935 0.135749928545457 0.686913418058647
0.341409344476309 0.749538585657095 0.389702777756035 0.412023437591418
0.13726503985288 0.605998529254923 0.742134800880674 0.251316590572249
0.364953549317719 0.58454789886535 0.723796201010982 0.0350958711898453
0.28697933747135 0.520097412632231 0.497826578663217 0.631909992652624
0.63341001653202 0.138954783994527 0.303339973347272 0.698189214705883
0.693304660861605 0.563612026983938 0.447944877862042 0.0318671721963503
0.577561524684985 0.694259999326439 0.417207383285694 0.10180244530812
0.525867798270864 0.813449621803873 0.243740724606024 0.0485101092290976
0.376643547873291 0.450675607649718 0.509683948248926 0.628691822288444
0.0733010169939065 0.615083948123745 0.375330316356495 0.689511313389344
0.661174371014284 0.502069005377807 0.10177186090483 0.548103688439307
0.78186964226569 0.603961918935652 0.143207754571055 0.0583215398425239
0.604607383411852 0.657006726475935 0.359822164572968 0.270776814316281
0.0856120800086169 0.741381201943804 0.364601438760892 0.556857500635886
0.0960448644110925 0.281907033463341 0.236444608238558 0.924877157107401
0.208680406069351 0.662686695086574 0.182429963328602 0.695714122867928
0.511101765435619 0.637796891634096 0.399948237195316 0.414766823594702
0.239456584429502 0.0799896013474757 0.517102888289125 0.817842778761709
0.0736435306527427 0.880393242803576 0.0415928917379683 0.466641618135026
0.414766019122398 0.629136452824545 0.357010174665984 0.551996565472713
0.28776224883354 0.39755264445081 0.64322448751781 0.587713400982045
0.0479352339121946 0.732192519968563 0.347229498640884 0.58397602889628
0.576903519175133 0.767020247148012 0.0444444164147041 0.277284986751728
0.729987740259424 0.427634415469715 0.526142204293601 0.0861457290751245
0.49203625966369 0.408609430226507 0.599114319846513 0.481664493668555
0.0591860082040014 0.677254628204494 0.684425858130103 0.263409243822879
0.444719290274038 0.375975823709037 0.595997581368739 0.552859671026094
0.093698340956453 0.0928429970726388 0.636703067501565 0.759743379458272
0.689696719044978 0.0826303074167001 0.714137095256776 0.0865960577222091
0.484769716453434 0.857729864549904 0.152598131537675 0.0775345840259115
0.623306536479459 0.697937244772517 0.12502572289809 0.32975920389754
0.330942098161045 0.23480581782525 0.431873095981521 0.805499338638782
0.236538792588362 0.648306580993281 0.525278197528358 0.497826065853328
0.679588785649562 0.408540809383184 0.287425553229256 0.537252306499229
0.453657201014717 0.622370242384088 0.637131359850938 0.0302333533826254
0.615789780647234 0.00523805021341184 0.647482450584716 0.448934276999656
0.445816549164911 0.500629944341716 0.684856415461448 0.28563780128057
0.0350773413763764 0.206766083108056 0.70828770737065 0.674051845621497
0.751197162564843 0.564400396614138 0.0772935563919684 0.333437732412835
0.85258175672749 0.0415944473331245 0.376433191302157 0.36010040618221
0.778857242809129 0.463870755368125 0.350743598757683 0.234913272440013
0.119277382424651 0.189712803694413 0.859345794162694 0.459681154944618
0.443181655635647 0.644136251129915 0.62126958772738 0.0519866276401615
0.30949145457533 0.511717869780386 0.795731517858805 0.0957664491269892
0.0193816321932867 0.164821589215942 0.75054247437663 0.639643799484104
0.0816418379399418 0.47257348262257 0.0322686723187096 0.876908003502392
0.524953580135519 0.716597976859973 0.376749461274917 0.262623155285582
0.842971019146883 0.242162175402052 0.00707119898166819 0.480320038961496
0.263705859977163 0.842385279136725 0.433315536971047 0.181889819195414
0.43514467954998 0.462099301478214 0.678994021013513 0.368890854943021
0.246841244163039 0.445063668503745 0.650114808408914 0.564214912108384
0.468599317018963 0.788347750233545 0.397423660414325 0.0312560223628869
0.103769673588883 0.422446156246305 0.355669442177944 0.827206351412276
0.383385563627386 0.637832798208386 0.586389571065753 0.319893891903385
0.548867978776383 0.519677538321032 0.495385489363812 0.428103276051815
0.335844133138932 0.165815076433209 0.548564492145788 0.747523295035306
0.555547146399566 0.593988116763964 0.461549360327535 0.354284734714526
0.435516314154475 0.627308829633993 0.3623254935718 0.534349519581034
0.315437406181824 0.0203308646232607 0.824811311127044 0.468798677218526
0.0200620575492274 0.639491227226213 0.754839417089068 0.144450470945026
0.620885343362865 0.735019595172511 0.0556554675064863 0.266739674675982
0.158849103080969 0.576500497335983 0.577392943553098 0.55590604220212
0.65223139942494 0.382090488191886 0.653984685149451 0.0300847474219873
0.358725590092199 0.360163039619037 0.640289504151183 0.575871415143356
0.00548754772016691 0.759684896425135 0.640648098354461 0.11143948599291
0.565249021296482 0.685470270683328 0.427081455160406 0.168004412414571
0.601821193293297 0.122970629550069 0.788381977855509 0.0338132010275238
0.48030069222377 0.67580128208493 0.351593954988519 0.434724697937975
0.71228010120407 0.458330281794329 0.130810628896665 0.51524653282357
0.533922777778144 0.589255105847083 0.294910492378925 0.52984213600622
0.654479345913689 0.546022499304811 0.310707761070578 0.420686228959097
0.819758246189577 0.137241240367046 0.173984117265024 0.528101114074014
0.249413407526466 0.480540833337023 0.620814258527955 0.566977174187976
0.39324632263755 0.602574865618664 0.591104219955677 0.364495078440415
0.276809547721311 0.486404234488334 0.824257649590999 0.0859460415194473
0.167232639650353 0.479790284839543 0.769055011185351 0.387800098736277
0.744159089131124 0.451768907473065 0.491585402617714 0.0218150461220746
0.323040078223577 0.592170803895278 0.112120713765835 0.729662793638243
0.347518461477512 0.0925835167389958 0.656097222670089 0.663472415225486
0.257085159237725 0.799783847912594 0.0613892483948518 0.538966026479734
0.373583295827181 0.402675163598526 0.0649612607331145 0.833107597074811
0.367871808595486 0.228703564969214 0.745976525588988 0.505849814748646
0.786240463201918 0.478782457181136 0.189673958215893 0.341492433729275
0.877213248294493 0.0298350744272882 0.3375177278348 0.340130223220132
0.556316127126276 0.459584300672872 0.426879724164999 0.545039758523231
0.173549249324304 0.584881701883518 0.536247019578774 0.583295111289039
0.165430823081744 0.270614792836358 0.922811341711831 0.218676711793101
0.583901125539053 0.562531479305273 0.526449072389279 0.25586946782552
0.374229104930901 0.59250410244159 0.671665388934408 0.240327008303463
0.49686782718543 0.609450669691081 0.607963291062324 0.109876659222019
0.731024226152529 0.0882225506886678 0.676601728305691 0.00551938237786431
0.276650676779305 0.618416719277994 0.664950326949254 0.314430003411054
0.0967469802009652 0.222716930636675 0.713747605517907 0.656963885040287
0.196431191612387 0.5342066629853 0.653709735302587 0.498699919946323
0.236040062495219 0.315420185034877 0.0961694269511558 0.914082401695658
0.302229856346117 0.346404403358219 0.887910656580427 0.0166062999478334
0.0936684005048705 0.569344141894977 0.60073575119006 0.553344410000541
0.520003223509794 0.5631146266756 0.545143259086994 0.339584145441795
0.66812473848721 0.347116308988251 0.657077586003188 0.0369952406127342
0.236146793345564 0.36586502444976 0.508448282740652 0.742871334522383
0.589701910500417 0.476007208046544 0.445844676662973 0.476331102208519
0.606532115093898 0.617607435217689 0.114927918504891 0.487310396843412
0.374674903021012 0.690908364680512 0.280244269198762 0.551114777738674
0.900734023867463 0.191355066681223 0.219605597486741 0.32223413577001
0.641670002946228 0.542148317614079 0.513722232629206 0.174425562145217
0.577970462189366 0.211690849316102 0.516390651192127 0.595380403199341
0.653948917920331 0.338554626525653 0.625964655667665 0.256709617006775
0.0802176023664346 0.890411956159366 0.245459903491477 0.374808111407674
0.310193901717508 0.614575516895128 0.719674431617657 0.090251813533898
0.0741316700886907 0.167041973683132 0.787891249780658 0.588072149516519
0.933901396950162 0.225103064038239 0.107542323571528 0.256108258312708
0.653486054607449 0.328573048546477 0.204276872610523 0.650589492321332
0.57739944489918 0.712617125439964 0.393559029880467 0.0624339936200498
0.408549421397626 0.546462474937027 0.704161058604163 0.196528209951721
0.373313193085779 0.537339964322629 0.690077001640944 0.309348920179301
0.566353160848515 0.701299456812138 0.257421883802915 0.348076346239233
0.313498352590889 0.181110972832972 0.214863823798393 0.907056302367734
0.0532386845485291 0.0269393022973449 0.717975461382517 0.69350641908481
0.251093696240975 0.515625134895011 0.770395900348359 0.27851899881155
0.68973700567045 0.240717396261275 0.00860822277376194 0.682820544979888
0.351965879936923 0.732103861969615 0.571135058078031 0.118104614997073
0.45789958794422 0.337251362548133 0.503563344186144 0.650394837165862
0.52131714886114 0.489466318084238 0.409818965644039 0.566303424996531
0.258723917236318 0.534000509124443 0.49098099349418 0.63784250009873
0.253787830170905 0.653853624162215 0.0761794949303917 0.708705764036974
0.031799278829923 0.630993358632956 0.261347800913106 0.729748939146116
0.402395160219534 0.0654593722260668 0.718976971718025 0.562907914102158
0.460432842844808 0.746670960065716 0.0325160996108279 0.478985154144144
0.450383887126326 0.539822114782862 0.374224968545858 0.604733091144508
0.144766775007806 0.651850800874569 0.08315004314883 0.739742647531809
0.316549007769855 0.735275058748934 0.172841895833055 0.573840563838518
0.583332790535157 0.449916926796078 0.600862531076495 0.310260911519945
0.493996560256565 0.368477135984893 0.781420687728445 0.0978453243699263
0.767729951747122 0.0926343539087825 0.0292597250341986 0.63336677064493
0.207260444563669 0.547655548748382 0.563447400912733 0.582789442636931
0.940597730730326 0.163082042838563 0.132876454541627 0.266503290930918
0.162867101721705 0.555747894610259 0.616497244602172 0.533432031481955
0.791851233333296 0.375575624705543 0.120414363021015 0.466277766544603
0.733422882216392 0.380548327209939 0.533275776569723 0.181358188740062
0.792491277211603 0.529847458931657 0.273281720261985 0.128593729154415
0.167514644199593 0.309633487532177 0.476261888364919 0.805754653147238
0.590791592022641 0.588745046721923 0.331497473788575 0.440969374931578
0.549122130126592 0.602412008122292 0.536110155227381 0.219432358911293
0.490305388734787 0.519077668040328 0.287739142919552 0.638251663492831
0.19444758367313 0.592281259822646 0.305848996742466 0.719617563472576
0.140921774812337 0.57935946570731 0.631397122744735 0.495803727566415
0.463097470554124 0.0273878917947611 0.670300652200302 0.579212976209322
0.35283324754789 0.607833679879769 0.710014913771317 0.0438832456745968
0.398909286131427 0.214460011159132 0.708176808715998 0.541630771511889
0.373107294123515 0.656500429230899 0.588378253218672 0.289152493730936
0.480735219902761 0.165627473084718 0.626743891083815 0.590468698148965
0.231701504807883 0.592618277618355 0.642183361316124 0.427455869243998
0.860164891431669 0.428945609023624 0.19806522506824 0.192073399163876
0.162795311105605 0.343715170018327 0.834384401859136 0.398948917175463
0.666312271736064 0.613869254074566 0.233307492237921 0.353213971271685
0.323192003087511 0.358817125960041 0.564909997820473 0.669084369583188
0.129717785715487 0.764948156548381 0.6304726864979 0.0230609072333565
0.189866190526878 0.59106725777214 0.769888068109763 0.147860370169805
0.641809831157235 0.427408318114165 0.636009122461057 0.0299109742913549
0.572739490801744 0.675809454985509 0.214464612074564 0.411407324188637
0.60321144517278 0.353272250342248 0.27053367373393 0.661926129508961
0.0983140249889981 0.68411144015206 0.368600070124194 0.621658972627256
0.0577639470869136 0.644278564765016 0.342753135341492 0.681240593046868
0.268747830585205 0.237516430968482 0.931746253941087 0.0566521565564013
0.673755178587716 0.579836937778891 0.149162501410713 0.433120806572869
0.554089337764747 0.266161049343459 0.768340707921676 0.178313931419367
0.278412740383144 0.752688855698245 0.587296382772042 0.105018052176234
0.668498413327481 0.501484128575685 0.464098222024241 0.293660314784384
0.503102088658121 0.37626020239668 0.582869105593268 0.515344694573592
0.336741830879651 0.0928417599874308 0.72187203823553 0.597399453759323
0.439151184762555 0.264834407461853 0.497553305020304 0.699606805433842
0.246572607287298 0.638021962328422 0.727612012632042 0.0520642295216547
0.481300208842277 0.708498322557713 0.36611702151944 0.363783675355315
0.445518732619877 0.484603209196527 0.657332402054526 0.36686087516991
0.0979840762275082 0.197326240918152 0.623686680171042 0.749984266787096
0.761000027976852 0.377445415120397 0.358389630591914 0.387260621168757
0.124261230083055 0.730574567160394 0.133393257777766 0.658047253087561
0.356742119554906 0.743595630618889 0.565198361814147 0.0187459345612385
0.564788152157652 0.574117372567077 0.10116507779176 0.584096920668487
0.219552085927317 0.349341031529179 0.0011898193810953 0.910909605605811
0.589314874672646 0.806932818219835 0.0331172769521282 0.021694500147162
0.595294270717168 0.104017505041995 0.620962285380429 0.499210306415311
0.721010748365596 0.418180520265742 0.244294667239909 0.495569035321718
0.463449456987963 0.769043360485833 0.261363168170373 0.354226205741705
0.336159386017702 0.485016859771991 0.41610706817018 0.69181675373464
0.215871226950037 0.126390312915832 0.684727869415883 0.684523810412252
0.257053897804839 0.265283073552343 0.684649960350122 0.628333204838434
0.784515691384619 0.567434878736833 0.249226090138278 0.0209557714870207
0.0967918548856799 0.669403426513468 0.249066571912629 0.693178355227216
0.329257414276918 0.196567108870399 0.923543949210782 0.00418338740291191
0.0661528416736147 0.631377469189674 0.550988751091373 0.541661969413505
0.444216226958245 0.434626476912394 0.558378202416837 0.549532121299059
0.144871211430353 0.654432808186844 0.489022369418282 0.558199922855524
0.729298194429043 0.597179672963447 0.331322078411242 0.0415483111457402
0.814152824843275 0.30969847771616 0.298666920391032 0.38992319931513
0.623112212092869 0.62669592775188 0.120890864543903 0.452071658202292
0.490578942185163 0.755280546356454 0.0614520056852328 0.430240919459372
0.318958030508404 0.596033126890399 0.660304675187588 0.327120806964137
0.544559627070473 0.544366543881066 0.245544024246422 0.588921056360463
0.77016834744441 0.00234735139503184 0.315720121911129 0.554216574234835
0.322092616015679 0.354173434831683 0.0461387978314844 0.876748958426738
0.100385329357044 0.0338918329656948 0.657068292136729 0.746348034616978
0.667783228770771 0.313387926651748 0.111868389256025 0.665837089900124
0.287669772415041 0.182343052855819 0.408968370359573 0.846606157052577
0.453694984439659 0.235178996915515 0.627045503254257 0.587933361319737
0.695644858501837 0.561387681195592 0.275863778420116 0.353300549104544
0.733131130732124 0.104950485607259 0.421485524646061 0.523310704301061
0.486006343210755 0.191325906281833 0.332132802554387 0.785417107918915
0.204262181212599 0.400468733029272 0.847950149398357 0.280859928305028
0.461088681135506 0.579830508727286 0.342711075351888 0.577704879769013
0.160409742992236 0.441629108653325 0.759194978709339 0.450394748021955
0.638554748269811 0.324420100415641 0.696051037889746 0.0501236926112907
0.136851737074814 0.766561873652647 0.537617079276592 0.323453817401891
0.471195187864877 0.387542903260899 0.629594984853899 0.481036119342317
0.129883396604094 0.717613339754926 0.344251808855552 0.591313867579686
0.0620191170482913 0.263576753817936 0.45554313960606 0.848033827111397
0.736846899558788 0.111411738618112 0.66319252593581 0.06942438081518
0.442379512006279 0.0736346116222784 0.0995462962494699 0.888239183008347
0.745949178003085 0.63336557713197 0.194051296056227 0.068934490929484
0.860710381062463 0.296480544958805 0.196644667495509 0.364153540608656
0.706056393231956 0.475703788376971 0.371697100460219 0.370177715171437
0.455933126014895 0.417832421312461 0.67987496177359 0.394095278652017
0.659185657543903 0.413008398897263 0.0283599972003632 0.627769099181798
0.382626800379249 0.747625989119625 0.319354570616299 0.438935952333505
0.517911015159468 0.275455539442118 0.746872483399986 0.313167558516328
0.689526247991906 0.427992859951803 0.559188682544868 0.169362576959068
0.354236765631319 0.325610320329464 0.528142209249144 0.699685672269655
0.0324068307759554 0.476003897221387 0.406689539230184 0.779085172384798
0.62268874289348 0.115074803692593 0.0146192694345505 0.773823491495346
0.249708488807006 0.606198619925035 0.735365325683676 0.171483939775263
0.0401019386746638 0.0272800914857588 0.673925223192122 0.737205822459719
0.515070201096157 0.150258120291042 0.524411855075084 0.661148539653591
0.444546431774049 0.654030883158766 0.327698064981345 0.516948790576986
0.896405798344224 0.190751456967223 0.399152555536261 0.0273452695837595
0.421057557278086 0.500944327659903 0.222731576474516 0.722603597337818
0.281279598935019 0.634815595415232 0.713567003357717 0.0933438737124554
0.565230101359762 0.728163499105689 0.0331618428859528 0.386255282505496
0.639053633113691 0.181725276454611 0.0643201952470979 0.74461351746061
0.597735298847049 0.411617180402559 0.112608722109608 0.678677452855564
0.72856570479559 0.482103864962214 0.432082462710007 0.223769127903417
0.530047520612963 0.518045900465441 0.59390654309855 0.312974581983477
0.436208690730606 0.419874287947703 0.789123449592392 0.103497544680552
0.464285560533825 0.0534965369135177 0.352791004040334 0.810626638031508
0.420742701276832 0.597132720827361 0.180834616088004 0.658564298048332
0.615565339741689 0.213874952980046 0.341982529855347 0.677041185062045
0.410536714468866 0.489965839010415 0.739549695619782 0.210853812829212
0.349766881439465 0.501420182552438 0.495639434196848 0.616913673414862
0.675790607486842 0.449068847877685 0.250798548806022 0.527962415911555
0.406536779958716 0.771390256428639 0.488102350914546 0.037960688342682
0.0177971602360021 0.399752407167307 0.0171478670573362 0.91628992393612
0.824152733919984 0.276889677208358 0.134124745779239 0.475515436549984
0.601872715789929 0.691058092487647 0.392785557242217 0.0768599558737245
0.520462473474848 0.750266151317655 0.298838076661195 0.277336113459596
0.32567028831453 0.224000497206592 0.292424319159109 0.870775894317626
0.707943613309652 0.616697870171138 0.342075880493871 0.0385184278599102
0.0448519031053979 0.185310399554806 0.926633323986433 0.324035562064593
0.594087859521454 0.572184431896116 0.377179442085827 0.421189101868461
0.916996315624569 0.0170818665250566 0.378457253081692 0.124884244630164
0.546807423196871 0.568900270613782 0.613143283023556 0.037542489468067
0.39109824263298 0.527981901400739 0.260883351317992 0.70726031516532
0.213682564876667 0.595067115864961 0.571661627386147 0.522912873104218
0.592042382179026 0.618367335290655 0.494561671951441 0.150054686650948
0.354015613732764 0.456845769659189 0.685768364034825 0.442364825530826
0.551688585395954 0.430131783102618 0.385355269592935 0.60177044635453
0.105334420979291 0.428863923246406 0.625085086730888 0.643621806219535
0.319313226260453 0.360998789948841 0.582287372966542 0.65472158393804
0.416267021314885 0.510726563988629 0.52076387436687 0.542849086723381
0.406259406376919 0.412449573879042 0.163183135183344 0.798880409153338
0.672712097644459 0.227096804867286 0.624555035905434 0.325294454344096
0.672050155616905 0.28896382955776 0.635742376028841 0.24633336124815
0.357846203178348 0.00738300133263003 0.654326531175177 0.666144411342183
0.455646892292875 0.418008736357105 0.311776008680984 0.721422432617628
0.147127516081811 0.670899568742935 0.467664120983771 0.556360973304758
0.696041851813426 0.111321761887553 0.332364440413332 0.62663153814911
0.501134093311937 0.502031528924599 0.0132449204252748 0.704736501515978
0.332944227788269 0.674530953812795 0.656910234767891 0.0512355051509041
0.545888735617975 0.374809562710377 0.515206025656001 0.544137878808314
0.571581172335552 0.124254801079463 0.791399809966458 0.177600812569293
0.723345239810023 0.0871633795391689 0.466651800129678 0.501408323372501
0.0634812569204893 0.419599895674425 0.739805831640039 0.522104768261311
0.385025708072556 0.528142747279629 0.530965166741196 0.539348156877029
0.296780842014004 0.622426972552277 0.623532868942784 0.368391852516919
0.872837276741288 0.0756668653613195 0.424211724273109 0.229072099581071
0.323155485750274 0.150561350569866 0.834217915520614 0.420692620767853
0.0972811818671803 0.596739553560559 0.243504925134926 0.758382244192137
0.0964292930635459 0.620011463258327 0.694962317495859 0.3511617207617
0.335293922822522 0.269653232104952 0.603588584585995 0.671227189773413
0.501897280631132 0.541936665573889 0.377278204735916 0.558627717207958
0.0361869264879956 0.482135959609309 0.578390518454709 0.65703868300478
0.457002261622337 0.687897392707436 0.446936349473613 0.343793556509689
0.629054687866434 0.171396277922875 0.545545454617992 0.526586813861775
0.636124801236958 0.211710816059603 0.552790686754056 0.494920422141375
0.526844605017781 0.594728891375234 0.585839700166016 0.159762804296357
0.303250945133597 0.117678755078538 0.672027840715034 0.665258713721688
0.480118571352127 0.405833056869626 0.576419110312328 0.522040895583279
0.349462113582442 0.691974228631162 0.0540135686037428 0.629388935784137
0.412592963490206 0.0964449951538131 0.655148995428564 0.62549596575605
0.234913381441024 0.197810998884169 0.809901401754882 0.499746166944649
0.584286134942755 0.330566464139592 0.0938121264776842 0.735210725048023
0.0103252016296944 0.851387486352982 0.0516065597839822 0.52189031537299
0.482144632085223 0.494600573436422 0.432677772267012 0.579393451718108
0.509146394504221 0.294567759886939 0.580082968714216 0.563474518684071
0.672119879378591 0.184613060482957 0.712302315183443 0.082451788504138
0.635006577363756 0.180647349441534 0.646183701709511 0.38285742188119
0.294326362636127 0.106392494412447 0.421929674802119 0.850898336413618
0.58379117969479 0.604529061438668 0.267636876033854 0.471278023011351
0.82930990761275 0.0283696119950672 0.343550457011754 0.439787818996384
0.488515407436224 0.831351890473443 0.248794520708963 0.0911483261988334
0.148966423527239 0.701744401119688 0.594591004092308 0.363077592273573
0.602965442813279 0.581547640520113 0.208371660343369 0.504793292095115
0.702445622126209 0.0455781595843474 0.18055863292286 0.686943490690213
0.107947564541638 0.659053028746526 0.683186464612853 0.295385651613871
0.519140393704417 0.305448656069354 0.589075392071016 0.538687806234953
0.582941098922601 0.539865654669244 0.551053004872643 0.25507907777058
0.686125565877959 0.275214011225402 0.623544134659364 0.254325909033626
0.599024937733887 0.653576898861671 0.443908396467256 0.130198681994647
0.250224612914963 0.48175643243725 0.702417697988153 0.460334400680543
0.613413233005396 0.260863764069136 0.733167864811204 0.134681788589733
0.718329814282366 0.653963931950873 0.212813573718439 0.10508965915637
0.703567339420132 0.457563724506706 0.4340242128223 0.327492625261716
0.565515459995177 0.0309268862844965 0.823853841629527 0.0223749825353893
0.394686362576439 0.238761902205803 0.51893679215647 0.719666613785578
0.050771858095837 0.594287440956858 0.369809481417144 0.712380237935071
0.739510225620137 0.567806956666777 0.312108135036854 0.182505885406155
0.589922623059594 0.174293263548546 0.573453739601348 0.541076672590229
0.762792853008355 0.415577542961612 0.273354809797595 0.413182183964755
0.353229928847772 0.642523754893167 0.437126121151787 0.520876756988616
0.296066412175998 0.865062688329333 0.332057654615191 0.231838173847876
0.0862850040409046 0.269056108190313 0.219959074423211 0.933692515929108
0.674120115187843 0.475079788557124 0.283545829508558 0.48934959627239
0.317828596210023 0.658580292297596 0.472080008786418 0.492338752621195
0.796823631004686 0.592656583159654 0.0939929228054719 0.0706796008231299
0.592431202773827 0.00400222699676056 0.495527972566986 0.635186020440214
0.641728223081682 0.44922147363411 0.548372676886913 0.29269841572907
0.702612044907307 0.64134530309671 0.0743195727445694 0.299147317644712
0.201059398554135 0.766559326392372 0.607484611421779 0.0540773913909696
0.230602206737187 0.79598405378179 0.550645232283963 0.100109123140649
0.641862513035987 0.644193149571799 0.3989461098872 0.117769698181506
0.904065838513812 0.380444591088422 0.192047701544586 0.0323195463353597
0.443871453075545 0.674811741028938 0.563708677901086 0.172741928242991
0.109718016423556 0.68702352248614 0.494699843389138 0.520800058922404
0.268035985696661 0.605788364556919 0.438526733636266 0.607347899992566
0.0445623112636649 0.513604930157398 0.176461118831869 0.838502027232767
0.90386156172255 0.129142758020284 0.297226304351949 0.279307982865991
0.0817090779730814 0.547059111376908 0.606391723526488 0.571260914884672
0.302754639007016 0.168286898956901 0.320648276191082 0.881591646497906
0.611967536806458 0.190161161617739 0.273469532320912 0.717320626637357
0.437517992008951 0.224760797055936 0.181757784324107 0.851483821697645
0.0436148190299546 0.676631244545207 0.723789129297204 0.128051562963459
0.585305296557965 0.439204705289594 0.340921673654012 0.590160443528386
0.576157039998511 0.104758613746536 0.312413421057359 0.747974967795912
0.936461180415089 0.298940952525995 0.149327595850372 0.106658490501122
0.123082567644045 0.780035471984912 0.292170473359686 0.539473593871101
0.340221273460907 0.289451480299374 0.578810863042004 0.682235524186267
0.719671466098732 0.294006149584701 0.600969963599185 0.185656854818976
0.455174676245564 0.400591191773337 0.753724925503943 0.253458966802202
0.157429421995629 0.247807708973436 0.280101809881613 0.913974995590418
0.714718482217513 0.146947042172184 0.640007689885897 0.240778352142504
0.615192347140629 0.182121884525541 0.469563049650018 0.606531563564374
0.4201388716554 0.879039048272932 0.0957608171744756 0.203969473278779
0.594795175631843 0.302439945560365 0.732342075468556 0.135734530878975
0.594792554405225 0.243745196850716 0.64527931531493 0.412825267471613
0.578061410706424 0.308544091055524 0.517930394994929 0.549903314471932
0.263269432506863 0.171528673045871 0.909254398145555 0.272990035868712
0.588668789806386 0.44729259081243 0.673307700758157 0.00742524154170543
0.362893935352598 0.612582513178297 0.571875691509622 0.407441835962947
0.486921206461732 0.36389507077853 0.793729841338813 0.0219329690010802
0.771704016988853 0.417655547514492 0.131888369572144 0.461131447382674
0.0251978343051344 0.674797826615003 0.713470203844818 0.187011311336059
0.726659182575871 0.413540987554632 0.547919421830768 0.0271033424349071
0.179817431257108 0.115404159181007 0.797011131613615 0.564907804463528
0.642262821170649 0.351370048632294 0.54731172563431 0.405570502439776
0.409021801355085 0.491027866029498 0.733443286355461 0.231632783730758
0.496831972080073 0.789368148803594 0.360293900119726 0.0156276264970053
0.593710631791132 0.609228330047741 0.218867291419639 0.47795986893467
0.110214211270637 0.689995214063785 0.578776417626178 0.420448915568672
0.937593478377381 0.19147702389766 0.289768176188439 0.0170124275729069
0.531927242967226 0.0355720364708905 0.773313136151475 0.343183379355949
0.528236434663824 0.352597085069214 0.600688683842809 0.485607526504211
0.581102930077918 0.423766051055991 0.1025314282582 0.68718922055472
0.658811315097294 0.0340105159489479 0.490021564680969 0.569815586003293
0.354847631325577 0.577718349287245 0.72615853376705 0.114098428020446
0.141821899677337 0.115107119907468 0.804574173930898 0.565063977229067
0.480133429887736 0.0523548755597727 0.604079939127095 0.633891381589594
0.0448596363309013 0.836184815742505 0.499145420886902 0.222792315301876
0.4987839862082 0.611791263055312 0.318550999085592 0.524834494419923
0.210334744474158 0.823917596883041 0.525839515173217 0.020295149564886
0.346794607014461 0.236522390262181 0.884621547448862 0.203064958177257
0.771101116352537 0.486398344908442 0.399390229644745 0.0964736383397927
0.0443744093612893 0.724883402973571 0.339115349168591 0.597976373986093
0.563376789946773 0.194666012149765 0.773131350936786 0.216747896095064
0.524235315251995 0.461271465109741 0.0114511922225106 0.715733777262774
0.209407845053958 0.659169273736083 0.0486338379426315 0.720610139256361
0.814807798362204 0.543133796266838 0.0901801781092374 0.181552930455824
0.73819914859517 0.358194556622111 0.561298126638527 0.108180819241382
0.539782900163297 0.752513785834231 0.292501063827974 0.238328660635344
0.424591639859333 0.829182180951482 0.196007769135731 0.30620222826188
0.827993212197863 0.250536237639736 0.463708358800764 0.191398516613616
0.623367766123078 0.105222637859844 0.71670370112222 0.294408949317528
0.654641208428554 0.437104831646632 0.60604068889998 0.114450590981477
0.627158023799212 0.549389843616968 0.0196762174984041 0.551775732865941
0.130609773493018 0.59935042711442 0.17073480378109 0.771083509980402
0.43398129677787 0.560728154085449 0.589323144596722 0.387223969435719
0.521458776164866 0.63283829082171 0.53884622365456 0.192979764959223
0.605843223899864 0.268988287976342 0.515118154740706 0.543371489537965
0.590686350426528 0.744818867490806 0.073836078031795 0.301467616221687
0.161046426026315 0.347858149515317 0.92318069441911 0.0282163415732628
0.0908459828229349 0.523826918158272 0.466821013254148 0.706703975368834
0.0144419972975058 0.373931684964067 0.481467907955303 0.792562412244699
0.205987486650088 0.0758687342569593 0.596995611737506 0.771627714686291
0.619673063108224 0.403252782381361 0.597995117214665 0.309506588212885
0.569194596398207 0.500328901067892 0.37666146744832 0.532742565529503
0.0282179829375019 0.586525475164417 0.54281112900375 0.60045623541751
0.753885629557278 0.633215725913969 0.173502269613102 0.0243159297863302
0.242033964890131 0.529923751260836 0.542460573001365 0.605257717363634
0.502756979395249 0.592866985742303 0.510914123943915 0.367029855516993
0.294460334271158 0.668512656526511 0.362985488348595 0.578468214211566
0.0779670222723737 0.691928842027644 0.350664855688113 0.626250572848838
0.469638035493209 0.178276863025581 0.86059194380997 0.0838986410927822
0.447112426624907 0.56235215503886 0.0836786733077798 0.690542114077184
0.55382104984202 0.534493399550779 0.482757660976666 0.417784742848363
0.526467638722392 0.244372189735874 0.496701268236585 0.645292110903218
0.0514169826006974 0.590823162617836 0.624080252773959 0.508731876838958
0.340568504480983 0.55315219480397 0.369881484281153 0.664246513521229
0.662920348843081 0.260301552743834 0.287183655632778 0.640550747924246
0.539301544799498 0.688859985172649 0.30471385251432 0.376530520264553
0.835696816162766 0.0172853185588749 0.319184337890197 0.446579676724469
0.503095627743937 0.500297850409973 0.700166770808514 0.0797705664745598
0.0494575930600024 0.496417322364098 0.218448767324316 0.838691793569042
0.519490330166446 0.6272480279064 0.344813875156228 0.466683082884772
0.158327331821659 0.561819042868582 0.483376396668248 0.652410207011268
0.692585838613367 0.261362232867577 0.328911622175015 0.586371711613798
0.0968500241185504 0.259087209327616 0.699008761954878 0.659454806261486
0.500878057105588 0.546759700875716 0.624842837903765 0.244430827288206
0.554455024274547 0.340103932172982 0.602806154907622 0.462097047147755
0.645704591631336 0.480535366234029 0.332924647645455 0.491235708326142
0.491296017529053 0.204863795221406 0.705206212273801 0.468340951378387
0.0230044316667241 0.593313276186108 0.545993318998771 0.591051138255992
0.160685324670082 0.433879665496229 0.561291056504318 0.686207703390757
0.0512550375751946 0.335787749193976 0.128934851757406 0.931662660310429
0.931252509380351 0.101216836681637 0.197403056679314 0.289060459002308
0.420350334065075 0.0578796470925014 0.209298237022401 0.88099363850322
0.624096605816576 0.659372194880959 0.13500596110278 0.396869154373088
0.269968964175568 0.787893259479699 0.522829245084528 0.181633010581144
0.735831217818773 0.43072432813795 0.489714347636507 0.182232899753045
0.455972453761421 0.452551355884404 0.510448667075914 0.571601740706235
0.632439748665128 0.276097079700038 0.298953799186846 0.659103173138509
0.538512136250202 0.649259677569236 0.442051437963861 0.305052579710479
0.199908656040342 0.609082840122132 0.59745457051723 0.48177033872684
0.396990505758508 0.260501518015947 0.371388672994778 0.797877152837559
0.0195058529877075 0.559112490365655 0.609804855434138 0.561382920211586
0.585232322360846 0.54777859266423 0.352931668952628 0.482577433510146
0.0321609162088937 0.0139020364642469 0.836417307708079 0.546972116489607
0.396645594331043 0.184038087870322 0.117339124281861 0.891646670281213
0.466634773221889 0.572331815865197 0.554953445170062 0.383033881872717
0.576910950550376 0.608880404458715 0.262680256551165 0.47690406899026
0.465004533775705 0.455002454468533 0.584584187714694 0.484773016441304
0.1193075408983 0.231489848404631 0.293980092825336 0.919648773061112
0.837111592771146 0.109867226919632 0.531026087570672 0.0720046388542441
0.127160016118096 0.178398129228974 0.937609562104394 0.269986567885987
0.156942382127893 0.195870065118049 0.5362652930751 0.805868191285493
0.136072564327757 0.0230327128237801 0.585541584084462 0.798808365432601
0.0149058794359158 0.621990830530543 0.0931648093806868 0.777319458001166
0.84193070061339 0.234490580421642 0.485536394400104 0.0205249304777207
0.314016058603194 0.445652478857845 0.308902582948111 0.779337524616362
0.84495802782503 0.102273459262292 0.524748481685546 0.0150033900593971
0.687437687510297 0.499305006094773 0.17335536066023 0.498068123462599
0.762133694948444 0.354172815952162 0.344798857249609 0.418123899704516
0.242962606464702 0.673579794057157 0.694035067804991 0.0746642990639963
0.238006655188183 0.227367440589728 0.942789479300061 0.0529610872899079
0.656784023408419 0.20055726481631 0.526239525064664 0.501481298140386
0.578757628021895 0.526811316121821 0.483408508049156 0.392206144212649
0.0993180757030335 0.743385680652614 0.641959121757403 0.159380474436988
0.339454018634117 0.52785171433634 0.616889402922247 0.474964210722838
0.229319749836946 0.011317697261799 0.228789939833518 0.946012434111934
0.00162343390364317 0.699127833106835 0.497724920771656 0.513310374608337
0.13621831060303 0.361570959855582 0.688863580697626 0.613333498216113
0.180742405983612 0.65273552242917 0.470906919199178 0.565256750414104
0.618461905372278 0.342680935678166 0.00130665243501149 0.707158356088254
0.539827234533806 0.778790013877665 0.232733297462488 0.218878695610713
0.556247341537155 0.469138407207499 0.425292482991858 0.538167588977894
0.682710974849971 0.723267153153346 0.0383315496168755 0.0965455451733805
0.379453110188941 0.0243481337583347 0.0877172051559987 0.920721563487055
0.840637351574626 0.44977804852165 0.237626253244967 0.185909424114037
0.673947970523069 0.344526574577412 0.37940422648967 0.532116533627332
0.355969228129961 0.801312104601055 0.432504459969887 0.2100588292611
0.519066634244069 0.523595652613758 0.4750150332711 0.480393734289865
0.295395916654972 0.63371307894493 0.386538474763588 0.60144575277006
0.46771788911204 0.48109697136426 0.194388828631786 0.715540818997683
0.848233978489977 0.400650460089569 0.317355575446562 0.138793967080937
0.196209983093891 0.582074624078706 0.451543666322029 0.647146885909519
0.756618686327171 0.505177861574599 0.40077765142883 0.108170078074537
0.652577921148761 0.337168412318051 0.319717088867784 0.598531955412571
0.779681714803529 0.0427249794355533 0.62441845114352 0.0193027874875062
0.283683076119081 0.507393011018922 0.661981508586862 0.473134998686243
0.525952338870728 0.311432122797095 0.46551580525775 0.6400618760571
0.418422566479312 0.575102137486108 0.489520192097658 0.504529552007062
0.397930095077158 0.498228561413978 0.458715579429615 0.618869903301005
0.631911026610481 0.682654013930176 0.167829822851039 0.326351194688937
0.654857139555522 0.412619411954297 0.540381842712221 0.329992138873934
0.487060289597423 0.589293067512455 0.422376111088079 0.486933646055751
0.0543264693057559 0.130748195747478 0.986305129388726 0.084591582223278
0.0824171779096009 0.011800185346485 0.872739618413727 0.481034014246673
0.0129471910425124 0.38822304648869 0.00575932035844284 0.921456491999573
0.757110134672135 0.280905267386536 0.421955446742143 0.412104447556536
0.688755370512092 0.516876174727469 0.276443345682012 0.426654586542773
0.0434426620565421 0.67388098894653 0.0890136178704373 0.732170556416675
0.169855612733668 0.971388343521755 0.0795929253789827 0.145666479062781
0.201973591197818 0.32829840582413 0.816993960346209 0.428891237902814
0.53732330414017 0.542565575395204 0.351122789513385 0.541866265704279
0.108583297403583 0.316482021180836 0.931433431816567 0.143110306717131
0.571683322637928 0.693752716025356 0.188446518463204 0.395440586313793
0.638739543545367 0.423990793001536 0.602137827320272 0.222875839586546
0.633579854289088 0.38216433997708 0.535426022322061 0.407241893853366
0.315714626254571 0.946497464054621 0.0562469659818496 0.0360985335567039
0.490715306144238 0.336082104293998 0.0219336420566669 0.803595808124467
0.763950952271012 0.520992200961079 0.285966707138426 0.251334660304443
0.52653628358994 0.629528790623567 0.410087411524898 0.397845898242187
0.26287782951548 0.0272905479751694 0.872806273726321 0.41031656228383
0.323068104645078 0.623699510706261 0.458585359215554 0.544357776116911
0.385064393478635 0.706667921028637 0.587878074982166 0.0821293566226954
0.303118912378253 0.251525188321226 0.672165934341529 0.626934574983208
0.551323205288698 0.630778672134083 0.397769492010758 0.374086114840505
0.503022538619034 0.130710711041188 0.698870291906225 0.491389204960058
0.180860529668516 0.423167727480509 0.874844388000667 0.151214549600041
0.708055065520407 0.150923468843715 0.311056447600325 0.615730474436127
0.264472525129893 0.46399155543899 0.518363477161133 0.667881295948722
0.530421431410177 0.288912661866812 0.356741997143282 0.712683468580571
0.386725167515531 0.773999429028683 0.155912779751766 0.476507852803534
0.485602829595506 0.662618907333496 0.0699879094944257 0.565886709560847
0.573441379917173 0.524037838100011 0.624899331638732 0.0777827317315428
0.693930272765715 0.309697073713815 0.604323344452522 0.239461467510159
0.23878135516403 0.579346643097756 0.777570243862513 0.0522058178461274
0.490991936959656 0.553885668237563 0.523237963426842 0.422326435344231
0.764505949239666 0.468434135591142 0.35105934977124 0.269921186883007
0.701742881440613 0.547307799691077 0.311598655200457 0.333042608117946
0.443921742762835 0.642481148059499 0.425909448170352 0.456894520266748
0.0890398023276968 0.0658346316873134 0.0479771562645875 0.992691244722549
0.267951278029301 0.0806747802846278 0.838503683470711 0.46755241977188
0.180868557732019 0.685371978974284 0.49203726838887 0.505421746442744
0.0333679134348499 0.746875252542761 0.502586353515283 0.43413234935029
0.276167392509155 0.653714005330767 0.216571229637648 0.670437523593615
0.278300392667231 0.074433479349847 0.756362494052841 0.587302584860059
0.573548937539557 0.612806236888074 0.442982835647373 0.315081480890474
0.24468614002875 0.150553897397334 0.884838090379498 0.366774822840755
0.0776033785396389 0.732243462673832 0.656400627202595 0.164120210878216
0.00708543627490632 0.404401334397516 0.554398748798334 0.727359185451827
0.683418093570199 0.0275288997869582 0.164499245935521 0.710719260428504
0.331871204338832 0.775575043585828 0.405608597733176 0.351889927310318
0.0252995391514375 0.205749942861399 0.44951141190485 0.868888016316582
0.175715955259984 0.524246364424995 0.512967141033821 0.656623457297891
0.715884058995047 0.309644293690671 0.430732493796144 0.45398231711129
0.355413455194422 0.750225090140982 0.443311711821231 0.338109917263378
0.283819781862672 0.582006085265406 0.609524237584889 0.457378893188156
0.0963050062756421 0.256399540102991 0.96111855105227 0.0351532704653095
0.493556136337755 0.352672966775182 0.528764423740896 0.593660090435004
0.541889729897984 0.661358296598387 0.347930843319893 0.384583999170894
0.440893155330161 0.496575855198485 0.548215465128569 0.508414643190746
0.300500334566501 0.455345908760231 0.66988926621021 0.503595098583263
0.486488299288851 0.605146818935063 0.612103760560125 0.14985142140123
0.680931223372723 0.495971748869983 0.380595273009298 0.381434046097035
0.259578039020628 0.686251755362356 0.444428676676113 0.51396587558729
0.0993014968341035 0.713066741892688 0.192714772295344 0.666735367947589
0.432476949970569 0.199554050890385 0.0957129074119341 0.874060013884714
0.553841805879598 0.26820536765128 0.702210198217211 0.358086543090932
0.699984831401972 0.595117127839692 0.105862364762982 0.380328804701639
0.629620396938254 0.00479988136648068 0.770194342138459 0.101763413052475
0.706615051921084 0.451673080298047 0.466518651076788 0.281152885687007
0.0470997041949154 0.457288222417474 0.886432124940207 0.0539183398947713
0.934849867719976 0.304125106293321 0.0947294142339432 0.156811933936523
0.85182550832342 0.122628681096408 0.0317552262603944 0.50827858064968
0.48594634071489 0.732274941818014 0.475198333969982 0.0426158060276405
0.20022983493032 0.907099723331977 0.0465574301475962 0.367301661897792
0.252196747991194 0.792403735171281 0.22816406599689 0.506393404160279
0.422436580149909 0.363211797082846 0.44969373824515 0.698140435724934
0.44429082233018 0.814110365681803 0.349527193112201 0.132893637762384
0.427507736026621 0.368581599068903 0.8045815744445 0.184480976064235
0.673178947151472 0.471422188587688 0.0566571789230265 0.56690492086038
0.570240599668321 0.504768201242248 0.536843685069522 0.363088941315425
0.299721492847881 0.652593165629288 0.666755941032783 0.19931307532741
0.339191848227703 0.662734546346336 0.00319340264140999 0.667623856190416
0.372542024015417 0.745255516906548 0.518688999441174 0.191750819350437
0.682494968457707 0.300066941087672 0.557318726378332 0.365453534836148
0.478194373037152 0.493887022692166 0.406733338311342 0.601642536659422
0.587329867792894 0.266611192560668 0.183812997447941 0.741737743659417
0.397407016758526 0.387704468744536 0.568753138773661 0.606854822079972
0.243003621325425 0.66987000591293 0.303004300306088 0.632781012038888
0.0113681241775049 0.630631455769003 0.308820107222243 0.711902292539219
0.356728251047619 0.623651964058653 0.57014546052641 0.398418544336755
0.306284041978058 0.0126164308617553 0.930454235554876 0.200713295124873
0.554861293414618 0.219547595054027 0.597856850943644 0.535252262354864
0.110371415475022 0.411510037035393 0.409525865314515 0.80670081548463
0.539330393565623 0.189413622461024 0.737773467308282 0.359075921134317
0.497657491512854 0.503021470106826 0.499180977411964 0.500124757978184
0.380490379359822 0.0703546264725552 0.275265132351922 0.880060455116468
0.42980128511196 0.652269575221521 0.410431172500814 0.470490711062452
0.503989954797143 0.131105512007671 0.595883788160825 0.611332954446172
0.615209816197974 0.678847333913412 0.0763070781657514 0.393523073166128
0.37295074593039 0.551210414535281 0.520401618218419 0.535029883065853
0.713692419073713 0.225967167267971 0.467009748444191 0.470620723228051
0.141304286741713 0.248401918790264 0.720569634396708 0.63175073191499
0.480691287864149 0.479215647170665 0.286025489502903 0.676370954900438
0.0825624580754847 0.585137382783217 0.360493785600483 0.721693781551133
0.0931878065358263 0.801653831459559 0.564347430774701 0.173721456928164
0.29805675990575 0.250286831375489 0.580488986424559 0.71522808009354
0.7326292595744 0.187910446988984 0.455450629655936 0.469583598386781
0.453333179327253 0.340787209185981 0.745790807670454 0.349498466048889
0.530785538205089 0.465403001104877 0.648360236003996 0.285124119224859
0.0568301061347634 0.92891260389216 0.302676191214437 0.20561818168372
0.391939756992668 0.687461576827461 0.602234695165033 0.105324162535994
0.365776461650181 0.0980750580133078 0.700984636404195 0.604325576675056
0.29010838010214 0.5631062199474 0.699092269042257 0.331690386077756
0.216487892817899 0.726103876465425 0.534202410348105 0.374878563835576
0.865702392291886 0.0669669611601977 0.467286935881222 0.166486376763423
0.314607552055445 0.685890690984639 0.641380833977971 0.138588145293947
0.225966183033561 0.569112149074445 0.733645951453985 0.294642603532292
0.269613260309513 0.152010471633545 0.473786753739557 0.824455952953191
0.637503392458729 0.539754663718375 0.392557185009424 0.384906721291475
0.656868170992004 0.329127505432064 0.331101467037308 0.592090457304818
0.566359923112371 0.641978897112067 0.0737174038500577 0.511532283951396
0.316838023820978 0.155259632944418 0.331384990749593 0.875038342557098
0.0705188908059811 0.784607330286904 0.610894912944196 0.0789039202983843
0.0474702167261531 0.236397091090305 0.115546621163755 0.963593260761849
0.824134503763544 0.564341320906162 0.0318160003062559 0.0361792115560625
0.432561940086377 0.0312592182846505 0.647824499547644 0.626287830830831
0.461345672526548 0.711647122215226 0.409476793234604 0.336225072958754
0.528397181212858 0.542220448584183 0.552442978090182 0.34871214487357
0.697829166595715 0.227891284253446 0.410101695219087 0.541217716254814
0.887109287962638 0.148842993216834 0.152741747105825 0.409332179619116
0.761409837816914 0.472920724254726 0.226442242777098 0.381215107428974
0.240753196426419 0.313037724026895 0.907887250472092 0.140662795993643
0.21705669747462 0.353249527077406 0.586748684135293 0.695576842172382
0.103901958405425 0.806280384395857 0.52075345526822 0.260637993401186
0.053818311941551 0.474616349985449 0.758714689139056 0.44293896883304
0.366709949262686 0.204700863816248 0.869999992484736 0.258304824850794
0.373303177930403 0.535954919777354 0.585690485140745 0.479962203646402
0.127345736881597 0.821055100981694 0.233617069821937 0.505049155169906
0.993913371513412 0.07832794218698 0.0137483283200188 0.0762359945694967
0.482119907551022 0.517749562415087 0.459851482044801 0.536686500503953
0.664121454886191 0.491403307761156 0.095124122470992 0.555352936073419
0.573960249906847 0.176441265351482 0.552099042255941 0.578467595417506
0.690578518319639 0.0302912747592848 0.592520066524771 0.413646853577288
0.385332521166612 0.658083008440812 0.223835039291023 0.606913072291624
0.595825408654651 0.539301340563201 0.479524545010577 0.352423548022336
0.305640317830301 0.768266956861951 0.401890546606907 0.393489348850347
0.060570295848558 0.949266913553567 0.206194478506451 0.22958092936208
0.388834092760232 0.436973240161498 0.45772947990116 0.669586558198044
0.472980336622809 0.277911277062131 0.479387483132117 0.685012820512232
0.548092949878283 0.627445535004293 0.328273607300379 0.445132179972304
0.40765601489832 0.399895676510786 0.376484205518076 0.729492744597658
0.574253622338965 0.49623351711528 0.17511298171138 0.627152706570039
0.658810323692608 0.625872803868546 0.156659179240084 0.386923884418612
0.0722877897243401 0.28239676484888 0.802944321473968 0.5199105300649
0.724605527695234 0.135175434039832 0.391190394513353 0.55103947817388
0.109451203356501 0.687888042920534 0.635048932010999 0.333981030063776
0.373279224729312 0.189390187611561 0.665170486476303 0.618338257867665
0.549619215887788 0.407189873309257 0.629430206088998 0.368690575230838
0.402508526403188 0.0753266424126074 0.478857147248537 0.776536293836013
0.406944332751587 0.586891399970343 0.352599464949465 0.604672152492214
0.345981390356236 0.24056149979499 0.903461030394902 0.0786460990852886
0.183094935783047 0.886599191855284 0.424118163339265 0.0232787675336911
0.244128920046189 0.533689175252209 0.617108329319897 0.524170053035943
0.046052851736494 0.389444985401967 0.334508387370539 0.856922328435291
0.481025328930301 0.508801992910337 0.268338741580091 0.661611279155048
0.514226124361449 0.445201054413198 0.365890660028559 0.635209838618268
0.327256626617606 0.761009740236608 0.293293016557546 0.477227914144227
0.428012972875569 0.228767085294519 0.530956896840673 0.694661996537446
0.36598293635079 0.0366135152528144 0.921310782352039 0.126104651471545
0.31201740851165 0.474897711342003 0.414664007027225 0.710753868666171
0.564881273330591 0.41893146288658 0.42557015510891 0.569469594908015
0.544850769900749 0.431441000622846 0.430790926807171 0.575686962594028
0.54644519880613 0.60783984235206 0.273073751814031 0.507305723229455
0.0919128959671167 0.562371801338867 0.247502854396869 0.783602139914905
0.0544001965968735 0.0871891596471254 0.858556409591547 0.502314205054487
0.0888627752876677 0.471383519084924 0.373031235885311 0.794196878712806
0.597048308047281 0.265402511637188 0.58788208449768 0.476958571996787
0.554315490787336 0.773333112185385 0.0178322596646117 0.307200658830862
0.527243111748432 0.117024828602402 0.228184848754876 0.81009355348819
0.569325848846131 0.589707844040082 0.570322829129946 0.053334858080296
0.209006580647394 0.267329011574999 0.715012182354211 0.611235656601844
0.587145686743382 0.550216728457766 0.45824992414559 0.377529470749551
