0.152807956197734 0.43568028063847 0.409123208586946 0.450066812357866 0.463745013879355 0.02687455287721 0.448451565617397
0.30489312257414 0.387509059230252 0.166551382788072 0.209043184263273 0.468919131640838 0.303510425440537 0.611093091481188
0.191001451292678 0.034797105386933 0.0963619954268019 0.754820765245514 0.0870614781425981 0.536380589927703 0.296620543834641
0.454538469328729 0.0688547453078125 0.258030655222361 0.624198311992617 0.559533566953765 0.0908032774601373 0.105486513234971
0.295367271444805 0.295413604970195 0.0504825203986002 0.098631639539022 0.682817209386192 0.166194877664893 0.565112566642981
0.442974140627616 0.510828229726028 0.0668531857665231 0.400038381010488 0.406905702001123 0.377798445743284 0.264621351735841
0.566453822141168 0.0214398255107568 0.0344823575894778 0.182671544830314 0.354327061413642 0.574773450707254 0.433820572241748
0.515442083673136 0.493909088669558 0.00756866905831843 0.162191906960485 0.243823850330595 0.354593191641107 0.528037280431265
0.561284677397256 0.0187041245484277 0.38934161099121 0.235879650967749 0.535242111708336 0.371664094526161 0.22970687745056
0.316710202372465 0.416514469067749 0.411774962858381 0.236883090312663 0.667055897583481 0.231466626929345 0.0446962680137029
0.226850046783639 0.263509905880208 0.566494275163413 0.306373356550389 0.609992564885743 0.00845007789411389 0.30357677010616
0.244090527014588 0.2235828606331 0.393209244135028 0.566459643466753 0.598529620663703 0.104127347005324 0.214150112063797
0.0117672551995355 0.299864155265055 0.709367075108512 0.503513271690481 0.00633198228490162 0.379903290013477 0.094069943728412
0.453474970102366 0.335882790542392 0.272518853478252 0.386502458230296 0.0517809713329253 0.496064524614175 0.457308697944925
0.375637033634218 0.410337447775331 0.35797523363105 0.460442390689024 0.382521960603166 0.411240826187206 0.186880890976737
0.530738398055879 0.282259318276442 0.160612477925392 0.45855370324233 0.496272816749144 0.00690700935369515 0.395277304977488
0.296039216166962 0.627388357914208 0.146778847082532 0.18966354286893 0.619967141155727 0.0607366998774285 0.270518277710929
0.461096177412625 0.553233292756768 0.400666568332045 0.24185921052404 0.308020119977424 0.373819360315906 0.166362116507277
0.035135235123409 0.493358333723931 0.334704586298751 0.442791655575472 0.203568267088904 0.430418765667637 0.469649982707177
0.333801733885374 0.332411265252567 0.509834901196376 0.396282904147185 0.483501057358114 0.235114654550711 0.268431021568199
0.532453182307499 0.0694362127403996 0.386234999178311 0.0578508407527528 0.540799009601759 0.201690485846768 0.475400258495373
0.392679934574075 0.345399792249089 0.579307023977658 0.394113444010521 0.364148854944698 0.0960826084106312 0.306175050454762
0.56621653836217 0.00665830831646519 0.197492550311324 0.430228337916594 0.00271620324778565 0.526764249482661 0.421624022260905
0.300129280676967 0.522095646555048 0.0670012203941649 0.370754003384833 0.368070064923507 0.113523151340011 0.589090636137974
0.478299519535164 0.476532186066709 0.470046112343814 0.314576599129606 0.0565413983046473 0.465938825021998 0.0628406112343569
0.0231714536776071 0.57502256761806 0.0931344229240003 0.511968634568634 0.229400981368217 0.587462988361509 0.016989820528975
0.234208254990633 0.0403476982509809 0.233356424106162 0.317556936094325 0.424691012929886 0.547300955202647 0.555265824788198
0.333971815926681 0.299332123681914 0.493984435088051 0.291362855717185 0.434796678482638 0.37984996728248 0.369616045151913
0.0890623633841743 0.0489642444219915 0.61831657167519 0.257539897528996 0.713793959751418 0.0982332234155331 0.147907516404639
0.125232462216346 0.454943483401473 0.495038409712446 0.0340870154272312 0.659022231308185 0.243502458724211 0.193686749271203
0.544984276952923 0.537239988772207 0.260602918151714 0.0587447233009837 0.513510364022415 0.0845870269333227 0.268612452781676
0.539624527111637 0.33351780825782 0.24070565738572 0.335197262688655 0.478154239635277 0.431535593864842 0.111446746249104
0.18930469666588 0.364001255258865 0.169708675131358 0.187384401632625 0.668095975331089 0.267903252214251 0.499628346673385
0.520901142315951 0.485685524828755 0.0915777051769835 0.458749085957133 0.328941847262844 0.151037849818579 0.378046557973028
0.48528826093801 0.437781282922754 0.111328233140576 0.34066274856339 0.0451404845940695 0.455040075668493 0.485075905968879
0.690512717944684 0.26941924266663 0.289635100702998 0.35883491395939 0.291352664826078 0.390319027874203 0.0268170128870928
0.502956420435319 0.257812070251646 0.272454591897583 0.157612978669382 0.586356938518073 0.431999214693681 0.225957161957955
0.239093161101671 0.07121116662825 0.470228567994291 0.624902261073998 0.12021475233433 0.0639394546611047 0.554622256556058
0.515490896756795 0.209721633919026 0.615341665199769 0.26708597163935 0.159592890327793 0.432077549220713 0.16776409409076
0.363066487956056 0.477074708125047 0.473008929713498 0.282906573011826 0.0855444108455348 0.494631180146805 0.291257653887963
0.603832955719404 0.212947475998169 0.379344026782351 0.52812955400615 0.197426012847954 0.265324292272971 0.240504484290418
0.458909292223417 0.191200823242765 0.484236527990681 0.366458044292798 0.363058592536734 0.287549099727589 0.411791169242393
0.34786722223851 0.3776598193515 0.56612687622928 0.380792874968396 0.0867062297600742 0.0168096575835061 0.512891867800957
0.51558617943013 0.456958244837198 0.425869427227337 0.472222097560531 0.224683448922262 0.102106157309553 0.24513925839085
0.662395582905519 0.136698772599105 0.126207227527665 0.229706517566665 0.361945932677677 0.11063937233759 0.574983704057048
0.497077556019692 0.448543169291564 0.46882310540469 0.330263731140018 0.431151270120898 0.0640261186352246 0.181281357897581
0.409753492337272 0.331062045866834 0.495928969538455 0.232503161993387 0.419238405340301 0.182900961150605 0.461825867657265
0.123390854626111 0.176041911639213 0.623886850584158 0.139765015932534 0.403046184234974 0.600821187701337 0.146910020466242
0.412925436547118 0.123528822362497 0.536179905137524 0.160293308501357 0.39754206931879 0.448127106946068 0.377084576211216
0.243855471765839 0.0915644175699222 0.440859181776992 0.337399322385925 0.220890601499451 0.373862848569482 0.659840327693075
0.213424769474356 0.687235507715245 0.20812764361221 0.543075989131252 0.100934540416624 0.11942017473232 0.34562930882886
0.558255518994637 0.0982007623156722 0.515219759407333 0.241764632447989 0.126374469086277 0.573315940719608 0.100718287744287
0.513915035176095 0.213487475210675 0.458520867143652 0.408742809222794 0.503703129184483 0.191930876421072 0.149826770560593
0.167342900666486 0.100257202914004 0.787063452599224 0.167845596059835 0.299540593586494 0.374221975709173 0.290752764417585
0.324134483545886 0.346891183050544 0.0615390694269974 0.487630728886406 0.406060275623346 0.436126064744427 0.421831325400615
0.0627385077385602 0.0287086114727795 0.219738138371236 0.306810319188698 0.493523625644531 0.236807695082529 0.74375992117006
0.287967786620605 0.153094213225358 0.429338896625457 0.186068684953294 0.201840573030367 0.788822858648657 0.108176489229682
0.00942917532714016 0.469985720590504 0.466700737951104 0.476423604231501 0.0146036510450571 0.43385570725745 0.381826455705899
0.245033083404024 0.567724758149365 0.0150132990349241 0.393410331392665 0.0445140880291935 0.678165963686108 0.0275630312553892
0.573703448244723 0.560974047990848 0.21578486729169 0.445406115195011 0.250443157636 0.0536169850153529 0.21360289852632
0.398954828525911 0.182388983944075 0.158518334822387 0.415488820807765 0.520651745814662 0.581470769788774 0.0249756702014922
0.365555427785234 0.509403989897454 0.303902940751631 0.118585075750741 0.493672424352716 0.437954832181919 0.254834238490888
0.179649715465221 0.506828220328557 0.338267813181232 0.553004485016079 0.214260324012853 0.398741489513117 0.292762359302403
0.281388871691307 0.3823014626661 0.471235527839382 0.260853077262254 0.398692086291581 0.473459260876459 0.31849582812839
0.750463312037685 0.158756939913162 0.473784069554514 0.305352572303296 0.0308637813840146 0.201036830650346 0.229174896224923
0.221623723727725 0.017411096958679 0.783302474002151 0.468478952487319 0.0111078536911912 0.342667402981484 0.000388075438705338
0.629276919087434 0.574182934843414 0.0714831787557694 0.0906587095954612 0.40627082156772 0.0889133258745702 0.29670542629433
0.0534885263451479 0.216671246490453 0.436895725192211 0.298632905153656 0.208701934977167 0.578153719449226 0.540661484466731
0.0759149289280309 0.512900559672301 0.24317658366997 0.223486895533291 0.536185690104477 0.0846537440081612 0.572212675048161
0.414739220412531 0.214887959017718 0.000430676818450992 0.0629651823229347 0.0159400003313596 0.606321145215108 0.640289254718365
0.51540001164916 0.427244928600292 0.389127067010079 0.217457878475797 0.0490428496824303 0.263720743599578 0.530248021284972
0.383771178911837 0.0325426436266436 0.190143660954126 0.298977503313175 0.231774015934468 0.369231161809588 0.732166411398626
0.25729807123255 0.42990165351074 0.435952785980971 0.0737893736304142 0.499665496195101 0.370010642877475 0.40854508154291
0.416961963232634 0.0502686238104251 0.320585684892244 0.3312372612121 0.529676055527438 0.53256577631823 0.216655145795633
0.0136047529351901 0.297332921520308 0.328006056102656 0.739395281312536 0.241137314112741 0.296826175810764 0.332959016556931
0.375522846466704 0.469464822695245 0.312796060946738 0.386907406805317 0.487642963241951 0.383503084383585 0.0785899453972493
0.00517806412980604 0.621531987422569 0.434602204538279 0.27320899178016 0.400383414582572 0.1774679363936 0.397928636520108
0.546494649173644 0.331569915239659 0.00933783482754669 0.0952864174644874 0.425415446836117 0.573696520443644 0.268574558073061
0.126315497435012 0.175227215016727 0.360091432552786 0.560107767695223 0.433587624519264 0.38227468501667 0.419310271820202
0.588914368191842 0.303519901911054 0.0282262271679539 0.707257287943623 0.0872279981563924 0.173114971278868 0.149894722683446
0.256836600945255 0.315680926172913 0.0860087243781912 0.215282727751811 0.00849497243798869 0.86965165403189 0.155788946369602
0.601943972673018 0.355204910529739 0.156983662313993 0.176395354714785 0.403829067925957 0.490802498294705 0.227527416953307
0.373991354473461 0.508353880269498 0.313795727894101 0.586472349450442 0.336752032605065 0.21401058433019 0.00931461274286838
0.611471123963786 0.23567781448596 0.201469529480906 0.565141985982042 0.10323626850615 0.158269282383227 0.418182620164236
0.447215415960463 0.0322223676764198 0.816140210558366 0.0970000367707079 0.131848238225219 0.260658074930052 0.195293754061741
0.135130354140476 0.060718717278625 0.00730795548164542 0.692412290060572 0.369221326057117 0.563854290935438 0.210496532275424
0.311715901691141 0.400402923131144 0.38714378861854 0.32584791094015 0.328485016964185 0.608379936685243 0.0917876240014686
0.34840890578456 0.744573170448967 0.265356345232287 0.095735459748918 0.329163299333991 0.177281248486912 0.323829648605078
0.031934413518472 0.161748358979937 0.510546651964486 0.569653026165341 0.1081615799757 0.478503800566068 0.383393261560556
0.617256721447058 0.437426538605102 0.388243676841565 0.159320615053731 0.366895911238881 0.334656265558913 0.0702034643175402
0.467502352180248 0.477768290287603 0.093298889604338 0.265039113998094 0.432805579668121 0.532805882976073 0.0550074360930122
0.345267806712137 0.535875411501615 0.312135349659126 0.211998295791481 0.259623746030196 0.28359477948848 0.550840668991475
0.47471981539539 0.0323500426720609 0.556511430893101 0.522186516457935 0.1943379895145 0.388450445775381 0.0504959199668003
0.504620195295073 0.494914104372283 0.484713391289636 0.291614300852646 0.00861053672286649 0.248308719929659 0.344530338142674
0.0162078775516644 0.228386152226613 0.480653000228569 0.291725488343683 0.74617950358419 0.216916677061878 0.166160484597247
0.0914209672169806 0.37455325129243 0.487301804763007 0.164151253781357 0.391996975459144 0.403390098903405 0.520152078717072
0.580687906726129 0.11934874653243 0.453274770666742 0.455119322084932 0.235750453250145 0.0851940958233846 0.416088339724048
0.318789378621698 0.523647515207101 0.00911591900501885 0.276426238136171 0.308881824791325 0.551930062464831 0.38423595777484
0.0332244876970368 0.248963380708137 0.146030722418855 0.0655549033031682 0.468640996106831 0.070950968624852 0.828632927215409
0.451912549117962 0.25140618692205 0.401425159603136 0.4380558634132 0.32800424476502 0.432972334620373 0.290659683759971
0.542632298854114 0.380876436830191 0.023018554730515 0.289410301739059 0.469230384932359 0.360160040506778 0.355390971426749
0.279828553505112 0.488463313503833 0.276310496851333 0.222592650639733 0.47391521910996 0.314410953115526 0.483481861988623
0.411176386783234 0.487840899627029 0.118977926340915 0.566239558193246 0.361198037051387 0.339334275563923 0.112028919665599
0.360813301666711 0.0203099298367289 0.238827857423979 0.556947729530893 0.330783035315508 0.0282051622689299 0.626066131928482
0.170873370480183 0.0770861916095696 0.337264440784863 0.548949936935168 0.1848701991396 0.533391119770668 0.48071155266407
0.421110917450527 0.633804990443168 0.193203885421664 0.508163764102999 0.155916428624692 0.309164877340331 0.074201231175865
0.220079147034049 0.257320242273632 0.523809174515778 0.298556839814 0.275020049168414 0.433569645207817 0.508154070494523
0.00164528680783327 0.0803006891934422 0.225506601742681 0.176544834737031 0.757046550630363 0.184209980927129 0.551792523825774
0.354750482445726 0.295327892365056 0.41060208507879 0.369286289319888 0.461501589517678 0.380003893350682 0.352959515179881
0.327735599358704 0.474221672718267 0.169093318470779 0.347764441053946 0.551846834079797 0.331573779246816 0.322016188810973
0.393148238012678 0.00968105256587692 0.54939101294612 0.370724945325637 0.142848167717045 0.436896652596739 0.441349052231599
0.104903554484415 0.300931917477364 0.129897915056496 0.613721918938258 0.647435732733589 0.00627859800813968 0.292736595535
0.388469712033654 0.0666600844356608 0.312116446499871 0.57004747863414 0.531925665153963 0.10535077884586 0.35809665182707
0.473033325879624 0.452110753189277 0.424934431799875 0.433023642375071 0.26807878004677 0.18224893085832 0.314126866349672
0.267745635791981 0.0489445917951492 0.416375041765555 0.25457052504404 0.463347580284046 0.438480639633877 0.529892557348256
0.264698249204095 0.297008965865264 0.137640033901821 0.817053919692161 0.296678137156513 0.0819431089851609 0.245898422667374
0.51912297727388 0.172569894515665 0.315491185148781 0.469980208203063 0.472743366315585 0.266939600514197 0.292526650488307
0.283090336527921 0.485896576376821 0.524864671635101 0.406269383454998 0.451026277016439 0.199226695134409 0.0105197125805807
0.546784461469276 0.507550580633054 0.210866619540158 0.281715443267579 0.39439308746565 0.161987067180245 0.371221121716851
0.334540205708199 0.335285884311315 0.111360358079995 0.325826369559257 0.393396062154706 0.49364494972396 0.508582811337175
0.316385354763416 0.381143208912066 0.0179802411740843 0.346249525340382 0.498903579513441 0.550483661466749 0.287195221978289
0.183725134190532 0.258381405833383 0.000711632313301624 0.314186699622363 0.531567690721689 0.274749571565756 0.665371173595113
0.419457673514178 0.577643066166902 0.439119295496341 0.200000946132168 0.246951956163102 0.0283962631308924 0.442454514832685
0.270952644742933 0.441596056447623 0.498761182200187 0.1519883382532 0.0500566719305723 0.358709024007412 0.573181106713145
0.703259981651966 0.18693891061576 0.154141897312615 0.177085119819103 0.504766256217155 0.3237907555056 0.236074037051558
0.53796547540653 0.514489905968742 0.14640270274824 0.231322481727628 0.370046787623069 0.297628110763002 0.381355902872599
0.608792136949086 0.285620850645482 0.485289341519816 0.215776788559325 0.303882467671557 0.194157011594577 0.3683558020207
0.358436298537476 0.299141892814489 0.60237748626101 0.636810475611531 0.065902326544195 0.025995903462613 0.0929108519529593
0.214005320053462 0.407236547022483 0.111360266231859 0.328850274731732 0.374639665417505 0.616096579632282 0.384560309097178
0.394852618188954 0.273070778225025 0.153588593771155 0.438409022457015 0.167013505938916 0.551858672653094 0.470415058360324
0.426811541272564 0.461437877626115 0.140107949048789 0.49571014831516 0.513018361431368 0.18000227901128 0.20966531707502
0.0622698543452302 0.375140115343327 0.131602346457809 0.415611127627239 0.161981274100765 0.586682848781209 0.543052367535481
0.0242366317959226 0.0598858027047654 0.0910401445131469 0.552121786129435 0.033917645315792 0.607280113696567 0.559249460014741
0.478545929231012 0.299106103249329 0.265131780357087 0.103623240878571 0.356565857931155 0.512165174205001 0.459395601741367
0.220634253093587 0.1057203763126 0.617428660649292 0.257648469017201 0.398656075560326 0.459676727501616 0.349733446253452
0.478447640366061 0.25793999604646 0.627220068121688 0.234393780533552 0.183361638493982 0.38675810781991 0.270196282773614
0.646444345327455 0.1177864317485 0.365743596986581 0.254238659613225 0.0345137180648494 0.45578272085261 0.40112504876788
0.527396372155546 0.217165549934107 0.362048623544144 0.00261067784006164 0.239375271860099 0.660709334372454 0.223089273173328
0.0854590625570514 0.313446791739657 0.54259324053464 0.621401749642352 0.397918245523784 0.0939846248940224 0.216167200114476
0.540961996884 0.324126401252219 0.399144062316392 0.0296371085032558 0.373858387698614 0.54776478793895 0.0478695759045992
0.040293742215746 0.480602567290037 0.45612261961637 0.36021366943955 0.249930949250636 0.373320904160432 0.477244044487917
0.287865287534009 0.215749484077226 0.320182557778894 0.51271728838171 0.0337766040334123 0.528611339888732 0.473939912439388
0.337730416475683 0.0968107254738193 0.59878709441177 0.324829443430494 0.368500211114969 0.146616451271999 0.505189972279309
0.0161515632515588 0.305415329089174 0.0138500093576249 0.614834210553761 0.577129082354482 0.392689394387889 0.202397471257316
0.441190976121485 0.0563546582091247 0.322160666982791 0.340592729662051 0.704558826796389 0.268418444699363 0.118034615118323
0.472720842901868 0.337108206785056 0.613081626773252 0.108112812381958 0.0699478387186199 0.424706665537297 0.300111893171568
0.60275150081635 0.0152371165788062 0.458573723910242 0.0172766585435663 0.372946438964142 0.490055405402199 0.215932324237746
0.276422198398635 0.337763094021943 0.462049268205269 0.493027901423128 0.487569585640086 0.26160734245317 0.216282963387815
0.411277919584167 0.272639951841712 0.156134253514 0.684088997147828 0.0569420079268753 0.506917650418786 0.0628837960871266
0.447589370507817 0.149017748966411 0.400913090971917 0.718584122932086 0.171074825895921 0.12793783551841 0.233940872543071
0.0850968689951108 0.709458621725357 0.461349758656591 0.352660065094056 0.206822425758709 0.147849671046224 0.295937872866845
0.440970375660235 0.0654919842557328 0.127824228279483 0.624945101563085 0.520618139116208 0.208969414512221 0.28222163543388
0.671794005043832 0.118710919976786 0.0705902537832815 0.0979994724382729 0.00716320464336162 0.598193375297454 0.402650004330736
0.0751160826792863 0.044247431082169 0.265262115060149 0.592711015384222 0.602258224306305 0.246369270938868 0.383818466353606
0.505067158172596 0.381421245822825 0.450465332725261 0.408809868365588 0.224396899150773 0.42038729292246 0.0479690536793873
0.121651277455412 0.540489107378012 0.231024352532352 0.382423610804278 0.273822944925729 0.439147244915502 0.474998014786312
0.200471683831645 0.498840681140589 0.568665497001975 0.3803598303448 0.360919429072329 0.321066516133562 0.0978186522930662
0.264499393962877 0.411407169422725 0.160862717087458 0.432298717824537 0.601837117590029 0.422650965736275 0.0847553031524997
0.20126304896505 0.0856352064900028 0.574556975213058 0.471552335086223 0.463247453875041 0.407637398355842 0.137535529880213
0.14075242743957 0.352031607175849 0.630123882836107 0.494108972992577 0.236207560910445 0.242248263501866 0.317150569613071
0.364041047628076 0.2891612810769 0.321228553208474 0.12546163894995 0.602005273165922 0.537883864987907 0.114900225367474
0.530365545124391 0.125003006544555 0.489204899015392 0.195775319828094 0.530355122587763 0.188732707266891 0.32945506063484
0.344113928999997 0.385248513588678 0.288983222345019 0.251559665412806 0.388114163991683 0.600729920509658 0.273617574179517
0.0766635161497388 0.564596595961779 0.643319061924416 0.430934371765906 0.0470788843773455 0.252612711826066 0.0987923953804615
0.227667767296198 0.537370240733161 0.503132961250152 0.0184201682138346 0.390898801654331 0.493606733576319 0.0973090553273498
0.139486700451178 0.239235031003151 0.690564203657177 0.0622814434286765 0.409630771351344 0.433922097529724 0.29405170839062
0.53594752192863 0.0521604411016878 0.170003707958715 0.540541464217626 0.237300166278696 0.179952959726873 0.547958730411362
0.0626228245256176 0.549253974796512 0.440210602135232 0.0967760213110171 0.136089074430546 0.601327487880082 0.33336541006241
0.399552057160587 0.529482056840408 0.632724789864678 0.0968977553472379 0.245343022807695 0.298251265365611 0.0336162798291866
0.170031599685843 0.0778457913185523 0.197056600335988 0.124928209498415 0.413644433798787 0.652759393181742 0.55981638384214
0.452536568824222 0.206680626410776 0.165471071762877 0.29629730573683 0.00706505087417397 0.508859938733036 0.615087515216123
0.103616110945052 0.545667418386383 0.176026220043709 0.494923857303387 0.163434207318776 0.511971491525187 0.356020177991054
0.00219769199697428 0.341686710482687 0.223288231686903 0.0186375565571469 0.575634180539562 0.707479228740684 0.0340411545068006
0.487884887368232 0.24566649222703 0.579096124614359 0.440084621493266 0.17596200802681 0.278763550317942 0.252819640063074
0.373487719163679 0.26024452436768 0.384044036379757 0.462874169786705 0.0998483202269116 0.644553027033388 0.0749606598551853
0.167135400125658 0.412006323043368 0.0258280163322175 0.594752830151335 0.628226754965515 0.204819540246346 0.10629502657799
0.298012743688897 0.381458945790055 0.704766102530802 0.271310584715142 0.336378827665209 0.0634901077561817 0.279626671003528
0.559879671709358 0.345451010094318 0.236640314261406 0.413384451434792 0.00228089927180286 0.35562404602265 0.462427664828401
0.432737942601969 0.671808311118329 0.219619690679105 0.136159570161276 0.35858608986501 0.0153314312246858 0.40721025580944
0.282175464228141 0.21047216882527 0.514080299986499 0.239802069006975 0.108513112291574 0.470771048830329 0.566475427929026
0.44051013825582 0.218298418148 0.443240536623587 0.22225259244983 0.534563372242513 0.0357763042442121 0.474763401793169
0.537640485092806 0.106647362680079 0.609083687200464 0.0856747777893856 0.323757161870906 0.299795490188827 0.355738538057544
0.444114506835916 0.481574560427952 0.392762171923386 0.474391301337236 0.226091670244898 0.0758291774582032 0.366976170316259
0.221370329232212 0.00684160268397838 0.682171907588117 0.0119258110425829 0.453791331580808 0.0779538694651414 0.522918975515741
0.0689138833451554 0.260546010162585 0.508346990992391 0.510200800383257 0.521038342330619 0.34219660142885 0.141653327175256
0.252171804712385 0.102038633119385 0.0258089749282289 0.0761089361109267 0.494578143470336 0.51724936213522 0.638266701535171
0.192133582635031 0.614596656642607 0.40694557654157 0.428606273898724 0.463731246384167 0.000719286498739868 0.144915180465603
0.33099650621412 0.335090235201977 0.639912488060785 0.506205844323527 0.0894329601655781 0.088114604539588 0.310903618579367
0.0490757981765659 0.233120344902906 0.638593808441668 0.162257425399177 0.498695578359918 0.36271538135954 0.358966877020638
0.271861491555973 0.530185958849491 0.448697444489225 0.357975590205279 0.525925834760549 0.195241563599838 0.0283020626163271
0.458644173383497 0.481711046894825 0.197415587879265 0.202723115753366 0.4711366978086 0.481482092562617 0.154063688265354
0.611246190494278 0.0898251260292171 0.487653540119225 0.522904574547774 0.137075884858442 0.201349566341397 0.218501546883938
0.302624106767078 0.372996246854766 0.353220801210669 0.527712064601651 0.564441326904032 0.189585524526133 0.107288441477213
0.325147468199607 0.451707382924429 0.139804138448338 0.451360907605419 0.0681569464391077 0.621672141074726 0.275401666220344
0.373630984240448 0.495316112441091 0.396648910522573 0.12197424479178 0.0487470184585643 0.464545913860705 0.473998506186689
0.40940319968712 0.643401229572082 0.0336900122591854 0.0341040737060719 0.298895163378008 0.304268650027088 0.483950455131138
0.454124018739357 0.397230086001078 0.0468828557685412 0.132022395381818 0.498116839164541 0.34500583321938 0.499201671589302
0.250796885634736 0.368600296217077 0.244624524799055 0.113450106495921 0.655344013728916 0.122244500275327 0.533013287648264
0.175680584498104 0.683823077821973 0.069720938300446 0.062264607162643 0.278127041458267 0.251643734140858 0.59338454631309
0.520870093098109 0.413203206010387 0.473561325949689 0.0227155912047081 0.168706623241246 0.543066570970528 0.0989843619393799
0.212735070292677 0.0861063711398845 0.840799984400708 0.305361198458691 0.335717823688318 0.0770243403492592 0.168820026288568
0.334195855960482 0.0653022242690537 0.603574981474012 0.408040551321599 0.235266196327144 0.495980711472747 0.227819775903921
0.0649608761662872 0.203022370583648 0.347791905941459 0.527709616835599 0.43776699813456 0.156794621761282 0.582151916600924
0.227806953273785 0.369880317969897 0.181001013061551 0.402104825354101 0.50412856739963 0.510571178300121 0.319396844907815
0.156434324008494 0.106272782089473 0.305751480984034 0.406901616531448 0.46329661308539 0.665429095964993 0.218499132597708
0.327068570115653 0.630009938087892 0.522504400092313 0.397692444033354 0.130748643770305 0.133023471828153 0.17364633106102
0.363949930074787 0.00956251435698519 0.246574866916057 0.226831313872703 0.514360449687622 0.460393262521844 0.527890867880362
0.203770422280159 0.573142063845646 0.318407860289674 0.43501654507485 0.514928714874955 0.20310441543204 0.181548463779367
0.422847573872513 0.0952625874357151 0.417405401404905 0.222495101388737 0.276579280199885 0.535614256608369 0.474357354030888
0.479769998160411 0.31729828532693 0.382473910469623 0.00125862563330037 0.465637781869504 0.062833281367632 0.549625422914155
0.0586298233709711 0.274841927536067 0.394298034870731 0.691534205214148 0.482041471825239 0.178055082779424 0.15253317125345
0.485704900356464 0.41214464107128 0.275289779431541 0.56146180505327 0.325713649523723 0.305743845697342 0.0602913156676691
0.331156218706906 0.370788969486507 0.37650714138688 0.374952142164917 0.340245117553314 0.544220114823894 0.241996051810142
0.198211237671974 0.312713508227278 0.14590616889728 0.521014608468541 0.566766400599749 0.140732103486849 0.478694116187148
0.344955354142601 0.209727333229994 0.402505079839772 0.332885845090902 0.65471163919847 0.118496231398462 0.348580316180212
0.397587455036027 0.248829933753662 0.472230134915786 0.461709129915636 0.19896887287915 0.360857047434256 0.417162843070089
0.432171696233236 0.461335187492546 0.414151395219259 0.372021190025624 0.192652952095459 0.368090273750473 0.343323049306584
0.0165836401403254 0.327515882897875 0.0671283489408978 0.0828472348722511 0.334582637430094 0.819826866370262 0.311491280262628
0.226095644828167 0.63780415590687 0.365861041240682 0.485946098800233 0.36993301612567 0.142946669900287 0.12167382136418
0.329484273817769 0.692591264880218 0.361912764704645 0.195175170035839 0.0387388676845524 0.398562498499436 0.286932904673069
0.575757305697426 0.147319614414081 0.1566275224992 0.516839613661596 0.538743828819512 0.184355925246262 0.175821127360476
0.220840634495368 0.334218532176885 0.513404714219515 0.171169968974237 0.178829922759051 0.644158411855494 0.315790479915954
0.374430393193876 0.308019556288116 0.182423398930855 0.556945217477904 0.524023057042941 0.239263976116451 0.299352880841446
0.407768691844854 0.397380358024851 0.282269416296694 0.220796271354763 0.599796848191313 0.15916088137119 0.402862362262162
0.375375420520347 0.421658032305654 0.511156800335254 0.140619244225392 0.206111355627245 0.142087895100904 0.581009371897817
0.617321685075694 0.0681659975917885 0.613321679903989 0.273451751215402 0.0231426541900225 0.126825398382824 0.383024446356469
0.511537950337188 0.275545408631962 0.201389228487489 0.396585847154417 0.363040017642723 0.149162580479696 0.557241570422837
0.0287387389629075 0.478814130977276 0.547292099920901 0.017972214455009 0.424981842682867 0.461355249655677 0.27676928430748
0.308515473680704 0.271144203340607 0.122267193945564 0.625916198877917 0.199430115683826 0.13047846036658 0.606450054909684
0.772170733210444 0.273243600192218 0.376050733554442 0.384042224463819 0.0256684236862599 0.198587950681088 0.00957429992413783
0.261017218204022 0.49223167900925 0.593801941990271 0.0957222262311509 0.515039037738734 0.244580892115917 0.0522443479396979
0.341115018773212 0.558187581649975 0.240045736369415 0.140395245662252 0.456272176350051 0.127738391587042 0.51983939010905
0.453961925543928 0.24627267067518 0.364606784047446 0.238709522464264 0.357866363608637 0.620010709426395 0.175688317029149
0.567635132116529 0.360540348337928 0.414423696394295 0.4098048084916 0.356511450865562 0.270452972191846 0.0887063021763173
0.32058013042636 0.109961669330214 0.241822225446015 0.366760242698283 0.424885594091061 0.313430342735759 0.642945875713186
0.201949298908183 0.271996542235085 0.165364504223092 0.132033226211772 0.216688098179321 0.469039589587266 0.757300667574677
0.251316146302499 0.510438689859957 0.230638448694312 0.00286242155826222 0.53805847591232 0.304246405606835 0.49093528311036
0.116458051865758 0.774080379352771 0.357099001590799 0.0702581604702749 0.176394591239708 0.469776927317946 0.0545506108854469
0.395292624125955 0.260118642726923 0.320119239741413 0.386529318936479 0.0690676606056423 0.606309019077846 0.389640632648502
0.647635847541701 0.0691313078817271 0.0401701499883464 0.16196626709465 0.243906800098966 0.482868149052121 0.505262092501807
0.422153166088321 0.578884208095169 0.445232802216527 0.299517414089324 0.42690854466289 0.114847595799055 0.0574105626195157
0.329186559078136 0.061079446858912 0.294799222952739 0.416997328473522 0.523255637459683 0.593201050238017 0.037791646554343
0.824967859925522 0.266896246057219 0.34234452197723 0.181265547670726 0.124576945995928 0.284874201808103 0.0382717533019583
0.373713449186838 0.409924024730627 0.569166440333457 0.215150844364606 0.160589376766445 0.522196231428757 0.153565546800798
0.458791186400697 0.449493046778407 0.0797678476877379 0.380542191994165 0.316006589272528 0.564531419851947 0.133174660888382
0.174191538528691 0.0962221957054301 0.0586627737484257 0.340033096794525 0.565504637812358 0.549149115224897 0.46901441649434
0.354639376783752 0.085400153318831 0.597520510709044 0.433184208910191 0.368352833065942 0.428569793477366 0.0538751257211486
0.219277706225548 0.483383401221031 0.125319908746519 0.531977363465554 0.325600293559905 0.099339640359937 0.551061579948478
0.121080007219366 0.483883742247591 0.299578997202228 0.575250853476817 0.447948343530677 0.2252269681722 0.281336329303218
0.622292045013609 0.517438129446424 0.253164711052134 0.024664736843202 0.38214930039646 0.146108488789816 0.336041507037692
0.332511278592528 0.594666617589225 0.370875923840684 0.274252047517978 0.108268338758318 0.553296170281938 0.0720141781534975
0.56413811402709 0.219956438210292 0.462213076767385 0.137038710552181 0.605807054696476 0.0505813550016455 0.177161384261361
0.504133106549402 0.22829241207377 0.0353698283086538 0.350927006796282 0.359688324597957 0.396888630903949 0.531446441726644
0.455370676298302 0.338634880366127 0.377054973208512 0.457252674299541 0.29785435931089 0.304712689987529 0.380980919721391
0.622768463812727 0.564302295455915 0.310101077555758 0.062890752286767 0.157436280663047 0.408091803024011 0.0477423568195128
0.292408544799197 0.58835232267491 0.0984168022351561 0.401884830464513 0.0515944290878179 0.478328424161516 0.407039846867642
0.161642636890206 0.316998614409961 0.217458916361035 0.388777036843035 0.691587726671622 0.440884943736825 0.0476912405304486
0.087572679149566 0.396417546899733 0.63635800693212 0.172128511758244 0.550943995492748 0.308212998696184 0.045495912948639
0.779154859619957 0.00811694333449609 0.597208379911634 0.0885180979773929 0.16428727207188 0.00319812256787178 0.0368508005681942
0.336751491269794 0.671073282195003 0.537041759023713 0.206209725804215 0.122652323562109 0.063921719933297 0.293586788438525
0.496348270042646 0.0756625552729983 0.315866984692306 0.260241921581665 0.311937095944496 0.109964649249409 0.686308084519828
0.511903462059283 0.238688422729292 0.501573577153849 0.30509384822262 0.508570432257732 0.0978250768166257 0.260980349152063
0.299925756945417 0.502653497720514 0.472926359180596 0.30679994568428 0.54201346860755 0.149338823497254 0.153355043330271
0.45608482243358 0.137772768574943 0.00091332671402744 0.512997342235528 0.601819146421116 0.177220386800242 0.340946977082734
0.0755016624707048 0.534699628258945 0.17545707470436 0.119312507579926 0.516704789232208 0.530605370952112 0.338894154680124
0.0822299700731078 0.530257188936118 0.497119884863546 0.350604328993291 0.258187127731291 0.50867879160499 0.12883813182794
0.461895759031163 0.35919118220646 0.161844516353724 0.357673735133389 0.631147383685455 0.24796596130198 0.208987359040448
0.0283647216430029 0.34346513472563 0.442693801738953 0.316117123815249 0.379182500749073 0.0425289695279064 0.663122329290215
0.173045637122212 0.3076133445767 0.674090531132849 0.201186945859326 0.0078896373151901 0.578451472807524 0.214211702747482
0.0497621943734261 0.284807373665121 0.394725286157192 0.848583165897627 0.190354477259806 0.0323180008412797 0.0568134029008058
0.627560999301723 0.120515446583377 0.15074637319607 0.620174918398865 0.0194831364679637 0.399229036361248 0.156647389913984
0.155945853609591 0.437997257230053 0.580547404263518 0.263505319814383 0.112098100298885 0.544674634994182 0.261022047223358
0.342800618059277 0.109205553800801 0.343469374993613 0.0156867755693066 0.205053409037058 0.373966475259817 0.755279267301177
0.496433538834033 0.104262052528866 0.145836779027695 0.433124716044572 0.34854849635192 0.459907583319611 0.448125808956875
0.0503169663468661 0.546907610741116 0.455330441516254 0.317675172353429 0.335309238631385 0.357932648855785 0.386741354759802
0.321926603683453 0.519717562983319 0.33728161709464 0.357452032776072 0.389105686577557 0.370305768691541 0.310155564110287
0.574955405215887 0.406620617929399 0.389904833366784 0.431904420161071 0.226581297789515 0.32656409022845 0.0868075936515982
0.37906973287317 0.371459299636647 0.151626737086288 0.387362875087007 0.425100261394192 0.60288629788016 0.0331864660479688
0.0713857000994658 0.0494041483746235 0.641559826723375 0.535697797572894 0.41970197091812 0.122523987529659 0.320515675813505
0.0882822034782151 0.375253326950615 0.445659649043115 0.534603148940535 0.354158351375145 0.29946218597137 0.389708102101619
0.333232906010477 0.534596162132783 0.526944563226391 0.122456827506429 0.119185205465099 0.314366803526689 0.44437025790052
0.165209516806831 0.25648647413472 0.194207407607594 0.423651698747902 0.348513130127043 0.286954408199001 0.697078898593954
0.191183061726969 0.49334507373843 0.573997739019768 0.266703000067689 0.350484516459941 0.443199570323475 0.0138030818566848
0.255037374130442 0.391476155420301 0.22043584396183 0.0212021419138969 0.449908392393484 0.564726619674042 0.459703327043137
0.212743144229276 0.296677139950441 0.526865017632941 0.353816436032105 0.26396489144029 0.627501592085306 0.0226825928802339
0.110464018618773 0.181582227692198 0.575996852156363 0.0286178114787845 0.433455423283146 0.512774279149653 0.414020744671131
0.261740387822485 0.315826688316526 0.0336748559501419 0.481690307978581 0.231250369765419 0.417928408687573 0.608641959859012
0.290003364124384 0.339211999685931 0.0303358309610046 0.659705347345448 0.511383151788623 0.289754931269476 0.138676645406121
0.142429209195716 0.0995235811095889 0.460523315306255 0.486763403909238 0.451696637248804 0.365110786681306 0.42831402404324
0.170415464760601 0.12204381305476 0.621224336680323 0.571394355784696 0.0279312119283662 0.194230080801146 0.45293179825572
0.473608797451677 0.346190098772649 0.510792758568501 0.37364790962511 0.43123604178001 0.263361692926046 0.0011022177477038
0.184976300105861 0.149847825718594 0.396538495778618 0.274162012740207 0.701434290431267 0.403641283439041 0.236612468338621
0.271967277010949 0.528337869918995 0.391666083427808 0.342354362258822 0.357319328623859 0.238041117289637 0.438113443129381
0.354697903999914 0.294936852887633 0.0612664146118562 0.497503287552029 0.469093925165447 0.219976701491975 0.517203726974123
0.274587787438239 0.242667163955636 0.548884092142235 0.177426673501186 0.240317150581108 0.39859115216206 0.562434870901243
0.0665791085900724 0.650903943311566 0.132065349708142 0.00617081186987944 0.0332451167081456 0.511617998281166 0.53995715516879
0.389751644996595 0.381996102940528 0.418914558032074 0.410633020124899 0.365387502610043 0.223429640849479 0.417893427728724
0.260067074793984 0.644496138620437 0.0425787644664604 0.249892951040447 0.294721789437838 0.551675083477873 0.248040470182778
0.162302329924164 0.267831373919506 0.406027599656241 0.49576541222706 0.410155398269821 0.548082508671454 0.15053460120793
0.309824907897144 0.326019197037552 0.506003617477113 0.538750121086359 0.47828954421197 0.14005673346549 0.0552438145633332
0.326406205645018 0.392314806098323 0.438469084842315 0.170570409862581 0.378210648205322 0.456486413033219 0.408381609587756
0.353464603168218 0.0198732358079476 0.0536294861216223 0.521459983879043 0.526965006722452 0.129844191914633 0.552557290923662
0.268430763288114 0.376459233953653 0.465749755611238 0.466966291027811 0.0700345163294408 0.281973973609533 0.516554801945295
0.570876655332606 0.738467630173805 0.0135688315558439 0.0637191860499048 0.170018204407336 0.27955590110021 0.132149400495204
0.30240942207609 0.284326590950669 0.440956838868126 0.461779078828695 0.424821810214903 0.467170207176186 0.145953783172003
0.166511336010597 0.528874413407071 0.207731084701278 0.37831104303373 0.0659728064831298 0.320495737461868 0.631842110075269
0.2427652233242 0.510787824876598 0.394623366508021 0.488267889430059 0.232633105556731 0.0140963032859341 0.481363525303152
0.228239189652621 0.39425284136343 0.361563757889353 0.0534108771242604 0.507813969868068 0.245432713294458 0.583762153467555
0.403724965636092 0.675886232455286 0.0796726834244604 0.425926434690514 0.292592587938322 0.156052376508817 0.287158705103668
0.50499292254458 0.112070844258874 0.233690140333671 0.463471460625715 0.342257386457808 0.563285027643117 0.169042174002364
0.0214204751874985 0.222538398897311 0.416099683428602 0.259450705849071 0.571438674293671 0.523908889024909 0.329456410570769
0.116009341251036 0.549572205399012 0.358246022272709 0.374701992295886 0.328655735202886 0.478580620942408 0.280564476132086
0.465083769022812 0.276127139454766 0.213915111989938 0.480313743883323 0.322706758931002 0.245363210374112 0.516378897402227
0.0641303486178386 0.535695885221019 0.695762302855889 0.295083339385355 0.147289489249451 0.111258109752174 0.322002014056264
0.396115057097602 0.660291389666892 0.394898722796431 0.423006234403364 0.189966827170413 0.163601252954107 0.0968302704148576
0.0960602756031466 0.151157029188698 0.22899596819413 0.204796895118185 0.73152218211865 0.483637116324518 0.323285463731903
0.792880200530476 0.395231142123307 0.0847506318877843 0.0258403310474706 0.397121790335575 0.220026038765111 0.034143308197051
0.491356901871209 0.249182229975635 0.499447631014379 0.427546814203089 0.283323716862057 0.0627199336072143 0.424295036712177
0.499261562658026 0.556604621849916 0.227054412059393 0.163350283237686 0.453478016155893 0.0698757616962433 0.390086186257338
0.388653438120921 0.277685366302265 0.0401592063609576 0.27830714389413 0.307309615565266 0.16611198093843 0.755472914239918
0.468257424645108 0.379948118110113 0.0238269200916107 0.467923415608179 0.0614215651071089 0.432747775604119 0.475195876311357
0.31899496916755 0.0305880677631878 0.330200695296894 0.488097871432421 0.470717738017515 0.503096865260149 0.274504833775257
0.0250105267012722 0.530231243994166 0.293523275547517 0.463643129786742 0.33668189360734 0.466048685160346 0.29419782789345
0.183134887812617 0.3708735238055 0.778718986699951 0.0844917138693677 0.153138824412775 0.28753892053286 0.330518081022265
0.175442187426902 0.672701518867787 0.513776073543253 0.141913743564185 0.272068002195999 0.397315174911756 0.0265893774246538
0.447647777811633 0.245502603233454 0.357691307799374 0.0535902573151356 0.418350891964683 0.329057124191815 0.570288428501352
0.374263761991783 0.442153470472461 0.130234832233746 0.465068498004158 0.445207705626024 0.478444172802904 0.0637055571224203
0.517252541230428 0.411017474235798 0.451384522193736 0.415181067506682 0.00925233334348841 0.409722899465213 0.139401143298589
0.312074808823986 0.113163928951323 0.168928103485554 0.36253560311327 0.432722036216558 0.35390460687687 0.646016748864739
0.527071522173509 0.102937089389459 0.261014264641757 0.510567974445182 0.573699227496067 0.225947328550835 0.0510731275462196
0.00951211621473613 0.36374959037397 0.0127733573308083 0.397354101152937 0.141119065331437 0.599845772406313 0.574293281793878
0.00915233725619358 0.456860623030184 0.546560236509421 0.242219339575846 0.500290219761487 0.261340668583645 0.339421649581585
0.397336124319052 0.537964016725474 0.0996448001529151 0.506996226032818 0.330872769229355 0.365644962056903 0.206328461234939
0.0127774123974332 0.48892861249026 0.429672413577179 0.383167930755771 0.0797252046673722 0.490897438736 0.426629933144709
0.42833269222883 0.293338590351083 0.441780836404316 0.0890476460475986 0.257072775370249 0.54855972703025 0.400474218323804
0.309830154469994 0.493930494447384 0.612793586694422 0.0760893345243042 0.485776123278535 0.135065252546885 0.156560885666953
0.278615718952405 0.507922963950591 0.439655229013931 0.461030719282832 0.266176737149016 0.371326576836962 0.22317709841691
0.515448583712605 0.524561999067176 0.0228878919714604 0.29840433457026 0.150757150834137 0.300902667047047 0.506269029894628
0.400185879877183 0.400057584960327 0.0511322543449539 0.423845199916161 0.424821739926197 0.364111517888927 0.429529069054666
0.453467081428348 0.398196260519997 0.497043718297458 0.248914710188479 0.475491998901706 0.235484963738546 0.212721752895856
0.259526565727108 0.353749338020752 0.188033536642373 0.221079117018696 0.447764315909283 0.527654724872897 0.494330243223462
0.114433156577656 0.396726638277566 0.297813555680834 0.230175098378264 0.483848928326895 0.459588012668066 0.492451632614497
0.203828878032363 0.714095954471223 0.190666710051697 0.333109090027135 0.165610878523424 0.505043796924273 0.136781198306899
0.478143916317146 0.397505637601425 0.414451634081808 0.169378703074475 0.168711765155962 0.330374854126448 0.52468767602699
0.106476232261174 0.0713133132111762 0.597625386622349 0.295459895602717 0.0939564765751881 0.615472126862853 0.389218206462289
0.480835352240642 0.576507400429838 0.228047083775454 0.467403071543631 0.205132654347147 0.210953820302959 0.281752652868469
0.462471475036654 0.241112513015428 0.471968478226614 0.435858473400311 0.385284124440542 0.283536732549206 0.293974662717411
0.361341060885864 0.484950090508056 0.277062945319348 0.334525197313981 0.0189104455654441 0.623424151358918 0.23784403855898
0.294197081959672 0.413542464903548 0.418245919388165 0.232648581152215 0.582587825215198 0.187690108010433 0.372477575911598
0.478238034912197 0.418484878797466 0.232872705126992 0.186371363369766 0.232351554310954 0.490700670083799 0.460890891526744
0.263938235601009 0.280183759449961 0.428199802101399 0.457024881616892 0.442674768550306 0.436871455472407 0.269794804386694
0.306273008037923 0.59196750021107 0.0668053717271238 0.476714560906172 0.159730889045054 0.507579366412988 0.202239518508034
0.457530674387302 0.121387834879243 0.0977048587531424 0.17918720649447 0.518373866939483 0.531106446928448 0.428358328094615
0.206534891530135 0.600684319070154 0.443964854148269 0.107875700870226 0.534974244626501 0.309478864008852 0.0761913326095548
0.513653937829159 0.0237667325194461 0.292716701819718 0.0574672417177133 0.329096441350966 0.714838277293965 0.165260378762179
0.28881155495127 0.760742346721207 0.206652338680503 0.426442148299584 0.324568754942435 0.0442488804197497 0.0774469663703576
0.455100561437637 0.496949349513271 0.262746071930186 0.511166308168174 0.34198056925299 0.297850681048464 0.0996623907440977
0.126093708500341 0.237691585545752 0.434434277953863 0.405986376049062 0.516921610613777 0.552803227630361 0.0352937308958313
0.658340919915996 0.177229314176887 0.308508492602053 0.224829905704016 0.331732417784129 0.446938645167836 0.282224161440368
0.0578659569749852 0.54113868220955 0.220503674377296 0.434668168792343 0.535198715746051 0.29844054843364 0.30126025954166
0.287674499816158 0.508311011867575 0.118597221943586 0.226281955052596 0.563729407201009 0.52018931976962 0.0721574680053461
0.730104290460568 0.335885218567156 0.211298943572668 0.429805253053575 0.121038413823039 0.104693097646957 0.314862038956871
0.0628243767113729 0.3965782823379 0.0218576688123143 0.452613596744521 0.376488596434962 0.596200215320634 0.369111877390704
0.605018329390516 0.569395979418436 0.0759332271146779 0.260793288186799 0.0187188039751984 0.429484155006275 0.226174738988644
0.55613539907516 0.37177905552019 0.521871619664398 0.0704390058902675 0.383898464021779 0.091401519044892 0.34561516524609
0.477289439146569 0.184744463275637 0.753201801568856 0.188562415561868 0.314986769501502 0.0694790609146108 0.176497963876315
0.202323682922966 0.292652349651223 0.312325426124871 0.634184946426716 0.00714850377836418 0.307081291527722 0.528518675905747
0.494994011958724 0.370432648324561 0.551148268662445 0.265130219671793 0.309170889982187 0.119932857533109 0.365693319899339
0.385537152127161 0.293855015644235 0.363945666150578 0.155536991104183 0.458279890203752 0.400355907138601 0.487910668517239
0.182737921693681 0.292165693898651 0.358929770702539 0.516012547322732 0.444823032386136 0.40758019726847 0.349510203922747
0.0314421551126346 0.247244245152204 0.521735567294276 0.163787560524469 0.184385144423539 0.62924564949228 0.457055071156095
0.529015329972579 0.361647224516042 0.394676234152257 0.396278213690992 0.172507979070402 0.394599231212931 0.301795886463559
0.194419007249324 0.506733946998143 0.396924219462485 0.105761882415372 0.520250459456976 0.349930287532252 0.37891397191754
0.255979448084959 0.211805993761693 0.523040663784994 0.180617404064838 0.492353476317708 0.270153733851807 0.517709933249082
0.20774474409457 0.378659354947239 0.310341212715949 0.47606961640668 0.395157348095764 0.51961230065982 0.253690743791225
0.156704141924782 0.339351327231323 0.183032142227206 0.384934268528147 0.426061866658978 0.470924705418305 0.52470042885453
0.349202164221424 0.116378949851664 0.247261993262588 0.54705477296624 0.534077168520388 0.302214181081067 0.357119780208138
0.561722188783457 0.661474649176599 0.354190376830889 0.160637333292425 0.220994245081138 0.164434761992295 0.140666442080777
0.513813229361598 0.128044503885603 0.529513013664938 0.115891461892734 0.150264398966362 0.605371009178409 0.191656618532019
0.114665258590034 0.188393181723921 0.354144053028676 0.752310796770967 0.253885497167932 0.224715741424633 0.380808786929138
0.481605111461894 0.0124909169357723 0.420816327746566 0.613969358835419 0.390371918996625 0.135404152213262 0.20768056900755
0.203933895449916 0.199155235397477 0.178778450192229 0.515336488564773 0.214761106851334 0.711216339111665 0.263180002594391
0.145208467748155 0.264649176252753 0.42795009065449 0.178713733693276 0.211186250430297 0.301779697286238 0.747077517822758
0.453468673251838 0.228012719743115 0.180789755726736 0.246118781749835 0.644438695468208 0.481937109520855 0.0394000223188746
0.235277390842788 0.220604528944251 0.490733640871087 0.074779416625756 0.549511834201544 0.279469615950358 0.519134088234464
0.121065370118194 0.189857140876629 0.520437503421832 0.339330663514988 0.412424245652429 0.496137454800313 0.383472053204816
0.506519936231281 0.240422067391836 0.292520356057075 0.0045665087813046 0.520900961023356 0.0166114403426765 0.57308988898407
0.466579640219113 0.47820786501497 0.10407828774726 0.462628501996953 0.166175479104557 0.434445831427927 0.335269721313674
0.522466176485893 0.402161991401209 0.398902297810229 0.28889515358577 0.26804777711277 0.49785293574094 0.0548107443466055
0.265620537390084 0.483889536722351 0.617877987106857 0.226725819572827 0.480087380845741 0.149717971417901 0.0960181125737551
0.594167662349569 0.295483700738907 0.0468443765819009 0.176348437756661 0.406743833550311 0.529888639447171 0.283087421396199
0.502181819595275 0.282166536527844 0.248081748835607 0.503655244472499 0.307139817896559 0.447766561946358 0.24114838711275
0.253757922911285 0.126311622529848 0.590939437743299 0.0888740309613208 0.254275875347066 0.516141088172213 0.481130371553112
0.00845045704314296 0.498600887299604 0.12866453420252 0.538076312217773 0.533077403845483 0.21554274641905 0.338548180919455
0.417208976729907 0.471115397597397 0.390358237570205 0.0354631028472623 0.429516572299873 0.220648292425354 0.46602533380676
0.495933295441719 0.450818001874571 0.274944153956138 0.402957540146034 0.200631261331821 0.0309147483224769 0.521186726630195
0.321345223583402 0.167864148523213 0.0589559699036994 0.726925535395606 0.0855666078790086 0.392080162564033 0.419063045690117
0.399169185952688 0.473902510153636 0.410914717802995 0.113111857813826 0.263180570965775 0.416168435084986 0.438149512011348
0.277299951420013 0.611840363394519 0.0622486288053644 0.367676135801572 0.525440032464634 0.0186568948940566 0.365048170237948
0.505453707285473 0.404898263590031 0.103627197489658 0.527945451005875 0.370427184110959 0.391700097608902 0.021533356463716
