0.406460158607052 0.165314695888809 0.32889578381424 0.612357594090347 0.557908052766647 0.114217055624575
0.48991444251513 0.301788478444219 0.578948065389117 0.0398572217613818 0.552609791437227 0.163586402725837
0.823490471225615 0.189780510359914 0.0743477750653018 0.370068854813354 0.298823242889928 0.232535851508675
0.410293635915416 0.385697222808332 0.500649118915032 0.558207678527884 0.340907181489293 0.0665862269270963
0.599847689056709 0.185689848820066 0.280626307967289 0.103920131588525 0.164772943882389 0.699286342259099
0.313157279542692 0.425694467688655 0.571646708085859 0.152688863629529 0.0843344524714379 0.602918394671417
0.582033181963985 0.317024079712812 0.374520931529142 0.171660561825918 0.0157760935673585 0.625100748845361
0.365320289413941 0.329648179082452 0.331132903714937 0.247691986302544 0.654638045586398 0.397896812552919
0.111720231203138 0.538676594676178 0.395033229772549 0.0516481833149507 0.287089069523332 0.675431117867659
0.435967745284599 0.0625260882192781 0.771329937447558 0.37281756749126 0.121739465452524 0.23928916582628
0.222659191627256 0.658990311339546 0.267033567161694 0.512669580999385 0.408722478846921 0.122325647174047
0.158060650057779 0.538592198808569 0.554776426621434 0.608620760073055 0.0366124577469366 0.0734757721758779
0.0732979209474479 0.740346283316128 0.472373083919371 0.167024365833793 0.30234880346884 0.322593439815598
0.137190627286548 0.687954822790246 0.00753185239157439 0.222791514556348 0.67649999788055 0.0234916728484845
0.668370761622519 0.0821988060124639 0.284405455851649 0.132831219427349 0.667429614332847 0.05030899558752
0.294097241264021 0.102427881866839 0.459741072632025 0.389790630439037 0.674057255131474 0.292170445217994
0.469185101550568 0.394364314068968 0.0238942923959076 0.547330514743666 0.562576979916558 0.0877931680781181
0.433961791618146 0.458932406982881 0.561568933892801 0.225937858910097 0.31197773957343 0.370567828669389
0.427524523060748 0.0276817924094722 0.633193379898806 0.118502560381851 0.509269022445825 0.376994496197258
0.394796062740698 0.562458275501474 0.267816828017541 0.609638431190749 0.19541344803535 0.214954579707416
0.494760827536237 0.246498198245229 0.438551227457583 0.275397295048198 0.433240388685352 0.488448849097694
0.394923431906481 0.35821539135712 0.547479447073501 0.431574141987752 0.266249472075008 0.398545417669657
0.320933487153368 0.47134624057554 0.598464104041709 0.223063126758219 0.43110238048047 0.284725681169363
0.785758329509182 0.225452012659395 0.134215417167085 0.00801064392816508 0.359226617766744 0.429690034863685
0.490230417517902 0.447715950752757 0.244423862168089 0.615227011402362 0.339641820491416 0.0749713211755517
0.359313206996737 0.0441151911159248 0.351138853652243 0.671640970217496 0.474975173486994 0.262576400962871
0.251953330836119 0.513882177521183 0.382874077970626 0.0391885334592569 0.585861652324489 0.425537836514861
0.0261811990096738 0.725697307865162 0.53591373417141 0.01216531002264 0.339115508222308 0.265192588541436
0.54319385910415 0.37768364087041 0.371799696241166 0.315605138699889 0.122832776084451 0.556206787329137
0.278589782055969 0.578989138547344 0.156931055612435 0.494378268422532 0.555501487099104 0.0976738455514206
0.37631244329404 0.145770115955212 0.666869163785195 0.0196489920517962 0.051384649542757 0.624018486594448
0.119320615104622 0.447895870480385 0.472033961740063 0.250029781860441 0.45097906590865 0.544461944746036
0.541839573207554 0.0241031021666933 0.161043658884171 0.241502175291821 0.36167381686133 0.700544507388126
0.259836664355024 0.300044685981923 0.367699319205594 0.507433951572335 0.516639653088993 0.427609118909288
0.522921845447933 0.385064694734293 0.469379110618654 0.149442034388342 0.321886378307659 0.481681858445184
0.548551262553514 0.164613280292356 0.294223877001873 0.533757862913223 0.547095315746917 0.0348647353412035
0.374871875933102 0.147093172814275 0.0285814040994052 0.502446531027947 0.557494365890694 0.523225853665173
0.514277013567706 0.616596257938596 0.296332617515287 0.0376231911032823 0.51008927449345 0.076867518149686
0.305275521850614 0.341044375056637 0.597191277946878 0.567079488247115 0.329862755046959 0.0589031780760465
0.5747927150395 0.302923350408416 0.610377784565315 0.397895902670917 0.161115109943538 0.144950027973698
0.446304912358144 0.312689423253281 0.557952489277462 0.233992066758061 0.165787160853129 0.556316995507196
0.462393641851578 0.398422115439746 0.360615117340785 0.524601675759787 0.361527449826788 0.302489107011817
0.459755120389618 0.108410998345422 0.0408573971986312 0.63353958547271 0.5557948033307 0.254799309334002
0.359755260768928 0.173283325591061 0.189592474373149 0.675156459438014 0.107308397799714 0.580734361066257
0.436881936743969 0.207052879507991 0.486091487409884 0.424533676794618 0.329796206824371 0.490901174915517
0.39390384646316 0.0987001350516226 0.609219470541817 0.557443647048489 0.0134951502146936 0.391183002034891
0.192609339329185 0.231824947734658 0.723538372697919 0.52718444702973 0.082676060464753 0.317635462567754
0.576365922196522 0.264265045962771 0.524999837347403 0.0557036157745119 0.348360149709897 0.444841312471978
0.279078235237497 0.439693785778041 0.328285787149989 0.0817155140285905 0.48294322093556 0.61733424936548
0.105056797481278 0.50209828864559 0.316856077735675 0.488214030778424 0.432227092192876 0.459662272510684
0.560844240724749 0.350642245990638 0.390719585429695 0.597203127164652 0.0501340935991499 0.225115428387129
0.293068850002538 0.170735862089062 0.0118228951466997 0.744251914516098 0.0189592008916143 0.574934579013926
0.111218757171883 0.128628187441007 0.491689185641459 0.473493407400209 0.597291544386169 0.385193102645085
0.516575402332277 0.309399891558301 0.442721661104782 0.471555297906022 0.353115147544714 0.307187866278632
0.634124375531674 0.0710663055731444 0.258042506470007 0.34244956979481 0.567828555605981 0.294192020641622
0.691338423034884 0.337690041052444 0.514026709995726 0.330425199206992 0.0544811551973524 0.177888037478608
0.172726972238428 0.462808487599946 0.624995266416725 0.280835057319543 0.396994077327444 0.359001374608432
0.435413450930199 0.0205452177757716 0.568616367275363 0.376291696325488 0.545616743144434 0.217658853527989
0.560755524159164 0.346511375874024 0.601429052570655 0.442209044544996 0.0697216737565793 0.0579331715860594
0.44074502183122 0.298267920986535 0.342482266700464 0.56649711046675 0.383640268526619 0.362473637985891
0.722550364207203 0.0611541311280707 0.0991038025204132 0.324565269212856 0.0865022874660234 0.592903297376508
0.535455626984442 0.334788731876473 0.14576322393482 0.184039876567645 0.500555392848492 0.543627153121169
0.385011627243477 0.579615348938917 0.101790404282383 0.540593316869832 0.461207695159498 0.0222965342399516
0.235133258239166 0.0408888020975291 0.225857794953679 0.626763054216984 0.653022801805661 0.269736922541217
0.115882207940359 0.665741411091327 0.305370529334883 0.586449410663757 0.266869363621736 0.186992937692823
0.505555889123994 0.601175374166824 0.453928569633849 0.00127332240425448 0.420635060612304 0.00384585118457736
0.0425025534941476 0.294697942033272 0.587584555730205 0.358579154197577 0.555289955782615 0.359395465966198
0.62138845914905 0.345906441783586 0.415733076864259 0.515085092940997 0.140279537532651 0.190788164070925
0.0698283338936084 0.513979244728886 0.732235057467316 0.0274786901636261 0.191667308241461 0.396597686488168
0.361316218696617 0.231092332054835 0.22545718554431 0.525639258167129 0.695776333716361 0.0693876456756105
0.570212597236384 0.422230455499388 0.137714079144388 0.0806793314937401 0.0952901051806425 0.679723848435168
0.399358319970548 0.583139748098542 0.170982563859134 0.667962673119343 0.139667169125786 0.0744639409491394
0.289963786531461 0.672786665369042 0.329149827577394 0.167864171413043 0.128454564490096 0.557010360069889
0.578750711136229 0.070744073279072 0.566878481835938 0.555066761098473 0.0194271440998807 0.173825067474028
0.769999194711606 0.338931994812852 0.0265237609656989 0.204944477204321 0.229649645558289 0.443600760479842
0.55731829232384 0.580918850826177 0.369045299999201 0.0309668011428995 0.23744729818337 0.39798871109232
0.292294370849114 0.176022713155207 0.389641068508967 0.0114846042887619 0.679859270317046 0.519056181335792
0.402704760500782 0.505563038562087 0.519200039752289 0.358829849739847 0.424557193158855 0.0604858438302147
0.448753004104403 0.167538778759184 0.46489289509678 0.368935581933589 0.451452105369924 0.463145363733758
0.376029599186399 0.147598235493087 0.620918081327905 0.598890740546247 0.303326697595338 0.0244955732529619
0.0859367547591554 0.286249944348903 0.500525264133469 0.454793364622273 0.517730181749633 0.430428574686766
0.461951308456135 0.231553558052129 0.373859490788951 0.555566177529174 0.0450806687564946 0.531532666170368
0.606875971193984 0.140493544757697 0.396540824806284 0.261793159211838 0.619263512528229 0.0519185667349579
0.601216445459484 0.386252062850551 0.199328340046019 0.625787527571659 0.090412442701266 0.223230605087645
0.470286772818727 0.344682095252557 0.568095202752954 0.493826054300124 0.168651720126091 0.254921302613211
0.562614957106596 0.242072917075525 0.458311188302798 0.202919658102973 0.518271905247706 0.324089203956645
0.476848460790951 0.446301650885988 0.146574443345411 0.273647787622859 0.0665500521826231 0.687484031304968
0.160049492636275 0.377850543704944 0.461815298102973 0.47555142315331 0.624931603241675 0.0406336335252337
0.255251799872132 0.385193864342693 0.73694525490373 0.473336859458946 0.0414694037406103 0.132726797748597
0.0332857646656698 0.620913215419901 0.384890726041343 0.546615938047451 0.372748337375887 0.165794025980811
0.226982241098324 0.607097646849462 0.340566807549716 0.546623471894198 0.0987096500856752 0.394188969867905
0.150553131566801 0.136734630848944 0.619037511695728 0.0202880682589206 0.682696470189113 0.33006647556703
0.40636753194949 0.408968100922185 0.537170919759692 0.218020139747636 0.152318860176052 0.555269401163973
0.143638447181423 0.157226213475301 0.477949187330496 0.181967078558204 0.615322967077205 0.560783485068831
0.518066651681395 0.458570627895655 0.20894132217563 0.472046963592207 0.0776237662229976 0.498808242328901
0.06863929556649 0.22760466482476 0.110979137996629 0.11957796274106 0.0516365678764318 0.956139723193379
0.610459489212852 0.0142883126702694 0.0600195523299224 0.108550486348095 0.460482563185715 0.632222516527718
0.422178297077757 0.575341196848444 0.0551669682134905 0.614948320731069 0.235296221002849 0.232763505549031
0.0863733262531138 0.161652313559836 0.352064434015708 0.628495820480816 0.370092977697406 0.557210017705297
0.257923988191999 0.629324363029327 0.492953276850157 0.36147505592672 0.399051399132569 0.0672078421664551
0.0869567738342564 0.286635913158344 0.732464714892199 0.581060288207597 0.0826001142901974 0.171230770591799
0.392393451011832 0.444435763724179 0.306498111715509 0.517326770018782 0.338212509197624 0.415389516821187
0.321726731645383 0.533581784116385 0.534171586131559 0.390467061462987 0.27234077181705 0.315925757563708
0.360163211320986 0.58758311583418 0.194923152391503 0.0194324688218065 0.600404167457404 0.355205183963552
0.791562684736233 0.406436255856521 0.201161496820095 0.191527605798763 0.359815163823613 0.0402785594973081
0.403296293945891 0.640614919648717 0.0126602367226468 0.209913762908823 0.369783418938251 0.495984654640545
0.367281563944269 0.416974618232123 0.49474742941932 0.302732498320018 0.250684086058919 0.540344265332321
0.114537177748081 0.685836779545919 0.624861819966963 0.293070447300111 0.196040530467165 0.0416494419725651
0.0486712617721665 0.0690519260689871 0.508337465603168 0.499252139710674 0.674787207281503 0.172816338149378
0.42477209603941 0.149773471433378 0.457765409732965 0.398585481852728 0.458675512886833 0.467262015219857
0.418316049932676 0.120489365109671 0.266099390434139 0.512712228267057 0.447465045382921 0.525914740067875
0.72509252218033 0.0154735048003443 0.204970530949494 0.295669161172848 0.544987320545886 0.218075798623331
0.443875845554793 0.603741670831804 0.529308399158775 0.202142870008892 0.33298094860462 0.0810234236819827
0.470392218516342 0.167334923439261 0.534258094331127 0.363816426480269 0.572249401846569 0.0739371537719312
0.802244961716878 0.0688158890408445 0.183360465714718 0.421858521282508 0.364462468723863 0.0851400689530422
0.0717610307217216 0.432771851164316 0.506863051186971 0.53598653504432 0.401711945651802 0.319366049577642
0.507735993996626 0.600893764618341 0.100558633939545 0.0143860940909118 0.156468938099443 0.588497507972726
0.074943901704001 0.441250106717042 0.142878296142778 0.122372949993036 0.461742362453239 0.74235193758555
0.466646642271745 0.348223986720975 0.477128016130795 0.012573191229431 0.642821730798708 0.141251406460288
0.300220056879406 0.205196253334848 0.229988040623552 0.192499626703897 0.301710104084053 0.828723610769753
0.522263688399469 0.40032491167359 0.10826128666842 0.456543728847606 0.299607705261743 0.507013949787902
0.503640338545649 0.58201069859838 0.042020097557867 0.0402954495621248 0.495798606923191 0.398000358825827
0.630466525349908 0.0301774889930596 0.337058773775139 0.49489769841544 0.263830254104365 0.416488328425675
0.15168640741109 0.40771784133428 0.871474789873819 0.0921053143185341 0.152459939570176 0.139863019341631
0.449210643393582 0.0192657277577897 0.494891782730279 0.417993317387936 0.485999887972054 0.376837429791829
0.0131654522697116 0.0404493707544618 0.562189116396176 0.0914173598985797 0.793372960202523 0.210561461351424
0.272690983574351 0.102999278771402 0.00967616557667839 0.591951884994619 0.270364993674496 0.701022741368826
0.00190356825943339 0.486625132834646 0.504684518153172 0.484975015478025 0.520411963379322 0.0495632564690308
0.325348203974687 0.382359225132378 0.217676173785553 0.470378294817748 0.516583604449298 0.460925907138244
0.116973854365391 0.692843240521653 0.50264640266095 0.211548627323249 0.258128118134093 0.377159128560567
0.173410363235384 0.490172044535461 0.263968857525586 0.641249681007685 0.49826449141124 0.0226273759277361
0.224964781612922 0.292503017000251 0.610148823515139 0.0583091554455397 0.538824326428004 0.444769190573411
0.40743964014685 0.0675518925063465 0.208617487978616 0.330956173027303 0.460145424604733 0.681646994356874
0.477078905389996 0.324956619280901 0.103553288045567 0.00961118945190431 0.724532789846372 0.361988247912989
0.329611053197961 0.512990426976122 0.546240670568567 0.511922255185977 0.0299675831105078 0.258565376385174
0.253836686297679 0.675414631379009 0.204036749170278 0.0616729076304157 0.118483058747073 0.64800403906993
0.431752413957862 0.225642579791252 0.518902981619014 0.134752206255734 0.469183972863159 0.505097235600394
0.517373441396129 0.218562084690868 0.0928604126736453 0.114887148224708 0.754552476497799 0.30558760514036
0.378565709224053 0.600227247585041 0.593909929464682 0.0481352822429157 0.375670903505524 0.0155118536020268
0.165174935749521 0.462480440882827 0.480089015210411 0.408887431383377 0.176739078123835 0.574384876712389
0.781557822964582 0.485521203237472 0.196495249793501 0.0562567518101836 0.264441141179342 0.204284625231132
0.456381839084858 0.537691165527529 0.412049374390688 0.291699548334375 0.413103101533465 0.277626262331873
0.347766834491076 0.574108964258811 0.205398176925029 0.55790242193708 0.42389454314577 0.127777223281718
0.490724564790059 0.500906957235803 0.460483522431468 0.489314358005209 0.233308070332078 0.0487375690956857
0.373440888990822 0.362639326199086 0.20750820627114 0.60903871173582 0.33986085828589 0.446700582567453
0.207637977786126 0.54884473150742 0.228084386232136 0.656238872883439 0.336793915254937 0.244036562831209
0.0693753447041551 0.617064194677372 0.663879437805795 0.321501289102021 0.26453449082479 0.0184758632495653
0.102996079873989 0.597150155115377 0.283005444478477 0.464284588497412 0.553158875778841 0.176540355734004
0.610158807046813 0.337043181144154 0.193746163427115 0.186963960577044 0.179190193965964 0.639926480321371
0.294612502541349 0.329876788093214 0.137833229971683 0.626627485288374 0.501605105182412 0.375655549506874
0.136145297454521 0.0289531385714421 0.335082981065986 0.441330934347608 0.814245549553683 0.102843380767565
0.320534025137204 0.511637286001004 0.517618813139136 0.411894123551612 0.114920725094925 0.429758593299318
0.586922679072838 0.404624585741118 0.665318943298387 0.133317174107064 0.0434625825482696 0.171723475676597
0.508395652298945 0.243634772926472 0.33326631734067 0.288121017639786 0.424185382915367 0.555123914082201
0.604715241862935 0.373627906523875 0.338494075255519 0.201146848996826 0.57195797536769 0.112015375257556
0.564235283893747 0.535790242580394 0.410613451035787 0.368162921806885 0.294625508749244 0.060131745312541
0.0476344398009401 0.51650254001721 0.0555741112841034 0.584629318290758 0.45704484801659 0.420934878041698
0.362453554184952 0.494258315834045 0.168459830315323 0.146182504187498 0.245733828487003 0.717079482947543
0.542026177800884 0.657183654707563 0.0587522993665059 0.389023714096206 0.171486260537129 0.300197345425818
0.141276514839929 0.168855666978194 0.364598769756804 0.572298585877891 0.642814837090627 0.279033799017565
0.049668196982281 0.0485387212329427 0.246535026924582 0.439363540153381 0.5820395495834 0.634497585143976
0.265814822594773 0.225813565109708 0.566560804312894 0.0374577819396329 0.607778575958453 0.431927871404193
0.0412673389518341 0.419796118557177 0.277083717616071 0.372953100048394 0.545840002652913 0.555209434070046
0.628635955752487 0.476554654558847 0.34103354741969 0.114230062999689 0.142782774003702 0.477465378894315
0.306213940403998 0.662086352230253 0.284711914227151 0.169864617073153 0.575003313379853 0.165320937145258
0.522285082407764 0.481082903287422 0.0739617398859593 0.294144438065245 0.0568034875028848 0.632897785787479
0.452650569445506 0.374312079663714 0.365473569561084 0.265666192767022 0.34572827512508 0.575604406472429
0.558980538468399 0.0503178411191993 0.534201822801137 0.354800390189859 0.0378457209250069 0.521844487872981
0.543882806210781 0.488084705569085 0.271304936649341 0.157101748742979 0.078367973884703 0.601278592549765
0.444861893183731 0.422562917862259 0.504855041892392 0.44376827099839 0.271839125516606 0.312782791422447
0.247970508038199 0.152260568324783 0.46151839453972 0.51810221124761 0.231358300770397 0.616742696221968
0.580204126867695 0.528800963552594 0.541351030137755 0.249135576873101 0.16238010863774 0.0472857159746859
0.0631386528476189 0.180936243744709 0.749976425657021 0.530802322058318 0.264294130388666 0.221829787707735
0.606573095970364 0.592305359053591 0.133514529605318 0.482424025086894 0.0591298665901689 0.164887932128412
0.285781893372599 0.702484658187409 0.16994930282718 0.446954970813492 0.0959958380313075 0.432408721056853
0.563599461218659 0.351561062621965 0.308659898431156 0.226642284483096 0.48184918563317 0.424198268326917
0.671712503603249 0.48588506460074 0.367514464109824 0.412094693949753 0.0800342868355413 0.037730774180313
0.185519523887588 0.337143968937114 0.325522601789079 0.537980038633378 0.592476526242265 0.324808451359027
0.116013420095422 0.218668464809312 0.708132216545691 0.103468513188266 0.117681994168979 0.642432072497016
0.262810354662548 0.0343735372696368 0.417212983344486 0.238048549771796 0.698469322057389 0.459517135744412
0.499544561726614 0.562822462383775 0.0491218225177148 0.296316640387222 0.0708101829969126 0.581769301228366
0.406097877774875 0.0887398916640505 0.445620052644869 0.126517344781562 0.51277889767106 0.591340576611868
0.0420257095675873 0.172404212245577 0.498880667201928 0.782067207720054 0.0322485361219264 0.327046818902786
0.433808886451117 0.520183509349263 0.111265427999253 0.34726193708926 0.583979209973961 0.259261259227972
0.3868799116335 0.553412200964693 0.360367481521701 0.0332467101823392 0.610686224488483 0.200377492602411
0.273489928370904 0.348657829269764 0.638524668083267 0.353578507023404 0.298593338691185 0.426323214097098
0.176849853376541 0.524403135091447 0.676028565378069 0.470306505639651 0.124536690576873 0.00364191062621733
0.472429145292412 0.34691944867805 0.42798199453488 0.386702387351085 0.567223391687992 0.0448095826814845
0.338458317176898 0.485000165337221 0.548055129167419 0.501098526009007 0.300733274543623 0.0911929129033845
0.194137450905006 0.180458517585048 0.207470858003717 0.715297828797331 0.36267956653687 0.493471138771831
0.040351111022871 0.444876369547553 0.636330905806263 0.612068671372495 0.144572597867651 0.00323843222821463
0.424006419007319 0.326546249884183 0.431209562244899 0.557421552341321 0.243997162715127 0.39672536385778
0.388004956424888 0.624410474646708 0.332453750337409 0.0773189726513361 0.388459268421191 0.438359886478679
0.108194349602659 0.702369741207043 0.0907583513994655 0.381846087133527 0.116348541204641 0.572180245816323
0.0719323076576963 0.592020961784948 0.0324604694729324 0.4747887906541 0.470460766743342 0.443311981643114
0.525636090357716 0.40405436657417 0.150800756404734 0.0974798841551693 0.726127980732387 0.0306876036236482
0.42358066059478 0.168342917034743 0.0410375223077769 0.12966038942866 0.502371442782248 0.722057563430543
0.126260442141436 0.473841424279891 0.56994203599733 0.31163715859266 0.463329597637547 0.350580442020364
0.602764548959652 0.536050781850936 0.124709877053049 0.297221720834641 0.133772587256925 0.477007387702291
0.370006543984402 0.351016546993078 0.255198704781105 0.492202609735535 0.520821082994071 0.401544708223421
0.225999181911547 0.41585817964602 0.42987478805572 0.43679251296373 0.561774894897538 0.291230628321524
0.457247844026654 0.446709923420991 0.29192047464076 0.490556477738581 0.513733422276694 0.0398673164421059
0.742083052687223 0.499154933244099 0.31690822771742 0.216273269319342 0.0680474887177768 0.219821934744064
0.379395929376303 0.309674846871183 0.700056767063437 0.267814686601634 0.397996931048026 0.199886161085528
0.355505615112799 0.49659186053378 0.466231967545631 0.178999685008475 0.352299180686046 0.503472376767788
0.0836921650318792 0.101468766532906 0.433733748036815 0.44790466650696 0.526392140699903 0.562909824639051
0.4527356340263 0.353657042448793 0.0653424824223461 0.388777606142785 0.675527776961727 0.241250279823868
0.516259170012958 0.479544048400856 0.459153912403528 0.197127658299729 0.492324285071416 0.10700067479959
0.146987115913882 0.28747690202619 0.324030081357109 0.625257578078454 0.563538060845681 0.286764955959065
0.446488389246511 0.478803947079456 0.277566041713643 0.486173416974258 0.487902926130977 0.141202458608249
0.347520541477604 0.619380556442793 0.238255367669435 0.364781939424451 0.432994552279439 0.343920679364435
0.424713640844065 0.329923521569012 0.42552485693305 0.421751373440558 0.00424775638344388 0.593131625269888
0.0297530065792294 0.593453025075866 0.190300198514929 0.62681550118098 0.325307542810872 0.334651206695221
0.44007360902007 0.0325242017109618 0.441181492862045 0.405685401472251 0.459178015583282 0.484985763028598
0.391136895782665 0.239029742061366 0.542186920585804 0.267579406597613 0.439201004206654 0.481054875645177
0.496318551780257 0.270432341322349 0.148334145605729 0.347928004544036 0.576720820802216 0.45262614118089
0.245044841458092 0.502143115092891 0.142572128478284 0.102687323543871 0.614173703612279 0.528889857338303
0.275010924337654 0.489511076245146 0.257827951627606 0.484372894796409 0.61722634695113 0.0518380217956945
0.627516076013025 0.07610688345398 0.0180339645474999 0.299673558373215 0.54268179314352 0.464540980497206
0.275063178038068 0.605811188643091 0.434447581030766 0.305047504039011 0.426427558556328 0.306094607470007
0.137807759125694 0.086411055686193 0.404987349006002 0.147570979410241 0.634406049132637 0.620708602312601
0.12618329087929 0.21757084139981 0.582441673513409 0.455610326951334 0.526778141980631 0.335300495283087
0.0120676204615972 0.286103171755568 0.440947621574372 0.539311109614755 0.54204490288348 0.372686722301512
0.528629264350895 0.125730927584777 0.522294202374147 0.478792917516748 0.400716363791079 0.205268942640414
0.22247720935811 0.436426263596332 0.435991312525932 0.530540299531672 0.501886493238617 0.191270807074616
0.0163444980117302 0.124285863464989 0.62681229608373 0.39095957006587 0.138441685380481 0.64759303681299
0.113596828487743 0.481968554256529 0.48297646182401 0.333968326637119 0.639004817781382 0.040912226103494
0.926621210364323 0.169541318740701 0.200972807292577 0.238243704530668 0.00592247989966699 0.124272547068543
0.577033773153606 0.596345868942262 0.232372856073172 0.141586449110742 0.138856855631656 0.466988796512624
0.421938998386772 0.451533032522365 0.172308198570977 0.536613133568254 0.105272909758615 0.537921226797904
0.674365437441505 0.088397235210616 0.634974552133707 0.0937872862757297 0.217936535250047 0.279163241259097
0.349130855135486 0.609622608207142 0.470276331208276 0.147487851700568 0.246398955925175 0.450380929858386
0.487611501944266 0.0895833838466231 0.517426040064258 0.0139571792506523 0.635488783513978 0.287122511741863
0.295462647518942 0.378492376357606 0.606799246312378 0.416682605073298 0.474472987175369 0.0499100260990875
0.022852950945445 0.0617503818679681 0.664713150718424 0.729259777540437 0.00887243145669137 0.148062544405899
0.496831098986737 0.15598500226841 0.533716842408334 0.222390651738403 0.511298818102603 0.364814729558557
0.454445011893276 0.623449618619991 0.468342314397477 0.247204646945367 0.248715918109663 0.2499520661251
0.475626940441225 0.597149677246493 0.0804599272073013 0.123472382726307 0.624089154666491 0.0773613232583149
0.41543366308691 0.251468209565777 0.494710351044041 0.663940809901597 0.24814081336029 0.130571886001395
0.0169788953841743 0.346253392001884 0.334541468064614 0.0597755942626826 0.677400466860481 0.552682365931501
0.257857272160234 0.336584209130055 0.0728544565761657 0.603226958212965 0.427093882679462 0.51828657881358
0.204153423678517 0.204044146321732 0.439025223020993 0.505392267436654 0.673334881857055 0.123056947765359
0.601438177774826 0.368002656816052 0.233565875928496 0.612281756158196 0.205693483440617 0.176336004374823
0.5279499915458 0.514900427202355 0.0957277705462765 0.403748234414321 0.239306265294094 0.476132780890133
0.327984461194047 0.50549092106194 0.0876834039796281 0.537352524170965 0.225389878872515 0.538208518954013
0.257594589333809 0.435065659447118 0.576647000627863 0.58567722964776 0.172180848987527 0.197931993615839
0.314394175968538 0.695995011308561 0.0583515683962221 0.612778585659646 0.160964346213878 0.109248455463971
0.212755637430767 0.499818990712987 0.654331611867191 0.302907251618555 0.425521906340589 0.0628049450005955
0.156759083240587 0.40294537811502 0.428660615694693 0.565817550901306 0.464006022847735 0.306366771178985
0.570679633812753 0.165158615743855 0.551609367484151 0.350788149655808 0.105469012503252 0.45672579778604
0.0566633865336571 0.576309031565417 0.546986836214412 0.56123805280537 0.0354336436370145 0.221853254996763
0.00717269806781606 0.65281768045435 0.0458933657717323 0.444246260874309 0.109209211707787 0.601988401253821
0.165967217757206 0.627387071372861 0.470211437394425 0.549560715082545 0.0837078296165801 0.220720568018542
0.550358736081666 0.192589281065333 0.264108574737273 0.0127408248162633 0.587832272360709 0.494522175581461
0.386029403853646 0.558936080197386 0.128453920355872 0.434367699610142 0.5227961648054 0.245112667072402
0.290089925276102 0.372428535485232 0.49511040411893 0.400003530500933 0.327466930945427 0.51456106893817
0.51099739656437 0.497245540089154 0.221331511422925 0.0448107410026196 0.593853371134033 0.296599168408588
0.401370417692656 0.594813839385537 0.0987833219667354 0.5329041650612 0.328108046440668 0.289306758129132
0.35228585461133 0.169837830955009 0.101868390912993 0.526184485367383 0.571563781098675 0.482822276044621
0.550964454117636 0.365499128045337 0.324199266966532 0.607917749968226 0.289437426622672 0.0663730241809961
0.456489067856402 0.265420436963161 0.263227339593796 0.107001033859213 0.752389081485737 0.272658282607293
0.444979707534356 0.164316328010676 0.468028904701712 0.50285791096678 0.507947011028662 0.212287314648374
0.478376653651569 0.671996877352525 0.0630489327382644 0.173390242620634 0.430835293721843 0.316097421055154
0.43753476552814 0.338313214629931 0.28191246205939 0.652178288218249 0.385398798292782 0.201901233646071
0.460453118871036 0.499994844251592 0.276486286713918 0.25225109014799 0.120265608459418 0.619232577666863
0.500371794122786 0.482237733918683 0.364236191437575 0.570569472069719 0.188244590210314 0.153040139430806
0.550479287577237 0.123894565445052 0.143826013819052 0.141707441624139 0.673774175186758 0.432300971766553
0.0709664913192388 0.372432600941729 0.60538685417611 0.564844729682147 0.356533627221551 0.208802958951531
0.474402441245782 0.475343707477575 0.285029764768764 0.586260662865324 0.0405009495469862 0.349866867479449
0.220314966659565 0.482278489880984 0.0120643240114219 0.334075928031575 0.538457169932476 0.563187691811717
0.645230896600798 0.381437518768776 0.407774630097584 0.391588500730331 0.166538959395162 0.301372828064139
0.492051286339005 0.560730326852894 0.128794403690415 0.2993019085759 0.0909274017739899 0.573611025754442
0.110782508011973 0.607150141305129 0.0533098622257395 0.407446225316223 0.353389794905225 0.570400935091814
0.0771603653790811 0.531231712920901 0.226784519847398 0.491969486331144 0.582023994602788 0.282173742550509
0.235087988691276 0.577268225568348 0.281475374603711 0.402153513520977 0.413811646887073 0.446429299304274
0.476541009245712 0.449435369855872 0.338226395615355 0.132640006568807 0.472836716204855 0.464059789902849
0.451930346798172 0.112539994823562 0.726900790001733 0.221207414427122 0.445219350602774 0.0869250387067257
0.206236983470706 0.205904715995727 0.434193772052742 0.785158968310534 0.302030372516509 0.137289371217555
0.0977577188055593 0.563554414971094 0.542252715247032 0.148449326861654 0.589407641992432 0.0968156573235222
0.410006790704414 0.121167807492274 0.277324829451931 0.126663645376906 0.716828709058711 0.45871195295337
0.459151391701847 0.709312233751272 0.406265754917976 0.168930374577236 0.260000384417082 0.157691532994415
0.264246866692519 0.354328541713256 0.324532924479767 0.452349667266694 0.522960890600402 0.47031366589256
0.0326914289734158 0.102583305225008 0.504581248802501 0.242765744377587 0.691237391637851 0.443915939200422
0.1206302730295 0.178346926984475 0.218332894281654 0.127635158991729 0.395944936647219 0.856100654988188
0.202874030608168 0.123873409851695 0.174537136958827 0.691239419650731 0.382324532020085 0.537633993340515
0.194234573771436 0.589869384361053 0.248425040097745 0.342104150091411 0.34003605235006 0.565643238084038
0.287832525652822 0.557552864581013 0.456436772560278 0.117656716091777 0.43630864843841 0.440164030203432
0.783877821979597 0.195812051664915 0.315511717674471 0.40745657099049 0.285658672029886 0.0048808290483795
0.598143419129836 0.153399626648073 0.288782921404962 0.0557325387236399 0.509047340963473 0.522553459261493
0.487404993445901 0.621630357530119 0.202408206959812 0.120746796024204 0.0995549205105779 0.557271942383891
0.441724428300221 0.182937773624933 0.0618438875043077 0.518159217390414 0.572088006560409 0.414505696203853
0.513536835094216 0.399154914737763 0.24353279153763 0.539834283536799 0.0475503244330561 0.473249369204668
0.413599070271115 0.192915791772965 0.214560153067299 0.0390049146569023 0.445539747537136 0.738685452048684
0.669793667928891 0.542362208538579 0.169160081306047 0.0375139647929721 0.294458617235031 0.374821783285864
0.0543943979081233 0.398420843849328 0.507708828916214 0.488606585126557 0.584104441358392 0.0248883960811872
0.17942406991312 0.111968719728622 0.195562752058498 0.535379693139146 0.649748657891511 0.456311828345339
0.401577940872039 0.241344092944424 0.391805962776515 0.748210587615028 0.256065551595374 0.0398449947359407
0.110237012764373 0.49944137536561 0.611636296620302 0.0086081406848465 0.296637412943111 0.525584721431917
0.487959753858198 0.0027878494315049 0.366819399781637 0.683859445890658 0.349065955994249 0.19447429415215
0.0523629762913966 0.599572702485761 0.222043263425363 0.52863707870474 0.501588528169447 0.239623182815372
0.38347886201839 0.496900664285298 0.515007022815657 0.190645166103734 0.523673413147401 0.173844860931504
0.34737099774912 0.425228423401698 0.404085563959082 0.525884592525696 0.392966761697686 0.322880092912019
0.243683852581285 0.373258543995461 0.286380844321741 0.331672445536034 0.778465760772747 0.0571550479638593
0.466861885817592 0.0153668887719436 0.0942996938445295 0.581931189740236 0.14851437455014 0.642036585406653
0.408629758025343 0.0542479200187773 0.574829832406887 0.308997690084183 0.589519353295193 0.237985099151005
0.421125003155141 0.018594343562841 0.411254404594138 0.556535781903486 0.557784115758975 0.179784872764716
0.294850483652129 0.547598164788405 0.555154590206407 0.328621565646356 0.234375002549089 0.376933744782137
0.0802130958532861 0.143076116197675 0.503416919413145 0.183538575069384 0.197315375305828 0.804392145415046
0.174473338702228 0.135892960585734 0.0409878938272333 0.0185540885882234 0.688004657191077 0.689722761249039
0.696987508732311 0.506929086552482 0.243891197158953 0.118503900939826 0.388015405065633 0.182069406327262
0.343869952865428 0.523462648541193 0.531695023467106 0.541028599109078 0.157143515617074 0.0873766763184353
0.474707635682219 0.198682018127965 0.645097988124539 0.102823017954194 0.249238386665398 0.496320819235392
0.376897220379452 0.306451959197598 0.602508914175502 0.545703754633188 0.304613379253952 0.102160617030167
0.350619882021904 0.540549731931844 0.0137349676387489 0.0525012900282762 0.732798960219607 0.211972485831888
0.259470360575537 0.664694974145884 0.627326774279744 0.26687956665563 0.155289482684141 0.0444670110213186
0.457840684782752 0.277872442299784 0.411121158219685 0.459294817456907 0.0628715681417402 0.573797562742073
0.695012455579431 0.457784130125703 0.0934679991117805 0.154959774420472 0.520685058850473 0.0594108385564442
0.137172391079641 0.31218479327575 0.0445932222213229 0.292431461269267 0.626476767770929 0.63541052431322
0.506756309046276 0.398152436755265 0.397083541400385 0.13137287792439 0.428260642404218 0.475742924918446
0.663714007242189 0.570683747954933 0.200824248080832 0.319836892341763 0.230032945413875 0.195608292551149
0.643682330167487 0.336991306013655 0.172866631824056 0.177116062816308 0.555821452293869 0.319248271045524
0.107899368448307 0.310020942411092 0.485919845527418 0.467169201807975 0.453373811893298 0.482008058904666
0.316261056303204 0.446379107602985 0.54053272366187 0.613064704121308 0.137378579120098 0.117591690913183
0.468017734733726 0.499749469832227 0.0623367742068567 0.446446045832201 0.553075083351819 0.148720793081443
0.236415730485 0.160034517024076 0.382898959177079 0.401039242542686 0.573580690200458 0.531091009687774
0.545030230035109 0.100541398194536 0.506585653823882 0.360381664826006 0.277181592840378 0.479061448234463
0.0996479357308999 0.147451452090372 0.596059762093428 0.15531676229827 0.548756256380952 0.536455396679055
0.251452094319077 0.520074712606068 0.621210891497917 0.362672013245251 0.358532983388043 0.142528160326773
0.493684312201445 0.525966505038408 0.316088399766908 0.401981265860407 0.442551110316941 0.14927402872292
0.13180254503109 0.62546287737877 0.149373063442057 0.466927829636037 0.313485449908895 0.502809348231645
0.615361267997546 0.353824686450518 0.607741620439035 0.223136169078905 0.119682173509593 0.250350057490689
0.473677745597391 0.641061764286578 0.441419390398608 0.17440393069816 0.351908561821339 0.124746793744544
0.434834525352544 0.225231613900048 0.251588091392098 0.472527952990236 0.54955199886131 0.414249951263105
0.186542489271076 0.206492245508007 0.042040514731832 0.635263243528268 0.597104327254624 0.40087713973042
0.0668089561574873 0.099588318907097 0.425137256449209 0.239996369074715 0.615203594111355 0.607291794705534
0.430044355881416 0.640333059036204 0.190237338639355 0.505131853864333 0.0749189034967725 0.328746328614806
0.0983602169441278 0.702177072791763 0.242967233726154 0.144804404208339 0.485723231124785 0.425845249793069
0.172514699229816 0.469820330497732 0.543257380613183 0.382233716477006 0.376642478963771 0.407942131972358
0.330774539929926 0.238678817891744 0.295776863890953 0.446123794716976 0.336490743346945 0.658698877970749
0.326185980952253 0.030357719794851 0.536911694673619 0.537373570904271 0.557778826375225 0.0672262816378131
0.25593137788358 0.521101058361513 0.534796443721453 0.531796200171925 0.0223274132939376 0.30600632129143
0.476945233054529 0.137260010044099 0.26055233088886 0.607586099506487 0.391368400974576 0.404308451040457
0.339917754210213 0.175809841129504 0.588899248860769 0.388978395205192 0.58906966651304 0.0918544004592869
0.391345809817018 0.537611458448286 0.123531401970526 0.465793788167507 0.357483788895279 0.444751455526122
0.616424395839519 0.0226863775889105 0.260139335046145 0.308483006258843 0.626591254844587 0.253091787795097
0.170847571971093 0.41582329603215 0.444818299158793 0.159071730356434 0.0203731821201042 0.757838962058386
0.381298017614565 0.374979735943749 0.358258369366532 0.402150258377672 0.463552320891847 0.457216989684491
0.10618476302361 0.00883522546161686 0.621308628279409 0.30705953753684 0.47724788249905 0.529689741618673
0.248062109745551 0.360668487509469 0.682726787771508 0.035755925651619 0.526218659739566 0.25314620480684
0.537750180329782 0.398673616833072 0.307195559282731 0.395084146122263 0.208369201539797 0.507942686221589
0.539077586906364 0.02307032881652 0.174116883771543 0.312829558501888 0.300603082649544 0.700229876567903
0.109858653962332 0.643965017919804 0.333626591050123 0.592195295896787 0.310986793928692 0.120521264136562
0.456489674077385 0.432653118742268 0.323798282588565 0.0309761372323109 0.328476029437234 0.625081679065482
0.411718158751846 0.545674467634036 0.389794414471442 0.508674614849288 0.157337506051436 0.311902056695061
0.235137808491093 0.117628028076597 0.533606673549858 0.565194049255927 0.308008279555003 0.481481424753986
0.225338301312985 0.488964072934744 0.279998261975356 0.400678965823261 0.371987902177791 0.57690478036795
0.614440307031314 0.302888406130136 0.144550981453144 0.559175229531839 0.0784081340378786 0.437037714028042
0.0921195324488081 0.613555934196058 0.358997880068928 0.522066412050517 0.407851668989577 0.217456448447378
0.129412855597249 0.628222035914752 0.410685961924725 0.501119754284863 0.051715277156944 0.407591644969953
0.10749288069681 0.537018389834749 0.100336904954602 0.152128688110851 0.484543699615128 0.657315221564115
0.286174413434609 0.416912797922563 0.0291318131899255 0.692104292584802 0.478098802710788 0.189347417506039
0.527140827819082 0.429887058805678 0.0550597584728176 0.525399641812588 0.491449501040322 0.129308513350646
0.258433325231617 0.28663409694985 0.719401525443194 0.462001431835834 0.334400231126924 0.0908059385138269
0.0266016230430661 0.462232454604098 0.260830890350149 0.427817503797383 0.705169097085314 0.193156636338887
0.363324205052566 0.73652904716819 0.094155554733341 0.513998898031164 0.0566895701246827 0.221915843677558
0.318309280376959 0.478138620268314 0.560102007794843 0.179300619300164 0.347256248816015 0.451234737442507
0.524597305356649 0.0255339177199312 0.593917834134941 0.606076759461154 0.0419939910014329 0.0481119415084648
0.281407610263029 0.522067366353501 0.155995274326362 0.542155819718486 0.563273914583688 0.112740678362152
0.593664681539921 0.0366028662559288 0.476676978423582 0.113381573238603 0.414894888938132 0.48374413102163
0.0585374812880204 0.617370966144726 0.239326299549249 0.561704917390076 0.127878845344196 0.475693138991187
0.459843334760459 0.160382778434151 0.592979005937604 0.29524423342176 0.0335359156656247 0.568246034185052
0.644039035915524 0.570881736064379 0.41291562638291 0.286374857543443 0.0573216663406334 0.0592631138975813
0.494789990508665 0.334364767646868 0.239560915128564 0.366483752842855 0.156253851631423 0.653657424148322
0.490451632142564 0.0712476440868517 0.316412502679435 0.154576616618937 0.566731901008774 0.556044170783696
0.364980133179776 0.234964712035754 0.140183049076818 0.503040251411425 0.570941664334057 0.461417295537285
0.649064312073168 0.0872926586938035 0.528561832080708 0.212792671783476 0.466842717198162 0.168804787944313
0.509062343611939 0.30204573618012 0.579339312478335 0.263680203659831 0.382987384853322 0.312703178477584
0.296901937979558 0.51013042346454 0.560316829245228 0.54447198108036 0.18801742995043 0.0765568350815857
0.569254313800468 0.261994419761333 0.524069815321678 0.199749567688059 0.515791919438168 0.163456676073226
0.37867054515845 0.541250489009094 0.563896964099002 0.0188283345155357 0.491556451183067 0.0607823113778052
0.471244825593563 0.449080524497254 0.427286408614532 0.103523936949063 0.0499039330721796 0.616825513272881
0.382650950895767 0.13501687325477 0.600863029097904 0.0785557357466113 0.361702287516723 0.580786333830989
0.468090847602596 0.348583852359301 0.137061780645315 0.477901595831208 0.351460659497481 0.537289302032851
0.536845108063538 0.399174465908043 0.223268489804124 0.386750101712208 0.27258840532853 0.527947134931054
0.461865780071324 0.606189319349333 0.426776253222894 0.387871746743235 0.0140396675353228 0.293998190138609
0.211326072915331 0.488546716427499 0.514389287662957 0.157862214034524 0.171662818038488 0.630617519416399
0.529619310109762 0.529259296221832 0.322386299174428 0.289433715953744 0.275380223217033 0.419343432709267
0.589154875912135 0.0697638920950194 0.491774783448534 0.552831953011491 0.306464192162428 0.0815084324753514
0.510447693456672 0.476414599287475 0.351850392960893 0.535544865593363 0.154569606287269 0.279237383873593
0.22810345376477 0.4144915632788 0.775662870248948 0.406321244459889 0.035812806413287 0.0901840299931973
0.141413797314924 0.48296507757133 0.399540880142873 0.348883475028084 0.473840831756071 0.490784213156041
0.0802973213874734 0.0300428326379425 0.631661869846884 0.358581555442491 0.318814624935653 0.602851186936052
0.251931135653337 0.106744242064145 0.347134435683289 0.591136888290822 0.489698998225879 0.464097105868836
0.628546983035377 0.0671347345787368 0.505867430049293 0.0952160102230987 0.541307301899976 0.206009895520713
0.514438134308601 0.243225844982804 0.592991329678387 0.195836515978874 0.497147072544995 0.197607501115072
0.216192600818119 0.357350609829404 0.293123610053766 0.597203403561014 0.505482951178787 0.357036316189016
0.433852750936991 0.380448469716696 0.488294558769395 0.422607131053088 0.412966433897306 0.281888477111163
0.51545986100845 0.593809242158037 0.38693199834918 0.344962316131997 0.333894531361474 0.0386107063663346
0.665362733527338 0.0505564948662227 0.24213732934138 0.492075837713883 0.495567739623947 0.0915421912643906
0.581015110209374 0.148715188691602 0.0821769480438416 0.134147314963535 0.756974178100639 0.206268696480939
0.206462335512744 0.43833892846223 0.523744395525667 0.51117388897171 0.434743747490566 0.201552040962274
0.251203472237052 0.6243232648029 0.48049817486861 0.127762374710169 0.171835359709247 0.51998862032918
0.0371998889000292 0.726280315123225 0.0654211902721427 0.385200556928735 0.554985870150764 0.102295429362721
0.247656720292092 0.121747958181714 0.058226947470889 0.473713950189544 0.435628787587342 0.711530645146062
0.444377663927144 0.13405788640358 0.621426868177712 0.0439434451154955 0.56977053676134 0.267985319509438
0.122671498939125 0.660701984081106 0.40612133478413 0.203783024598045 0.58286922815747 0.047180448972667
0.461781953957144 0.223425906314482 0.605508920537754 0.102085088501335 0.513767046378144 0.309546919380295
0.337670173592759 0.56763152651335 0.490246339770245 0.284377990991564 0.209589176895559 0.445683032528366
0.630351689156441 0.00718329931150763 0.419509125657912 0.155666403746777 0.620184757898468 0.133251936171006
0.541849779558678 0.110324949649269 0.510162276544794 0.293051401586928 0.354406749055144 0.471676166156222
0.368310596513703 0.222881802182857 0.575802039215793 0.12211705889373 0.504737645758391 0.462006873615316
0.22499745150756 0.864627313827889 0.151377088612595 0.0687624495569786 0.399304877358854 0.121276842345936
0.0374524452681259 0.453185371263666 0.334888147019645 0.403750452765634 0.506693031819782 0.51119272882018
0.405924534226057 0.22116966581986 0.139736875159655 0.44401544455772 0.371905129431207 0.656749356187026
0.187289061287703 0.21225946415968 0.484636549489266 0.056032735315055 0.0176839956720951 0.825556631107725
0.484933480931855 0.483332557730617 0.540542095709188 0.40165480273096 0.277099525603107 0.0305396926785249
0.0962051416266088 0.780776571103871 0.217220611145988 0.0261268958810259 0.576040224156031 0.0379837899523142
0.0934030313688577 0.752770255302198 0.400985904960867 0.109350546547168 0.138727139716685 0.482307328538505
0.233892964683214 0.21747871622281 0.0322513212521859 0.683505710689361 0.372080969277705 0.539752384983762
0.109720549333921 0.119586646808438 0.0182303408760437 0.347876760794369 0.556354725786473 0.736735548229346
0.112814571433386 0.560132911052229 0.484465988266502 0.473400920647219 0.448442332663176 0.116652232072059
0.188857459152074 0.365430216066567 0.0717805084166906 0.397871155695906 0.592164324656257 0.562744286500725
0.142374500040976 0.233721900493281 0.627781864562363 0.202214376760085 0.487053152809439 0.502873818829744
0.343018729974002 0.335726406697976 0.463415898226785 0.233719940796284 0.671067370934691 0.223417118736083
0.473925990651932 0.424729782903699 0.408085217397987 0.128439604664398 0.535205743237703 0.354292679291331
0.57115223951218 0.606435126836225 0.430874711508862 0.281634428963741 0.0937712065217408 0.179603865412838
0.419707493021509 0.520997275096193 0.543151393098988 0.275823390034448 0.340011601563802 0.256334921792746
0.158637494116885 0.176576212239345 0.550875760301076 0.515751613505567 0.61134750511623 0.0211041370066881
0.0799552384248186 0.529167444472818 0.557056972171553 0.0847212028394896 0.627927545818034 0.0424949444754289
0.461279232788528 0.123595946250805 0.0400664196460532 0.510713950679713 0.418671263721835 0.578122674697873
0.351597459459706 0.450041442421562 0.467327966094425 0.0505659499948583 0.41568804553332 0.529238162090051
0.388073402448775 0.75878626975638 0.404264907960094 0.195088729031267 0.23778568294942 0.12494267534469
0.135780463158511 0.493009063201643 0.502719186635522 0.452627687169438 0.479093819811364 0.226663710020417
0.467968865122699 0.43957256505659 0.534614006748856 0.295093261303755 0.214547453285035 0.410923742968565
0.318045934759563 0.6916115930636 0.151475917637889 0.435637159033734 0.396354058663297 0.225164295457457
0.488856622393969 0.705414594179014 0.0787292617756146 0.0663038355839918 0.292424668469369 0.409026614120053
0.519898405421819 0.00486693097928925 0.405272722188014 0.172950396217735 0.456385540484985 0.572045785368064
0.0919724685869635 0.378186675756267 0.350428406080267 0.487258869938082 0.564872413054463 0.411356033322934
0.256877940721912 0.00323923693927997 0.747431184617928 0.274806540280317 0.227721137295617 0.497970184070407
0.275268981442976 0.718720883594128 0.415540686169224 0.330577068692862 0.17965663488371 0.305672230789337
0.260186764924843 0.472479418508136 0.447239363968783 0.0242596219436468 0.520761798632745 0.487095080645346
0.66149989431776 0.122569132756383 0.145591735018592 0.366444321109258 0.398301486051746 0.48298263938051
0.408402999442802 0.381038661250092 0.161505145995228 0.417229922135788 0.689550074035657 0.111231757910699
0.166037149158233 0.570202897272671 0.600834092377862 0.0667154224406858 0.149245054213777 0.509483739366643
0.346952904771139 0.53106354424945 0.595676540477654 0.0250300181242283 0.467806547427954 0.152627603469667
0.307722527534187 0.0377792936699018 0.257746325162047 0.439687903517816 0.370093505166146 0.712145875377495
0.494150443202554 0.553550157380193 0.352126415747442 0.504256757260531 0.160020603455312 0.213361381948174
0.294700071649253 0.525608060352334 0.395377927628616 0.20826416243987 0.594642390598823 0.289120727297128
0.622787059932443 0.0202181928537206 0.571025417669108 0.21713651952709 0.430089879203681 0.231369623607938
0.334026672728905 0.828615384145487 0.32860548578824 0.0358877355806869 0.0483605849551847 0.300357263988475
0.422827762475443 0.665458604390372 0.160542283797379 0.125258230801842 0.28701850395092 0.504518045506917
0.419432512739464 0.379140737117307 0.209111716078337 0.579167032447393 0.00146190092078602 0.548784447926284
0.236579949639974 0.323446558406201 0.457381919086451 0.398172554604313 0.0224700091525434 0.686416598593658
0.487304425734501 0.339524170424073 0.338035739101972 0.477506183539738 0.423911517871344 0.353944124325469
0.638622290284791 0.249682432234721 0.479290946761104 0.429635649806187 0.247297991594882 0.233146635202742
0.50721777293393 0.411224845837157 0.431660663145872 0.449834378391468 0.320248480926113 0.287024861920173
0.408858627169701 0.663658804296956 0.523575509473564 0.264609012861966 0.216716855909858 0.035723591984868
0.241616989183004 0.468256682642515 0.060695343355904 0.421554217476945 0.122754660180169 0.725187093187081
0.36908965299732 0.419238806855005 0.545821132727353 0.469931797538954 0.338857803783583 0.233303314211593
0.754941006420426 0.00146650042299046 0.0503429907267635 0.477103167230769 0.438100174980594 0.0892654131590204
0.56409174751022 0.540373632204725 0.483995458728807 0.184218582692061 0.270586315816408 0.21998134789673
0.474655101052886 0.615186577295083 0.509525853233065 0.0601952965389694 0.286158548585087 0.226100036253457
0.111453355003777 0.0895753793617169 0.833923904486169 0.398276982838588 0.248584699944711 0.252401296532998
0.43657397664275 0.116351583873736 0.567588981043526 0.263877057897807 0.45985551217554 0.438873588500549
0.52157794696412 0.408935427414834 0.192482172444927 0.462535019808137 0.417662114457872 0.367829564247204
0.300181205702269 0.636343665227655 0.501020249285664 0.467924027171485 0.0709302310956111 0.173068484669622
0.117255963789995 0.643561163336067 0.14974114791542 0.144789946311868 0.568877745193256 0.452848362140157
0.282487952903282 0.645818496458517 0.0552226967691581 0.0624778332179936 0.262643235770836 0.653593551772296
0.50203918420166 0.442711595406916 0.360559053628588 0.516653666006505 0.320471843595604 0.228751079842973
0.391047602814915 0.228157628746059 0.436772365464669 0.168013623313458 0.666534611523811 0.362985955053315
0.540176048664519 0.278343575074583 0.582777064662613 0.13510889802173 0.160662176659199 0.497030013413273
0.361192291814762 0.312357932600562 0.749340231926797 0.115568377791404 0.178135283207045 0.406661576771651
0.122769092658208 0.540547907654365 0.29231426685313 0.184777281977332 0.678395916683774 0.33604228172112
0.240503762359231 0.439908331893876 0.416087349975641 0.213981529027493 0.509562501059391 0.519680555496166
0.153697682207186 0.41079052959359 0.727059389441127 0.0613908655727619 0.0840362663381741 0.517862795603255
0.6100684726506 0.285091634403972 0.495043329173824 0.540658862124398 0.0239461626335492 0.0926601155439163
0.0558742649799016 0.546354458212545 0.0839599666145342 0.213920040661002 0.438310675278313 0.673385153274842
0.378679473195797 0.173308973452304 0.402447801126295 0.228674253879613 0.679586365945052 0.387907309165313
0.57290260792491 0.54921317786051 0.0509052345543691 0.565489890244381 0.211369388409543 0.0556804262459857
0.479675219621775 0.0347354175426051 0.44459035390131 0.431038909318931 0.185207643954766 0.592408760013491
0.620776081656879 0.0937137831238122 0.291981201190136 0.121103976249177 0.395138940912511 0.591439604488994
0.691121645939472 0.231755352737861 0.226307163300545 0.36026297686912 0.441065342069439 0.305118577527973
0.255831648140161 0.670225390022516 0.0938610665502111 0.435555551242112 0.0898313215670982 0.527977168079076
0.532679466049882 0.0450033070322279 0.489861794327979 0.493331458546704 0.187848103115241 0.442266744654101
0.616289972382955 0.56617599020692 0.0514440573199928 0.106690047304665 0.198654395390681 0.496123565271777
0.175955633724096 0.394990347929197 0.128350335558356 0.549511929379971 0.329369931603974 0.621369872933889
0.242667700972651 0.463664188787822 0.524884949674822 0.297439532817792 0.453252971544448 0.395872662163604
0.676088359042106 0.424499656689402 0.165150443703011 0.221163255156169 0.49153875702134 0.211911226926924
0.367498354905631 0.762135674664989 0.087843666541643 0.287232253616791 0.207906794710884 0.388136651178917
0.105142058129923 0.636011009390811 0.488070040863759 0.376599030259265 0.297878215982281 0.340094865600952
0.453320563094335 0.64291124015671 0.181569458897789 0.562497069583449 0.164420925219882 0.0689995797917016
0.648079275527174 0.565176243472882 0.250824083613814 0.440411030967422 0.0208211069284915 0.057104735651517
0.21116560808901 0.10208245625515 0.63057144971974 0.428889461530446 0.505403011231634 0.328617605903549
0.406776494442207 0.510880482629432 0.327069363578532 0.678016105055723 0.0776549698024721 0.0286969405338954
0.481448655078778 0.346602395843603 0.442607731476675 0.140693250794387 0.477136092548352 0.452458756268435
0.16734111197976 0.801587629832276 0.147232784817405 0.262265303827393 0.415696574173684 0.257274172129169
0.0666838262695073 0.266441968337644 0.557509882359265 0.147478623840646 0.205840282178981 0.741366649935593
0.612063372080786 0.446893509218819 0.365412167501848 0.252382972783298 0.127634054169157 0.460598470559986
0.0966320685884052 0.321727940117441 0.575460345795071 0.08182529593113 0.472606265608327 0.570917423923167
0.625820431873425 0.090995797542416 0.602304298158247 0.20217121698337 0.360220188286539 0.258198178292866
0.19278142064215 0.58752446381541 0.17226092285401 0.432734813868942 0.449802165683388 0.445415643352858
0.332685277682647 0.45388673383507 0.438707186243044 0.0515873943814095 0.0727469937613061 0.694902841582975
0.609735009578965 0.265501613953848 0.401844945086898 0.291387331694729 0.093504760098738 0.550093659258542
0.0252141764507503 0.639478414517052 0.249900180249634 0.721956507534117 0.0518341178039584 0.0638241963873722
0.22403918252547 0.489618536097029 0.232644582918579 0.588495884358738 0.267605101441222 0.487869588740292
0.417368257503338 0.394677003025998 0.457775755026463 0.543510344582491 0.292193194280793 0.28230267722571
0.436571319646225 0.284431986378204 0.817440801296811 0.0361675056600116 0.0674336848253301 0.233321825056598
0.668909719681354 0.0752490864404973 0.0805046866177414 0.0471259876098475 0.264661390898227 0.684214766573971
0.521223309725835 0.527649982574346 0.36277819488439 0.32970979686174 0.457174596884582 0.0242193398129167
0.205976448364835 0.221195314031754 0.212605904864776 0.484323450756302 0.52939815125802 0.590434973115694
0.457765820020407 0.2901429984936 0.660078592916407 0.0807023117187771 0.452241420860685 0.243984794118068
0.547501653241318 0.783986352835502 0.066484853967901 0.120516880543485 0.0592364191279436 0.251304259039801
0.129543953752779 0.683413753486438 0.553782258311334 0.00895945794800557 0.435721078075632 0.139843077072706
0.471851724267185 0.321715358081567 0.617291485786139 0.482224681234436 0.227003793515049 0.0934614080495135
0.226206414832395 0.419531777312671 0.29184153207479 0.329196567364954 0.510465093989631 0.56454164923686
0.0728818533203758 0.693446108568356 0.149663064006198 0.566133750429989 0.163454322046054 0.379732746110744
0.489652945840922 0.499595005801317 0.043819753107105 0.547464846953381 0.391312158112199 0.236393080078936
0.441519181336224 0.279059445062602 0.44257108543621 0.41415901111822 0.567263302102564 0.194941356737431
0.888351426585908 0.323209268476067 0.0442362815715784 0.0145235257463614 0.322792473882604 0.00217923181649926
0.230450216313763 0.519539519434584 0.593726230816687 0.513598566712774 0.0586594362808269 0.239240738990313
0.492838225722197 0.382815225237657 0.18279813255659 0.102664735096406 0.119091722716908 0.743252946899617
0.479957754399664 0.370990332248364 0.539798587120873 0.181811455215705 0.479425667532134 0.278782777043176
0.101842987172898 0.204259147100658 0.381595008091046 0.50199784002984 0.407577085706629 0.619814927540209
0.236582287287793 0.0602766465641359 0.560003147573426 0.0390775224823097 0.506011924924606 0.607632208658539
0.156900981101443 0.561774112829735 0.365436380425573 0.392165866807586 0.222624514152648 0.568236252587404
0.0144523031042245 0.237213744230698 0.669422041044491 0.0418173791462456 0.184005830483967 0.678076737984801
0.0127405398112745 0.545740307637544 0.581324674793169 0.252082142140666 0.547316486578514 0.0310817450401025
0.616341587972453 0.0507180933400206 0.441870972957255 0.211823951702948 0.343015280808194 0.509678227726454
0.441784543255569 0.266569320564042 0.442152825267399 0.625473996898919 0.382007638716102 0.0334744223010587
0.767188489791778 0.118896474465467 0.0226244792279915 0.343222112650964 0.462274135332184 0.2554893101886
0.610142308463812 0.4035592748348 0.179003217954505 0.121665922143115 0.414439776830114 0.496247113693635
0.360581804482045 0.435343344757095 0.431507380972285 0.54121191418196 0.0262724415150085 0.447948364639225
0.446859940922588 0.400349374762295 0.0637199308883549 0.00770517344214061 0.752619265210254 0.263592893815988
0.00193591224572687 0.277000032186698 0.170865385994707 0.219980248074179 0.152081216609689 0.906946662319766
0.372673812321699 0.161622068325182 0.5439152536431 0.566838936503731 0.460781860520306 0.0743130578904431
0.0238831412890543 0.628808040989848 0.334400872042433 0.273709141308705 0.00337063007052263 0.645970622198035
0.672623052497936 0.594103290443936 0.15331333388822 0.155014576418658 0.131664061790148 0.360207699965993
0.344154368621952 0.44978531968106 0.271434064805272 0.72180710315227 0.0643368492525793 0.283601411999833
0.535154503747293 0.286718628272754 0.505350118188559 0.284346345252659 0.162779169560735 0.518337188773641
0.288753818060344 0.0430148138932295 0.708592230443407 0.343447668052201 0.533542022279431 0.100222847036101
0.164345035685111 0.400899390454784 0.364134062187039 0.596145839267248 0.205388755655535 0.531133100181515
0.0349546674318348 0.26537402985176 0.675396604942666 0.434685118336104 0.15760543146184 0.508334139526102
0.090567334370156 0.293996443055925 0.123455234547426 0.588335925595666 0.647301727580406 0.353530432358095
0.297134018256047 0.00159787580887438 0.726369133470133 0.232785019128486 0.573084085711386 0.0385028505887316
0.141566723729489 0.482962966317312 0.466419019242991 0.344033976919476 0.626568726078639 0.134948837016287
0.578925470082473 0.622534443724066 0.31265489432936 0.315778312237793 0.268167884657527 0.0889557568536754
0.350481534340232 0.516781708008779 0.558353027061826 0.0341007557297225 0.338957199143339 0.426950129561412
0.258159153722373 0.517431989173653 0.126558983261294 0.34573761153651 0.591601358670851 0.424351444056509
0.431927956175735 0.503371138205173 0.140883161475531 0.465196435523531 0.417435129856912 0.386714185731639
0.0994483465563687 0.548554376396751 0.526424827669408 0.58862427677406 0.255527037164266 0.0173901520026831
0.544654976283451 0.0175457600798651 0.442434930570725 0.227312857986045 0.66803236029495 0.0967267569845339
0.012378618384643 0.320184757404232 0.67219712796966 0.626797091977531 0.186809583417273 0.133068016871809
0.406356689072687 0.429491454721367 0.0285839615198329 0.185099707034378 0.537969208908323 0.570895364697754
0.539082054459918 0.150712639768044 0.52710377196305 0.515346926015046 0.000839576622432503 0.378490017455791
0.39884158039349 0.65737382902979 0.193356774753734 0.52760091580032 0.280527177978284 0.119749640396007
0.682767255126755 0.0733729742166694 0.381712119962287 0.560729815765146 0.199838494995606 0.168486762343662
0.258503559007056 0.11714761348596 0.345445542610917 0.655544140746161 0.0583629591672822 0.605784919138876
0.167533844991794 0.182440419619663 0.0823418586002695 0.561511369148618 0.542494990770294 0.567689959132186
0.208959858968437 0.0232601949998904 0.26245305811115 0.28403569940281 0.676635966999578 0.590254709920951
0.615352215012751 0.0254723173785188 0.133531492550647 0.116780028025571 0.477921577468529 0.600679235422539
0.63040827333053 0.00764262701177376 0.10163831363039 0.324716594578709 0.217435706236017 0.662930991303016
0.498935117916443 0.517619914986478 0.425175416169923 0.341759029736605 0.427300032966142 0.0545406694537045
0.0425200540243743 0.587759869805753 0.340988531826471 0.0303237260896694 0.321957894812972 0.657176374513079
0.225555320626819 0.564916170651646 0.62578824198817 0.0191360031301759 0.241959202227339 0.423642716807784
0.582396797204942 0.200144820272815 0.399520657860127 0.379507663526435 0.466056450730074 0.31607686331649
0.189824268951042 0.426429681413446 0.596186003320283 0.335181000146125 0.202188970819893 0.522934068876425
0.475802396966019 0.0630139872577009 0.42301272760154 0.340821744748919 0.0149850904896217 0.688707146839426
0.732797222125278 0.301156124278734 0.256628192661726 0.004013046787809 0.527452080624865 0.168027940789749
0.552089657441838 0.482092246850234 0.332542621497702 0.290467282345373 0.516776823113868 0.0277480366749594
0.510263713326553 0.58921259941885 0.064572874911397 0.577339366160929 0.129554603364537 0.195408956810863
0.509854051413915 0.254927127094832 0.419107791363008 0.593722882189692 0.340469121147879 0.1760215386138
0.158491758061352 0.255526937023519 0.596030313545268 0.257527991490252 0.459922180169474 0.525818537334207
0.0139979268565308 0.412078214674013 0.480775206968285 0.53077530644249 0.536411732326019 0.171437542251632
0.349050741828741 0.208664797550927 0.106326886987564 0.730819568438321 0.0657114810931814 0.533762058070388
0.538124505119111 0.560273453868427 0.134058944546127 0.474275944825249 0.372357071968345 0.122296411979713
0.286688946086072 0.0380823518048902 0.0516604083473505 0.680976870205445 0.0604435128156376 0.668062473789804
0.195312852844369 0.127505053365289 0.502921063512013 0.513281164657227 0.308199387056935 0.57811879279427
0.39292942907069 0.00882756121088124 0.500271789850103 0.509698931036877 0.528766071290314 0.236368601479754
0.105529575075914 0.236615741429402 0.476432963224348 0.640987195918228 0.483039718674531 0.248387149621505
0.0078400882319305 0.735951290340915 0.316774017371408 0.555329913076152 0.209641361560876 0.0750176002426967
0.509337100553136 0.449910482205669 0.39148375086435 0.565344128360785 0.234603805400645 0.101211757371791
0.81898215735746 0.236878403547209 0.0487740546082158 0.487350921532663 0.181704461138681 0.0158274301036728
0.303810439589924 0.609037665296001 0.457752391629583 0.477304672886558 0.0263285059536098 0.314200805249249
0.187342323726938 0.595271666956504 0.511400226072318 0.0156050764648674 0.0396901705693354 0.589241442009387
0.68343955325125 0.534455396588398 0.18768476667856 0.0384998822010184 0.161962156848371 0.429334663503445
0.0957538184653178 0.671662398094824 0.444740899975406 0.115794330565637 0.414255883736751 0.396093545671002
0.445173623644366 0.0129497119797397 0.0387113744798905 0.663518383892664 0.581324492066126 0.148186937404722
0.64130220431451 0.144741213980035 0.346402225575804 0.633446136639534 0.172663945822952 0.129306286089903
0.306827019029522 0.588794660185785 0.355239950908507 0.115631787329027 0.522299739771448 0.383164295573657
0.636730040804793 0.211707641862836 0.295232804986961 0.608034965222869 0.0402462430292363 0.302102700023671
0.229560795058053 0.409716974794678 0.257416170609948 0.601007566895922 0.243294990575746 0.541080593941894
0.106618301478894 0.401631216153604 0.389286108262451 0.365868145246263 0.687346769854128 0.263583285091759
0.0681706556239876 0.103042951840232 0.106322336843703 0.712866459233182 0.494862225275702 0.469428654612677
0.300191761171766 0.644082135433954 0.051092930012856 0.244215577638452 0.654812465967207 0.0633404128088443
0.341878660336536 0.237702798987548 0.538660594304878 0.333501294699997 0.280163935077846 0.588851578089266
0.215619700688377 0.597125913927487 0.319477022538774 0.121052606645307 0.558437587773861 0.410337600820063
0.331904845787762 0.523808343288475 0.572529041436046 0.476123591018366 0.15923250792533 0.188748043835937
0.415825698790764 0.315957377161066 0.313869485087406 0.0593516910648922 0.647204709520238 0.454256877896418
0.289726321337309 0.215759830307837 0.465221080459594 0.471446988489285 0.0397146582293478 0.655161189030609
0.252765943448933 0.233625319594363 0.492909804242806 0.326168606914697 0.707150014283238 0.179224467974281
