0.0558076467223292 0.546942261171991 0.133261136720769 0.421127619257344 0.483364498843161 0.436972335397851 0.0228784662923106 0.278429851821018
0.168728503618795 0.503432611740698 0.0131117509314153 0.320506921854439 0.595795392296967 0.409093567592618 0.17000177447226 0.252901942819223
0.0431025709400037 0.564114601326877 0.288384486740125 0.277551826973526 0.0255192822473959 0.382261288584138 0.545155563075972 0.275221259408436
0.017304009795005 0.254340180285031 0.800514848505361 0.0632350511676123 0.0218341558275951 0.360140784109828 0.0731185473842723 0.393274093797607
0.150599827458712 0.438228117110991 0.111775081305107 0.466445904034064 0.286751569456749 0.0675146810830232 0.43101108875675 0.531653181851583
0.367149047223049 0.245026628280606 0.24118398847905 0.0287776926681712 0.675015598160057 0.0801543319112972 0.52839632355215 0.0699443152495309
0.42908634697053 0.0872545498633698 0.447378256656289 0.0473971008544113 0.495790249349393 0.375870118635677 0.405520846156699 0.233118610523969
0.351560083907976 0.403020923061765 0.202521259503566 0.286648587600925 0.47178628116782 0.027480421425082 0.435929628737532 0.421218778999038
0.0790125112417297 0.441011694722763 0.319667354694709 0.593855454161987 0.30078516233108 0.486663131073098 0.130765418126463 0.00137057921497896
0.122417852583069 0.51545976235444 0.380511575526353 0.0750897922355555 0.185339086491953 0.090473109125776 0.255243022017353 0.679118992526215
0.193073202765193 0.00146318040185289 0.0101090476578695 0.50096967810798 0.051441459318716 0.142873029154691 0.6092219957066 0.563415849971876
0.087986664506648 0.105976687624927 0.415608277496309 0.201077445999415 0.666113246014242 0.178703156946244 0.428408721024263 0.329680454179676
0.398230749146207 0.507177479900246 0.274087257626649 0.104121544030244 0.333183763044826 0.509254465822911 0.354226115929707 0.0488925502301959
0.59121539587926 0.0648864638348725 0.612876096662965 0.474087010687257 0.0971391903091557 0.111528716607412 0.0275582666374461 0.152461024334252
0.418888907160552 0.24882613995888 0.217441050073745 0.435670001847639 0.459394165943191 0.24677095069727 0.345559866161876 0.366303360415134
0.0118187873387822 0.432843790050872 0.023912414520283 0.440310347362437 0.407907917511733 0.247065554265812 0.448117521740457 0.435685659109153
0.655542128598746 0.165012043273414 0.0847650183471153 0.205358110402082 0.651745925099064 0.176420260166908 0.00605116722970422 0.194280739287817
0.339101991024135 0.304797496910015 0.255545686592785 0.242219038409431 0.166422321798264 0.467095310163456 0.393004306734311 0.517501557461959
0.353263099676768 0.688328585185413 0.562577822552956 0.0877623751686286 0.218130159512436 0.0955003581212591 0.132846947559323 0.0535117177233794
0.443727896793899 0.349093501915514 0.423019382291447 0.37333137571261 0.314578620417095 0.0932499138249846 0.235429254768733 0.447029504382729
0.0617222611091051 0.211932232292223 0.109481685690112 0.467002519982568 0.496559884826986 0.362669344122236 0.0499153792894184 0.58361389698374
0.433977769183004 0.0465084824928289 0.232530028688214 0.0695463059870951 0.340186141951724 0.147953255091145 0.750994304749107 0.221323589703642
0.565007760284049 0.299070331794844 0.142409729889543 0.365185727109265 0.360924852949213 0.162444086534825 0.301134579677833 0.436285634880523
0.183754260160476 0.162533651858363 0.0723388501478792 0.346517521303557 0.312124461599196 0.0797462367778449 0.642149901217615 0.546234605854273
0.143428981933185 0.426638627910885 0.29087304402484 0.0861073881331458 0.333692287642011 0.602567388484155 0.157314408604933 0.454092693878073
0.480394256056462 0.119774568521934 0.0445167987603966 0.284340837560959 0.401018622482174 0.0463575030718335 0.414245739107355 0.580929830676173
0.143181162026755 0.609945564095293 0.308814424051451 0.155400444048593 0.381092132379454 0.352026406489342 0.462811211084249 0.0678372746786453
0.417429733182283 0.171581948014642 0.105599631988474 0.599962284792082 0.336568136888425 0.443731223014803 0.213714575248 0.263356410215587
0.319134907397789 0.171912578760151 0.363520520171995 0.353152754650538 0.285747830636367 0.0975601494262635 0.55886265731927 0.456330652296597
0.394311906077664 0.399170913426623 0.529340618169029 0.388277064039392 0.0448775622892542 0.416629290933564 0.0704785618735317 0.27140181420238
0.441604029648395 0.392862135356749 0.573093724841095 0.34236575998683 0.205309649320983 0.0187287722314278 0.138212572151187 0.378667345335436
0.502178976863331 0.461358994133871 0.44403587293216 0.0707607220543166 0.293941189915983 0.200902190430773 0.221586273396 0.396138394611496
0.436550389359421 0.539853694387721 0.492847406554909 0.162630817547319 0.267508626714327 0.341760443459248 0.0261539489755516 0.244109201209203
0.246117683732926 0.0677277367680311 0.0898573163905872 0.0449260881787897 0.342206631818326 0.561858073363735 0.681149828544216 0.167306265058985
0.00477104656334204 0.121667779510845 0.0925832344183902 0.817669656833299 0.0915343287269177 0.334693770216492 0.090864783958491 0.42351387630312
0.311394983283258 0.0488673289793796 0.5402313991763 0.0760487467663572 0.0374110498697947 0.606855220589853 0.44283174069504 0.192974029411226
0.587857575419139 0.321126565904486 0.202001591624413 0.294531581427264 0.0783328528838712 0.570035876462895 0.289479408626054 0.0941936298358019
0.258073595524356 0.318163238135148 0.585359704070846 0.185176158489888 0.273449268569059 0.0426059086767923 0.470978335466753 0.396009623564057
0.371824958044224 0.51572047183132 0.357930188905713 0.246898444210531 0.315457885417245 0.191188182573378 0.415516717958011 0.313025545436155
0.448437719369005 0.48013003474606 0.121652161994962 0.37087576283114 0.432054118096718 0.0373110253815018 0.205037857397205 0.43119286295445
0.26223252100577 0.334476907746148 0.496220626605399 0.175032525168131 0.464276428104511 0.232173540866144 0.327553088201334 0.407111566544244
0.083163611296706 0.602111216844254 0.453743125930113 0.387811077478235 0.353916984397367 0.197233926359919 0.125716857363548 0.307087053431301
0.284441017849002 0.344645763012285 0.447309158033552 0.287385095516207 0.438160564441001 0.367347699607434 0.409374212497839 0.152054828666513
0.0226965004506671 0.431086998883846 0.449626741612947 0.491500248720528 0.398071547875103 0.306162009140317 0.0251892539602389 0.342171792249458
0.0919391727280412 0.344111132368597 0.348234624714889 0.451474612186711 0.555565611575649 0.25425262151942 0.199796329218501 0.367181045690698
0.360502323322896 0.253972606026026 0.062868307222497 0.531017264288098 0.388808840615304 0.462967815759393 0.225287536153124 0.321462663969735
0.347603956589993 0.0464388566884425 0.434868607024436 0.380173908024493 0.451215701546382 0.356560969716751 0.178775359439917 0.425064762882375
0.503077472213754 0.0913944155760416 0.408649578300058 0.0994308518328404 0.48509631976902 0.419588295449292 0.387484002682216 0.0127481820426586
0.484380268496186 0.0620245003017624 0.282223288494054 0.461270165107851 0.359143397402927 0.490887721678744 0.229813238848811 0.215266595466207
0.180702887219507 0.49136174950446 0.586110352213172 0.275704304927754 0.0711041879126961 0.178056336710015 0.292063866930305 0.429314246210987
0.524161390765629 0.380941374874725 0.227364104490135 0.478557856861227 0.298490370954782 0.0392490171383973 0.234085982884222 0.392419689469143
0.0764744235675624 0.616834988366303 0.0579622430805773 0.40566102206584 0.34536218910548 0.431052418678933 0.368644331731048 0.0690355023926064
0.227886465097278 0.46057329384965 0.412839828376695 0.420560178552396 0.0132694323052042 0.299817344238967 0.333598924143084 0.432755880849927
0.370488199343476 0.419170312334738 0.283710025129038 0.401620425740737 0.0878919825854173 0.303212970907904 0.554631305436148 0.194847138480754
0.130999594864662 0.459952331660509 0.266123643351094 0.270411403983414 0.188308237470678 0.280864347904611 0.479870690157042 0.531712501541596
0.183757207892021 0.322391399179247 0.428415364451521 0.487790339607607 0.410085987655067 0.102145851994871 0.172025870514594 0.482307725309526
0.0834627432501033 0.275678174713351 0.290484678129383 0.329927032458926 0.589266028462814 0.437158434532528 0.0376377215536925 0.429003231029529
0.621249114556088 0.326417395993505 0.039108589070278 0.339906859456773 0.325842694353429 0.156170334805192 0.249196937077244 0.44471712135459
0.448878552690241 0.23801312587197 0.528835294307647 0.472354460849609 0.0917218916981775 0.397863519849893 0.0785637018216834 0.257277574944693
0.542539320228008 0.394552288114058 0.484436558106832 0.217381054806187 0.0741477285334873 0.0306168374967959 0.486226081567987 0.158729951015899
0.464416232701944 0.244753952993738 0.299666739536449 0.451570316811676 0.412920591911443 0.49204330767939 0.0669077141101398 0.116663985115597
0.437224429159475 0.386336538055562 0.227973080205415 0.368560473768278 0.371885526967537 0.18378137401943 0.377888738656236 0.396100987601873
0.395758709240159 0.359522134626261 0.224495714741217 0.385137468749867 0.516641487089079 0.246436709514726 0.40235149218622 0.160790179300778
0.440445555986213 0.218617006401361 0.18328373752254 0.0632037645713195 0.315034694061435 0.00390953181307774 0.194651218767472 0.763855635941009
0.317320911224753 0.453669526648311 0.420020351912018 0.313348785720263 0.397247064935465 0.0278876484794872 0.357457075176443 0.364044406942719
0.241927770289454 0.29822285518663 0.36685705486183 0.361342360973012 0.315664853557873 0.41842932964049 0.446272462885688 0.336890438075199
0.189818619724746 0.409286480202797 0.468564708987498 0.206975627903668 0.502724228654831 0.485986301355027 0.0133754283809379 0.212057620491776
0.14222582517934 0.187059519047842 0.518095266968315 0.384521378537326 0.332858108543196 0.246729575789126 0.486711370871712 0.346328156883863
0.458983797712469 0.105995194678234 0.0309891695915165 0.0176462721094786 0.604639785859607 0.110724541950571 0.554791362849523 0.301967749046621
0.154345946376459 0.256891585093444 0.0218120844664065 0.258874302451758 0.501118215494432 0.42897744904042 0.470449335498684 0.431542206383079
0.00804944241913708 0.292880541820156 0.48701974664066 0.330721217950251 0.31388253313525 0.365388043981171 0.455532197220176 0.357842405373391
0.0295236253262835 0.463040531407907 0.38700745875043 0.613593117351231 0.424419061778817 0.0133882510467127 0.27476131795637 0.0514389727676055
0.364589157251715 0.450481310345183 0.0294338214985992 0.189232270671207 0.503219863993806 0.410519989374159 0.452880979933519 0.0246588352022356
0.37914499802493 0.0967037796712588 0.483309571187559 0.346080211775774 0.493918378515899 0.390273825974686 0.243766314276003 0.194542424764626
0.352824664244112 0.386186514636097 0.302607912356954 0.758910101871472 0.12305519409062 0.0378853533012894 0.1869603403458 0.0855955093506042
0.624620593424088 0.299361964309501 0.403349056627464 0.225491136366643 0.312553541037879 0.304579312182771 0.340182713055323 0.0226332243921294
0.184078200690982 0.271886636790502 0.0194897613022897 0.480904651054707 0.0943426897060786 0.424108361081924 0.411612428897604 0.549864075840469
0.299923358193416 0.178251301034911 0.618276243251761 0.17958861986122 0.184448384521944 0.485946056793511 0.428278470176036 0.100834730395501
0.608807710470091 0.462766373460884 0.187321190403392 0.108465635103152 0.103704241395179 0.0340415540754575 0.0337896600543794 0.59606316333065
0.209309342180171 0.323641504823599 0.421420464325315 0.478992448670542 0.311184127449766 0.43754326586377 0.225797622997084 0.324272362013038
0.508643363386891 0.134145517089777 0.615066849011797 0.00538487222628847 0.335528004852583 0.211427423429554 0.235797974066404 0.363413540656865
0.303750762695687 0.579824157530439 0.439781923700221 0.248115747115682 0.260332871473151 0.315872725751505 0.308320973081875 0.232291305993937
0.31112839879102 0.562878418871068 0.445311663102554 0.448180980741205 0.196015042879025 0.086046373704182 0.302467207295287 0.223351850876851
0.0688734102585649 0.347883563500933 0.373824561074745 0.312791452807761 0.101616937949498 0.40543414168859 0.541764067184999 0.410413248293844
0.120613617360764 0.133795118623575 0.623225688630237 0.489743179004521 0.257126658193743 0.279141369511681 0.439111726908398 0.0493907881527851
0.505721142289982 0.285598530312023 0.336522875624786 0.0341005932675219 0.507731724923996 0.105719668281496 0.0216059724517621 0.528047477641096
0.349354357429994 0.24464543487439 0.391456909775638 0.324401922048267 0.360290604044416 0.333491752175626 0.309296894167193 0.472159282474425
0.349838016034551 0.198900593649237 0.396813294865979 0.104029323835822 0.541626342490082 0.270836167260997 0.465704162001594 0.293559762742513
0.510486155733756 0.174648132509666 0.408912728303372 0.499497663063676 0.153683868492713 0.0351002348513227 0.087128135788421 0.509659013334413
0.518255879643021 0.233151597942238 0.0457019858490455 0.0467902384146633 0.327413454270411 0.477944440932217 0.316043541256164 0.487092598020072
0.59671228791575 0.556690842627232 0.297513232569767 0.0496594231496875 0.206585716776615 0.0636539968534298 0.413867499686442 0.158220644466613
0.313637534316408 0.430297844040511 0.465866636881756 0.0926907925129854 0.352439026300053 0.360878786022566 0.418317291526739 0.247822182734096
0.347579902209831 0.369568275433741 0.133403316328063 0.258927996700527 0.0155991544271591 0.273562473156594 0.667335940137559 0.370608056782886
0.139000715093622 0.52405179230488 0.096243637529331 0.0175471890952847 0.244496722338748 0.469125330659577 0.296081695927163 0.573547020575932
0.256420294879627 0.01062841450692 0.622478593864641 0.506792206549063 0.10390181409978 0.24362566694185 0.453803795322418 0.117178460158973
0.214117536685042 0.553904566015196 0.574713705982096 0.162322017363664 0.0873994800787691 0.000993893900711029 0.532032872262926 0.000704950564764162
0.105329766481341 0.351006593658262 0.43551052217824 0.509425867201154 0.203467358807198 0.298823894597873 0.525106761975274 0.100419544138691
0.527451819232293 0.375231243989154 0.0148760473605722 0.471508034011096 0.375697197004158 0.352956009429952 0.264967442153186 0.150069634403877
0.54999112057758 0.111547640017676 0.158096678833537 0.347726811421256 0.187021502691749 0.696338713719418 0.0840715973853802 0.110569959177408
0.0289850771721798 0.360097448240194 0.371813735923279 0.443803976544118 0.341939547095974 0.297364007357679 0.367583762844519 0.440245885622652
