0.00727053139773592 0.128935619760765 0.161677194549211 0.533382536595661 0.414816413323438 0.313159089814626 0.589650754075814 0.226322249024887 0.060293078090878
0.101615991808904 0.316315797935834 0.293613505738703 0.432747188106499 0.292699879349528 0.389041351107103 0.3984325512615 0.106114714713401 0.457279196763567
0.51060481978549 0.464420863172846 0.06182084635233 0.186707137271314 0.170495850127926 0.542242630076585 0.177410247224 0.0607010206143528 0.355892811395407
0.253227344042711 0.494811662494514 0.227803912302704 0.306254508215014 0.435191749752431 0.52086381014662 0.288804489721331 0.0274740119787561 0.022294892590174
0.184280907427163 0.304557563406783 0.302554092999043 0.430951997946056 0.464231257117765 0.507608655853847 0.0922064780423536 0.322380258386696 0.10207037195992
0.432336487006684 0.237806785431115 0.169980028482491 0.329377524026468 0.375848645964777 0.515925196597168 0.223062907554348 0.147648056796989 0.374369214585033
0.218192362940862 0.13780088228999 0.366514340618136 0.467198952934718 0.379050730245549 0.0888388856686612 0.272682817367649 0.440256480009029 0.40130025580394
0.358798278745771 0.0360894990399171 0.13302889926096 0.0364484788806358 0.364669907372555 0.565817930041252 0.354000170033402 0.13769281113056 0.503514311273113
0.126845511111401 0.435249954383438 0.220846726186179 0.173336656705913 0.377168091628616 0.343813704302839 0.418707405391199 0.49988745769515 0.173152609554126
0.13036050816186 0.028911949929158 0.541642917706291 0.126277177965546 0.221649480100489 0.556419159240344 0.44306043459778 0.0690558357741693 0.336221996793426
0.424180536888987 0.187919371812893 0.450482047342504 0.0518857439513393 0.427195446007245 0.361562929556666 0.387977066188161 0.303711057736339 0.152120560150544
0.502544468280967 0.00312150419299784 0.380153214753721 0.0863424164905922 0.286441092344818 0.533991593187033 0.246486857087306 0.0347999775655763 0.407805718333238
0.159255056147715 0.59497126658138 0.3025861091149 0.120193203716161 0.0591514265684719 0.366484945976023 0.0386331005910586 0.12678004032284 0.599388402796897
0.263484696412152 0.189352488680369 0.194243645063562 0.0101055752590874 0.408280912654186 0.570566017883272 0.258812856052398 0.170115959130698 0.518388189562981
0.35611246630684 0.525368973590809 0.0846196069840304 0.219303258286944 0.239188543788482 0.561145891828688 0.3857657687766 0.0812112421945744 0.120044118277999
0.22424210264766 0.299309981020471 0.0929219863562115 0.028796524835887 0.179263464908945 0.55101293362814 0.530408710757106 0.0324601503204943 0.482211130717843
0.478386292791121 0.406777438047017 0.259786724749469 0.543838877299006 0.377175847112514 0.0284297634708635 0.133504545439284 0.0890091015957267 0.271316879371139
0.20848476576201 0.412642093229822 0.255879644861405 0.297185788764053 0.36262664494903 0.272304464104417 0.392923338285482 0.419716405554072 0.310271500437179
0.360185259449207 0.0854009243987214 0.417128903116361 0.262164828237064 0.00295319865656762 0.264572135332558 0.613004025959847 0.199228392384305 0.367114856218016
0.357399960412737 0.280829196379043 0.220710833225364 0.446998635397052 0.260994987857692 0.496880748858398 0.373418080300534 0.0344501025244764 0.29873473898429
0.287050843374054 0.239617437875675 0.572682782745575 0.245310407438371 0.312655620385328 0.252746988165691 0.515821363720878 0.202283283403109 0.058461509840027
0.48707336728636 0.480125929988407 0.173755616598969 0.00659413518385366 0.304241780854285 0.463206802159756 0.134349379792251 0.282133300068837 0.311819774343825
0.191511468449525 0.540243916779963 0.39106418308463 0.0935323335040653 0.00905797440092071 0.134923547031417 0.484247179609379 0.0429557671237171 0.505127148151408
0.257708989866685 0.153695231908125 0.513077956142161 0.250837594074674 0.0735640972007522 0.510036200598987 0.0748637342106523 0.526300265542512 0.188812642643225
0.101445003898918 0.498840031410512 0.440125956955428 0.0703136969479654 0.0743748578380895 0.444441330494275 0.38056728711569 0.265188304665827 0.352131577109746
0.269421685836785 0.227995249353381 0.32106181787243 0.356793801991812 0.420023336597799 0.115098467079917 0.36573261521373 0.4782301653006 0.304821121631068
0.237463315805819 0.481113385539949 0.222501332746892 0.407419991250007 0.46850291057535 0.121234297619847 0.263547518402477 0.439224529697708 0.0086589534741297
0.0196394075965822 0.151848293131126 0.327659513494041 0.30808842052708 0.282076000070466 0.489194434339365 0.0466252344042668 0.580393502628566 0.341128367503091
0.341529966660602 0.224324010198091 0.596655060894229 0.211735356949228 0.400716489182268 0.285898291532842 0.274218430931861 0.0893625499179417 0.326671006141979
0.393876255529499 0.331275600208953 0.411097979058051 0.448143416378999 0.240513151993162 0.222321768723561 0.383269666519551 0.203023550996113 0.264378814097624
0.349043042402783 0.534124145725845 0.086559338809331 0.226433289398284 0.193068581180472 0.248278787799128 0.407152607057346 0.126980393433732 0.503289875280424
0.373693859819494 0.15350937512526 0.0570027356867228 0.15060011714274 0.410192286397953 0.078368914553397 0.347964144629201 0.454117850362225 0.556018522325368
0.127233300671606 0.125429402511445 0.253173019547818 0.448065415925558 0.196318802799633 0.523812531939637 0.262439232152231 0.491297892028532 0.282933467755762
0.253791511346969 0.257405117941222 0.386202384702565 0.0281843003198226 0.228121700489445 0.375544487914919 0.47090091032453 0.438600844493413 0.334954170774361
0.164844376685192 0.101630042969668 0.252164821919251 0.28763556562083 0.402924133837098 0.446918060076466 0.479646081760405 0.317722925110107 0.350834033238159
0.00653095794645064 0.275254094753992 0.243882962440703 0.0432446731380287 0.426443728703134 0.452337315613212 0.445183033976109 0.0147351422776266 0.527233505935728
0.0103338370656352 0.304732989388894 0.295459521297278 0.163225931529796 0.63312198382708 0.0527645978655085 0.184939680525609 0.25956167505158 0.536553339155652
0.323667834255349 0.484842738427132 0.266518452492467 0.488245451464144 0.304985888921128 0.199805570687596 0.338196903963923 0.25165641867925 0.200260301199395
0.232244116170408 0.0886226335995346 0.425397917631015 0.232061703306079 0.279477317278968 0.312876867949905 0.5207166897393 0.373165734621526 0.342044785096509
0.51163333210347 0.247008502450814 0.413370994061939 0.440608094794008 0.157577681524892 0.113737323554975 0.501277381751564 0.0927511929140328 0.120658027254954
0.381916176925983 0.567603945581965 0.0324886013671998 0.20594054957038 0.144482294506819 0.566804615246349 0.0880767775532284 0.286633722664509 0.237570538120127
0.013310271172211 0.331638698860381 0.131990092229753 0.519964575953002 0.131817740379962 0.453349566068756 0.461920171116644 0.377183143570806 0.153345855485953
0.00625291452996435 0.363012641074391 0.366786091299496 0.529550787818813 0.17722852634371 0.30978136283982 0.35258462629006 0.0168623997126969 0.448611131490021
0.130926725589218 0.27825988628091 0.670126698437779 0.174582016016941 0.0233547382614643 0.250954454527146 0.37406964681811 0.317083375617338 0.349123769067608
0.19936277348345 0.292978570709968 0.327136417442307 0.230237169877607 0.525356290498278 0.516813396575268 0.388242330241624 0.0342637148196494 0.139245192567031
0.48991583449066 0.38077821783703 0.123539635758296 0.340387107322819 0.191910657439961 0.454456777505482 0.169436425876578 0.234992413335059 0.395694578813909
0.542366389946827 0.106491609637073 0.411651563248349 0.213909505831732 0.385972001334392 0.266637679640675 0.0536948059630245 0.0064589761560091 0.506249998858605
0.392177829299791 0.237583371491312 0.640000185061771 0.0315980938193361 0.313391475753726 0.338656705871035 0.313706481189757 0.0717639593038598 0.250374942201619
0.436205504336996 0.125626258222906 0.148290702955396 0.291109840891251 0.397429763489309 0.400515634049593 0.451219498984574 0.304591856418077 0.269201233093142
0.349955611240966 0.499480003772335 0.0241581036110513 0.410506465168039 0.146756337390977 0.124680394449093 0.0669673239722943 0.499021659650974 0.410319097133548
0.108714888937304 0.0340115387369734 0.539287937579702 0.421820526648415 0.106654819345826 0.284934265230006 0.514416442599498 0.398596708085374 0.046838592315582
0.156653485743469 0.208089188837935 0.450067065297626 0.309077274406511 0.358641520618192 0.287038944282157 0.25250186045476 0.390759545907838 0.454537283372724
0.402718968049594 0.227518753297579 0.606664034797624 0.204380921423462 0.269001588945707 0.440511268828282 0.241965228658495 0.18421310421106 0.131704840644906
0.217217089504363 0.494580919551661 0.302860509009706 0.101700448549142 0.0157514617274137 0.196357637749868 0.644528843628339 0.365048068731176 0.136590730605954
0.0389372141078164 0.392703720028285 0.206571067082152 0.452814926170788 0.354036996979939 0.204235132686037 0.230001449539113 0.440589102944164 0.427178076963063
0.0433922460527372 0.469655408927049 0.484910550145336 0.396400196658329 0.244866763690742 0.0028677616745526 0.025720125911566 0.409208044735112 0.396470487583642
0.243877514801372 0.443228788042888 0.281277951711854 0.0621799921746935 0.177982747021279 0.419836245955003 0.291535628611549 0.584982854296728 0.161090246298061
0.115032929728782 0.195521591966601 0.33978152338748 0.510346546461873 0.0837798735552846 0.306778232331568 0.217526345646982 0.519241926471349 0.393156216700375
0.435384277827595 0.0603605665500112 0.429147606723122 0.191533578343233 0.358757784140703 0.165258283434084 0.465736585450188 0.461431767061127 0.00985200650001739
0.275761705566073 0.596115934837855 0.00748616230723509 0.46495241019156 0.0077580866828767 0.232765108351217 0.436358519539808 0.178159401915774 0.275635944618909
0.281121614785304 0.304635275113914 0.256116560532092 0.55824745649554 0.39962284586352 0.134438558228911 0.125223824533747 0.427608446867552 0.273184803120852
0.345441750471758 0.118752376950517 0.32760409967117 0.477059105893701 0.0821664792717002 0.34737975096735 0.45850370727824 0.212729842035595 0.385686889048266
0.205405106120641 0.194983165194535 0.508357683930032 0.29305947908935 0.252903155241508 0.271283256306808 0.409449830508026 0.388108498269958 0.345900178316682
0.312875400120586 0.335477161707256 0.388109393785789 0.393348377918157 0.158464755846899 0.36879342347681 0.397628420609327 0.07815519599298 0.398592456569711
0.0235743013443308 0.0970510622742158 0.584107716257908 0.319783514834097 0.214512024809203 0.437825831404053 0.343867341538203 0.0310379119833498 0.4355078128882
0.0458653319025787 0.0969106902368622 0.444311713336457 0.498549286348934 0.0644087439574932 0.517538448044689 0.48921649290894 0.175194800625299 0.022800730631358
0.219167091828924 0.270558684781705 0.396581995911997 0.080862701011731 0.121709440862294 0.444042146840054 0.235928564509929 0.453213243339611 0.491829828697415
0.258552278535871 0.288468318775008 0.00358262937706244 0.516138250759178 0.112968271590956 0.164480630993077 0.503923877913357 0.276094700460212 0.462105997023901
0.0949845248828007 0.419916140330968 0.458321326184368 0.352198758544125 0.174876227988372 0.0862404482153665 0.295954005970256 0.562580807416669 0.196063568823093
0.461602028786219 0.0419263547117624 0.127181170994655 0.29928288839053 0.41285861713227 0.431339007600452 0.257857061897987 0.274847979893451 0.425303652255413
0.347010850422788 0.361198946291366 0.374317382489876 0.18177623310528 0.271590054911973 0.261696367499293 0.407671109341111 0.425882001739187 0.293505246366468
0.459248203267243 0.00413630112736674 0.211737682094162 0.464486879693183 0.278542990809694 0.154095639281958 0.436185657615488 0.286100267848177 0.393764036493807
0.417859477667767 0.0722776088929392 0.477677033565056 0.170943451153291 0.514831517798705 0.262634852541321 0.326269527727438 0.0846662755259674 0.339298764903421
0.231439233935716 0.575762251597673 0.253239328895685 0.156311443414973 0.121705243779049 0.487093689551065 0.464479671409769 0.0431708132295114 0.23810244130795
0.50391376508164 0.541357744758859 0.247173673989313 0.0539821244091154 0.415398983187176 0.133980724151716 0.370326656802596 0.246021380393222 0.0286061646401603
0.189030127952448 0.267676085726099 0.0698022018523703 0.247306598139971 0.572860453430459 0.350735946149866 0.464431278154144 0.389492175189973 0.0894363086298253
0.239302953315604 0.380335466057301 0.123685099851862 0.428499336135881 0.209381508367275 0.404130925948019 0.283931724614705 0.51945304001508 0.203858378345857
0.248763852946129 0.210364199682654 0.402979143468205 0.153591182824324 0.493284819540637 0.328617394842087 0.195180973477968 0.501899487788106 0.257998050023099
0.508222021048707 0.360458399699358 0.456777581851977 0.155809099612158 0.207101467648186 0.0279053216708559 0.449545913914985 0.273029756945595 0.241973930058256
0.299251039186547 0.281586086297981 0.325496007156631 0.206043002900165 0.235780853315873 0.319252365402365 0.532626776705507 0.384152206909153 0.306558048153843
0.203074221925287 0.0784602416429598 0.0616312446185145 0.525957234920832 0.402006863812722 0.452898584917366 0.482551871389483 0.260000806361054 0.0706544614967038
0.406959649896074 0.426542208481062 0.277950515374464 0.356173362995764 0.29553995297851 0.105120981020503 0.268405697410532 0.42164523770218 0.316400102558937
0.507451427747064 0.453208813957064 0.276679400136561 0.174028910122645 0.104644520998995 0.415817718482304 0.282777735024805 0.31917478121892 0.254099642344991
0.336087131157731 0.0957635826829268 0.0381934013421104 0.400468328683665 0.376929493972857 0.364724272801324 0.424756776257601 0.282016600256186 0.425429004562726
0.541914074478133 0.361047560635555 0.072836764334101 0.367330538239354 0.569627411884054 0.141821681112196 0.214374147131522 0.0531653013099801 0.20582826447013
0.573637624333127 0.567733195073824 0.224519900442072 0.409954047762734 0.0217219663411991 0.00839549866102585 0.26823634775736 0.240082869350021 0.00381281472193007
0.286308587665933 0.386424988937472 0.349417366703505 0.16300526223496 0.442196184037141 0.529483523654994 0.32142146198715 0.182929552156813 0.0858758674235535
0.418584867170012 0.105637995308285 0.183174187513956 0.266678795077554 0.0235616185272928 0.638140677638263 0.517158277224178 0.182951898767523 0.0159438050580106
0.455007969750651 0.237061528956066 0.120160198788844 0.134830031452011 0.499427038120174 0.32326906388502 0.446672033076529 0.192633452657966 0.337043264154385
0.14365263612593 0.268377358435055 0.155180322654185 0.532082069969836 0.443183046304363 0.193759228937072 0.208592381262494 0.481730893764566 0.301024857832674
0.404704845750071 0.078858911708635 0.381077087517145 0.534568221755135 0.110769248495742 0.122002991475243 0.533704268568456 0.236759875221511 0.175961042237275
0.357090171436675 0.374784604478913 0.441177757519117 0.382037275746922 0.385949063801399 0.173217215920679 0.330786543628785 0.0274625823259225 0.319840587331895
0.0679268164109138 0.523791613751103 0.501596388217551 0.157731368023377 0.187252267368743 0.402831325270041 0.432228810438612 0.223003892761136 0.103253100832492
0.433509263460504 0.210984150658898 0.375583650506889 0.111765544687767 0.420712668737306 0.445497756212852 0.32719377970406 0.137275106669575 0.3356086505773
0.106698468268136 0.11212093651255 0.446809773503483 0.387700152126889 0.484265957272944 0.486626307572836 0.224146184944727 0.278116725759216 0.164878272794143
0.332865173219885 0.31543281707963 0.306779308902378 0.112235136626616 0.391980566130355 0.383908587434054 0.362220890225443 0.208325835503105 0.455361888303166
0.126331515220727 0.104334633818501 0.397012693317627 0.232285670913799 0.50571801474157 0.373801897912004 0.471816070047703 0.371802879648925 0.0724745906752196
0.507410819203238 0.0092454035721482 0.354092614365309 0.514095540601226 0.190646448404177 0.147363000233384 0.256731335342041 0.0625501802162471 0.474223104599152
0.0240985946065091 0.0435855274096449 0.508340073734266 0.233668526300561 0.337398238607254 0.0405989832272183 0.323954655494135 0.66757810152234 0.135705414364804
0.4671926070413 0.134724643697147 0.273877112230085 0.0381042578976893 0.338888525100603 0.293321058310837 0.213794712145422 0.479803088280377 0.458604266307046
0.283925601704535 0.426247173379186 0.354349776320214 0.480584716115124 0.00504432216596118 0.154333846128731 0.252774006605443 0.471657210359851 0.266410515547952
0.12674052862027 0.228672965831045 0.352135384897567 0.327736084833772 0.549196807011652 0.0380777151670604 0.284611984061183 0.355885189344717 0.435327403012554
0.0684862440316368 0.204278985718911 0.0140699711240174 0.110422249832513 0.591126724685793 0.539935898849846 0.478926703207281 0.131924788386058 0.231197267904147
0.0662585905226608 0.440025231922642 0.432560460699144 0.502961868519 0.0506113947673439 0.0298293230496872 0.504437287171098 0.266851581923553 0.181081075354269
0.271754476121116 0.507254951902228 0.123525433656757 0.384800748202811 0.307269588287955 0.38589171996509 0.501188146047912 0.0774766915906887 0.0706580143948793
0.096438197486157 0.420991351685366 0.0658253764554482 0.401812674406125 0.431560286733254 0.498807366494003 0.168915423054791 0.426482004730703 0.0469804205385158
0.550479929474176 0.138522670859915 0.378850230424049 0.145882303090859 0.261069007824694 0.362989586101135 0.319467466234038 0.26682564166679 0.373898812460216
0.726180573396913 0.0709311288109858 0.0237016803955129 0.174811063157265 0.158693752513121 0.12190053997783 0.348031155034046 0.171511466500876 0.495907809558985
0.034658946947744 0.0781427221878692 0.467926163034744 0.489420781212707 0.459821863000713 0.229027268827224 0.151500301514901 0.394625045188351 0.302711040468218
0.451820057705651 0.155978994901982 0.432263802467448 0.368460160862324 0.1817837257413 0.413970761174137 0.259392343307308 0.420616130133853 0.0171718604468516
0.508355582881111 0.0675087608925469 0.0556782413820281 0.342582797644013 0.446257813821396 0.0953954485331689 0.519621615845627 0.278985267727924 0.245903227897942
0.0567285655295982 0.088431626451471 0.338780826762473 0.376038528312613 0.129834149606719 0.415800204649184 0.535088319750495 0.0856235728582363 0.499386294551522
0.299071627636955 0.141635172280945 0.229136987755786 0.268177867057488 0.323305849308875 0.246874299317657 0.610236343918216 0.283390309791066 0.384578284612074
0.343509699815384 0.0789445336176979 0.37446038709222 0.133581599861523 0.426545925845968 0.252073114965783 0.139259666160458 0.504582733669505 0.445224605722718
0.334501949730582 0.41124574230789 0.155365064631226 0.409691352806134 0.0728192673341979 0.535499294714495 0.0717361435686797 0.245593892840044 0.411674024391681
0.150627790617108 0.462112692542829 0.459444526744109 0.249683534432094 0.00700202325781374 0.530247173219034 0.109361935903833 0.432267477274497 0.101516942392066
0.0481620694815059 0.246629486787199 0.080550457808408 0.304650487943184 0.418489851820325 0.306508399871321 0.403617331442208 0.471783981241367 0.42776837749934
0.0389741999851402 0.408279663734865 0.464286362688217 0.345929325177442 0.40793462260835 0.104318677460736 0.525517807619884 0.127353985617001 0.163947420693862
0.120010795394937 0.226447943303897 0.255271388506794 0.131594170307163 0.490890456381191 0.405037166666323 0.356978114775082 0.528923540083399 0.199038182977913
0.224167559707225 0.031153459173371 0.33954011616741 0.611973958352764 0.00589229900846056 0.632432869928538 0.100994423169468 0.21946950306045 0.0246162655357404
0.282788836697771 0.019943660484532 0.103169464430968 0.506499030270208 0.346727359187911 0.0270797503238901 0.444492103147137 0.503649173156993 0.283299531099243
0.0216931603788502 0.0515952469796553 0.0850864445368081 0.180902998467557 0.328078754288084 0.513790986174856 0.404639692608163 0.294868742136781 0.578449684043746
0.0875419031262152 0.150485404944998 0.389644923522103 0.122088413729421 0.476784568024381 0.124060546376018 0.281154714264491 0.456327159094672 0.522460350599158
0.283050535509612 0.522677959041776 0.180668392676301 0.606678743101197 0.0589228255499773 0.42038669213091 0.24981536058739 0.0394946834022272 0.0427266350482772
0.197315617663786 0.307587164182157 0.436456845917453 0.456925562917283 0.199246791675735 0.457240687719703 0.414701014348377 0.199940925502959 0.0803710119933607
0.260054569920097 0.214647997108903 0.166169624547207 0.324316441983289 0.48077792722183 0.337695053550639 0.0748489766468369 0.182919320800359 0.607665325335023
0.497561457339807 0.503626645558891 0.137731217550538 0.237369604370532 0.372318350705725 0.355604212439858 0.2866019454416 0.201330932580314 0.189019710517813
0.0219672045283231 0.15949514669778 0.136424897919135 0.521416683640426 0.0365340360306472 0.411917309029783 0.264474808300908 0.582819160687795 0.320867458301062
0.572600957421761 0.222497236018987 0.374767814182728 0.162383139334603 0.106841367628143 0.151675820461424 0.24622706645216 0.535975500571534 0.271082620653358
0.199977437328762 0.111537036435039 0.0559940543969905 0.572262363408114 0.410446271533358 0.0736402980261061 0.325382157105963 0.175853802494335 0.55340927353795
0.0554914217760513 0.615913415482151 0.0107438532396938 0.328292967978888 0.00445747272496111 0.589149656565398 0.221223445454684 0.313234922228216 0.124525287854244
0.273092264010113 0.23149668630066 0.479848998918291 0.202657622932369 0.450263024825727 0.260713225625778 0.561003398674793 0.0545442802752409 0.109984800301382
0.452019501547074 0.226429324749854 0.242994123541295 0.153465929435132 0.453011991473118 0.017065097025623 0.318991767823137 0.293027504356542 0.518341824801146
0.144512355839473 0.144698659792594 0.333653899730981 0.0842532956947732 0.3527720692621 0.511994569918655 0.306906262613693 0.556281928909362 0.222547350652738
0.331390463814785 0.243733283557563 0.105835153306945 0.188874679922014 0.269944269179309 0.287083451340975 0.0476336806820274 0.586160251165165 0.531751914439241
0.460210989116506 0.393847760331047 0.160196545549336 0.456442966889225 0.0642440458386115 0.302646353032001 0.195642270345884 0.332213254422541 0.39334846530863
0.169663914170272 0.251164611567789 0.384616539530423 0.540288440403324 0.27981853979395 0.0980118981870003 0.0740792559067222 0.4760690001948 0.385038746504561
0.0967257834106555 0.168172442757559 0.207482165272681 0.567905290385975 0.554793380003152 0.369989553692678 0.0505432876230144 0.158932070743635 0.352554808780565
0.237080344241895 0.444509376157761 0.411016709805591 0.129743989317472 0.275166095511695 0.104053281262003 0.421875999632417 0.339267019883269 0.425218944864513
0.47790971345052 0.1692725961989 0.334463742138797 0.355261569666691 0.102313679333035 0.0473973153773671 0.528648426766882 0.0112915316462635 0.461043451297744
0.375927810730314 0.392659447715026 0.233263154651148 0.145075484971043 0.534999480603974 0.392338646186674 0.207062423811611 0.0148731265023351 0.381822116694997
0.363645704714914 0.181712750661062 0.449693394398064 0.527491718369876 0.128612010339644 0.502696824225546 0.279669784978274 0.046481283474452 0.0681892303978267
0.233103239527681 0.0250212361120467 0.337312105620464 0.108598817730056 0.722044327459943 0.0172256386230171 0.495547214516603 0.182632640668962 0.137467090457002
0.205473117163561 0.420134663225523 0.257621286652584 0.0271029477958745 0.0639277784705403 0.564185710924194 0.314051045093385 0.484225723885444 0.24221783149855
0.371653437598687 0.319156676850706 0.256273403453544 0.273612753886821 0.42877476967626 0.139175097373459 0.407108265506637 0.399132137722474 0.302012628028901
0.42293798133881 0.39533035606632 0.141770282582234 0.556660837708032 0.193080528961355 0.101295621687727 0.445654673893116 0.0866615427634531 0.284970291887161
0.0854770291380793 0.135531725261223 0.124676923420554 0.605085560846237 0.241296458569327 0.400039743036746 0.567737773756577 0.0948906083356414 0.207522947000657
0.458391277822417 0.012148196142983 0.420998720989143 0.198090953036671 0.308176455984514 0.402159101094167 0.490522963914904 0.0657129196485555 0.267608431191339
0.527025893435827 0.326206297004035 0.048230237814838 0.379875738124646 0.462184581414931 0.298843459842375 0.146426439784425 0.101319544356865 0.366842028757314
0.0245513375335485 0.0362695331630423 0.329914885559745 0.201314033000809 0.135537285922429 0.512067310737209 0.513187299927021 0.484775092046036 0.264119669689734
0.223155742139068 0.563963721690621 0.565396489693502 0.25632854851776 0.192112922079504 0.0199265394765602 0.184413965177518 0.371521042104189 0.193463389146774
0.173185213093233 0.362906183482362 0.20657380722305 0.0146630560564066 0.389733415979584 0.411365892646426 0.00125243558651167 0.471776233491148 0.501726842681034
0.000565626878092806 0.397625567073802 0.499310454886038 0.205410546854515 0.0461245203206316 0.41320653255412 0.019098399814956 0.58993988128805 0.170669982797329
0.0170101730554426 0.155941812297577 0.528720775735009 0.204769537903935 0.457049876025074 0.134726909746152 0.26521961965303 0.380316319337984 0.460313701789093
0.358205455125285 0.500414802867595 0.438609963584402 0.190173300014494 0.300471072348394 0.20365387717108 0.112325401331782 0.478092640169136 0.140648346674647
0.436345077469372 0.180014116782074 0.490299108639984 0.0967840071073526 0.034897018485056 0.314236072420684 0.205134425361238 0.290009303795899 0.548898798774881
0.0250717890575159 0.000311803569648217 0.194898314260803 0.504356885397381 0.21337517473472 0.544363197401053 0.50165938861806 0.0782373429977699 0.327668441441609
0.729807437795525 0.144147078402233 0.0782466982311392 0.327372829166033 0.227967675471681 0.109720925381096 0.215238594096541 0.232782971366163 0.410832936597132
0.230361893190779 0.14893472289039 0.529066108611996 0.377195722490497 0.24521501770249 0.538279428815335 0.214998015694778 0.088702224493735 0.314001443246254
0.356672553599811 0.521598201385322 0.32600127981104 0.14854632559048 0.435123381816814 0.195854674701955 0.438053622497223 0.0543714399148695 0.223245425188634
0.310514689472934 0.188537707619846 0.264140689858062 0.479135958053737 0.460472020295592 0.154068936677948 0.411416347958747 0.403348672697331 0.031101579214329
0.378954429251496 0.00268675311438293 0.363695282511018 0.195020736151572 0.470906323555834 0.392002742603425 0.202064141290079 0.427210726758545 0.295501502250267
0.229400105985942 0.371161789659694 0.63925675012872 0.132837451704697 0.222401466030595 0.183704837435456 0.258292675610716 0.297337049741616 0.380769259915747
0.467432752427682 0.36556694312328 0.374858097157625 0.57805739278384 0.143640271526476 0.296314833391404 0.0639506070802119 0.242467042872217 0.0433997071372029
0.239767522810683 0.552639221252756 0.0196365920764608 0.155462160660304 0.376393372497436 0.517309692062829 0.290293763939434 0.320194600788679 0.128339420578209
0.461180067321921 0.523122628477068 0.204474531510311 0.366796013042798 0.464922992372025 0.0284626079826408 0.164185635043343 0.283493843848091 0.11409347359098
0.262705641359761 0.413788295117465 0.185691096820118 0.400575345781539 0.0879795083645026 0.441069923627969 0.365961628156627 0.264116453345448 0.398565824053207
0.384951630369567 0.193133170267578 0.13133362901579 0.521069662387009 0.561889009590111 0.0903291502631711 0.00806511029756662 0.40214147242792 0.200220581638372
0.328953040392403 0.29949588001546 0.382317865881261 0.0509120866437284 0.469909835016335 0.119106978479593 0.509674319289219 0.119888660280545 0.379723841702794
0.125135756541834 0.231624011143806 0.442031483508296 0.16031989825743 0.303931678029251 0.0182148072582177 0.458365265850477 0.0789581864744203 0.632896280162794
0.364965114819972 0.448935611571452 0.321166588072886 0.0584979077522431 0.153343404982768 0.380807189438744 0.069119397462023 0.344213058706879 0.516622553564824
0.31078018817043 0.166952511245124 0.496726571694926 0.274551891161794 0.1045235678943 0.483143745237608 0.41864131947647 0.120526380363697 0.345378470836321
0.534996875605508 0.0776696275368135 0.369739944464691 0.498463401348404 0.204154984468113 0.259183296590335 0.0780331391274343 0.02920723918194 0.454725093322046
0.21583900390212 0.267304591580732 0.516877989516149 0.277104772049238 0.526128839776825 0.338970809449596 0.343569869726157 0.107275908315763 0.129424601151557
0.492279009977802 0.29524700457557 0.231180497918221 0.427106644295316 0.35615042258039 0.294323180642304 0.176687306574099 0.186074253042225 0.394099967379195
0.110924823336285 0.441299466739539 0.451777398885792 0.199646157087911 0.103410335735029 0.423514693586184 0.417012662557628 0.0765740215496133 0.423281848546942
0.0312501950984837 0.440367708685427 0.33550304676211 0.291852066507735 0.00276245614064008 0.0123650753368595 0.0918584560916685 0.497654190293544 0.592538258695315
0.456276317073656 0.484451035719376 0.184661079150264 0.441631553136067 0.0653409502669322 0.232900873044312 0.483882780260881 0.184889642757369 0.0337933737776253
0.107006325606034 0.145754147841766 0.450664953187708 0.054849445031711 0.423366638043066 0.611162621233797 0.0179221018631073 0.25791174449541 0.376296802444744
0.162034934253914 0.388495184879023 0.131327408283588 0.138942276456033 0.201994300400851 0.555218795711616 0.612872171815441 0.232131919354649 0.0877336399503623
0.172168494520834 0.161569937127 0.246184313038726 0.169042631064293 0.740816067097917 0.0943650741622336 0.349310416343553 0.290869010210617 0.30122296932445
0.333711185268475 0.491999623696667 0.0759748403815894 0.213137574870896 0.0917042038818954 0.399551183869846 0.192787262539054 0.452405170293779 0.430679970127402
0.128444990703228 0.192851771735398 0.325246203974792 0.348050206234373 0.420878927951518 0.0358945499718485 0.0140438782436112 0.521612797344598 0.518344873285041
0.564177912942033 0.124267686583683 0.0630057791930966 0.199369709194489 0.189572595078811 0.124201292096953 0.33781738148065 0.596466931224917 0.318254147537321
0.0528809360132848 0.229014668951452 0.486138419423048 0.219865322279139 0.31897649248734 0.41531041603528 0.305923889122 0.455644058765363 0.290955128122429
0.145757288150313 0.0542508730804886 0.276126517893075 0.530902511775358 0.485170810212575 0.187346860587485 0.230087716269436 0.491357149896528 0.22988379160153
0.154353430958653 0.548505692648709 0.0582834134916694 0.226057136338677 0.153894905896197 0.258937656579727 0.493691414135484 0.185235756416917 0.502037736034978
0.134538765946285 0.168790400115601 0.354508707334881 0.336528624849534 0.466750723841054 0.0111264707834654 0.11524230636424 0.538021010748338 0.440174679673927
0.253425070598085 0.527682884689929 0.410114848999611 0.107822559847236 0.484739827567466 0.214869876547832 0.198352130315697 0.340330884586437 0.202968396884116
0.00367545056905505 0.457087395288409 0.389149713615114 0.199431617412996 0.246558530597817 0.137685542720007 0.504914057076514 0.508741771067972 0.0796386975871934
0.0339075991207055 0.128937767527183 0.211473955283545 0.256318224243101 0.359654847101925 0.505942445377386 0.526225963780174 0.450788432333808 0.0796976676187475
0.312269598620706 0.0539962885169107 0.261197768965152 0.614078920652851 0.646312453881041 0.0385839356253815 0.0497820410052634 0.17848688769096 0.0266566030616414
0.493627969228615 0.426605786837827 0.282028964995689 0.360723144502065 0.174529640467256 0.363706351055625 0.0686798415233185 0.0650951495806245 0.439295119737626
0.055446255214181 0.428234473048128 0.460881566161653 0.140253851011361 0.520909818607943 0.184953528831695 0.388768781657654 0.202732690690102 0.289242859392069
0.329192496618034 0.358898262053506 0.524328497491997 0.467784979851048 0.0847755284514787 0.145866701787062 0.451837469882508 0.049755074545685 0.184348923136432
0.462680472842309 0.0760552361558144 0.25451208523196 0.0286331161988622 0.26542441214098 0.0186090502422731 0.0720532537677712 0.710838018802947 0.365058007124617
0.433201255560191 0.157473287604525 0.580061114363864 0.147559248870673 0.283400604885455 0.349068901875363 0.470488464267304 0.0267648680503914 0.0710876449989548
0.356248704957627 0.219353315090686 0.0804544111879545 0.199680387405165 0.615776508653583 0.52152200194079 0.0851029931826963 0.332606276608421 0.0979308540500126
0.230723379995822 0.244913546798162 0.430850100521792 0.440002757136768 0.21310907354171 0.379156006076792 0.274570293441223 0.263343463252826 0.416697085737529
0.298903698138447 0.269886695605046 0.482692892615467 0.41835865683424 0.0963603778829826 0.399818729330867 0.343317522088399 0.361440449101186 0.110249256124601
0.211115121494297 0.371330033121015 0.144753518564823 0.45496627024941 0.295300458921724 0.303000176651386 0.509060733730658 0.0400046440676279 0.387094114542851
0.336802465134768 0.441484320507005 0.196008350693129 0.443974827166006 0.1770959697312 0.164485813284602 0.278326837019678 0.445706947504722 0.348688538671404
0.157450108760366 0.157892422542118 0.217495827759851 0.464058655558548 0.298976108861242 0.526020143487481 0.00356478607656385 0.544409506761052 0.158575696395749
0.141521882421951 0.109481447312469 0.340474557946791 0.0479923184299028 0.201478611841482 0.489998576774822 0.393639182034932 0.469564388607929 0.440027755147313
0.432968779967471 0.257395626852098 0.0426528403975096 0.52168389249328 0.204618220619539 0.352270766226119 0.363862543464872 0.233169067748761 0.345810793254612
0.115816860316313 0.0595585049960132 0.215734148569544 0.225790489123032 0.277544564015467 0.418323809212935 0.521716878729663 0.539075206622809 0.265895274865623
0.167980841856159 0.480947255282681 0.294575857195171 0.158310504545771 0.264171299286838 0.367261294509853 0.384568901718113 0.470099117081093 0.234693990235152
0.0991158389069015 0.0210921775687685 0.315538132932428 0.281903596094102 0.565246119120806 0.301739473478318 0.398360607457823 0.00793036490185905 0.49131789139026
0.198100821103454 0.65131321857532 0.132311817250552 0.260839205519082 0.116100722822187 0.291564382302304 0.0407706614717525 0.403633954939503 0.433511089342727
0.092304988435162 0.219170036222953 0.120039761074385 0.331309182510069 0.187935849918672 0.620165943158111 0.477665688739281 0.182527814247197 0.371298224837199
0.0710059622113388 0.298411069425031 0.503008783773182 0.202846100287264 0.477148729605641 0.26931062340663 0.180827280645106 0.373616392952097 0.373172578666144
0.0431861930135514 0.0352274227654328 0.628423060114456 0.214201077963889 0.316883679739441 0.0332562407947408 0.457371220719828 0.485896443220747 0.0963914208810475
0.315286222948851 0.392783220508243 0.165362759517405 0.435007306775861 0.166432759096865 0.527171801338471 0.136382978627026 0.343047831919009 0.296391020194042
0.452916795469076 0.240787715934912 0.27493096945213 0.457650229606937 0.0626117253176373 0.541444798112448 0.0155846306743725 0.366326685475748 0.142604568154447
0.111934840210679 0.291558365073341 0.33277348566135 0.431203397884104 0.237178950140806 0.284014188720445 0.463617510130545 0.380969017368353 0.329838212640813
0.289287347640696 0.17667146248369 0.418198775676663 0.512079857395022 0.123565854039822 0.530522315745462 0.155388527448818 0.0146311204862818 0.356232952678167
0.243919899900916 0.0810133847564949 0.321864255729785 0.466907665327984 0.454827814741069 0.373356020754164 0.239451590061314 0.27019446771159 0.368422818516639
0.342131929596191 0.279488784121532 0.398359330260144 0.527662001683596 0.330667320988689 0.42198796517137 0.249616147952712 0.114431187409722 0.0699784279970947
0.143032693217613 0.458391147238291 0.113479532282052 0.279843678369071 0.41891947245715 0.295297802585082 0.18533509246575 0.556934983008222 0.266475379390633
0.207512918836198 0.400776144175764 0.246087949541789 0.255663352272965 0.319327388652625 0.272376569937794 0.480581704644571 0.301551786279142 0.415141675249007
0.299275465008842 0.204440079717479 0.489202791548713 0.0494784588110562 0.374006299671861 0.347047257729206 0.322946480069718 0.407384522757226 0.310309315104022
0.440974873411184 0.271524381367798 0.0742078148615193 0.17456043605928 0.298889025979067 0.480567311456979 0.234546841005104 0.34961788595298 0.445323532079418
0.103366001313566 0.0757031231950478 0.252957935689861 0.376596650477258 0.259888781486321 0.585799526479846 0.0815045956025321 0.462373531910836 0.382931072713229
0.459565560040855 0.446270862439858 0.382914564033343 0.445545175720258 0.211288657877561 0.0819005891107419 0.0873872399964618 0.245833778070506 0.353675510611174
0.0179905985451619 0.435094644576124 0.325247047123058 0.308023173312714 0.201913666319216 0.494559646004158 0.140538882573251 0.108993826528536 0.541032224388496
0.00072715628868425 0.562316969645561 0.203469260287835 0.0771437136422787 0.448658520859658 0.441965982442654 0.0525336811332384 0.402554822425876 0.27387886696047
0.0917437814814189 0.546744793119792 0.362617252059347 0.430577742350644 0.0808227950967234 0.18192629181704 0.0541130762448678 0.0417497832831211 0.575729082790352
0.0888310970848525 0.139408640002721 0.582073546885315 0.395728263962849 0.416314481878509 0.0742878404220273 0.427631129142422 0.335960781761736 0.0518587875935411
0.389979991772673 0.128035945943289 0.498305779800352 0.395045504004974 0.00182360081975985 0.324294681699138 0.466740646000438 0.133600742403663 0.293745548133758
0.00777752259232956 0.0672215048190286 0.175853415808389 0.177475954833489 0.420231216127743 0.0650081867149284 0.464637606012434 0.219987512132701 0.69849530511893
0.22786567281759 0.347995257563881 0.446889381545501 0.106046034010342 0.156613147149556 0.508583834131284 0.554808239130147 0.122227488202782 0.100417727111156
0.184476690224371 0.5481059576746 0.14222828197771 0.167262977617721 0.392036537388571 0.0312389536153211 0.446765207806167 0.512282182239884 0.0253321541217472
0.0552109149220121 0.0672804100560731 0.367217695447504 0.444685464384942 0.283755709467417 0.352795328368503 0.387605227654398 0.367706304585105 0.411586586152276
0.265680717058631 0.510970528208297 0.0660765205429759 0.295278436755924 0.529311612781165 0.490111618449601 0.195631222919359 0.133643615642034 0.015969995572117
0.398432930552291 0.253680893323064 0.226830426722454 0.0308919274499565 0.519369828578889 0.0258297208409236 0.490736902639065 0.410767838916649 0.211011213277493
0.420103593480368 0.00441112624417928 0.347187912515521 0.228127663519109 0.470189250782925 0.145508308620677 0.419533006912986 0.444458350127846 0.187376804683208
0.358277843095217 0.00433838734692893 0.224931545638248 0.0614674377732473 0.0760271800385723 0.463615023132205 0.401527562910473 0.410549541019013 0.516479804277389
0.383750915982297 0.453962320864863 0.302982013401759 0.225226812804998 0.266892213067926 0.0285478336699019 0.480983812347258 0.245234183917362 0.374962082297926
0.519555295248318 0.231800399031866 0.128719309619972 0.282139437386858 0.0700305551790598 0.504422406170952 0.360183865746541 0.108688335716183 0.423400204793562
0.160586181353745 0.336353511671243 0.393867872170519 0.0376012603516149 0.0667371563705241 0.771617184941438 0.0413360573216144 0.283424046202449 0.150492027358416
0.417217599449761 0.358202096777496 0.0302651798623546 0.352602164900446 0.303401376136713 0.496363207120218 0.127449529391808 0.395794477068285 0.247084976728113
0.462334931984368 0.44977657546722 0.0755725733526464 0.116655514206521 0.259812912912495 0.483426469734293 0.460757557400704 0.0798694139130807 0.211535265744373
0.459834581710213 0.433964766900459 0.103918560840642 0.0315157949141297 0.461128521529487 0.247077153128496 0.197083255266433 0.205678539281863 0.4833242410045
0.0240638105172023 0.468617132297566 0.159128351047225 0.334706409693446 0.0199162049024985 0.347195187474647 0.575635209411493 0.227979220793159 0.371748746726561
0.442548414958132 0.428746538939212 0.302159567686793 0.221546903036343 0.484498830025849 0.0620329960831724 0.230891680915154 0.0745839398415623 0.42718020773257
0.0666782786382433 0.215222244799985 0.273745752808132 0.381180122588848 0.448187789300849 0.378723642245146 0.496308161510733 0.369019692665318 0.0468737990030043
0.383140191110367 0.322335430095334 0.129334731194726 0.434719651215511 0.311808793523419 0.493121350852937 0.29710489791215 0.206895352778804 0.268559898094651
0.279143716425634 0.353388339767395 0.0671500963459473 0.273078282223633 0.260600652171798 0.323121326337317 0.46448148787413 0.137674506161509 0.557760853380833
0.485707022005422 0.434254610398426 0.382563375685197 0.0739718855576139 0.0172621312438499 0.292441007736858 0.512456443159794 0.206287331920757 0.180829345587309
0.102841669433967 0.0105037386565943 0.511606537081783 0.411909444176215 0.167309404525398 0.4305360124772 0.49215881992113 0.317693517129931 0.0374092739964437
0.311552889918378 0.45026130926392 0.349286620179979 0.0620527200427153 0.516547411008744 0.303175728491098 0.287022252473516 0.362772476611131 0.0403171637706214
0.192946390103335 0.0542421065586457 0.533627790169942 0.173274555300449 0.416463608116069 0.337115354476088 0.345907882533849 0.480168478530749 0.0880003658161138
0.115994294090394 0.472990519196473 0.31295398183378 0.23923786420499 0.272784146028435 0.454677648928362 0.143119293832938 0.476001281787733 0.28186350381603
0.42552211859461 0.420359458280379 0.490587194113873 0.0912233043263961 0.00129948194284768 0.313080985366954 0.00120089698095593 0.0754373228221051 0.538068529334735
0.211576948371231 0.509781732263561 0.223067784835102 0.53977664041649 0.153009121542535 0.412648829047365 0.353930040176009 0.0352713038741991 0.184494814540601
0.367819548032032 0.217831114199994 0.206351789099821 0.258824264993543 0.384879660318169 0.4845157447509 0.0408819777255006 0.467545920258026 0.323309358458636
0.0744919382591913 0.408998202553521 0.12978899983515 0.503781068257443 0.383160241129382 0.549168747158719 0.307891862981319 0.0992958450120508 0.0589552785133849
0.244776982533675 0.134614322976666 0.0692912737317114 0.00819168294580275 0.473513957502661 0.47925872047159 0.506648669307905 0.0255658953266337 0.453700286944116
0.27990925415707 0.183166878280888 0.438694702051813 0.529675664969276 0.297662010217417 0.277597676484229 0.458069869404417 0.155779876085326 0.123825825673155
0.0198328171882335 0.33580578790637 0.308632050538911 0.23555776049398 0.457469678325456 0.428610540608849 0.00211248376658146 0.462848630482517 0.359000155413276
0.194518610477552 0.207888675548836 0.512386499403337 0.260555256933516 0.205924224446729 0.322682033608195 0.505828069346854 0.352023772818795 0.249408477549752
0.19663116665741 0.479024160605855 0.358328570888811 0.250123733773681 0.533991709641904 0.0767318956939088 0.280823959913576 0.151463257033524 0.384802087399339
0.017680288880268 0.211748901395991 0.335397027203997 0.386206072226075 0.200984166848385 0.472127389101622 0.213188908043896 0.620036680372053 0.00310027059038909
0.313553592221684 0.562900362543411 0.20991834845173 0.50169197927468 0.497612150609898 0.0392489576457483 0.0315718926309871 0.184812211386019 0.0689644877857311
0.550436427513477 0.250067446042143 0.422447507983828 0.102096192432848 0.209505765875869 0.420863221855941 0.228326176221191 0.216033076621576 0.3546531147425
0.249281392872077 0.107326772035298 0.479211768350787 0.107032242456352 0.2837506089671 0.541804928973622 0.419956672012339 0.307764666508995 0.200225487520282
0.335877720859059 0.432645543705585 0.323727090883801 0.136835001159408 0.414890835893885 0.121851806953424 0.440351675734369 0.433661130154965 0.0867588642845735
0.129529981181799 0.0428062021158899 0.105655365683529 0.465103122951535 0.258619517880619 0.363947259622726 0.539652158497535 0.512541421008338 0.0253143935829984
0.108604852300456 0.206063141837276 0.533806772514509 0.0850121861800638 0.139988585193301 0.196578211405061 0.663825015513643 0.0898605789266601 0.38286793206159
0.41194047065787 0.421485240517902 0.204221537662234 0.288387558807967 0.669992473475095 0.0705938967646016 0.111166098112572 0.171602567498565 0.179172165316025
0.451557023149808 0.327412400938257 0.00504141197661956 0.257438910401532 0.0804991180549113 0.173702554028254 0.377801552683913 0.543894154132791 0.383913553731472
0.0666339661224231 0.485813120004728 0.393398810802771 0.0491008946290484 0.136169086248661 0.428634941423528 0.245987408713982 0.493091017828968 0.310569661472732
0.50209208056966 0.566802200328753 0.230430155213693 0.204157999892955 0.172048723112432 0.0322567556993683 0.170750468577871 0.492171274066172 0.17271570869862
0.541850244690331 0.440958846504612 0.313103094823273 0.240608804387815 0.373393291364617 0.134570260279554 0.0947478765936539 0.404021463607805 0.162127280612785
0.175829193166991 0.470872900964991 0.429055084224206 0.42558339862846 0.457248986538448 0.170154300112892 0.124913426313379 0.356945340572353 0.0333294121349319
0.221778720050581 0.123755389245446 0.306246177917481 0.593934480205828 0.10470632337064 0.280431913211423 0.60930605679664 0.166677727910058 0.0176948231823896
0.195242130017143 0.185543073963194 0.533715784305705 0.459333956071884 0.155824502452755 0.343137454594671 0.331238852168712 0.423866731972292 0.014397388085405
0.28564214739912 0.299019451182963 0.397991593748411 0.107260527404494 0.422029951673626 0.449929369975803 0.247631194319604 0.353931763926771 0.303247723844769
0.0995379143878981 0.00894079179435525 0.116595156715492 0.6390514671591 0.052290354360376 0.0119214175454343 0.255981438212511 0.241116768001201 0.664447788556462
0.352574331951177 0.517628964193308 0.366532575603931 0.410599786372875 0.0203009223532644 0.0444847363988828 0.444637427334946 0.30554004435419 0.10660723529466
0.381375569307818 0.317892116261103 0.487813158533973 0.420248050199558 0.468290041543239 0.0497828867177083 0.086623731043329 0.207589259593422 0.257985088564872
0.35541967521516 0.167702203060722 0.290445929178148 0.440112683777185 0.290424708490384 0.434425228330456 0.0564352309935997 0.463186858967839 0.276940465499951
0.312190519618905 0.343285874765795 0.382640172934467 0.382399386556888 0.498586086316808 0.303081501518294 0.364512762539011 0.130662689451024 0.0407470289010945
0.282993852829373 0.489393068670188 0.260677596199572 0.148903695824562 0.190840127895288 0.0960558162953637 0.382253920544885 0.523378130523938 0.352979294386848
0.508880417049035 0.143338298578977 0.303397031404398 0.166003373139552 0.468099795089237 0.356853144312355 0.477334252825006 0.152451447158542 0.0577664030110318
0.43729589411005 0.458911121981065 0.175874326197735 0.382648596509628 0.0795474750766738 0.239691848712646 0.395324088725948 0.131697934198661 0.428270582646906
0.498175276403644 0.0554099631717717 0.64643292768401 0.117724930180755 0.493623377300614 0.0719161489197789 0.0670722240306127 0.234422620056567 0.0934228112270072
0.421359755013988 0.194156660635119 0.684943020464822 0.124913990667731 0.275956800400207 0.359281554653001 0.254984014960678 0.101645415728536 0.139372421993978
0.340503797159954 0.0558685654791427 0.244808413258168 0.365003549908857 0.278868786216854 0.456592680187937 0.444206386495588 0.439750823850327 0.104078530231418
0.503314334186956 0.433565628863559 0.296940517057543 0.17059334679923 0.424017089102964 0.243840282171094 0.231107369799427 0.337265788674243 0.187115905740872
0.186736048153535 0.428924988745915 0.251663634429274 0.496572522392686 0.325707565198647 0.228247335856584 0.471878174955849 0.278626975661933 0.112915364500557
0.369645223623593 0.244167048401612 0.371784000677812 0.178087692270352 0.481611199548157 0.327331039116759 0.378146342063552 0.00407747542809234 0.389486910316055
0.277734815093701 0.250396242476615 0.357232745911572 0.279097351921779 0.198626245348889 0.198484146801813 0.52147171755598 0.537563538046274 0.122060952464485
0.226960219560399 0.082206575577159 0.307257479643346 0.170722338429683 0.38935324738973 0.422481084909629 0.476989443650745 0.384998450209371 0.335184885781089
0.206107028605544 0.387686710515678 0.476448025533339 0.226322341215545 0.366562714893656 0.169784842929647 0.224663986484026 0.49291318802957 0.269001764837709
0.0203216893579456 0.131091697338056 0.480583785579322 0.418444453798954 0.0253380999754667 0.505576945553668 0.0292479541516595 0.387284311715364 0.411401035299094
0.271857243737634 0.385924845696133 0.418117227875826 0.249907105954581 0.0279086318667559 0.390288598925211 0.41841676549122 0.246160711718505 0.388726519325681
0.0132818507624094 0.227748045886398 0.10932819662259 0.0792140162432591 0.415947833939286 0.194202866017263 0.0916821986460065 0.441979424904127 0.717807852961965
0.400826862319378 0.0853820033076123 0.189867807878322 0.394067911672741 0.0332245757584455 0.0301790517765996 0.357725287948384 0.533484829804641 0.47552112845366
0.0306599024654015 0.316806339770704 0.239811241572131 0.510603953000007 0.368743078986812 0.567841404625166 0.204492925365268 0.282397931649943 0.0220594112871512
0.0460299101494759 0.226768081034419 0.61118925759652 0.364034032580353 0.356199743856171 0.364551567568795 0.237624791561371 0.102089292246366 0.337224748827074
0.409502966465815 0.166172626858072 0.2022897565522 0.0684853899168586 0.448415600148528 0.486253216369991 0.232541083004365 0.405851350750258 0.3205825466606
0.50719432031836 0.467753678379351 0.0530630553237726 0.154589020660402 0.148305512911563 0.170550945407775 0.36463098519192 0.492064835244418 0.266610684453482
0.334856821294377 0.328392366987227 0.269741971281699 0.157999255768957 0.316962050636179 0.525638143981959 0.185111950778443 0.350760498187681 0.385026109868552
0.0541586677829512 0.213728257292185 0.116243470335843 0.502017188927108 0.615075985155994 0.229059579706698 0.404594152318828 0.0765891468119398 0.29241098524821
0.512315536848835 0.473056580506102 0.0713815203415332 0.505656681813779 0.423548970336608 0.0296564108230618 0.167756951593084 0.0753441451263236 0.197164634367437
0.387565168763184 0.314554145346989 0.182880053027929 0.242915474732597 0.482162955389773 0.511450427869663 0.397061196380024 0.070424246524403 0.0414254035466411
0.448337553031614 0.303073798985504 0.488295122644736 0.331223574050037 0.177259108746629 0.379962300342138 0.243936617404742 0.242252355610827 0.25498060647861
0.429327959189603 0.478847104670254 0.331158581878406 0.306916650154102 0.200336406477136 0.53077786254115 0.219361967079915 0.0547182025492103 0.0977013198383878
0.541208299913441 0.0609774005271465 0.00374130697242048 0.192623138905894 0.170153076134605 0.527217596192814 0.344650023383897 0.114468480336014 0.476928220015946
0.312237267566519 0.189968320827357 0.0944315416647931 0.477650595733963 0.261662638363173 0.361402421827922 0.362264941332889 0.350740314626296 0.419545963294953
0.355189761699021 0.419364182395799 0.696620246191499 0.156946247056413 0.0750009555872588 0.0718736763922178 0.11171941295009 0.06243017049552 0.401113826392897
0.563857053065002 0.224070062661051 0.354841444407405 0.096191724559901 0.341402026318517 0.193220009998464 0.396015054133722 0.426253848798945 0.0654442482601649
0.387869356729202 0.428745722683812 0.184890097169057 0.207723653142151 0.520304938805644 0.342387945952582 0.271127404906636 0.352288133760168 0.0532660260025519
0.0570524270571495 0.0638590095507034 0.037674997992061 0.34138849351731 0.630921606457311 0.361501115182871 0.219347627093093 0.536716777492232 0.0988844171759224
0.185253421510795 0.101156671867121 0.431563951438956 0.399087668811795 0.386478740070345 0.231114636613191 0.49163960678948 0.329697301319333 0.238202604375977
0.492646796222957 0.158064571588467 0.471471666118622 0.378333591928018 0.237751904267516 0.456945753566007 0.230671739737088 0.148519285248787 0.162172955072672
0.378145031025806 0.0571603722565921 0.373581577938971 0.26201445357116 0.377632001432136 0.405213145566658 0.303553020460381 0.331932058723216 0.369320062295424
0.473128294539015 0.230013416466004 0.207834359332456 0.388509176843092 0.315786202150178 0.380427561727413 0.175604254477648 0.433072318780059 0.257438149984273
0.444077777473038 0.0430554502776113 0.119713788812284 0.550371792758148 0.272597538355014 0.366196065335762 0.124986389158482 0.509475277779649 0.0102480208946092
0.416204072542248 0.267619952601089 0.319422749460628 0.243092698593897 0.49785568795712 0.116467703266488 0.284964545708214 0.491640154042012 0.0984323761463568
0.491727175978585 0.350162194840618 0.0923775682948563 0.466397768934118 0.275574108016351 0.22007899690366 0.00851777794148012 0.0149438543776913 0.533721465284921
0.20788213743485 0.55625513007279 0.498727746088629 0.154937372278959 0.329122007448319 0.408011164398203 0.126687821518281 0.283540214573075 0.0582325484096957
0.138383171034364 0.451941954444488 0.402419786037418 0.322301232042618 0.535645985334527 0.268294514005184 0.160403822888704 0.232528501728753 0.268479684618736
0.467326225618016 0.0801091545487342 0.469393831474853 0.524667733446008 0.128652267121389 0.00761967815901943 0.405507818274626 0.22134153452525 0.222584347478733
0.216876097213187 0.281701117611611 0.0295316882778036 0.0430666663415232 0.559569775744191 0.264991608960662 0.247945271769559 0.536704510567501 0.371503572296808
0.00367258453667363 0.183262467012646 0.578222311629379 0.306140201192754 0.169228190447643 0.00529920421576024 0.414610926906889 0.177274811678457 0.553483219511822
0.478682527203508 0.105311441954192 0.399229552499107 0.493166159411028 0.424733046163201 0.124054829684349 0.373000343698901 0.123528288589496 0.0836611392122868
0.502032275342975 0.243092447861434 0.379790857357347 0.571907626470923 0.0156695751156511 0.425125322725509 0.11222120567136 0.0111805250618768 0.154449179373318
0.386433424277646 0.0216806498643405 0.333333524959501 0.40539612581622 0.325285156041952 0.314004916384579 0.348246000830274 0.388865020663905 0.312795618077754
0.573227492823706 0.202421571543998 0.288760495148391 0.0978853176636678 0.439585784232275 0.139200029073781 0.100901848279024 0.155025495357347 0.539115194445571
0.259925783480086 0.531177560383516 0.493357765678047 0.339187404688756 0.171303531863975 0.205618566416081 0.264170714363122 0.168550419710512 0.349313184373512
0.328161626322575 0.144210826180814 0.208726413150051 0.438134558924868 0.116745602196476 0.459973701993329 0.497646255591302 0.140012530302474 0.378845523726206
0.135334005190755 0.374191070488826 0.266812779755707 0.0680791433477418 0.218943284461152 0.490378653003181 0.434479897825554 0.494455563045463 0.210179566163233
0.149330806349159 0.0424853852050232 0.43953320719815 0.131127619698753 0.317719149420775 0.236299072018773 0.484802549363229 0.351447222121306 0.500180005887756
0.138976832912831 0.493044549111217 0.336851321641674 0.223262447938305 0.148117674299812 0.387861707890053 0.154668983656703 0.60609654880098 0.103084955705762
0.155291407825875 0.376096892733158 0.076941063353607 0.382062297494573 0.311952840324145 0.425831565991636 0.447159949283621 0.216955753761531 0.396074819977678
0.10333741337199 0.324986858866392 0.364679202731657 0.470291971358739 0.0639900396732939 0.341738434422981 0.45933976896201 0.421545722292857 0.141300245079465
0.184003656387906 0.328895330859846 0.538340078124819 0.455629437507629 0.107239742486721 0.302098543029412 0.073421170288138 0.133593171811265 0.484314562929233
0.360321257848929 0.0851581462460385 0.521775767159861 0.253292185276162 0.170011147124768 0.0142201497711609 0.248422267511742 0.426801818423364 0.503518004585247
0.395872410552985 0.606525861967163 0.180405479122606 0.284164552896611 0.321103704615523 0.147644333334152 0.0841500344187267 0.180173939716889 0.444595848134341
0.495500645502691 0.119937493882536 0.19313329631598 0.570060757691537 0.358235481776372 0.434898292321286 0.0357271442981959 0.190919570826516 0.150427636523553
0.114576907641906 0.509314532385145 0.0716703140589334 0.278768122385063 0.190340458158646 0.363978872153996 0.393393423676971 0.258860794808347 0.504128091950333
0.102955931909986 0.362770757100759 0.278765762699002 0.111671127239508 0.445230809107281 0.250419975151977 0.38640806816416 0.327857356155947 0.499874368520355
0.271892553966423 0.286888230194118 0.414983782958839 0.132807143593832 0.483921316606513 0.0404423251652655 0.37738678599415 0.135910521718063 0.507161144487328
0.356730098108824 0.257922735011208 0.510210750111054 0.0883561746525321 0.415213409412937 0.171057720172855 0.491280531994425 0.297951731396466 0.0793911984641056
0.297482581882969 0.357291496246721 0.135261508468314 0.402904938677619 0.249536303935813 0.353397717143003 0.396048441739598 0.509103603880919 0.00443551004362164
0.24379199941406 0.110107311737579 0.371018816873093 0.257141419695137 0.533839535309919 0.0948244897543328 0.501236616002059 0.310108682042445 0.288588453529417
0.0705382783201002 0.33862743132078 0.0905807539171514 0.407178877901643 0.151247276871292 0.423704005819552 0.580488502642877 0.357365206831582 0.198188512271577
0.313248903927021 0.394297216177231 0.0197722929092923 0.110393032436006 0.573463671324823 0.0887333912770323 0.401630382439388 0.0959276505684421 0.476008391761364
0.0910808187571117 0.62158277667805 0.0198531219051115 0.114157983539257 0.427870318243024 0.319597478601075 0.474506282924261 0.214093095235705 0.188958516645469
0.334402848740909 0.0633039660785186 0.393457600322076 0.332292207681967 0.339852106290201 0.379176818821481 0.430403920421321 0.308828025508614 0.281146847679777
0.160198272186862 0.1685343268053 0.428684996208183 0.409175350116471 0.208290229023283 0.25272707632005 0.131314718373677 0.354438281653521 0.587036247419843
0.0628403647709384 0.241245321258874 0.0771826322600543 0.520941993814705 0.516220818148491 0.0755721490914577 0.359308888367907 0.492430592660673 0.129337601753723
0.515675542389114 0.176831290560103 0.0961305913242063 0.0477893277855543 0.45810700711498 0.133033700480458 0.568734894414288 0.000942851665142408 0.374518697392992
0.435585561449622 0.325311303935294 0.4115254842177 0.0160490976371751 0.198031283480986 0.458393477249997 0.352358623919903 0.10558202223649 0.387533023109274
0.422572136057815 0.00986145732669419 0.366312467979253 0.238551967594207 0.444520488580952 0.455460475937625 0.313607469124695 0.0388912590693695 0.354032189799794
0.2351548129493 0.381010572856602 0.134733135753724 0.487872082165195 0.342168075327103 0.234288093195012 0.476305276801468 0.344409766990719 0.160954230135453
0.450580960142021 0.389935241835769 0.296637926531103 0.118718534929803 0.363419254829422 0.444969331042204 0.135236694812246 0.401147677360949 0.183192446663831
0.264197352721967 0.600277004564819 0.182745872915679 0.17471526392204 0.0788092521674872 0.159925312964396 0.0223801299610836 0.357525674950464 0.588075944645343
0.247796548819743 0.0751795415331501 0.481745545118387 0.421947394912687 0.458430064164553 0.244591342606972 0.360525079938331 0.25575894568745 0.239692537307656
0.159596552903622 0.13269685907485 0.0178110916950593 0.557719525114527 0.293229790953725 0.198869302821031 0.219282779585319 0.369815264212806 0.578939723319162
0.0237648631010584 0.256893739204691 0.210121202674499 0.00400256827490797 0.492557168568452 0.431838257329822 0.240410387821165 0.518747360293289 0.365076806285528
0.146187652016844 0.490193586949214 0.379166627757046 0.378734158130905 0.0592652401258362 0.57175124467932 0.28456619306966 0.18399902739707 0.0767274968387375
0.265198000912738 0.0574357202387221 0.447692035375574 0.10156703512654 0.520839828193146 0.0950060096415872 0.61036896129843 0.0772646662926827 0.238341710817261
0.398076684517051 0.117773623869854 0.527303087947641 0.0740050841063108 0.473044882637089 0.386588964434648 0.403058976701032 0.0124393648699326 0.0911332147042624
0.313507804853562 0.567328887405674 0.172803263163062 0.324501322885172 0.522594436011027 0.00516244756187334 0.162869843262731 0.0228016904870695 0.380145518385926
0.0185436243649049 0.183714678488205 0.590610346929753 0.219895923849238 0.159691983235017 0.596017783824923 0.374259548430228 0.218909373032003 1.84343800700981e-05
0.129047941691471 0.582399776568608 0.360910628528537 0.396275842945267 0.385975341306352 0.36418005635642 0.0494278937246454 0.173112791720681 0.207004518384215
0.00425690080707231 0.588089218580221 0.0400260458556856 0.154543913190799 0.209552764221057 0.232888731639256 0.285736567538282 0.593852197904053 0.31014787284906
0.159590598821533 0.394981658958628 0.223198850895195 0.358720107588169 0.462560112552678 0.233787672632074 0.507865037602667 0.24587632986487 0.230264820627526
0.479450934233306 0.35984450840761 0.0619418310971798 0.219278759603633 0.519417014199 0.492270858368934 0.021515274476454 0.261246160912212 0.0887787717467332
0.396433771587802 0.408897385813832 0.0541051238904873 0.289377242599554 0.158901027622712 0.360786470746816 0.0355549533200404 0.375277240733015 0.539873192038914
0.260255689573129 0.161686955924965 0.456941171902198 0.520747391054771 0.39535916763944 0.183780712310188 0.0518891980661659 0.328152017167502 0.354528937546694
0.0208144705214159 0.455918171719257 0.222368487619544 0.0869061892786036 0.195242822862069 0.454547093238331 0.280242887344422 0.531706110818285 0.358782196398793
0.438370659167817 0.454698448013894 0.220497531535403 0.483185592621907 0.173349769155458 0.213703835112178 0.447541412648751 0.0639809716088218 0.197196997574477
0.151579690261925 0.0985856032409956 0.566167817493884 0.284053187581196 0.0311678065909476 0.548388854421338 0.128863286869281 0.467253929688072 0.171576560345353
0.023785604577752 0.523305692357403 0.142039330617154 0.347245738308553 0.472309247762762 0.200615143323619 0.410215287580594 0.0365816182399281 0.389734993212983
0.145166814469365 0.529629797660048 0.626052253969637 0.0868201675274987 0.312263979104859 0.277979919941951 0.0361863748036333 0.333353284185285 0.108278404502235
0.393196944366203 0.314134309534432 0.277115938029584 0.39094318609747 0.340233304539412 0.484710484615761 0.279117477506144 0.296953257541585 0.0171820202578939
0.348890270759245 0.595612405463728 0.326672859130002 0.149292296193788 0.0291202433188743 0.42228837608922 0.402127145319489 0.127850514375076 0.193107842027389
0.134416449799629 0.275756451430569 0.266977546267038 0.452460696919076 0.141634313428518 0.454904779997843 0.197355536189436 0.565604151928623 0.209849953780433
0.350788879827574 0.182200450659605 0.528475956905716 0.0232464999281667 0.226934279200112 0.443884246700957 0.261805656244452 0.036247836335087 0.495514300456119
0.509483367374755 0.611405141395148 0.271903296714497 0.291908445744846 0.0838598152676788 0.30272514164672 0.00541974439763304 0.289160202405665 0.158589191612479
0.115911977040094 0.173232835537934 0.236153293748497 0.246687739787563 0.274708310913532 0.446212619341604 0.489595817482571 0.441224978594968 0.36190837954262
0.283354924267021 0.509317105698807 0.116554303655957 0.099951731481761 0.460587495132035 0.0865244427385271 0.24583098781236 0.271588831418256 0.531892969145245
0.450762680622057 0.100001768314147 0.384939295795519 0.290495577589354 0.225426903361237 0.313126120561445 0.483855861968966 0.330630471943616 0.248894455080168
0.436442056909701 0.185284644509531 0.430744148198073 0.0734847580818825 0.401072294664876 0.360033125540195 0.151135347865265 0.148152593903498 0.498972423189387
0.458827445235013 0.19434839479674 0.00544446303085278 0.339617682203538 0.180039511096123 0.225233823882363 0.188821713452957 0.529880886621668 0.486584391695178
0.506623634468511 0.247820144907216 0.233594823942483 0.121857452942349 0.458962203178299 0.390564574399721 0.240450737685062 0.421099405026212 0.119053060761718
0.220004170828937 0.035832370183339 0.483624611133913 0.437274068048031 0.327748912657942 0.138256646194929 0.520809519682246 0.114131207047563 0.338245610176829
0.103227431073337 0.403302780596248 0.198491068700315 0.318226044366735 0.135588540644172 0.353373600468125 0.461114350019898 0.437670210330988 0.372270915198832
0.135536416055685 0.0147008814215357 0.16296712999556 0.391935510943742 0.289724848382545 0.482272672083406 0.184507210551406 0.499171152817562 0.448887363657139
0.0375588615432296 0.136375958278365 0.48096657788404 0.254472676244527 0.598800479828647 0.135324604566505 0.171191308114556 0.206835490956497 0.484709800178839
0.250082972558927 0.551579845618548 0.0805012940829077 0.0495570853996734 0.0262280533828156 0.240869352400108 0.494296326705796 0.467093323248037 0.321046461985707
0.668099283127135 0.153701309987587 0.229980829145786 0.116775235836714 0.61224407900806 0.198156466849988 0.113013060824823 0.18023013299726 0.0642492593085814
0.0273621991999496 0.0450008228958433 0.196223970486843 0.554369675557761 0.0859421695516178 0.518912096851475 0.406067461894981 0.104111062245898 0.446106416188074
0.033306057624089 0.0977616849822344 0.471976687777715 0.398774675421136 0.0336440420644052 0.220694422664649 0.0507690559417778 0.380477919553587 0.640602239959681
0.463704861975418 0.437854532465689 0.135781061252062 0.0670000667557472 0.0647583230155203 0.615844636777568 0.236259118504267 0.132430717924805 0.336929043962716
0.434200946995176 0.37162560907222 0.153193972103387 0.400631859463442 0.0553807853581766 0.564471320125287 0.0286431819216558 0.408185853096369 0.0160822646031116
0.336652003516148 0.406192729904692 0.0856180317561627 0.224138167555226 0.0400795424985315 0.205039872359747 0.439049503087069 0.466307849787044 0.458529533690156
0.571112723345566 0.104450300755993 0.175982815020297 0.354791582467929 0.175445819795207 0.00680871093954016 0.479532947870419 0.48886595780572 0.0793977752166913
0.217917848354445 0.2976305341587 0.304421230881969 0.514447478567737 0.403808612409205 0.421743995677937 0.369952539982698 0.097576860492627 0.138866351572628
0.547659578861752 0.13010316898081 0.0142453988107617 0.447916827631802 0.211900949525339 0.576151174965637 0.199381688003731 0.0824855804033412 0.242694495053734
0.169544860438956 0.0454335820186369 0.402118892308689 0.022396303996764 0.422438028349561 0.47434927413227 0.320142710260552 0.218455473005045 0.503302952161919
0.399720106341293 0.411464624600307 0.079710968296458 0.418414493259286 0.0344451990665366 0.278071503549926 0.484156273086094 0.168450205641274 0.384971649967107
0.552213722698278 0.400965807258259 0.352473397169729 0.267843725440568 0.563534784189009 0.0375010653378323 0.0914698242911905 0.0799989923880196 0.0675597400217405
0.407774414821968 0.217124573000395 0.286557109093623 0.566202173058718 0.409566936214006 0.0181697711793667 0.359984475328025 0.211949720011803 0.203200262678903
0.258574484291894 0.039107632891821 0.545970050879545 0.0727251136009569 0.197649729855126 0.363699816721952 0.508303191225247 0.0423522199204128 0.443541174390553
0.117575162703968 0.33092189240562 0.389598221219054 0.449952129949513 0.442827816281111 0.197811722894698 0.316165886075997 0.29565147815144 0.315953275628609
0.337142479097745 0.459711796976307 0.117707801634237 0.231594226102163 0.461825983760353 0.313228976169827 0.151782747769546 0.138198807008594 0.503960769119511
0.392009982966444 0.436847681399486 0.021792322485486 0.16747331785555 0.411262470421628 0.323798714412447 0.503345985916371 0.31297559153683 0.0409478879709148
0.402380916295343 0.203497479005685 0.235835191734264 0.256408374097501 0.347906174902624 0.0910203518268518 0.167976950014778 0.489755097294647 0.52717659301943
0.0922395382771298 0.522842015398753 0.28504512488028 0.475783190883378 0.602405885817875 0.0125936506244567 0.0389881862355181 0.179103976873507 0.117719845672251
0.49006905306558 0.149196724716573 0.414281653070034 0.127731458994099 0.481289721250711 0.464904873620002 0.00161935543973457 0.31629412019552 0.0425101963596499
0.39099197463097 0.111312382290329 0.276518556461541 0.241999789837455 0.510688258555632 0.372103457337308 0.0563350312083557 0.524408166412002 0.149222578198718
0.208290156036506 0.302712583540093 0.391346624485649 0.400746284052972 0.162608407676852 0.540341148304386 0.146279385147772 0.422360646741899 0.181753439452034
0.278842565487538 0.779653543493375 0.235133811850611 0.0511713711808025 0.0930564994926313 0.147763417177693 0.190337481078494 0.3101252525541 0.305910425709436
0.195497942062277 0.306826945579123 0.195456716152216 0.414255522983278 0.368116997711976 0.422626247334954 0.417652544945321 0.321421687126368 0.256823277195573
0.219117601409742 0.1215121044676 0.497517301621082 0.442643490685729 0.194277363224964 0.0598625775472398 0.0557818068265118 0.268009770505645 0.614408244451492
0.288310342197126 0.148067461986585 0.314679487153068 0.402895383112466 0.1751526395647 0.164907243810976 0.405963997005355 0.560841624339502 0.31045509055356
0.217979261741382 0.139580926396972 0.20025074761431 0.605109611877324 0.0632257674321134 0.279280414414457 0.149730608809896 0.483885485321255 0.433802646912591
0.323841880179935 0.138225007919054 0.0559052018394731 0.355356452278056 0.60348977209419 0.0394242274550325 0.407103337236299 0.401950858843889 0.231440897880968
0.421387489330416 0.206304477606455 0.258140045300062 0.456707334587539 0.252569488833201 0.321677413965438 0.466202066830661 0.257971031776323 0.231283480179384
0.309017305620441 0.304275566418875 0.408012516238485 0.319960466458969 0.242998983646604 0.422220552904921 0.256615105665288 0.192593682905614 0.450348121461918
0.072722667623218 0.593618634052618 0.25218929138741 0.320529969358357 0.249584570115687 0.157931128314015 0.390235288556189 0.219892183260374 0.433726387654702
0.352867620083665 0.387885407168708 0.194070728077122 0.489554800939904 0.225049716819389 0.332009687619946 0.133568578721061 0.384643344353565 0.347898157068017
0.486555421913716 0.0944646570047541 0.0360327922558854 0.511754826459499 0.464322126853402 0.396467731164962 0.209547179696404 0.108276638346904 0.250466235628298
0.460989601754339 0.199264575173337 0.594927551458796 0.111306738148053 0.0671670464996572 0.246943077438204 0.405418475982663 0.0657738496363418 0.383759819573678
0.471231802259367 0.156882938021445 0.510330834566903 0.209413105993035 0.289977772346869 0.185626242074813 0.476542426026495 0.302431432176339 0.109248603891436
0.356796998407525 0.584097539445127 0.025953065034318 0.0609378292112779 0.491012604329546 0.0233548722452297 0.19400648983297 0.319370827605973 0.381921345877344
0.238148795702178 0.326335552156999 0.286784694742735 0.375297807866902 0.436368269275559 0.146059721713916 0.439715323668 0.441277808839589 0.117770852061057
0.0729629659016148 0.160968369768173 0.177467220657703 0.429440808967345 0.468236929488576 0.294827978473084 0.28796338094374 0.364791755341786 0.480298109687321
0.211779166502505 0.173659096079943 0.336884566731471 0.407998600365089 0.447115856824023 0.292598856716409 0.298894314393355 0.107509617569471 0.508542254252918
0.161510691241331 0.372104814782565 0.39781231662338 0.383313690234664 0.358714501232104 0.206832054842869 0.441647705793764 0.373868797718051 0.15486159242061
0.104340487823463 0.0197510926388068 0.550702062164995 0.142183346885331 0.494390306698335 0.494044997862366 0.291655803961492 0.288842328624862 0.0907681523227507
0.0769126568527264 0.128673249850775 0.291339389844294 0.173308045140159 0.543584707845752 0.286829550369507 0.378676570070622 0.00918319894453679 0.584275207390589
0.318405354793112 0.475928564461669 0.198612709228818 0.458351370456643 0.259987210539288 0.364713053114427 0.218495109955849 0.115993113658252 0.400965794370333
0.0119620275719022 0.555718294397267 0.0496393553902946 0.260340788783672 0.127846312850706 0.196064041039699 0.298801127657446 0.376634509392913 0.578680602584149
0.159421272181957 0.245233871745212 0.110902441457318 0.112865173641619 0.452819585775418 0.426518254199057 0.319861878662359 0.180414534289218 0.606286139666206
0.466175871911585 0.432550248606132 0.185723100427094 0.26474938859927 0.303395248385508 0.0847644731838181 0.394102654354689 0.442921468331323 0.200661426654665
0.507292315745634 0.483882142748985 0.137440853348347 0.394323473639054 0.322585813991163 0.0875063303939498 0.114146201103909 0.337558895023164 0.30892921551566
0.276292814188778 0.46035625266818 0.505076848051469 0.483524068920263 0.239462840479823 0.315080700677628 0.110657018117733 0.19451756856228 0.127027137832364
0.470880484201293 0.49920836139753 0.0777845953000192 0.22444929688303 0.162307024816003 0.338949264435779 0.0705957584444203 0.316563971655798 0.47561325459333
0.00981207878580737 0.273459926966915 0.148703075214325 0.269995309207865 0.372746204485126 0.123340761352753 0.330047825757289 0.422750646443848 0.623146023942826
0.102076765611001 0.0657405739454906 0.243998738138127 0.630107697466266 0.322168817385284 0.0229016258230594 0.117202652257359 0.111854717289984 0.630969290380699
0.58100366518682 0.49235225613128 0.383509902083987 0.00486997858233806 0.240933139428637 0.0486364286761599 0.204236185624349 0.407970484353052 0.0659834808349866
0.244073939948871 0.212047205844127 0.106219677501302 0.57980194513258 0.23535863195311 0.397851981185694 0.528499205387552 0.226657385029884 0.060383060633333
0.276887962662985 0.442958602345141 0.427276266928663 0.361428921890242 0.159596183689071 0.421835095558134 0.0983166441204081 0.447032447764726 0.0317001155087356
0.506883625784572 0.150848263529568 0.405998087182166 0.390249539906581 0.268296028963785 0.554299535817083 0.144537519152237 0.047534325952627 0.0283425467715918
0.579540229941451 0.38264585309534 0.0690325747207278 0.289308772591436 0.28555285558704 0.401337910792099 0.184835073454211 0.11656830054382 0.372673430330144
0.487132667605861 0.367775311415186 0.650010197461229 0.242662852787934 0.150947288264703 0.191180611868184 0.22949591284679 0.0823385252813125 0.165110419387306
0.160109592549506 0.36400132320396 0.0316634563788534 0.159031465881748 0.459212456916334 0.255452679570423 0.457016796076666 0.457828397647194 0.347808895507032
0.212132738058361 0.519408281153253 0.0615154396659262 0.49048329063967 0.519023317778941 0.340634086707855 0.156363640992523 0.174586461032316 0.0225815228338068
0.473231861577115 0.214176081444568 0.506282503898836 0.28916570892629 0.210447343594539 0.468262567394477 0.110771643972067 0.2823468301131 0.186261709216721
0.223092282707697 0.427229966184648 0.493326683541293 0.238402792306431 0.145447821719951 0.154656707970477 0.497361942270124 0.137347083246431 0.395209301836916
0.294089763632024 0.230387343972221 0.229018828586607 0.00448994013919013 0.407889529340314 0.461526621508208 0.535921883646838 0.374742035851129 0.0306357624841231
0.452075738008992 0.462861975418541 0.0762456615799807 0.121866516647167 0.403629932557901 0.151962060823714 0.452124105337071 0.0226925434046298 0.412044562500567
0.393142360937541 0.446336306591456 0.423854170103605 0.404913855616411 0.459637549849357 0.0612851485496876 0.184157232133683 0.0875637983085296 0.214503020689123
0.331083485781215 0.479729362896125 0.172481507485555 0.0865692274709825 0.454311511084246 0.0397824215687395 0.293020829015476 0.263414388477853 0.509675804590746
0.541114158534479 0.094606608636005 0.596176153687286 0.0682997777052942 0.0856421731873815 0.0269219021431182 0.445255763081358 0.350033821306641 0.0965321185772117
0.140982600135683 0.447640807681878 0.590039358851875 0.101954197335425 0.468013993391228 0.269864266237402 0.286542492627989 0.11832376478648 0.182289815436006
0.309938622396718 0.396209152325996 0.0277159417127495 0.0605797445405242 0.474589511509309 0.270830097658481 0.500026108246689 0.158847924071353 0.410701060315001
0.32116772685528 0.22601355732379 0.153454580027657 0.268726199280564 0.108250483668817 0.353731945579649 0.421511467837973 0.373315405032922 0.544174897555282
0.395084868588411 0.289115307523272 0.560117882044713 0.2264998918387 0.307595493878689 0.118686162468521 0.324620282112553 0.3329711460557 0.265210365744904
0.447531115290788 0.498480892036001 0.362380769125596 0.102030500826632 0.0189743523198682 0.565658032141801 0.112106633404419 0.0762458626152337 0.266068209297687
0.159039430724132 0.140890799544457 0.479170426799468 0.43161780636337 0.198865328590144 0.222935889416134 0.376852184061486 0.294208055851138 0.47024912006819
0.0156747559700395 0.0976032887607181 0.033248372741124 0.588109207636724 0.0486313084873006 0.483038964864969 0.580331177163727 0.147824270910953 0.221183339448844
0.162652853789038 0.235818066507191 0.2227094739181 0.215715005449844 0.349031094388968 0.506476321454107 0.43763109847315 0.0175574993273868 0.50162854996152
0.504184632914559 0.466837451090798 0.451649736061657 0.189315348774316 0.228716706210498 0.264866650732679 0.158670778281152 0.343026672474002 0.150743081256467
0.581610373655878 0.427587710382119 0.044649842287997 0.410933732982904 0.463837849630553 0.240992518949703 0.133977669042211 0.0557198491306006 0.117304388399156
0.284806990708047 0.339510060153555 0.431351556660603 0.229637847026164 0.273851669459087 0.198508103665356 0.10366644669282 0.484236075987275 0.452977568246161
0.388822920567705 0.11623202515762 0.351505044678374 0.132494568136525 0.423711727182282 0.162234765399919 0.342165041538896 0.290740466481376 0.535478817873916
0.256206676974803 0.448581907322036 0.177553599561551 0.276194172691143 0.249178237883653 0.117440034546151 0.458635382531099 0.512642492080361 0.276212263678192
0.457717908368756 0.320609197231126 0.236934347069091 0.0590887007938837 0.384089333367072 0.169458047395421 0.439907461202025 0.155446572783654 0.483892387191566
0.328769167731174 0.143803709593906 0.321947827691129 0.229737374533409 0.424555432902459 0.413900096060708 0.560355160323283 0.131474350902669 0.178767017851656
0.481955837373134 0.469395151819164 0.101033948473218 0.0290415247859889 0.230213556957239 0.396720680703821 0.239709442590048 0.514721439521241 0.0595914078536863
0.448582149527914 0.311290290274458 0.406256031625624 0.427208667553578 0.286085726830833 0.11739536962766 0.0130411638077496 0.333497140564548 0.383802124559159
0.23058978094996 0.569955320280015 0.250744133356899 0.347074477088147 0.383943238791507 0.430624053246651 0.29016657464152 0.144699480420414 0.0257275382736811
0.180391623584555 0.313962384915536 0.352478269773296 0.270802544315296 0.44205309445162 0.102693490892058 0.274938828876086 0.413632489760398 0.467623188832283
0.384861410901611 0.385001570485605 0.391266304755749 0.252076333191416 0.120470810532838 0.367386107201268 0.177611622656552 0.339376445040916 0.436824516509487
0.153872825915844 0.514724589313513 0.155543667891937 0.152469270837856 0.526727312761036 0.19940332099696 0.497386244036095 0.10741730388413 0.296321008479748
0.391318515486582 0.543473060804641 0.0275111275332984 0.52341469300831 0.0768171624919433 0.206028240485595 0.446248087295549 0.102718347638694 0.136931084617092
0.284431141920983 0.541646510700605 0.468340230104664 0.0682652106158255 0.041220841338456 0.254558950209157 0.543392690981485 0.164226459940956 0.113885509119454
0.0207825891286162 0.366987191998974 0.27439251414477 0.259561160156368 0.471979290559258 0.266273401905589 0.490661233488848 0.0225567751591174 0.432784019787977
0.469042874521984 0.442950924622153 0.462967013960359 0.110160976410063 0.148107970309097 0.0280140776722617 0.223789362835866 0.470761272967466 0.250800217376709
0.14113591894628 0.486099531388167 0.482000306782606 0.382446679416227 0.0955821824043983 0.240627343369544 0.131347557111329 0.203062372058617 0.489565276502441
0.0322944876457461 0.0127195447894496 0.753154912588839 0.0517034558511655 0.163211494460611 0.0348008310783569 0.165638768912896 0.452467481445427 0.410935026791384
0.110265958172341 0.234397282165172 0.434804454926237 0.292255391416179 0.565196387375274 0.086829930177264 0.212221979364858 0.517501266947882 0.136378450832747
0.151379015961297 0.0967315700634384 0.204553214147456 0.511197858153627 0.381405643373434 0.222099325290879 0.517323716751406 0.338451868870126 0.295956514937253
0.48480502991859 0.400996904877613 0.298830503288389 0.0548974763084932 0.330355901697705 0.394495024429069 0.44047395743569 0.163821061066912 0.161975829461169
0.474691601672873 0.117067246038862 0.0524128684216519 0.186064672528135 0.212423948742315 0.513965734776707 0.108327654151591 0.341519615678819 0.534734263906566
0.188555782112854 0.522073355950295 0.396745126445112 0.242102182872773 0.299044285463829 0.0691204706777431 0.567581506868121 0.167502564384083 0.177355478008661
0.359792815953393 0.453861388050062 0.387036377809524 0.224643645154186 0.287971646634101 0.172658929182212 0.469383236078128 0.361601431013161 0.0219556975766266
0.116139245654513 0.0773284117039658 0.378266768954003 0.207237261860745 0.374695689230402 0.372069140496122 0.454418276554668 0.529716793175009 0.16902900723782
0.541211675209249 0.456353814436311 0.0443562407204307 0.408335770266482 0.254849649594952 0.132198988381281 0.12757219508958 0.231632854792289 0.421630383736459
0.071413351176175 0.409534662227916 0.242155631766904 0.409382214366197 0.0795386493760817 0.212089918821572 0.357081725132727 0.361670498870394 0.539747077513736
0.388792002347106 0.000281815869095481 0.2307790489678 0.565488530705018 0.541790962751152 0.291020638784232 0.133526347150038 0.224657149969406 0.171096089249665
0.444490645921805 0.417329650893356 0.699280123512666 0.126877433831845 0.221826720810354 0.0487409132192104 0.113024736866098 0.00346279359924162 0.242495569129671
0.116370055091368 0.431404778565813 0.143305453589036 0.510636765797003 0.234751056307088 0.324663941412894 0.467427302949312 0.279699640398732 0.248649677305111
