0.146940965403323 0.435881107769724 0.344827350925058 0.253168332319332 0.471350887658104 0.230315545229055 0.314971288509643 0.430849087041457 0.212981567466087
0.0189098398487075 0.405039703181593 0.344601287643901 0.294649731662276 0.411581031131739 0.104674421937296 0.409087669194666 0.353516421808171 0.396654110804901
0.152927178820483 0.438875814761399 0.569725150924001 0.00855147142066537 0.209804462670144 0.491396056925542 0.311898693942422 0.0623851549125052 0.269593623407467
0.204085625927669 0.356094334028998 0.403091109336045 0.0645431120268251 0.468054754638771 0.176482497158248 0.329890703677655 0.118972866910369 0.540086921013001
0.227338977788811 0.00110977112997479 0.0742199119469681 0.594562120507031 0.00119459817749701 0.330444214091792 0.596921603848343 0.34036887219797 0.0891171763522655
0.240096594571796 0.248824123465626 0.481518066220084 0.511844244171042 0.146718331679139 0.131569072993427 0.00659874317413922 0.0200651977352796 0.589332806721755
0.494904441401807 0.304443393553698 0.369358834071479 0.482174863662776 0.449200955454978 0.0481733574023827 0.0765319437759411 0.10805140541031 0.268012781734499
0.194300231941721 0.216018551057541 0.582573979338424 0.440732707172509 0.0117954145758152 0.474148418745403 0.044644088283833 0.0552172610644102 0.389804758245262
0.506926481774805 0.301563206361673 0.178771519785121 0.0783118138464265 0.122853514354477 0.531870810684532 0.0290485705967602 0.270885012858979 0.491722608059966
0.129163591269661 0.23291872981353 0.366745394928521 0.244659922475869 0.272494097353859 0.165914279769471 0.664105869614306 0.275207068892431 0.340806178753479
0.462035666835583 0.280757015611146 0.50605219401123 0.207028224819705 0.26152309746204 0.257728167771302 0.456462985551924 0.167405901856839 0.193772288258596
0.217056499341613 0.310119751495454 0.461938142482403 0.46908499928518 0.105677634489007 0.0773542728544646 0.234045640585014 0.258542287397624 0.533396390671902
0.138779209852547 0.364967808141472 0.171576143727743 0.247475759291297 0.52604883553889 0.490235591079549 0.449370147225715 0.143524876317849 0.131396247766725
0.369654838588502 0.285881684298209 0.158835096143374 0.223413289677381 0.423535734933659 0.476052502050386 0.510829193613694 0.141025569071277 0.14014884039999
0.221059779649718 0.480879007432733 0.519699954118446 0.485047275270304 0.300464176480258 0.023532556838983 0.24546059711098 0.212907091056944 0.134596492295002
0.506604820868687 0.493991311004391 0.153815495961612 0.283137005933932 0.0197020668314219 0.354876332293229 0.113615562141273 0.36552085986763 0.350227057177551
0.39910129755075 0.253708523138858 0.00747327956639354 0.442899830889423 0.387654924425174 0.313604383343067 0.232592309074636 0.34539988858298 0.397630122744456
0.556525295548766 0.312798449718675 0.0734586503401564 0.0519874992656035 0.229101920007526 0.425485803742917 0.111991256476611 0.14834974248534 0.562372034615605
0.597458485878337 0.617922342948269 0.0551608910656368 0.0231503637390441 0.455942166161826 0.179547998342877 0.0725503482246183 0.00183175573287997 0.110675297799606
0.407434762862691 0.198975206414161 0.30699645260634 0.336040611953417 0.205559855230275 0.418073856822536 0.402370206709773 0.362763181805205 0.276940703557093
0.5314130131616 0.179916411008432 0.251987856697628 0.138844299549824 0.572659765014838 0.272240264844452 0.0941224579844469 0.27160574869366 0.343179234456143
0.47006200712277 0.0548975822916533 0.118275076493095 0.252490378180999 0.20137399931975 0.165244031487494 0.602484835676443 0.240446490709708 0.457851515740483
0.0514581263432781 0.255703117080587 0.512442757888845 0.582130116403331 0.00288912014773413 0.10582248077052 0.355580416244798 0.219221196217836 0.380516510643588
0.179557594118327 0.448624626328356 0.310480108381426 0.135428332979831 0.515893261332958 0.303597697938209 0.11017249789959 0.164403479033543 0.504254282557956
0.249935538994626 0.00526969483055328 0.0891646441645368 0.413724227335954 0.49226554741789 0.220922705461606 0.380679613687565 0.468977054416976 0.31999645279298
0.412051105397782 0.0993625153266986 0.350618976166097 0.188417415924795 0.193406981618133 0.331954353117642 0.233695275866771 0.520505738022845 0.434472702994488
0.362350721713846 0.338076872524868 0.10105901502885 0.375468962794376 0.387920700749029 0.0663780326880872 0.305986222142806 0.446397924842769 0.394244755778004
0.48713753707339 0.482295191853512 0.320902272975366 0.0667996777500433 0.177808896703566 0.298811653036318 0.368147403598457 0.322769145582906 0.249060358722437
0.402656139978583 0.399469668512241 0.418881972502878 0.140444366336268 0.418190085957321 0.280404443609725 0.279129484891794 0.375034655370766 0.105030604581105
0.00540292491086825 0.445909586060732 0.21173625672024 0.397620874288142 0.309208662744788 0.434688329857837 0.240596005060466 0.394453984876851 0.316475152760355
0.285716457230485 0.422972086417328 0.491956217514029 0.289123684920981 0.364533505627847 0.294323519906924 0.303482730267925 0.301974439812031 0.105099733967517
0.135176406507953 0.145780407036325 0.358041778116478 0.416729876325163 0.543653366581533 0.313546463873305 0.50108285429725 0.111620427840026 0.0347014778412632
0.273898395729986 0.381503476692753 0.42382432416676 0.0416910120007451 0.391934462623712 0.171427602488019 0.0437294617338251 0.45966861980713 0.449290569793062
0.182590380867029 0.0107268326413155 0.386199971204711 0.22459368163434 0.275585965377555 9.99824543939098e-05 0.53851048418021 0.56543018426168 0.285132388781002
0.232938340512503 0.295812847759831 0.331610921410714 0.463546408873415 0.138107874129094 0.191907994561052 0.47207083242175 0.224183688849579 0.45208600044541
0.0961782792105402 0.108267666040809 0.434687111409317 0.429167832707328 0.25468964427699 0.212975158818907 0.346495493710001 0.491517776736642 0.36608175651997
0.326311125767592 0.197152492557288 0.319046435356703 0.556548184690951 0.415849030907173 0.402594080487415 0.110594057948738 0.137621544237805 0.277366704635245
0.335649875619502 0.0454781057695148 0.0924844164885555 0.113637418620382 0.310056803504267 0.362653881888778 0.465690861806412 0.108101533712988 0.638433311222805
0.515377079931837 0.0735711414529707 0.168450641494495 0.433612604934485 0.530525824976209 0.14673144313672 0.348309599149218 0.139554085463416 0.262289069249125
0.630553761815737 0.242240238069176 0.439554351660046 0.261834847128583 0.046394123462111 0.208267450678052 0.0319002099217987 0.160830205010887 0.457760178855073
0.0290088634928545 0.478714349419346 0.089460568944961 0.447711265460897 0.343572053791576 0.343756058148392 0.319845838672991 0.388728790250182 0.268181040225124
0.0189856197207039 0.00935639500690255 0.285641230536316 0.00754649824014231 0.189503770858006 0.530973682102364 0.465109397938687 0.506865885775565 0.356117443309963
0.0511260954624149 0.291005017315499 0.352090200839831 0.176435193425596 0.182434800526589 0.362855887357641 0.182924962758925 0.592550378338333 0.456158931679389
0.0930911680448174 0.14332603568673 0.458358165913254 0.132458247444144 0.353719589200756 0.454602293317633 0.316477481795333 0.45191083058579 0.327096466188164
0.129641424107265 0.255128785873866 0.0653694038036914 0.476828619365595 0.0229936061717092 0.45653869964091 0.41453688050703 0.452437971786805 0.317752228575296
0.15285690957433 0.271347863284271 0.0270683326545397 0.448628089196291 0.340466598867043 0.413325672431616 0.254334979453954 0.138657718599548 0.574749844803476
0.36751102695772 0.360215402499355 0.213390519973874 0.0278792816313467 0.0573066373988189 0.467402598203436 0.292605934887014 0.393526734694331 0.476064047119862
0.0746635963248823 0.389008865573241 0.327610479951962 0.348098081585603 0.382853650648299 0.161442686756532 0.0499543459390457 0.526023788891994 0.403434538470543
0.411120279632851 0.181792507799539 0.352362195485057 0.261067429274589 0.559972336165371 0.211174937141141 0.00254378819896561 0.294095444262138 0.401190488180185
0.36977229404157 0.246534354232917 0.247975046426607 0.0326858828494931 0.380641022035261 0.0202085710910263 0.502821047731355 0.476539677310258 0.338694889332644
0.295940217939854 0.349093353463313 0.299342249712693 0.353609253148098 0.0956243962454264 0.45436769032921 0.102428620863932 0.395304685994473 0.439950555500001
0.42038387952611 0.505466679468365 0.0317191882478696 0.174005719424216 0.387159073382504 0.153926271282731 0.066454324678866 0.503501215946469 0.324008696896947
0.342751964536441 0.494276969668124 0.145252894735778 0.178887388938844 0.286043201425487 0.22653502011772 0.457979811465187 0.331132400264926 0.364114355766496
0.254389169996413 0.350233684929381 0.111564272551513 0.253250723419102 0.417919287905217 0.460010561839834 0.260693073953503 0.446754389882381 0.286746209065032
0.491045635857247 0.251490121437818 0.36777269188682 0.215353318378841 0.293569599103515 0.0901728752935601 0.414391426683679 0.324628051035665 0.377591332932353
0.369201540362546 0.418581916030574 0.517828222823986 0.304207932480418 0.199983508336243 0.0875199296316869 0.416102080707269 0.268487084938134 0.186846112061064
0.257647210326491 0.189363369797841 0.481793055050205 0.407161028366807 0.471236064806021 0.0351185518053317 0.135743428117903 0.451485699894999 0.233007341800236
0.0839688030667404 0.40550543281655 0.444535035730233 0.10037789544001 0.12187144150133 0.257894729959647 0.483009267528893 0.480789986813204 0.273876176857256
0.0338184469462112 0.0172648469424197 0.266207306672271 0.410071357607398 0.48622224651867 0.308296265122365 0.562545200543431 0.22995884439722 0.242356259216688
0.0193708633419963 0.274925162920318 0.109788151300032 0.186434309172149 0.54079689291637 0.220159304729968 0.657609200614328 0.135912878187227 0.292191999560757
0.128412466486379 0.015213465079317 0.491506866940626 0.363867579619285 0.485679853741537 0.392055887039471 0.270919272004923 0.101731492519191 0.368728742813483
0.277594981049662 0.314422507672642 0.33424405501967 0.337843868752428 0.383410748085633 0.171481322897884 0.236614380786625 0.388581680358524 0.463497801332002
0.266395026836417 0.199897373625732 0.0628219501087103 0.288699811154412 0.359113542012211 0.266033160275727 0.28133882972471 0.478388797256907 0.542251781411254
0.558828084199061 0.0153187217871237 0.410143418428889 0.612636630341213 0.0283972223645165 0.0150388499868734 0.0956982558934539 0.340412088617295 0.133656758347865
0.345467374922038 0.471289544074112 0.113033463752252 0.149042369549386 0.0227666419607507 0.508709743279225 0.567751311953955 0.18861621761893 0.0795406436639212
0.189481421453898 0.432653453240949 0.375077094815665 0.16807737136501 0.278812747938386 0.450450528774379 0.376548360195461 0.38939132393919 0.184169629665385
0.177339450403722 0.340603727735588 0.103194173304647 0.195327634441169 0.0481816362704622 0.527977080711928 0.422266166066392 0.528550839266619 0.254915525768968
0.241625635156566 0.543053512296833 0.180114814803737 0.0578908835496361 0.426296120687345 0.00467184291773115 0.312790581691857 0.573060526694633 0.0541360363097392
0.0763522324485877 0.121815774711581 0.239783871946541 0.335808576292521 0.57854550260722 0.437489011118935 0.196945009526407 0.493691444648667 0.0209149645167874
0.0213972553560957 0.317851523520883 0.146750388627716 0.429975547640705 0.215042641922091 0.252154662808318 0.502096587656005 0.43027168769306 0.380838414475907
0.505275667211192 0.224457688950213 0.502169976864481 0.202357990474301 0.0444099324208771 0.239189662987377 0.056443472865473 0.272098533405667 0.51457204503769
0.40639938986137 0.526021279907456 0.313746963265965 0.198366896917938 0.0583910056112344 0.00893065964547668 0.0564326657785955 0.442218531673561 0.467036855625943
0.285694251974092 0.534731430784392 0.0266416796890003 0.0995962861407237 0.249004919004728 0.416215428842276 0.241477152167125 0.414467312389032 0.395574001999526
0.0902342087788055 0.00906802391850536 0.338892954682313 0.21121093766219 0.533903126214467 0.370029405966529 0.178108515125243 0.224879441730952 0.572755923279681
0.319423984017045 0.0357208496404612 0.0521703485651488 0.381256950088765 0.11924689124576 0.594790994301409 0.370619317213575 0.0730621489564602 0.487771286772209
0.361945146963318 0.101572603941929 0.473529821606676 0.377891122914334 0.481971776301748 0.0162091739932237 0.317077034518846 0.258784341037186 0.302621566534064
0.354349263010842 0.04108468432207 0.0222577058689658 0.54403260185857 0.347537255390483 0.107705599556176 0.560655945531679 0.0158335430807878 0.359601641758845
0.130319645139243 0.463033575832531 0.209214674230625 0.464799421472913 0.0984062014445946 0.298183782952336 0.354417330206733 0.508467349789604 0.161429170152384
0.290519329947588 0.429603227265238 0.46490105711404 0.266171747537238 0.105896872413824 0.176846402994114 0.446475900877911 0.23504713729025 0.383382979936835
0.361295046530099 0.286674951898666 0.416641036073074 0.414856284661402 0.487992140015795 0.0501490735381012 0.0433587791612651 0.442186160748526 0.0593972108924565
0.239229949539908 0.265600052390354 0.237861656452099 0.408429143552696 0.100467439627968 0.104513290370927 0.371609239946195 0.568012434227374 0.4087601051475
0.263400228770214 0.0865015069232652 0.256574773880177 0.469936126765839 0.47807456677469 0.271536173996444 0.0236544728368128 0.508234985309706 0.274440724727729
0.335813052889167 0.561386113461388 0.176356620830961 0.107612773080741 0.466615846164006 0.414946894384729 0.229607994186801 0.0995772663328699 0.277211692511764
0.111369756605231 0.386820447188998 0.000362661928510533 0.569153284392722 0.239612002836951 0.0707033151067935 0.448520051028863 0.255242916456413 0.430463788308336
0.476318003255122 0.245540910597509 0.493403952278554 0.0148460726608263 0.287910170652639 0.356873742367675 0.483752837659149 0.154588642023498 0.031581077526923
0.296622674080947 0.363583701538067 0.25481148915775 0.205472471078401 0.533624758032336 0.422788351373651 0.0887893333471231 0.257078170381238 0.367690013427047
0.52858345816661 0.399843149874993 0.415910997978983 0.271033750318107 0.100389558672263 0.152661296490024 0.198346504087104 0.346672366050771 0.34839220886245
0.225811302946621 0.208810837148846 0.391141088656417 0.409025800400211 0.210874707450132 0.155351782344244 0.437360255325729 0.377199022506475 0.427724700110069
0.411774592542568 0.351609948929608 0.23065201078321 0.266923429166778 0.350196869292925 0.426170551977133 0.221858788479028 0.386068181954014 0.282550016556202
0.100459552318638 0.486596879066667 0.485662598580425 0.214626973812724 0.325073572462827 0.26739972341896 0.41118324624566 0.101530106005579 0.338589713467073
0.400816650084731 0.310531691599452 0.287496766476929 0.0609414771388261 0.435711710639107 0.427196619097797 0.187542757905863 0.2571165204124 0.427697311060197
0.33950516788067 0.0805656138903028 0.432205598311554 0.325654132370847 0.282017712255072 0.182746837624218 0.498603124961021 0.468512304758918 0.0659839153134595
0.453696391907976 0.123226481242689 0.252384872889174 0.590105939399165 0.309129278819196 0.158132918526534 0.0912832707821333 0.461170388393629 0.159605704509469
0.361623567783406 0.415502934617133 0.0309757369834959 0.419849885227924 0.200356992519849 0.398741820479221 0.465530538750422 0.190656966125129 0.25912460139593
0.469843059320934 0.192569884224801 0.0522602507575485 0.378621615900885 0.476998345819455 0.048838615687661 0.299590373751253 0.465108738028969 0.24512387670085
0.281756389704717 0.387546343030272 0.161795884100469 0.0302559354835021 0.419704734153905 0.466074326365255 0.312332970019893 0.328145055717792 0.380420078070396
0.397496516984127 0.465063751588285 0.0730625920657211 0.389373301739435 0.27984813334646 0.326448824438409 0.269505284343566 0.357599929013097 0.288734991373217
0.462091678485017 0.133760439026894 0.129135859432624 0.0973257497481873 0.464246755154591 0.38119756931878 0.495094365976596 0.075557597599116 0.361617250097326
0.327969041117902 0.46030803697162 0.238277815563873 0.308634388792872 0.264669580531253 0.494852858190743 0.199211271497226 0.330523162193745 0.25428583577515
0.382136173358236 0.15129566626569 0.361238116192012 0.353572955776772 0.400520637967201 0.390980449310934 0.200539508121767 0.0184353107799584 0.470888847342302
0.378558384953251 0.360208952274077 0.16150893987019 0.401891522225581 0.10897481424442 0.391074295361914 0.462945091838003 0.0872913802474032 0.390625868106035
0.409483976599428 0.449768733679661 0.192644091522238 0.394432106740793 0.320194794326894 0.157783130381015 0.302241328923429 0.235991641990692 0.403584474107176
0.0355768843319484 0.136038563749453 0.193039643641093 0.583708279336286 0.539707320607566 0.252896577006613 0.234141121486242 0.218278399599531 0.380184087002312
0.19262023825091 0.31479164232978 0.385167957992371 0.277110660511522 0.35662767690672 0.451081812449879 0.487561594219104 0.201567848018666 0.172206227329428
0.48908662713864 0.466179588148046 0.183003339874996 0.281187275452483 0.55172151986077 0.233481905678715 0.136923440813485 0.2291806715827 0.0270575652698019
0.435048094201589 0.230240498982536 0.408792949836648 0.402229090273324 0.222189471672662 0.318231498020941 0.279822854667077 0.230493380499178 0.383086250547816
0.432933553118436 0.369965191789987 0.00805534123578511 0.0854418676617537 0.232217570028049 0.394541524965867 0.329241853200966 0.36525299010409 0.465758665775293
0.0490010259731435 0.483024558895117 0.285461645134002 0.544552801055956 0.174409076585228 0.320779249028335 0.441933617864792 0.1340626481008 0.199158485031145
0.336265927148918 0.297958921932177 0.188273662237322 0.167519360363483 0.0704770935392974 0.523163319918141 0.375892743188996 0.243626715774688 0.505291785058913
0.093384947316387 0.105149507164076 0.280228180409137 0.502333428991192 0.522699528963387 0.175119925415176 0.196643986083636 0.528927109984667 0.16444328805046
0.0932699190527539 0.064685882949886 0.098083481205385 0.336813117234011 0.526393050553823 0.274259803768441 0.430380646038928 0.539110632626837 0.189412658473425
0.0714293984493887 0.163971795243888 0.436466679457136 0.528829167936578 0.411134163408161 0.110430659753477 0.0645029806668629 0.00840490648213699 0.55891871713338
0.28260878308457 0.220392905694358 0.063402254788224 0.373437411579199 0.298012645406228 0.198863620274725 0.478510980772525 0.468470962238955 0.38895734867989
0.307230592123616 0.555830210144973 0.0880792599988369 0.227330047802629 0.400909399878012 0.18056653941085 0.548268712327136 0.180982788194638 0.102660905279278
0.112112186604696 0.45846893866871 0.0519923777360718 0.49644769629149 0.51258028657263 0.366892565661849 0.353155082780916 0.0665648804664249 0.0396921487022847
0.337050385772979 0.176665764138617 0.370453166275295 0.124007221887226 0.0356943526874502 0.572709631321967 0.270482993598348 0.493814602141053 0.237252157022135
0.501866009174506 0.0994744790735995 0.21506801032082 0.0021386732999914 0.450150426427767 0.480835624021263 0.19912974085637 0.18976091400637 0.427172508411267
0.260097476005182 0.0522757313931442 0.0641019735986588 0.153982477512231 0.247589286733189 0.566607433173809 0.377532329058067 0.301304640139494 0.534918031661429
0.105459862339244 0.212653015189016 0.0805758074501922 0.0260927708197 0.549038666403328 0.350780974228743 0.581401140885055 0.278165774604529 0.310788328707041
0.116661386099524 0.349429798359279 0.562333547827077 0.0394061238811053 0.286162910437614 0.169123590317432 0.0905357261869444 0.491632456111489 0.431423093575685
0.576912470490726 0.126570302217055 0.187776354299421 0.468806541964305 0.257290250369962 0.466347566441124 0.171548722768562 0.2121463876562 0.194933443068045
0.374721754908605 0.228550620262583 0.295375030465235 0.180179178562708 0.0520757261357238 0.264652410301784 0.485915737436206 0.425395225158813 0.444757568073594
0.413899041278642 0.424458349964728 0.517937014186451 0.213418607593417 0.319385219978719 0.210508602852245 0.155038171830777 0.00683138292171259 0.405354347342473
0.425352558602441 0.185246166268564 0.448255574579591 0.137243956845556 0.281331830380939 0.422418159217033 0.23420841839802 0.350151521159547 0.360479852280555
0.364153568114838 0.423715410409026 0.306736984897648 0.0701532325460579 0.0115137288794629 0.34942173839122 0.611582371096284 0.303792921582971 0.0172372508730479
0.0489123242187797 0.536928733376418 0.0191279030680618 0.0731769111827668 0.0214040065748865 0.120123022335156 0.613066709751055 0.165962961125668 0.534146249397397
0.147612316108419 0.159991249719468 0.331466875110319 0.131334547307215 0.388390684367623 0.159748380704894 0.521120420451136 0.484984527520085 0.377294312371766
0.386595795908361 0.0127392658717607 0.244137160828125 0.696146688942055 0.143394725944438 0.348012379001724 0.275734760693777 0.297141297910986 0.0126871321671563
0.228803753406418 0.212881907491515 0.344909970292176 0.253910006302871 0.360526070384542 0.233585519006188 0.416102462763311 0.460977967531818 0.385634242253546
0.441036941888784 0.56679884701305 0.254344673219449 0.133813110195339 0.528607114374696 0.189254388935986 0.0973641524089246 0.27494677983185 0.0361953953634776
0.218650624150007 0.501223335308458 0.182329863031733 0.251269700162928 0.020246721261433 0.42432179556404 0.482835588455043 0.0140399197717967 0.436806811748035
0.364520582056474 0.240355699375035 0.0163518253820852 0.370877164218459 0.366312061443829 0.374332052957047 0.391552649708923 0.36309684934413 0.334775772981136
0.210746935993221 0.487781014283235 0.0479135804623665 0.267565061924905 0.568034935317406 0.0119270196179987 0.0608121666827662 0.483069273651181 0.289669903887401
0.0837887659319063 0.498435284654639 0.060057388836953 0.52466663255392 0.0904116532317918 0.333002196133231 0.00960358162787101 0.508749803055456 0.296102049784809
0.301576761894337 0.517357188719534 0.299031054323425 0.342638409387738 0.116268518729771 0.03219327798967 0.15190427525762 0.520634091495697 0.354799666380312
0.178670839101624 0.0062922392443131 0.269197795591803 0.3745617350591 0.622619335894146 0.219592820443924 0.236851629406894 0.228565325253297 0.45940890933613
0.122050492257096 0.00899931020695888 0.266158295761931 0.725379352208897 0.279433329316228 0.411061628611166 0.239600579130398 0.271972614096426 0.0978522271306278
0.192827176381604 0.107410006991348 0.174913320752895 0.446210476333607 0.375460373183786 0.0613157493018892 0.406109164147985 0.344681891146834 0.541407369036342
0.030398961419777 0.289634673276064 0.672704240765939 0.469943298762997 0.331539584193955 0.19560915761859 0.0428974644611092 0.246812279283002 0.175704375273707
0.332268937929162 0.167734177720208 0.479524436729257 0.22911129765605 0.445404723553675 0.476635514611691 0.285722296527015 0.0068546088020276 0.26791029922387
0.234739513631784 0.178100602742246 0.472396104771132 0.141129539767796 0.451154609697475 0.434793963245799 0.214303984010094 0.239337544912498 0.417500872994469
0.349504698230625 0.386881473785024 0.33280167963918 0.516489009565715 0.23757323877974 0.157190770680891 0.12168142271672 0.0924778847488954 0.496127832529352
0.168805418339466 0.358448071047931 0.546429203651803 0.441026099631523 0.269999424917689 0.263252025029561 0.377681487866599 0.137919493669788 0.214626197823588
0.402313796680805 0.510517266828658 0.0737435634442233 0.30170156356295 0.434336340445177 0.210683834196734 0.437323431208197 0.0149073626192254 0.23778989696195
0.356462939865458 0.0330313322896149 0.480763413800997 0.315668143845767 0.0106018633993857 0.43538543819542 0.312170671008194 0.129104853141744 0.487105528872763
0.20450415797535 0.443534528054433 0.179821546202504 0.220672928866376 0.141474813905442 0.230004197091704 0.44405107658016 0.353723921567481 0.53404477043666
0.154938496236585 0.432480930231534 0.383094764693761 0.491729880040827 0.475930602194583 0.038251006567389 0.118736207881705 0.339149438921345 0.208088267612016
0.0311320233234395 0.0973599595092012 0.50279793421131 0.252763702973093 0.598791104047211 0.0353872893806541 0.26575402124592 0.369645252973665 0.325254859810265
0.108424079382407 0.491331823603597 0.0245410164435946 0.0606357399539162 0.594914369827608 0.142045590626124 0.587380780560435 0.130130526351202 0.0806728651571705
0.214240466772268 0.384682424877958 0.484765638990726 0.357769469491957 0.189317276803573 0.424842011056251 0.0899419306921955 0.44284315291151 0.150307557057799
0.295562483161428 0.307179348352547 0.186166777052634 0.293375835053041 0.334542867801968 0.386746983361806 0.446888388964648 0.247313856977622 0.418557859131485
0.345048848722716 0.323550315465343 0.144252881882777 0.455301065382995 0.159446320060553 0.287151766367275 0.422366059956398 0.0370031436287094 0.510398808910084
0.182501121649353 0.386730584045497 0.403672449565416 0.400463588929771 0.269131089709145 0.431795748735957 0.452069263850418 0.172524416811798 0.0282817533917824
0.376543553398392 0.0655273935923758 0.234921053710823 0.522545286048904 0.288359243075478 0.315253074251265 0.263831160741153 0.523007778990882 0.000251951647143867
0.434079028204932 0.271328948540605 0.651446304741755 0.211990021483033 0.167210024363704 0.329717535478451 0.107952208395526 0.173215952097879 0.30050565881212
0.434270153438855 0.474230301894129 0.0378283740515482 0.507500180834001 0.108037055456627 0.451554491308041 0.125194913428989 0.310240912737655 0.00556604982739328
0.0987072525131215 0.463684745699372 0.408346397142312 0.45022551609541 0.429744289704862 0.0996439467310506 0.273479076066644 0.319389373547892 0.185456441971905
0.0825223327801629 0.52023941375266 0.214229425552421 0.250293932312119 0.463369401322157 0.191260536826892 0.198985111965205 0.361025341677788 0.439059848425806
0.299768749010984 0.440616009173197 0.396352296099072 0.26052987837751 0.393625874303781 0.117181911618724 0.167699670698978 0.42206962044537 0.340714537463239
0.388493079823492 0.687917030289902 0.327173807732676 0.245120558409456 0.295044584767296 0.288521858106414 0.0399823230716867 0.0700100645255664 0.178662622969526
0.00438110022037042 0.33430460190634 0.356182712492944 0.0869009123978923 0.240423166593085 0.336432934341943 0.488194029119205 0.335141707602425 0.481829381901723
0.280674803516816 0.518983828924749 0.114837868856252 0.381984095727686 0.30143041319711 0.422497594917213 0.414727056546948 0.226520311516196 0.0101666022131994
0.255073140377819 0.522036837097423 0.329758620658818 0.23819829809501 0.407907340073601 0.459550493037257 0.17619288927076 0.13510775586963 0.264694093236965
0.0844944543499571 0.317275627674829 0.580345922437109 0.278970076174831 0.172034859103126 0.451181774419649 0.252728164691522 0.073321295738024 0.418524367540449
0.176061265097482 0.2621348418795 0.144607185672607 0.345370763838942 0.489350645213657 0.0520611520017616 0.671769390905907 0.196536023064709 0.16739358560972
0.208189040649396 0.417475667135192 0.325597379567827 0.224665063370391 0.348140033856358 0.320513484326111 0.0256316722676166 0.373729386818634 0.51149030530345
0.141059181461713 0.510837519702954 0.106684960336036 0.0798247622750194 0.452409296701005 0.0124031190435501 0.317555249776251 0.420153840151051 0.468182728426928
0.0521059526777959 0.0794695991156364 0.0512829758399245 0.459297463420876 0.625065120815402 0.0590910227379638 0.355737571582595 0.464932634782583 0.201185784901772
0.417493919028905 0.0547795032362203 0.117839809253091 0.233952199196947 0.35687660760867 0.0745057771375131 0.720675039651432 0.0419602496874076 0.316279911201496
0.353154354228341 0.246671264731808 0.230474767994677 0.219864791829741 0.665520431122537 0.460513284797469 0.00320434648702561 0.123273041204038 0.206832549749924
0.0678627627788021 0.427598824475464 0.264327550914381 0.219648276495223 0.454814202671366 0.283818338423712 0.36026647286148 0.514649662672004 0.111240533358426
0.264123359060789 0.553980429223413 0.450634275879019 0.386878909746861 0.0829836178452541 0.0609214203949583 0.137314140638568 0.455992569627848 0.18225228877361
0.533771563321977 0.36827806127698 0.390001494410112 0.293408080635332 0.0142731877770459 0.543968162987147 0.00665108798547898 0.195017748339028 0.0841930815156826
0.238562792573593 0.452522832650103 0.47264835008312 0.291470742329862 0.213369890196157 0.175509143545872 0.375441585992866 0.233725059973627 0.397549073443969
0.252859246906331 0.20880333428848 0.214401038268807 0.543845886314016 0.408382817407469 0.572960481154014 0.0625006687108247 0.111713059584721 0.198193934779993
0.556489659994592 0.358348191749735 0.0984060050255219 0.270389978517787 0.0887665620327984 0.197375789465112 0.0953334617105558 0.529771838518106 0.37752877356593
0.229516217427894 0.170869152206937 0.634622992729055 0.0157767351890877 0.212390455740349 0.0815339942528324 0.454325323240445 0.259608187852484 0.435391067940153
0.269416344983763 0.234398734933725 0.497914226797108 0.449722776806336 0.182529780814467 0.381436147914893 0.426327060691811 0.244284220025561 0.0454171139522347
0.216649361914081 0.604161677594285 0.104076853628689 0.0205199416188996 0.107861852519394 0.0149428418055001 0.163496847902676 0.41110353574515 0.607621475687764
0.299374666137997 0.282771818374829 0.507989659503364 0.465479991726852 0.235633412792284 0.365073890006401 0.309685101521978 0.234297877023818 0.126836049592734
0.438329673798331 0.389846045756374 0.0788451608136532 0.323788166835927 0.424833254844384 0.0624505963572488 0.388728667644461 0.384278331389555 0.248331707355383
0.39886963931739 0.346747837123116 0.00236887733080982 0.0795772223873403 0.128976988744679 0.505196377705003 0.45321041823238 0.401419783617157 0.275562756614621
0.411006916050566 0.0656750381944069 0.410876741878529 0.352029093841378 0.0750459426731275 0.442237651251168 0.519760384811583 0.153007114525491 0.198110716465616
0.494373689948596 0.311392030432716 0.481555003681265 0.00326126172322871 0.337665211663551 0.0716205002332682 0.398807191280958 0.344554443617417 0.172660270519134
0.164083264660084 0.345827479162188 0.338641808932193 0.356900886160502 0.332141689930861 0.0583247983211022 0.434283847727132 0.287350920202195 0.475952333315785
0.306153895997208 0.287866000648096 0.380511030289934 0.0267541152034417 0.0964582192158013 0.261297647327299 0.562680489797901 0.254172545436782 0.468086387088847
0.370585037624231 0.335563136032373 0.000190652373366795 0.381354025309805 0.439237272377429 0.125625256468971 0.334777198993703 0.292205315266736 0.445491163674642
0.522597123448404 0.16434103503467 0.373625372997658 0.406840754993422 0.307755312975937 0.163973487684389 0.12440822577015 0.451015941764516 0.232971087911396
0.252141012822561 0.0612565505899114 0.677732427206959 0.210379011173538 0.0835168384122216 0.100882958146895 0.193694854995168 0.363972275019711 0.491880093168023
0.464528350748065 0.143414365435607 0.329492916034214 0.378876762080874 0.490310673286938 0.208695282268387 0.20621733023603 0.419598463681997 0.0947935302762165
0.0348573661041698 0.315061471996364 0.309158856637805 0.264819423678587 0.460765300563217 0.422500801162899 0.257076653788848 0.354402306421439 0.388988068184875
0.443718351990013 0.268798743860729 0.356075511460912 0.393358432671386 0.478482040644563 0.0232291063954694 0.0115463829980372 0.434124582376626 0.176800753400512
0.328115925803188 0.0894086842725245 0.310548968475263 0.36944820718641 0.102573797619407 0.344957164033387 0.48814988913939 0.309425842188209 0.433430377038764
0.183575743111431 0.451980787925519 0.123363144692716 0.538837942192847 0.0100243343678686 0.395598144132959 0.502233014054337 0.211735378302389 0.0527282724948964
0.130322554449213 0.386560412542912 0.57662052480592 0.285890466014168 0.293901621712322 0.2191699090994 0.348368175357948 0.290802427940275 0.281109304494313
0.140181746352793 0.0977748565947768 0.403124211285513 0.193685270924469 0.511321929759518 0.326779507375828 0.317797435277793 0.525843831218445 0.158190184639497
0.293486763801337 0.337861974907717 0.166212372088066 0.219679573270587 0.495367568940343 0.17539837272274 0.101753498958854 0.649707781755272 0.123294542060911
0.295307183549841 0.240389481211672 0.389171463966216 0.149774171651401 0.351167557872195 0.514087121824547 0.16902679579449 0.423738939936321 0.292217152755439
0.256863254023218 0.17491720385372 0.443496948930463 0.314707713065272 0.385384372040606 0.563915847464592 0.0983537114513842 0.321416290689202 0.167900775589893
0.467173674458815 0.159689255588948 0.0867856870845577 0.255606250713869 0.460317172164933 0.314300418197524 0.349963438996602 0.498620136227089 0.040108451738363
0.38548421705124 0.271088128735593 0.403533412077745 0.351742320545261 0.203071891023015 0.261766504626636 0.409992034928412 0.365460900691878 0.282729969458468
0.222827429150693 0.356716444433137 0.415313065383468 0.358474623749653 0.138441409080257 0.515085716399647 0.18496895202593 0.412207425921454 0.183042406979853
0.253018710203488 0.435159922968502 0.327694419360441 0.167613403712533 0.484903005650832 0.333998640881354 0.162273274180724 0.482107401642843 0.0754540185343638
0.510877552276138 0.51734251804237 0.00348462282905848 0.448778017706583 0.137817082317416 0.0630975322175769 0.00381156869013111 0.149555123227891 0.473910206835629
0.236378286859664 0.314334995113887 0.558752907657136 0.00545320272092853 0.126675456262324 0.504691135791697 0.329581195160563 0.235988830942261 0.313065425772127
0.0673441133233521 0.628267022392205 0.0466421905776052 0.388802078482507 0.232495513297417 0.158156212265677 0.571934434568602 0.0302986922023222 0.200769044986511
0.0642129716846687 0.176527718916905 0.190838266433952 0.298918705768559 0.204024913525118 0.612647781802163 0.0288516740087882 0.624812631887699 0.175374764951992
0.300522752347603 0.503061013931257 0.303493105534566 0.612148852675066 0.176153425051213 0.0584157458511572 0.271410865874889 0.224643684548484 0.176664475779271
0.437436833114813 0.226838913366871 0.299213991998771 0.410975762262941 0.306815398132154 0.257424227423625 0.0298261361665367 0.408393374653542 0.413140854898663
0.378539103118131 0.361048739013805 0.0597328589331033 0.366660606413839 0.476307762943466 0.115976434360117 0.479237613246675 0.342421302901187 0.0332157152107984
0.110293617934032 0.0866885490551049 0.130945360391483 0.0463168262361437 0.293246312580897 0.533355750132603 0.440463205696964 0.62949944038546 0.0170100101364018
0.454565697854585 0.42465113202542 0.199076476975459 0.299900216744467 0.223489749283804 0.257926626443403 0.410688244556872 0.431551046627782 0.109976842967114
0.382979159926656 0.482369906531328 0.075419713494401 0.0454119352611403 0.327341312095261 0.327554995856626 0.368964655490164 0.488861553972728 0.152743947240489
0.420323283612087 0.227283996228375 0.215390513808165 0.345297138633675 0.110867126522963 0.485697428801417 0.263923464600877 0.205278703882765 0.496043023741267
0.171995261660072 0.204583562710556 0.186986730147258 0.556551060907453 0.424575239803572 0.34817734530574 0.0498497648114621 0.32999952532087 0.413489771801665
0.393939777315683 0.300401584033531 0.279762372659142 0.178534648079109 0.324030859451352 0.426214272329206 0.391533979123674 0.145317504292502 0.428203335766896
0.355178618983447 0.378220298689576 0.411883674196058 0.349412005998236 0.237980611696286 0.090461067541515 0.318886014399378 0.164741994858424 0.495393229604202
0.369270400476418 0.30242834140795 0.277893091748999 0.227311881339889 0.220182701919064 0.247938451696987 0.0663101295403012 0.505001767114597 0.523357900181442
0.473276121114245 0.200722426488978 0.486962720903651 0.216009027807962 0.0519626070874019 0.205221827774029 0.404987985572687 0.289676025535664 0.3989787584376
0.452833121601232 0.262075909781832 0.353764199834493 0.0202537790301279 0.212184862705572 0.31570611409762 0.196146663553119 0.491003625925582 0.420057396207087
0.0398537895581005 0.431578601149196 0.50659888986415 0.311781590913217 0.263013721403057 0.0215704202957449 0.319631342531455 0.281882856548377 0.455014011016851
0.472636377741743 0.503046071498223 0.293185629562811 0.215410622949044 0.0241607832027666 0.0785424313969475 0.540345937418034 0.230417173749658 0.19844770471402
0.49869380072184 0.317492019785455 0.297929944020792 0.495569040794636 0.476525574981382 0.104116722094454 0.209240553087248 0.185318029052086 0.0105398470943195
0.582375126945042 0.0567909288611292 0.459406895444999 0.45169847704551 0.238286729250505 0.306501369717442 0.209397660444479 0.178871237202481 0.126340165797153
0.480056085803297 0.389059842572314 0.420332064872193 0.416568862702248 0.284658418468699 0.345430149848154 0.111997390798643 0.0929825924160405 0.21547238704931
0.0978251572472776 0.510177019414873 0.490669458335706 0.224805940891047 0.195265624957976 0.287571697731644 0.294102512941772 0.46985189141758 0.103789139380317
0.442991195980478 0.18815695438414 0.215078279331965 0.14567832425665 0.480469588141886 0.274434207246049 0.510748448600751 0.0377822573732167 0.363893232206585
0.33784379372757 0.177404893900367 0.0798709536692559 0.644839825052493 0.0683985483042913 0.561150836553121 0.154292661332466 0.123277337713757 0.271328500782628
0.416985497567873 0.331399834743389 0.255821786758945 0.20604752723228 0.225133865215005 0.295107789484187 0.402108270445672 0.395958397576083 0.390062681935009
0.162353551615019 0.327564726546756 0.371738178464669 0.152618829136023 0.336830074553175 0.766213296373076 0.0319462349138625 0.0201366362679913 0.0538287391409424
0.174829522106753 0.321225603333185 0.506970983969881 0.115124867159596 0.0959820052617485 0.445913376590659 0.342439436716385 0.473854270890845 0.214759199385203
0.330972725807203 0.358260091072108 0.24257511823722 0.42340636735192 0.416825159262966 0.0564010887796998 0.367369689914339 0.457081464883753 0.0564169406883754
0.029505079668089 0.569234412929801 0.472435201913773 0.0798860383007886 0.386750245343796 0.532009558546823 0.00270566710386011 0.111741047605585 0.0205311781054973
0.0169514193365526 0.30868985239558 0.355489672232915 0.0155114934282805 0.452117286933984 0.0699486566395051 0.441095313953934 0.529787881474385 0.305395775770354
0.0293052492633195 0.60378672960557 0.325632264173645 0.0345635754311654 0.250713655943763 0.47736766993694 0.152552768537191 0.22782386435695 0.401794083286175
0.0131642715667015 0.215790722899765 0.636721014307281 0.358450250146857 0.0591697548397602 0.216797901380762 0.594039393241114 0.117809204310433 0.0457890237966407
0.362974978134158 0.45888419629714 0.297329376755068 0.349298350856228 0.107159203087354 0.247435791772875 0.413319016178598 0.41039349567565 0.187875935554523
0.0140228242355234 0.247849039477922 0.145797955093716 0.151628068547612 0.527279297292431 0.181432992027496 0.468694252336988 0.433794966589601 0.418727042341299
0.107860579694914 0.254164564975945 0.300281336609054 0.363083569155329 0.280597623573068 0.488008277329902 0.462719673630522 0.349240567656418 0.220912503931099
0.343549344239105 0.443667575016083 0.0249429093365505 0.180177327877241 0.467655528520207 0.534171105678257 0.318022298475035 0.208252976027748 0.0591520489608837
0.421002835622118 0.450257069948203 0.279240196772306 0.210747243625302 0.472156564408354 0.144492904275733 0.0471138875081054 0.0204744486950226 0.501185347975446
0.234486810707319 0.173713377125524 0.179626863223126 0.301113862826179 0.367309601596655 0.457565100631726 0.270019788568988 0.470119527730973 0.39204465118201
0.13276719929625 0.145146478674788 0.35242404594631 0.370759914418237 0.131497666820982 0.460566307936433 0.165260214972502 0.459053768097595 0.48185629307485
0.47442959529352 0.105120909186218 0.484203728110574 0.0842037186943602 0.398438775658569 0.140283026054794 0.0245723744050812 0.359327765655743 0.462784622584752
0.025560605975679 0.551605598241789 0.394970139046888 0.485892779685888 0.236998020194701 0.00967448267715987 0.382185626243101 0.194227753204323 0.250864076957957
0.240873194652494 0.0553839176747264 0.295831859795548 0.365899075885382 0.0583676558246087 0.431868105312179 0.434779882424233 0.488322104563042 0.316394113660371
0.389727892862128 0.202885838153862 0.163012082906809 0.256061573746952 0.37346781148314 0.426873557290166 0.414441417745547 0.24817760143783 0.39969486705802
0.540061528159175 0.123738568411175 0.430407132376417 0.18868776226938 0.146707981064913 0.374409097976447 0.409114165604892 0.0297401352166351 0.377100332487578
0.384374247214429 0.319143572336401 0.028432183561385 0.364960991340845 0.171220354706968 0.235063170219872 0.490764572065869 0.141116734308283 0.520638072268553
0.53222943154535 0.0846353411295193 0.208196954350022 0.0928438345773185 0.139975977825628 0.462556365390228 0.594886925531523 0.259717335812368 0.0520339080607687
0.433738981378311 0.240585927402076 0.0398813121259379 0.0969689829723261 0.260025595763249 0.508201513250152 0.332812915156161 0.0566965710722647 0.550576405838048
0.182582784423814 0.51541978062898 0.0838997131433039 0.391516551029677 0.188689798953573 0.118866628458509 0.396243648499528 0.261062050528939 0.515544436668551
0.145807063523825 0.710691568297209 0.0783469342173014 0.245135016378525 0.276727103499302 0.119117008554251 0.552202124057932 0.101033594644728 0.0390723946375016
0.465251373471601 0.416515456408893 0.450369090127291 0.237143846573968 0.114955658735033 0.274010354515269 0.367381073770138 0.351462638867754 0.0647703250271778
0.182886492017611 0.195635218178686 0.150984711157037 0.600906793080113 0.52544795651593 0.107265895186607 0.453226497871898 0.215311842672784 0.0708453260797444
0.530602418479612 0.00829825338701784 0.411149108570957 0.100942372245269 0.221895916210681 0.0156726024429463 0.3485025212163 0.549770494950113 0.256854487971292
0.33193651545388 0.375773003479964 0.570635626908025 0.0222626237074949 0.0871898084615158 0.328036559688179 0.27931311013713 0.473838783354319 0.0688701906207345
0.157879990334081 0.293352568730091 0.439395896139602 0.194486926050618 0.530439595745143 0.399340113275465 0.11039371683308 0.452358929714581 0.0216840104396985
0.392903017229879 0.319277360211642 0.204156451422572 0.395209931431 0.0098967896269645 0.433594006607754 0.378427770360488 0.326661141777151 0.32833161865794
0.275484833663285 0.467731427828227 0.471971272231461 0.108040317410631 0.244243726137623 0.280162485914383 0.218115559763183 0.326799347359293 0.422359560953369
0.299052599778121 0.531731646720577 0.0107909444233467 0.554024154070656 0.232216356992336 0.0922116770285443 0.371094280443352 0.0289873702979676 0.346108549759679
0.091147584176122 0.355662877240136 0.394074522461918 0.0275400065380248 0.499465735229445 0.273851249771836 0.0639229907728442 0.543008484045535 0.292810457930995
0.0509692451695392 0.370280689534807 0.121822226313898 0.429222288222025 0.531058322469631 0.270005214333807 0.240226535041614 0.498533881565708 0.00716537752496538
0.0809352779268211 0.395807619312929 0.26696408120109 0.297618153681656 0.337767356906321 0.240706224350356 0.420648609316447 0.14640499285411 0.553654653139808
0.0669918747402506 0.623106899338605 0.347795718295956 0.235136567513806 0.0701804557729435 0.401199595384399 0.486849255250528 0.164104865279273 0.0340558043924386
0.175191783858537 0.453342198981819 0.0374403059671216 0.368656124661255 0.00507386002352561 0.381362586595283 0.575148787739524 0.207878987535307 0.327118643190043
0.40102200862023 0.349446166355568 0.000472944956329102 0.338035938139035 0.493279359973884 0.140386014446357 0.480970202663935 0.308249645949239 0.115832923490374
0.28822093643823 0.278366882428666 0.277543759702032 0.292526621553969 0.495888537562598 0.111371377531921 0.0381415293002001 0.535162897133496 0.361490082233652
0.247391815943812 0.40788562756454 0.180236188775135 0.00960556237464205 0.471490668046645 0.064055827799213 0.0891960904041258 0.261607680058796 0.661096160719714
0.237857151645565 0.462447718120282 0.0677293959908976 0.37993692135324 0.257859650413981 0.402180170506147 0.281763000845418 0.43500006873527 0.289431875961605
0.323747187238747 0.162698273740691 0.0842419602888097 0.0382356712179605 0.587802499830699 0.371344760264719 0.335047069160895 0.280256359937977 0.43121859935274
0.408918648258592 0.294064501381661 0.316172326267156 0.457579143369112 0.0274894960403195 0.223498807624624 0.450990555903261 0.12969277789312 0.407489764578424
0.11738528146159 0.153844748259798 0.187063333095302 0.20834760621227 0.067935693164942 0.483091179959995 0.525964432375946 0.127915284398761 0.594270832918499
0.085916561979571 0.412917877395173 0.467362994563004 0.446602087791286 0.273887207005161 0.405552986964966 0.308687514042327 0.0390041109148387 0.260650816241691
0.183656967270014 0.410526074952513 0.430627649858783 0.353290495920264 0.328604485586732 0.00774657820586189 0.416130685413467 0.440711202558772 0.109781983957656
0.0215274484670251 0.0617608874853597 0.434528315942714 0.280002847279764 0.384129438075848 0.438277499306933 0.263392168930039 0.256137174333466 0.503866481892104
0.117829194292946 0.303206320317957 0.524425259810379 0.390880135855607 0.155455896926388 0.547355758926917 0.0548766333435192 0.371220003116033 0.0423376456313008
0.343019464348383 0.315413443803789 0.0561748354881599 0.328375911891523 0.194548053298047 0.268894743786988 0.47972423528614 0.279631766388945 0.503371691615916
0.679667249958331 0.198816323543182 0.00667712420237077 0.0094299941451732 0.465305246710575 0.156799441777978 0.1519971434684 0.481097760781842 0.0523236604179192
0.378061921905291 0.448656724384686 0.262550009710089 0.278605108605944 0.383980911641863 0.0185001332763641 0.174320070847825 0.498683267859261 0.286996391179128
0.11119838993153 0.181367417005173 0.48170108582404 0.539373218463268 0.0453205560879851 0.157946725364342 0.372706960051577 0.513995327771792 0.0409704447920781
0.369747505178139 0.547161015499916 0.588617155741849 0.222379066615618 0.0779993015447582 0.352076425666199 0.132842045502789 0.107363111288023 0.0936133161415585
0.46623535132185 0.452971492664594 0.140930616347961 0.0935564086073424 0.443087950053865 0.297368101397423 0.11595906677929 0.428417155843418 0.259007142747742
0.100621895585069 0.472490268755405 0.0115804939219211 0.0024698821608905 0.711990933856212 0.474735837306261 0.0365996545766234 0.151653497504699 0.0992191955525498
0.0381512532752561 0.0923891113905799 0.480904817049637 0.202370961600502 0.13340149930258 0.262652966341142 0.417825543066496 0.487308328109137 0.467926439712502
0.439561479616549 0.372531263764424 0.291537307585968 0.021108637185167 0.417422534221096 0.172209285040347 0.208946470339374 0.450086284588491 0.363913019697669
0.400555606424224 0.445234225669794 0.236803190510904 0.424888101010089 0.429798909560921 0.128430153291328 0.196172566966274 0.3068691597205 0.26616212519129
0.268176374177108 0.375603044628876 0.42362447529573 0.458955020254876 0.247416906605715 0.120004480441045 0.463177407060085 0.271443302583049 0.181866436110788
0.0120758432624904 0.497221421657394 0.232925246434562 0.211863039530761 0.270097399376042 0.0590152201026217 0.280955401022571 0.480447258055701 0.516995171561813
0.0816134789652423 0.459961424000523 0.290824009908725 0.383528835863136 0.196354723592076 0.382791337932391 0.196196115815373 0.0191322920918631 0.571102801140006
0.413368741711319 0.077320003687446 0.293794888984188 0.502064785611313 0.123625256787652 0.374022525310955 0.154942932408844 0.0400740499631018 0.551338479812461
0.488687857056392 0.162267016184711 0.366461136164131 0.0451394081137337 0.42598283077958 0.496249474739404 0.0791850908673339 0.101566814416848 0.392697407218338
0.475834597727514 0.43703199084698 0.226579537977777 0.0551121508779407 0.447161249709956 0.308816805551561 0.0134897045346382 0.436448095301159 0.205472440301669
0.232793492648912 0.407414306515315 0.379632718912735 0.362878982937132 0.366193753268284 0.319099746688481 0.28052569499263 0.353602663585267 0.253705720442689
0.498585340617108 0.215843537998121 0.465934766638153 0.389286288457256 0.333574370033483 0.0422885842582952 0.0142251284746755 0.391160290502698 0.264416890979223
0.00380347015199889 0.696851770923602 0.471742945629942 0.222481535741185 0.0457916493945731 0.174712162090518 0.155460717408142 0.349433328483483 0.251894426356267
0.198837282814337 0.000348275696060329 0.481867496350281 0.0179159429582384 0.336928655326753 0.283011455692421 0.471637701269406 0.475765366872459 0.292463912660466
0.268495492644825 0.403534088479747 0.337168793526658 0.413950556727809 0.346206597066989 0.146865157324519 0.438006714051535 0.254999973584841 0.285883369137826
0.15175703511094 0.56268634693843 0.266652632922302 0.117143197557848 0.285707586657501 0.341206349575409 0.111505297219229 0.230389159049152 0.558537848229998
0.255992750106813 0.273389130061839 0.297879337881412 0.383203505867456 0.392689869715937 0.404778251416292 0.277700032735917 0.301552689151421 0.371546725860786
