0.515173469985866 0.439427917597363 0.722876382277347 0.0881160793333553 0.0623515089407115 0.0288218736805138 0.0804131985289763
0.490885134280838 0.214817243950466 0.0458203151040095 0.163255457322614 0.557974108294106 0.572219029577346 0.212987717215619
0.361719983817158 0.378265313833619 0.318251915631319 0.2705769220633 0.303391742315972 0.665225371071316 0.130409008427041
0.600735119652052 0.122403744032944 0.158297280609003 0.0572169516723764 0.507278649726736 0.069473998133742 0.577619741673708
0.132879769904021 0.187706058852097 0.645361775414307 0.0671301362879158 0.0280525973612776 0.607485057001562 0.395330346871603
0.193808636800036 0.682868022877752 0.620360216280641 0.074262524660289 0.178436272122741 0.240672568350877 0.126510737703921
0.192109330865517 0.123806008257857 0.385465288781996 0.0652619616938588 0.704080278911909 0.512693368414203 0.190630363911858
0.131673755989208 0.182380547583923 0.22615782676326 0.259997816689406 0.535935641652596 0.610563586925755 0.413083798864009
0.184648631305604 0.352669686365956 0.439104123657299 0.373152975662228 0.496643709478575 0.182174833942475 0.479198034564498
0.60900262178964 0.422831602801202 0.141033711698722 0.0526829413486578 0.542190976972217 0.30912239203536 0.195283213342817
0.292343130518506 0.116051625987276 0.1965506673187 0.693213009348124 0.342546142281191 0.414215892463679 0.304923609827497
0.151917055148157 0.72407218180345 0.442526343486613 0.108195270565494 0.271398827425726 0.17134891974747 0.376944461180222
0.479524733459431 0.0644416973553191 0.479082479045541 0.5505812298727 0.0406764436177384 0.317518998569201 0.361622313620571
0.227642040476422 0.0518823451028416 0.524678007478281 0.384952812267835 0.517703639923335 0.257510677379764 0.433223772103529
0.011291798440045 0.00328419160337767 0.130695328496885 0.125018577419016 0.671560662969846 0.394979311005751 0.600123666931776
0.401016939639623 0.0573620621294978 0.405567365022674 0.3125604384022 0.493466517616655 0.350122956832132 0.45565425907713
0.436276937302135 0.072714885077909 0.0825860431861501 0.323557618796522 0.631280737063187 0.468203961345796 0.274107048156406
0.216503623431062 0.0441290484333199 0.365388411110284 0.146445925151334 0.609952504990231 0.239400978268101 0.605696971611119
0.486277630133157 0.160247872319326 0.352675255283781 0.00836548694114425 0.678384337777992 0.383053127434426 0.0804354437309044
0.667429802877213 0.112040919064403 0.0635991178231708 0.0855418225922553 0.335961463859581 0.614613899230876 0.200004222854779
0.486049620401478 0.00475699468726865 0.523338803234233 0.309634788143996 0.36868464515984 0.109564273371851 0.496027453810138
0.0396233021733235 0.163898234016681 0.639680750522344 0.565625589036383 0.275338066173896 0.110662041782505 0.392920418244786
0.320794246814156 0.0294532259388591 0.339118248628681 0.501224502411631 0.286191568829228 0.661741050830458 0.100943240976442
0.0599001692238997 0.541510250726354 0.495449695058066 0.317333153872667 0.0302496547098651 0.361005029688006 0.475150727806683
0.128397196505404 0.265156710132184 0.257575143209588 0.384104696557532 0.339832147998543 0.605212408614173 0.466429800002705
0.478476662273963 0.424538940044893 0.0961075760282448 0.389012609583317 0.504583222998053 0.138329291168493 0.395626179282412
0.300745686263632 0.268367892594369 0.613528836867599 0.355064061804569 0.218692716181155 0.0156767217823063 0.535696108860682
0.488064901981782 0.382131875784622 0.264623551213934 0.00188164616113673 0.371737833324806 0.552298342923557 0.320181573786442
0.553661447890061 0.340435989060391 0.33864186998727 0.346197112518688 0.100787059722604 0.567581504512445 0.103560542562624
0.0764851898573292 0.639923929080571 0.114094636919831 0.16978366074989 0.488474295822117 0.281801067494925 0.474114251811605
0.0161253908229881 0.11535783093791 0.421508581953331 0.172786679877829 0.602827595689666 0.212223331450832 0.608660799355045
0.203885605944297 0.252041768150235 0.147503334748995 0.322011023990004 0.721342396928994 0.132555823086104 0.481197852885863
0.188657465166281 0.0368692068852388 0.472794515553865 0.502851793008316 0.46702657436508 0.371049930241792 0.361749320463183
0.543131721014433 0.24554466686783 0.565492164021161 0.441810926488763 0.240067619151042 0.241729608665732 0.116926482868229
0.255471346912975 0.439232032347085 0.448962508928697 0.0884276900138079 0.6552369112294 0.206918710789455 0.245503684635845
0.276687750611164 0.348540620455529 0.537139366673054 0.4216180451446 0.270763226881219 0.47993025333287 0.178989039433821
0.0985368722198127 0.00246938024695798 0.519394861901709 0.552066455350411 0.481217294015587 0.409645269258941 0.127893168681347
0.408351191844842 0.444827200916292 0.410221713262038 0.346094715107537 0.356896566804447 0.306399759632825 0.355047443994476
0.465785159001856 0.614964383944205 0.134994109799635 0.32436783542356 0.490378291831512 0.06103636808867 0.192947615861745
0.230323844755787 0.201299879819112 0.448061161687639 0.462384013132882 0.382590372447011 0.484414187827312 0.332924925847315
0.613638551966508 0.206088709979328 0.0228762550873517 0.230235965661472 0.241216281559398 0.535140422769744 0.427647847717124
0.00767973881552153 0.49798515493155 0.426080281636524 0.614539416840791 0.422995282616713 0.0243148401632582 0.115032540008854
0.0351161151711386 0.276091688941875 0.354496563220983 0.578210755476957 0.646030462820381 0.212573019742343 0.0014488110620744
0.564902477979164 0.338994964118078 0.516122931159709 0.204861086976134 0.355496234688799 0.33815488418945 0.12996292190681
0.153355596725041 0.130590974196694 0.642705009375383 0.359326678546596 0.518692572444731 0.384068310358338 0.0263099921908744
0.497770687751965 0.368293070282504 0.322381802267975 0.498508768292161 0.495607843990536 0.00134304932123008 0.136068363305655
0.0755575485766421 0.148781299731015 0.495065671733007 0.387777543291513 0.680589581380704 0.122985189825579 0.313633869493377
0.39327968052823 0.19141751284538 0.0419579887790437 0.327983594024684 0.205819873504685 0.44772867428799 0.675672947348645
0.523397662184089 0.510075653214793 0.0512772211424343 0.288549033967175 0.292356601552695 0.370673618917282 0.396379240845905
0.0795367416431526 0.731641322133121 0.0821917579380878 0.100345423046418 0.365847779174729 0.118989533160115 0.541799858756006
0.132250331816299 0.262795810158487 0.519073600724519 0.368498498147319 0.225768815869783 0.189191919951837 0.649195290338254
0.315395613380203 0.427325377365333 0.380593866143495 0.404233593157555 0.124419953622339 0.512552534288075 0.3625902851325
0.434374204458726 0.288939694324557 0.561907682193249 0.487143686277352 0.0741647593146942 0.396462385454493 0.110003884260194
0.300260221771483 0.352889997958427 0.196313054134093 0.463064160225562 0.505195986769103 0.511153015515132 0.125876234992791
0.0655766934659702 0.168614300172158 0.166883763842372 0.424289685064762 0.241811421754158 0.640309406345177 0.539377500476329
0.629119179958608 0.23950779676671 0.458700718446392 0.469838585054221 0.113063917449752 0.0999794240357844 0.304813209896757
0.361883835156541 0.412631293028852 0.529406344456962 0.315915740292121 0.124704221354116 0.395272740049838 0.383288392075844
0.435454548720824 0.472536404004606 0.206024601465037 0.500672500339406 0.31725883619296 0.409439036350189 0.160237636820806
0.41886715671079 0.596952879129658 0.313876215605453 0.376657213841038 0.075232181222557 0.299623555728556 0.363833029599581
0.526366864704182 0.203004456980984 0.10807639344645 0.219604222200517 0.128939395508701 0.268033663611976 0.730310331581892
0.562304176972283 0.501740503831569 0.318499593453871 0.563048229065273 0.0601122126977531 0.018893711445142 0.0981566586786329
0.321946747277586 0.585602625369265 0.211029797842977 0.598695596392214 0.186016397628329 0.0250277025066081 0.339442746691616
0.248553785019477 0.483415529766423 0.0042417377303442 0.269959226644911 0.451982504692182 0.506543143144376 0.413231563084243
0.249032207401906 0.0473645376926055 0.231292049520821 0.341212160838958 0.430520075818417 0.629264092555087 0.429531111222335
0.418220604783607 0.516127323096994 0.0568587697281057 0.674157452340002 0.230900148886647 0.217943413032697 0.0129889109009674
0.210767064458395 0.533740167513857 0.155559470902261 0.0264769916398596 0.553956312341089 0.565050333556238 0.140176398204647
0.269223060406017 0.401353804819171 0.588488994558568 0.236546039717321 0.268788018440558 0.493686629021513 0.219515956022481
0.588419433506469 0.446431040009222 0.186523447141859 0.478237905641261 0.112825797606978 0.346588138616465 0.241052707155742
0.104913163745207 0.59408720328508 0.463079567142698 0.404670716022765 0.143503897251818 0.33741936616526 0.351293825542967
0.317350792135516 0.410913963452304 0.508018960301463 0.50120239882032 0.305581141326582 0.148164540344598 0.325297580396589
0.386927226541883 0.438951661366987 0.2824818208149 0.580066440440843 0.0328813285928964 0.445038956127165 0.20541385466021
0.301342564502602 0.164020102817544 0.506711003156977 0.0439968890471711 0.465020739011771 0.308310486466064 0.558836875974147
0.577505249398596 0.16876014830469 0.0746274806551155 0.580893897819435 0.271504434193409 0.460756517703117 0.0948129288434439
0.289810375022981 0.304582060995657 0.130943284612223 0.366159088276735 0.702438286354198 0.422340187283443 0.0151760668538916
0.448054433007617 0.211954044414599 0.629855661014372 0.209430418129209 0.233253938092821 0.280118727365299 0.425287612460469
0.192311085496035 0.409756211302083 0.496240269633115 0.409015433231645 0.363276328284369 0.0301646040189304 0.498686945728571
0.300953066226304 0.236978144779693 0.519042444940257 0.53296933573626 0.0144166532447042 0.23864800336579 0.492591645219238
0.399161338403991 0.571256019566731 0.514474615667949 0.0299621839913292 0.362474708843615 0.0470541859180139 0.339341881341554
0.410429032742035 0.610820759330966 0.415830136073373 0.236050059518868 0.23657235626738 0.223817971085124 0.351782194626954
0.063579359878035 0.370278359689056 0.681376698588268 0.220935560446713 0.579228574491146 0.0193699964358152 0.0994179854229732
0.314931112516442 0.439534184941859 0.0682925408142295 0.308023621865161 0.441604651376664 0.515231537179413 0.384197171849418
0.25364915774435 0.115592851989306 0.301086476280157 0.00250303906750438 0.647270543152349 0.269705289201698 0.583044566808641
0.266244720055595 0.360496035499053 0.594366511982071 0.427480783001137 0.41337035922163 0.282014975212338 0.112860475384208
0.535891728716926 0.169741900856897 0.317335093651413 0.421858295544293 0.581887180035877 0.128830273622905 0.223946041072681
0.388714800719227 0.0154149814784335 0.0491845024899925 0.404949602627334 0.110658515465055 0.674903451029078 0.463162941996354
0.0782418243622566 0.257080199525272 0.283415276811139 0.606466625758913 0.446864262780576 0.523495620368888 0.0769848475178141
0.474518771885729 0.508700922365815 0.303968993483774 0.357434877073105 0.402596502439269 0.0631987406133219 0.360306039045949
0.641886191557569 0.538423960831606 0.314888937413276 0.12665945362312 0.300416469148972 0.242254839911749 0.184246120708562
0.00404315641928787 0.396821649668145 0.18157011111291 0.619944304708823 0.224508380035284 0.254138155237435 0.556980583500723
0.188582018109488 0.409184085860546 0.181461236917385 0.110742198433298 0.297104277181395 0.491106624289744 0.649889623987063
0.144676761817167 0.183334398293577 0.194016627123551 0.641906836987338 0.663771812325228 0.22299604299103 0.0738243861726491
0.114262351665575 0.552698462809327 0.506192951295901 0.342367880213538 0.0309672256666841 0.180237527880527 0.52400087722686
0.182749216525333 0.369247179661931 0.590062637456193 0.0704659256074789 0.545108549423113 0.309459589779228 0.29019185553201
0.59797303730366 0.0341915097547624 0.158388424663919 0.410265219113782 0.322703747124968 0.478661250835082 0.338526871573037
0.235343250684184 0.514810383231938 0.521908006621151 0.536263860882849 0.312662542034232 0.0225867497287435 0.146112632428297
0.00787643667115956 0.523098125147786 0.44687298960958 0.0640348208872552 0.601786786297569 0.143105642244745 0.374010461189166
0.0495021139632472 0.202024179630061 0.0943085903404191 0.0350850880001599 0.731019988116433 0.552289935773189 0.327408463183056
0.591330063710743 0.216030337097751 0.144575953301973 0.528612543839465 0.465317523894725 0.0439090217456959 0.291337984467344
0.180950405878893 0.432299020907149 0.384621647455922 0.392685815338888 0.322983333981485 0.485526997648228 0.371730878996906
0.406308145155555 0.54613397726057 0.179011482166831 0.651058687156327 0.25320222461369 0.11506340024811 0.0581196401101949
0.621519116857861 0.292392425698287 0.106365897121672 0.122156087352555 0.238504735520628 0.426565490046965 0.512973894912734
0.608449231661367 0.342183103780198 0.663221163164475 0.137397655813876 0.11654893033333 0.189963792098242 0.0654975832795935
0.626801706385639 0.328351992374612 0.335519934286547 0.350010127877416 0.103563805753739 0.158828522120281 0.477778099910565
0.328238578796299 0.50988299428157 0.00723606070751903 0.165447951912844 0.168044266472426 0.699521959253359 0.295437870276669
0.505770596907212 0.0130961028418083 0.143649299223824 0.649216580166176 0.354040992430586 0.24049530729937 0.344563911502737
0.617912095305886 0.620386035505887 0.266559662585854 0.0751281161367446 0.259979224961569 0.145984965672946 0.260205138799538
0.14013004113363 0.16855357374003 0.478449914656771 0.0149447357443517 0.0143924972809089 0.565439471129528 0.634733533776647
0.612744579485246 0.375001480436097 0.0402162122544042 0.0079900529037541 0.130187404627895 0.414971056463322 0.541375144684955
0.648696993874375 0.00941539773849365 0.252590526762901 0.155654023475551 0.550839635243095 0.380737460008378 0.206610972556909
0.365506567578729 0.379050611437444 0.444901231868978 0.218564485730045 0.156802872234575 0.635256210428983 0.221089232788797
0.186678539587253 0.355539923185925 0.599878475892801 0.185001308036846 0.602709224168542 0.283396383762564 0.0330287274377917
0.523550725942394 0.0430972870777365 0.434084844476798 0.431609681185075 0.0110494196582213 0.318793053745038 0.497563655549452
0.0646610955424229 0.49729530651749 0.0736999733012341 0.228164489574249 0.100466894127732 0.448376927858581 0.692741029692971
0.263690839654118 0.527394733946064 0.36392641944198 0.641315788121817 0.240165536684102 0.202828498516002 0.0988669409119214
0.145982555158383 0.553423998955774 0.330121315921143 0.304510364580182 0.437180694482399 0.180584883713132 0.496957207164932
0.301379038822479 0.249713809147536 0.0724931950655612 0.621640844525767 0.235127059531234 0.630902555857495 0.0424065614571726
0.139113308604383 0.189402267035236 0.446053385841279 0.802478525038194 0.00570013364006083 0.00849673110055649 0.318957954094581
0.00335265418709862 0.505695320656746 0.396159699773892 0.562721148302967 0.0137606795209438 0.236593004336579 0.463139069720463
0.344471085475338 0.314563354965979 0.397086400292085 0.320765886213735 0.509301907698666 0.282764275663053 0.427173425147012
0.121787446666845 0.628256785922106 0.476264669430245 0.0811157358727863 0.47831396181288 0.339541290149573 0.113933739699626
0.377379753924485 0.261421093540721 0.474499374681447 0.488714621333859 0.19437075473815 0.116077867898078 0.523448023960398
0.623830991763564 0.00860986729554114 0.47954855063035 0.335615342608928 0.286295208549322 0.0674603451863738 0.426192971180075
0.104779101248352 0.155412548462431 0.130980247372396 0.624675112558612 0.457706344154968 0.393982965971669 0.439062391141181
0.422214958377665 0.228958614411674 0.422689428624963 0.602626658102236 0.0947410316182186 0.0457430665480638 0.46520850000055
0.121887210334169 0.313292842645977 0.136721685585829 0.0314567723329241 0.638721454478929 0.239380952064155 0.63406657240853
0.0546882064042067 0.0338823288821725 0.466150524577387 0.322497249210541 0.302023699048571 0.480785534299753 0.593453752013408
0.406860135634343 0.295211644065145 0.45480805349753 0.461686949720043 0.179291710419535 0.477806957844499 0.25858210259446
0.540681131164742 0.0906612074946027 0.301671328429271 0.155816941448641 0.309773897268832 0.587050715969501 0.378908352599834
0.128084112396101 0.270107938093015 0.0557941111722656 0.462147375807954 0.245574603298514 0.65478846319889 0.452645738740105
0.469744002598056 0.393209193101888 0.431971735075933 0.277054462093127 0.319397051379842 0.230338084997936 0.454200658060335
0.31433081800321 0.409856897528651 0.56958301153149 0.091877864416386 0.213569649097303 0.44732011583928 0.393242711765409
0.00429825528953087 0.681123401139808 0.00882140554767952 0.652922677831188 0.0772743738005117 0.258578060221045 0.191918354841791
0.253646355626409 0.265009590101063 0.466802117418507 0.124469559564874 0.547336987679689 0.410800492448195 0.40460070769745
0.0648408581881219 0.153042109486044 0.320999182363693 0.682214277636429 0.122380450713549 0.123743276782207 0.611250854296897
0.567451643464283 0.491640934390772 0.559299318534362 0.148830549757029 0.0789853661640734 0.220932952609842 0.215108126508733
0.455235144733586 0.299769371076973 0.485476678764247 0.422230978885005 0.298633040345627 0.390251725767616 0.217840721075465
0.0694988087653171 0.155168334627464 0.240353628776566 0.111882716535147 0.472816384790205 0.684700086067417 0.456547426667796
0.299199621553319 0.686533901443332 0.0681688069969634 0.366936033749499 0.403017428351445 0.309234659224857 0.20448136222947
0.462260494978366 0.116192460863438 0.560439825563511 0.0376700585711507 0.492352814630712 0.199621470231764 0.418381034438903
0.0276938804893284 0.406303559426327 0.484981164767524 0.0869084461619437 0.175260300921916 0.545187562061838 0.513268942642375
0.242665058767555 0.497618954558414 0.197317904695999 0.622523115990939 0.455177065932471 0.125863824226382 0.209742213827021
0.498461263752166 0.0207985752670681 0.521290276266091 0.149456791744512 0.396343068002653 0.353574742795039 0.418234356289605
0.0548959523775319 0.363027019223469 0.249406796093023 0.549497394511805 0.236839554628853 0.348633148388343 0.568690279872688
0.61803442326739 0.425691707975864 0.477492853333108 0.169749065655089 0.0426744129576226 0.219757347129937 0.360404569897917
0.535630140208338 0.0967331311036717 0.380187827930026 0.435383212233792 0.283045073120802 0.352271091757432 0.406733687737045
0.120035397271577 0.377194859699642 0.365653965138754 0.0915320896242708 0.561453565325961 0.534159979477928 0.317297346147505
0.402447705360375 0.444524985547618 0.526121023820694 0.109768038951889 0.444213029760575 0.389160975814538 0.0530051571697259
0.170381040831682 0.170986943141933 0.510371004813341 0.184706000504849 0.171343337507724 0.522450082286474 0.587219098151605
0.0316049402347183 0.479547680935488 0.308107212759873 0.566628310211129 0.412421122654584 0.0532097404211864 0.42439956890579
0.0450458894688457 0.168583462398159 0.51704308566487 0.529725794765312 0.417549040566793 0.067715130984961 0.492620516961746
0.501925300964487 0.540131853974425 0.482555764111396 0.0897836214949425 0.23776041937944 0.130342637145253 0.376680485725651
0.430138894494893 0.486005746556911 0.376663743727872 0.514778493745663 0.405451773164778 0.055499900055661 0.0665964940936865
0.632568674900565 0.0806247761291312 0.292402723457737 0.100491516845587 0.490199242679799 0.359220050504887 0.358363331211021
0.183787922011075 0.187815727748336 0.602547312705418 0.268459744806907 0.459574926121054 0.282923212759942 0.452281656122955
0.227423817214339 0.399783184816789 0.494353159690107 0.283991839053115 0.0425349765438531 0.399983040350657 0.549199184776617
0.439990301637694 0.464197457217913 0.169288395300716 0.275301051750553 0.345119970760936 0.589290169556716 0.141807359274934
0.491342787548861 0.0316204065508335 0.443414377545178 0.121121301516524 0.679732451288735 0.289245819931204 0.024421003987842
0.0801170667283652 0.0979016045272234 0.0966343940201977 0.625766141623216 0.0361298464088331 0.713707260196164 0.269056949885966
0.0947061298879487 0.0946290677252102 0.7516477990479 0.131596354050065 0.18706213521916 0.410598438310943 0.442945543282856
0.420437960056771 0.459291492751579 0.293780455570163 0.377122054497096 0.403629512973163 0.412993256687713 0.224220945840767
0.49289188460761 0.332725548965446 0.326976171218294 0.137284325892994 0.43338075273719 0.482576053101565 0.316057546347172
0.528098382208564 0.399479412618453 0.0954130419617766 0.0252065247124519 0.240661210724354 0.673169748276247 0.201776985299653
0.411338033292162 0.533223705304871 0.320618215164526 0.0837009195415332 0.438714270325703 0.48008242557722 0.117142103043157
0.566129909123271 0.559612198929257 0.178944737037792 0.399363696180702 0.269815979858461 0.300047800089391 0.109495144821763
0.32713432050673 0.0150473107810268 0.676278295248556 0.57315904017877 0.247312003045181 0.20209724434588 0.0699040327842342
0.323193101083826 0.414815029377864 0.293981818907246 0.324334652453561 0.37475311947933 0.517081936654416 0.352197110167171
0.385736662266365 0.188267568779384 0.407734993945615 0.393255554052611 0.470745197983403 0.0076037466500406 0.522691051636524
0.5115024443183 0.470034922357837 0.0677311907080409 0.128216978482422 0.537630236031276 0.312209724446406 0.33148775350023
0.586531824286208 0.125827655908062 0.00906583952419115 0.106334446052229 0.577138171700584 0.537360184605672 0.0831515424470739
0.517055591576124 0.425650009192424 0.506581854069939 0.0532608291486577 0.305908448311892 0.445431477523177 0.00495117993442573
0.135814289597469 0.327365667522962 0.348491295065748 0.444209449210084 0.351863123690667 0.511382770373966 0.412671764621166
0.321437518231284 0.535201885309603 0.537742120190939 0.0332371490030529 0.449028898530074 0.0901912945283432 0.331970098968615
0.309639379272132 0.688404805382583 0.251887495195366 0.0895935408124677 0.474368603157901 0.351701662609077 0.100141573759649
0.464799159291625 0.24668014665558 0.260476465460924 0.0961611990108148 0.496913290963548 0.352837467705436 0.524021549328421
0.302192505953356 0.41112780609574 0.321684665137199 0.340731294957384 0.541576855531718 0.276276116855406 0.387866979853199
0.483419536094351 0.577021851507968 0.26852993657575 0.371993487806202 0.265017779805675 0.297347908709418 0.253404125400607
0.337746424144739 0.0337196017685987 0.206683227110952 0.396938644224251 0.264389893435107 0.308977758932984 0.720515667088891
0.366245178774064 0.52214307942192 0.646600217749854 0.0757215510160092 0.304757894014153 0.227150483886938 0.157894782878055
0.555174880069941 0.251088550122899 0.15194571112199 0.556470504002363 0.286974147576987 0.459038296054309 0.0540199311505865
0.411127479786924 0.442887384532557 0.393261547333931 0.414413991901435 0.436109815715905 0.320469377909773 0.124655385560214
0.526618549563263 0.351272896140927 0.177492274602437 0.3652641202327 0.229029417039519 0.538088375570104 0.303916595181307
0.228948675088484 0.523787835746533 0.60155235420463 0.0963936369024099 0.382529963367847 0.365586128887543 0.148625195392971
0.157778117924221 0.246670451555017 0.464396771494656 0.452598412259666 0.503575045498883 0.197875448502186 0.448338655605514
0.409097105874222 0.0884256972161253 0.585900480095092 0.0489870504792016 0.616637459383832 0.307602682827065 0.0654231117351586
0.525677556407776 0.577141583492262 0.214531141488199 0.0851054307745673 0.387388717531123 0.108033406441256 0.419002289850461
0.386713973981156 0.527861532011639 0.151854529279246 0.245033773498057 0.190615290400677 0.582888999052796 0.3355881150777
0.160598678796137 0.465711780994781 0.0471502509884515 0.468743287133403 0.300008424945706 0.665881753493846 0.0444254581997674
0.415462039731452 0.0304380575063279 0.472195087691342 0.589022141408302 0.449144955445345 0.0127263730185492 0.233787045655141
0.34904950754068 0.00326221892110345 0.480439889054886 0.570681884161265 0.140169674251712 0.448574006006753 0.317470192086783
0.529399248299242 0.397169075301874 0.360811476204594 0.527881953496662 0.121735307558142 0.370010383071189 0.0377056315276473
0.168153123538065 0.327065994245345 0.0945651754789441 0.0811024159457557 0.696251713331742 0.603438833067999 0.018091837807127
0.412594827370036 0.568451025360192 0.361471386312179 0.171787194890196 0.490682865987899 0.262199405540169 0.192193479348361
0.154295299809727 0.376601965732824 0.43883796190406 0.520860619804028 0.55762907886483 0.104444449811872 0.220523343662094
0.506885774111253 0.548236893214938 0.396477973835769 0.097398926746484 0.285432670045044 0.298579970973982 0.324345460978749
0.549924070947514 0.568269324641315 0.392081963658352 0.228191384779204 0.127348029174407 0.296181263430107 0.254780405857511
0.527637290062492 0.214141826225242 0.484185416575796 0.123386145744327 0.42623801904044 0.287417914070428 0.40223699930016
0.326012974727027 0.476569736256787 0.332345197156144 0.30699523518996 0.285628599284542 0.497435473122155 0.364515672697575
0.391389020048243 0.0140921212081797 0.0712271340768378 0.499153881329383 0.401625780881318 0.467747208758031 0.460757448188398
0.357346770784433 0.407316240462611 0.337471039669328 0.378203626176588 0.447783059361531 0.163565837907039 0.471390102373099
0.34863888211584 0.343571997405024 0.686436927916864 0.516130164185928 0.109146007772996 0.0991065153894709 0.032988750812637
0.172826449654421 0.352038436604372 0.012107404978315 0.467102472717923 0.603198971736078 0.140129325502637 0.494351515431282
0.297806475845435 0.278663377657906 0.147460511708016 0.164336800910046 0.546107251706941 0.0864602623792405 0.692241526428946
0.518760081295762 0.450917361464953 0.169384514872482 0.445709539222731 0.320016923519296 0.311129129769988 0.317806918144632
0.17433208227166 0.0626784772644269 0.318708995181264 0.16891202638564 0.0479068925476953 0.0971118081052398 0.907660323956292
0.479775237194524 0.0494478557127814 0.428441883783341 0.311243694748502 0.0688238570678222 0.464192278216464 0.51645362965357
0.181863524785836 0.651775206363187 0.121737996221506 0.511465893636118 0.23867837478811 0.379787150564509 0.25395194884126
0.0923663032749554 0.0367624556152362 0.112714322049003 0.522884694423777 0.0788883268866467 0.108219573632852 0.828292956376301
0.00696181144036612 0.151881593279985 0.590692041267176 0.713170587384254 0.0561345665991558 0.235807069975606 0.246166765953613
0.411867731046795 0.427323095166478 0.249141350367659 0.299055178062825 0.0714443265706959 0.207408871568075 0.669426471441199
0.52345849379233 0.442198609301358 0.414546260445683 0.0262865600112715 0.438977894063368 0.190901468078034 0.358841257286877
0.0142135339245391 0.63889215939528 0.280505237127849 0.448278999996507 0.205236910399364 0.446318795631582 0.265809852146777
0.0592925723894744 0.101065984494477 0.185063454879835 0.249215856995766 0.634649237180545 0.693810413628909 0.0758978762129779
0.567326156243774 0.0100473090721319 0.478150803074986 0.0155179274393562 0.635548381075176 0.0690751041975265 0.201191383417957
0.0571583028273374 0.496059277037179 0.542780719584944 0.184726737484306 0.581114354451232 0.188353252006837 0.220799466706062
0.180147615484518 0.0396305112770748 0.625000824880971 0.623017130175886 0.131535211924674 0.408127823805121 0.0577065947418186
0.0848607211473976 0.541531008273974 0.243214366868169 0.47318258127755 0.113275250826428 0.14520229210319 0.618524739623838
0.453273436609343 0.306877999799941 0.107648594955257 0.407619023670952 0.498898589806971 0.055972579183858 0.520187335406164
0.413530711249076 0.535694642997016 0.509084093114227 0.114970435069372 0.0783263542218214 0.0329179776554736 0.512269630660992
0.391487656636566 0.079077718470383 0.555267461322134 0.0344205115432993 0.357138809783132 0.558006078305824 0.303411422074287
0.0349459301009052 0.614301620101972 0.0391875504901069 0.298988612999815 0.218544653251741 0.440096082764151 0.537620794950525
0.445672131209308 0.549027511867798 0.61969674775657 0.270255113351824 0.0476475815872737 0.129908806851638 0.15406708627737
0.52293166080907 0.408533039153641 0.577225991647444 0.0402446498715611 0.364320297684504 0.090951337784165 0.289538134996139
0.402106476839514 0.329134400355016 0.490274731649187 0.207526931752328 0.486983429936445 0.439029628605949 0.129012836818267
0.214453382103217 0.314802135999355 0.511296473637611 0.472227497296726 0.265769982036573 0.301469005177105 0.457131517709244
0.395089871801214 0.52428762862214 0.435852734755428 0.52319794384654 0.0510812363822666 0.198082598493237 0.251945970991138
0.0445111781413882 0.450563225529421 0.446879263626875 0.278677350138622 0.250191073024481 0.426220588640054 0.522866933243242
0.133041925862731 0.37348704088271 0.0341113252130106 0.632877579309954 0.636055566796131 0.115861170957144 0.1520498877556
0.343782745287776 0.173877408195676 0.532807872398703 0.458246381270075 0.0369294265259108 0.248377885793345 0.542817408922833
0.380361380737611 0.0764556362159271 0.394539553760201 0.373336830551599 0.661522547628361 0.0632211718484084 0.335900148282164
0.496993400333755 0.461479520822426 0.436684394162408 0.011282614758417 0.373252101421647 0.227380918493898 0.397736647889801
0.405914956044048 0.606531255391264 0.333549296727053 0.0303136310287282 0.219858780404515 0.550913672594004 0.0577501268225804
0.509647824544421 0.104223359245322 0.00704467625037952 0.56797000580929 0.27324986763348 0.384695298747308 0.429070003988028
0.587998259082985 0.440104944665684 0.260737506288598 0.247366114341807 0.234848981742377 0.279072641582871 0.445371821942701
0.538228128878961 0.471532581568975 0.222989944508845 0.172923146965854 0.250526960027351 0.480824614127844 0.338207788854695
0.035801804956894 0.277631358495143 0.322576513700191 0.265085429926924 0.444322867222659 0.565730089540369 0.479416126807536
0.4201409609455 0.153335445540689 0.398959013472742 0.346391683722003 0.0308653308336112 0.455828635202982 0.558642916159545
0.123409156857591 0.55030253573867 0.480171132938559 0.545128997238632 0.336426048811378 0.188647721619477 0.0737354014997984
0.343260953495997 0.0388657285790314 0.527736440908677 0.43001207874161 0.284494078906766 0.183088792715079 0.550260708273385
0.417377102330721 0.433851686460711 0.371423665714485 0.152409701247683 0.482619634246051 0.0363195629352411 0.492081284044024
0.366167477310499 0.377663104722403 0.196825491195186 0.494847942588211 0.572924270420082 0.296130128533055 0.154084148964462
0.126966695179147 0.0618096258909459 0.571609497089083 0.667322998633019 0.0316225681509101 0.00383203021598411 0.454958190962063
0.0989850656297148 0.448319032194722 0.532988566059733 0.271659550240715 0.302012354161949 0.459086656004451 0.359672433721407
0.510333579180307 0.397677237976301 0.378498991218548 0.0463606441202024 0.112225850553392 0.459633441234364 0.460591049464147
0.264725480473545 0.526477120939598 0.384588249702558 0.535879199784226 0.0127355231447045 0.278652653229637 0.37397610597852
0.135322331776138 0.189314562427682 0.109184579666801 0.596446373027192 0.33150692527873 0.59579451898768 0.336616048752369
0.664905817927117 0.305723146822253 0.327044729555375 0.146060586831087 0.238627177026802 0.158311312687535 0.504119290731618
0.0460722557346318 0.290836008423 0.636319381628323 0.0957700911316869 0.387017362800685 0.469131116745274 0.359654075268181
0.00838169312595605 0.215880007211255 0.0261477757125543 0.42636053750078 0.179422234874428 0.71612890291979 0.475211123217572
0.239976487376287 0.503744824602462 0.414091853369297 0.279601540053596 0.432146958342617 0.460686314216377 0.20005119158497
0.345652783632075 0.14264591198844 0.166481483257721 0.233487604214051 0.645270150618264 0.574716130301307 0.176837647755362
0.281812997997625 0.387348335793784 0.414454157917656 0.0902619968083143 0.523577377546098 0.547744323419441 0.128320340235087
0.243741831632091 0.0557751418760249 0.0410767769469174 0.744859643127142 0.437502482906504 0.433970893442997 0.0351668109505934
0.397428417104567 0.47390839631379 0.181070579080161 0.387211549506103 0.32921705770827 0.402658974755323 0.405245635959982
0.202152266051906 0.608018773925529 0.026453710418221 0.605744365359229 0.224411889215668 0.37268006646664 0.180472903677825
0.226361842585381 0.450926538145938 0.517559973840283 0.488437549810867 0.249856720408208 0.401943693723213 0.122469968454592
0.13388918547029 0.360654016160922 0.248965678489351 0.168632235025584 0.587489075828503 0.506580825598084 0.399767532203714
0.501687160746017 0.0889680681278737 0.0318003804412379 0.517728513766488 0.0367077690753802 0.622449209187374 0.287315365242884
0.130139325960134 0.496488360365745 0.43947328755977 0.600021896768965 0.336138111516386 0.117989479757257 0.237675554973512
0.0196917976392395 0.155908852178267 0.496006330588823 0.849229139308589 0.0714195854869786 0.0541330320793701 0.00781725846812298
0.150183246323571 0.160267930447892 0.57439435631966 0.582497688875325 0.437708560082735 0.220353995855061 0.205869089029164
0.155804675125295 0.225097267573884 0.268395885499364 0.555864629763167 0.664035559754371 0.0939749057053204 0.307017552990896
0.598292218441335 0.0812896352833772 0.411927073597266 0.551576655708887 0.056253955225257 0.388151096687218 0.087703558221198
0.572919923887659 0.467615414847076 0.429299186920269 0.293620108612329 0.315830979276575 0.113542122437408 0.264474958171175
0.626251556809218 0.0751356125676563 0.421329794846001 0.296226480160248 0.101968658952414 0.150940703199572 0.551102531707191
0.556140524950194 0.460166072200734 0.0812790978216156 0.226374710976657 0.130739051419564 0.621961396886646 0.131051219787285
0.254766004476129 0.11715435262461 0.406626700976313 0.448004365978697 0.0272749836813116 0.662143899588221 0.340789504305535
0.11737822682076 0.506965725174146 0.422708927176388 0.514254795149629 0.135742958879146 0.390945086986515 0.338826005486457
0.520957141621142 0.318928254233384 0.145887088189237 0.648162984905005 0.253173704781655 0.31708708533537 0.14439177007339
0.25154789191356 0.497221742407401 0.212573535890589 0.280694050884302 0.457156013131343 0.465494547133643 0.373952864456238
0.149134454064954 0.0677758216776688 0.146924511880709 0.717610603534751 0.48756534252844 0.440986850195915 0.0665146362027258
0.0235801030449821 0.58697112693776 0.449344553132677 0.214312388283833 0.0799285030977903 0.178382037563206 0.607338316547889
0.313279132179399 0.270835894634195 0.480522261443722 0.325719304985334 0.0818053375482706 0.551165335384296 0.425480967793897
0.243180485922797 0.385362136122021 0.421823802305468 0.175811592230438 0.455884628518138 0.444342884796276 0.422188163462198
0.0910715709678673 0.221119492525419 0.471247318989211 0.238039001500316 0.572577400671604 0.579677695719986 0.0142977768158647
0.512815563692438 0.326545960595056 0.26574109338386 0.315831950066248 0.431349749109776 0.39151412224148 0.347381447240316
0.330405824010883 0.586557819620539 0.134285821123638 0.406963843562933 0.33475449594721 0.243739441876826 0.437790104840237
0.537703498905461 0.212688822528424 0.0355731815307588 0.447895096163098 0.32667481576154 0.188055712916591 0.567169778119148
0.721806847466706 0.363412581372421 0.032679796219733 0.228576399315741 0.363359727075318 0.278685225554699 0.289681350871219
0.217265160254184 0.0909262482779264 0.115801094018898 0.65688283833756 0.13144131800931 0.676161426689073 0.15859450120737
0.500566068183465 0.35266429474963 0.232918267542809 0.603754613858665 0.309369685567836 0.186442192934834 0.275355515337231
0.419546636942705 0.556716925043663 0.532803489487556 0.356419955242631 0.10290561152051 0.258740743751072 0.159986888636074
0.462275929468928 0.123710946276567 0.14457657823216 0.379563101454612 0.536186824045809 0.403878782258382 0.394222844095806
0.385325511587521 0.261524488600917 0.291965391814351 0.0894824665909364 0.33800294644894 0.660203012306074 0.373850613041037
0.112316956063211 0.662537711332033 0.18523330975798 0.481011562472753 0.0969075949353101 0.339223867622253 0.397845781486352
0.702694158081613 0.13979430460128 0.316099265970273 0.0725294121804868 0.179321524951584 0.589772330193853 0.0388793035891375
0.428411799240575 0.350895143699097 0.0627103098257769 0.15329300514081 0.131253534714951 0.529973490339955 0.606469462692076
0.161042908965674 0.462736129093826 0.377328678246752 0.252899582071154 0.540522419945774 0.0417292089011834 0.509607214356682
0.078429216535572 0.0191621561657682 0.700824899913419 0.0403350231844679 0.104923566813608 0.309683194037353 0.627524166696936
0.593220457881875 0.0356279181325632 0.229782697973978 0.446072104014382 0.0260557193496793 0.579415317763829 0.242154327984761
0.272304549117775 0.202143808639643 0.220601836917451 0.635135183972022 0.555593618878844 0.105565461818218 0.336300319238789
0.0494729940447342 0.514256185619316 0.131669298438645 0.533158529837711 0.524110126162367 0.247755878011547 0.308907392089089
0.596607467880045 0.0188567883435585 0.314448482530013 0.00534709075051076 0.417212012956123 0.579059183977171 0.188207621936517
0.33086929846019 0.505259771740041 0.395370313820565 0.395689698485397 0.242420578060978 0.27049962917713 0.436362534834561
0.411749928328434 0.249852781322602 0.285181072760856 0.257129227811601 0.608606842175955 0.444731392911995 0.228918325928781
0.447611900495721 0.240422813763883 0.17555850729942 0.120613863752243 0.152717563809207 0.73353994443023 0.367516610742286
0.213659916764549 0.00521406054982732 0.289683816615458 0.631329928490605 0.430240297092882 0.499998284410297 0.191632626836055
0.376296030439499 0.506147121661357 0.225450055293189 0.0250126372956341 0.253946438322155 0.669307950846034 0.195706675029208
0.355791532835955 0.32592050333508 0.209629056536142 0.431752252329502 0.463978398247582 0.407253755888211 0.394591290079713
0.391380404398754 0.0796620747914398 0.478906569248022 0.394758629400477 0.174884266046347 0.399959849073882 0.51452606149326
0.0591616494833319 0.316947100697845 0.251970772513125 0.0341167323682628 0.65907365913692 0.385937544306313 0.498061579212829
0.431636676405497 0.366194842608825 0.456306316937684 0.383051936731541 0.402658944645989 0.401360569621326 0.0377139651471301
0.000650110357629519 0.471537219813075 0.107884761374534 0.0847151155673743 0.269153108776721 0.559768262435612 0.610780280911792
0.590569422014037 0.270873226603932 0.0719857362239373 0.50856419953774 0.335756451835012 0.380462615383795 0.237806149976197
0.172907953682185 0.0766042846781625 0.211601923509295 0.0407765914797024 0.685660220606447 0.654002925591191 0.141232977285522
0.417127672134534 0.151474546983156 0.233512175087523 0.646037620865012 0.157794909442178 0.423706182304117 0.356007388828162
0.343276205285943 0.344687364853638 0.313449355044407 0.271265259519256 0.357235734696237 0.65903018601218 0.171984220135816
0.396202611409025 0.0612513275837751 0.530960911380419 0.545116851835712 0.248676829445909 0.34166595358276 0.285699325641146
0.574478258428392 0.284296187624699 0.343325937346646 0.317174025861431 0.480067047983666 0.165020860620761 0.336128087727395
0.54608761924653 0.342975638297881 0.443351214058991 0.241994217477097 0.296742040549866 0.336629234096011 0.357294617174846
0.0759156206524413 0.240239967193001 0.117999756539099 0.551203465183299 0.324274926080559 0.593333507941131 0.401962056418783
0.186676484673057 0.390885449673684 0.179125228057837 0.651236422291224 0.558933679119479 0.0929387726491739 0.187406662481605
0.226066733509394 0.398671456603347 0.532990743175722 0.50412666377736 0.224542388303173 0.0138035567881414 0.448466558310608
0.313717349452547 0.495228129675885 0.473366531624429 0.192867816798457 0.204014337546504 0.426514267321271 0.414150197462598
0.137776849975994 0.238500419113088 0.639853119671263 0.506528703971129 0.289200366580748 0.150718533484023 0.38961367869704
0.487119504356354 0.248929357878395 0.26163477892898 0.247103052165643 0.737110554217902 0.113241305107632 0.122802789077345
0.128808690922692 0.631273118816115 0.576425503050244 0.222227424319277 0.0534633846866277 0.301712687825234 0.330699716389012
0.143210809121282 0.0384360582487807 0.461811235086766 0.420329474651007 0.454690990853194 0.563458627517022 0.252660498253966
0.520105798636408 0.0863741947133345 0.480198367523889 0.247854479958437 0.00422078473773246 0.310310015948357 0.577665145462888
0.785761963120556 0.428658917934076 0.194854859958551 0.278835216909995 0.163090870380857 0.168314117440282 0.167880614183175
0.397059462183318 0.430267237620661 0.0440461246037139 0.301502121535193 0.258620306781825 0.575318365881036 0.408037513150692
0.261278452698912 0.135829761413761 0.319514134520642 0.176380482351255 0.494446649807674 0.566983066929633 0.462749610119385
0.288420323238531 0.584647785128066 0.570200681200355 0.408753728771438 0.0249368107685077 0.119438185633249 0.260585748158371
0.0967857333079953 0.192539560632219 0.259642024612371 0.61701653118207 0.659112792438117 0.178516950583761 0.197837518993549
0.47844971797983 0.4969054789464 0.240237293716256 0.538577452069251 0.0183743237145513 0.340323774281299 0.245424725884575
0.287203019512903 0.405172365422984 0.327121520000014 0.441989849261751 0.256406250888945 0.552218469673272 0.283367006617665
0.326767104429115 0.0263046840907334 0.465039919566713 0.423484737841844 0.397509645467812 0.462700931855148 0.353304121830953
0.530614159299088 0.344394815538314 0.50793457192278 0.344348998578384 0.121275568052082 0.188187035373164 0.416106884245435
0.319214605958997 0.43235264535909 0.491817286391857 0.512980019281982 0.274911441236435 0.361334247265722 0.00132032089548528
0.534508792795589 0.418410585803612 0.485979957626151 0.175367810702409 0.483810382328083 0.154959475663448 0.119237656470064
0.609323204195698 0.347632265760264 0.573022311434555 0.0932295387878653 0.388274204289548 0.0756751185941269 0.119779560175173
0.398401785213726 0.463096269128871 0.210398760817651 0.446697060104406 0.389468767807794 0.323697083900994 0.355733380179855
0.0506188833629215 0.162473065768955 0.429032384753606 0.00277855049096909 0.643423057523884 0.483700272411278 0.372833125610378
0.500081049130522 0.477437732971498 0.148952413260322 0.290895987311978 0.519288858405059 0.378997153348028 0.0431867789459944
0.250819710536804 0.195829808833047 0.465092239868809 0.415208335849588 0.358316336179118 0.236514639947585 0.570702753936858
0.710056516555032 0.0753039345110633 0.0124623196388953 0.0362198316456036 0.4213175113727 0.342552650458534 0.440262548264347
0.00361462137795698 0.389842186924816 0.405703353683434 0.5602335568847 0.186084127446821 0.311630532354559 0.487659987258616
0.347523788507271 0.155264674182469 0.474184853830814 0.493648366998638 0.264015764167381 0.260441880456985 0.49904490249349
0.152665180619774 0.256183998166186 0.590978652933507 0.442532017715346 0.15571771844446 0.297046571090276 0.503475991035882
0.327368768193901 0.287393563434831 0.315987128996019 0.424097279740136 0.369448679066662 0.45488048339906 0.432573323601727
0.322426737866073 0.250308821189891 0.482455733920451 0.399583372651886 0.365026675284566 0.547918406292356 0.0865854042419016
0.351811259162264 0.385327874877173 0.326308388497605 0.210000969051981 0.499117271283777 0.530926985247223 0.214877130484285
0.0948623504274775 0.750863153047095 0.233019525874139 0.29943650359637 0.130492963267918 0.231718894190396 0.46100247434874
0.311939080497717 0.0186275400607414 0.0611133411476394 0.528825016900601 0.549701777223556 0.118875819615944 0.550138874713718
0.455053884611938 0.392696114874437 0.182438818427257 0.51902453270447 0.18986256110919 0.0452672504840662 0.545846516308891
0.273519802270416 0.43705059890908 0.418497070064775 0.168171043289883 0.519040495746483 0.175777776369392 0.480053675556218
0.0124645698809664 0.168446663379063 0.0174337755342993 0.364207640444058 0.136155927634693 0.372484298396727 0.825370356279391
0.346452876513164 0.441348301595124 0.511470451891069 0.190846013080947 0.500768506066662 0.368518135287686 0.0241483842970199
0.055662295328851 0.220687789898242 0.468365033853185 0.359260718013117 0.256855132878031 0.543875491933687 0.487841603200318
0.223285438277013 0.116852715632188 0.375495498644159 0.608745306978699 0.0452811947214733 0.473454489304725 0.445771014753099
0.628558321516075 0.654887294397943 0.182410544631046 0.0405389716138693 0.137100201254512 0.345544818001744 0.0540589182748303
0.166144628288386 0.463444428075211 0.761724451447147 0.0389282503439174 0.0261730585881454 0.259807795805854 0.328162393050003
0.362854247697587 0.473587084017323 0.515397475937578 0.367217022978918 0.15199265288049 0.43503863013292 0.176660104080927
0.210366951180928 0.0967756015653214 0.495533712369076 0.560817043430032 0.283807713677659 0.497692504892078 0.240969219461612
0.187341226047518 0.625756860664282 0.327009032718386 0.115865049235434 0.244398887788378 0.551581640445344 0.298326795330686
0.097342859000883 0.107512556078616 0.490617662869854 0.0678753924606361 0.473017144563176 0.338024400583678 0.629004724644226
0.625431633832726 0.0888937721847539 0.729887154065361 0.0195405185212205 0.117069022528332 0.00640491163549339 0.232529353427873
0.411959209955152 0.192636399441804 0.410298042709985 0.0339567993085553 0.547703693790324 0.541130358994484 0.175732402405574
0.3223826084002 0.566701617693196 0.00157917292954357 0.24866634577369 0.505029419918221 0.257750345035419 0.437711468491065
0.0461638990343858 0.631203728431524 0.024974194081572 0.13051580328568 0.297672862774947 0.561904786022129 0.421244039216638
0.492488491448428 0.297435813240968 0.263429216362345 0.51746054954896 0.324818771264688 0.174810751617076 0.442448434705013
0.205897883168162 0.130829642359888 0.712862983212029 0.355040985148321 0.0558718380910677 0.229375146595231 0.500527034485203
0.548093497612996 0.308453363734814 0.247492680788476 0.46332150704201 0.430065794868439 0.00951538067672208 0.378792111795165
0.0638472502548073 0.853058589861081 0.0253228749397931 0.0357824380750706 0.138311557407332 0.251710429505007 0.428724518537574
0.283337079833748 0.0642598333177739 0.50926116849008 0.120504294415476 0.380061206191347 0.20715628204141 0.674064021193804
0.210294080337472 0.570487351468004 0.646617292544734 0.269919819168946 0.0674661205066142 0.3544094696988 0.0958759623866289
0.153480953744267 0.378507621369316 0.346967943667984 0.487796105368109 0.473491143941536 0.493893073297737 0.0819728724338696
0.173397945016621 0.787817202143327 0.446187187149417 0.184244856321574 0.111656891559747 0.0543118829191889 0.317538963837186
0.451632114372821 0.356834228072211 0.357632922339433 0.350475860561334 0.482186610151961 0.140970220403082 0.406923335427771
0.513346715868259 0.0619762873188447 0.223224556821231 0.472869341465932 0.629078662716947 0.0870199576983275 0.236404389399656
0.049083343973177 0.534410371429882 0.0100402933561495 0.48394543803843 0.332390385766589 0.552860706142916 0.248100900475582
0.159856191873889 0.0334731677347798 0.53987429945945 0.630499171234501 0.297805312771298 0.154459529978457 0.414471145076682
0.0948781440344628 0.321836453133341 0.468746259148082 0.522988348981442 0.487885153931701 0.0388034956003306 0.393245383807244
0.699796956584363 0.414064990647363 0.375095495313153 0.309356986789011 0.00692200029089407 0.212804126328951 0.238961329351447
0.534653466185638 0.293350258187932 0.248552331322903 0.444341835033647 0.329159780336296 0.388681762649902 0.330837869268262
0.499540592927723 0.141292853643072 0.590271901109666 0.486733824714335 0.159173231981459 0.336276386036926 0.0821393120294545
0.28183239902031 0.422593292921417 0.031188572703324 0.194893043406123 0.174994496865595 0.546360272169655 0.611470981540724
0.387308913417996 0.606315797500913 0.291914242903356 0.0589022868335745 0.0540715443024984 0.196287398472652 0.593495644450168
0.322018138331953 0.141464697195232 0.307594452237545 0.457080643250498 0.63104673917436 0.212567776392907 0.359652540610883
0.29345020241355 0.285390074967821 0.28603003648329 0.452468007302743 0.498555184303389 0.325889545412987 0.437193020077965
0.740095577060678 0.354675033708987 0.375765047298383 0.357786582946436 0.108860980593544 0.202487335599054 0.0663454097682445
0.578501566960093 0.33107526311042 0.073373679919653 0.00790625944326806 0.166209634207121 0.571054928862631 0.443339065565147
0.127206795394728 0.464392116855661 0.669868059305783 0.00457604828499236 0.0525702816903283 0.0891398182973669 0.555611999680201
0.160970654007636 0.697486419948146 0.269184566815066 0.538371736457212 0.0557930362309845 0.204044344334237 0.283812838966532
0.442617947140923 0.346430107490001 0.0524743024603278 0.421333531413445 0.595339134736444 0.318278942091147 0.219248411747501
0.206681493305304 0.602494019791574 0.0317620933823158 0.450404349309303 0.293077109607691 0.357397343250502 0.420456602813181
0.224004533875924 0.374822097122499 0.0480421227966046 0.427845602065068 0.491691657538966 0.482219250601933 0.386877716853778
0.422165830285824 0.276189773479891 0.163152728216388 0.48004519626116 0.0592251537437858 0.679715992956152 0.151365675336249
0.689511363223274 0.243284130300266 0.393968950028782 0.390464381477798 0.0531630732738297 0.211516036620752 0.331884918356852
0.520790623709177 0.511798587499793 0.312916555873748 0.336688028561128 0.409652530608246 0.0974400981997514 0.279739099881726
0.131423519058136 0.524053095886424 0.504956757636552 0.0568696327011546 0.607295436743751 0.128023590480546 0.254328413502175
0.0500653668091211 0.216896635029249 0.0935849017968399 0.887505663884974 0.0015120097548188 0.245841757704532 0.305915699960417
0.459518968595234 0.412347463257788 0.318917193577312 0.253173675486712 0.461669206526154 0.414181670552727 0.261384560085372
0.475535718346332 0.13800197961367 0.0520981011241299 0.631426319385002 0.150643869387906 0.414950092967921 0.398159101627061
0.0563694243420694 0.56295821370989 0.524985357752597 0.363727049397083 0.395593296257449 0.230408294190716 0.249822951752781
0.394666270935849 0.453152713166971 0.208504857811363 0.41672107157054 0.238578191320608 0.445173571851615 0.408241795342211
0.0826017150385915 0.516988400912107 0.418822727281509 0.449680222111201 0.548643930445709 0.165289404916219 0.141224718647449
0.248075943563733 0.00763459088585139 0.312452340035426 0.602893563094942 0.400118481440126 0.212606063442185 0.521533113646399
0.222013041288489 0.487524604895266 0.295965884835445 0.531060468389715 0.464790456274564 0.0972843974285497 0.343386838448804
0.58745306601752 0.368946267837412 0.134583267140958 0.552063549339213 0.120075139993521 0.0304083596551203 0.424909426573166
0.121276653360026 0.121645304320221 0.766864988940781 0.0874916355372224 0.0761315152174511 0.26075863878289 0.548604247545807
