0.410687993110505 0.41895607822788 0.0129793628764212 0.377617340767219 0.533478331326024 0.29915138129051 0.369669705220425 0.0479738162107395
0.328168923323215 0.0508912758682682 0.34775072733193 0.507697397393263 0.335511398327869 0.0943410274319074 0.214796869184676 0.586022352175439
0.0996825471670516 0.442364972305921 0.213438110730673 0.241401202184905 0.232769054135038 0.578032844114375 0.465157393992079 0.29303830963732
0.0852822208534473 0.233862861624663 0.39822960056424 0.52455876498335 0.416667444814261 0.405053555486565 0.408135790494081 0.00560590849332598
0.135731806498407 0.0899433815922533 0.483225747243832 0.157488711402594 0.398006021480238 0.41825298071775 0.160109913011273 0.596823017766182
0.26262066203733 0.121468937488245 0.260148051153974 0.442048198443503 0.462716667416356 0.253872590672585 0.281532186668398 0.543482923466962
0.220378321120103 0.269408782799773 0.229058896234773 0.382151098485039 0.238862922498271 0.177416917327815 0.714291861219797 0.285656685567926
0.229955249216983 0.35172295431925 0.0889334787662469 0.524630640325725 0.109321241014781 0.304735117825463 0.248048439327382 0.611491962598517
0.218115858875708 0.529576258895511 0.0300058464827605 0.416678463156373 0.630779624050881 0.0584377097838789 0.177855920746622 0.254012867887552
0.0457894640403425 0.598832799677104 0.0374284399248792 0.173856649529765 0.499739790285011 0.530594927444549 0.236698406099301 0.142753668390379
0.307086810199952 0.652349008380811 0.20941864965111 0.357652748635391 0.379975675427458 0.323652889227594 0.12502992830902 0.208809993158292
0.41567507906507 0.2144109019636 0.550730504287782 0.0888063945046645 0.44514352846416 0.222233619693052 0.448315730473308 0.146710575147792
0.357844954527675 0.59113652011483 0.442065445354747 0.514209017487192 0.189278617406303 0.0504938671744088 0.088639305002144 0.128214193609948
0.467544073603495 0.248514743990212 0.452656729261753 0.175830119139392 0.214134987259299 0.209342506657124 0.430667049501956 0.456811154117826
0.491532701781096 0.485084476679641 0.283909705778457 0.035481166000202 0.507980743094211 0.398168314591111 0.126180043876625 0.0933872251257726
0.126462428873926 0.215265856537608 0.143046399782231 0.489998181101031 0.58698692637312 0.464407453143733 0.205614863727401 0.273133609549265
0.302872799585075 0.386328788740056 0.317800796167714 0.270382453211088 0.415505061361906 0.435377017340272 0.381586132605249 0.277684240407623
0.391147611749648 0.342329332040665 0.270064841011934 0.159142658541076 0.103320175742811 0.43681343586548 0.468215542450523 0.459179637471489
0.218794718358166 0.270630672896856 0.336715533882883 0.300010688706251 0.357569982829666 0.147651265949875 0.655866110124515 0.30933251145436
0.17534103456518 0.17610617788691 0.205627441965244 0.0117521133863373 0.739756861954188 0.0258524802477335 0.35825402626133 0.468579625862821
0.331535302032475 0.604249212398946 0.390342143053003 0.120748718516854 0.109464715948627 0.0127276353544222 0.0843135225442971 0.582036686413802
0.107395273099751 0.361681067193136 0.0385642976883206 0.447818984091576 0.401144392235104 0.15673001321481 0.50944262356306 0.458923856662584
0.249147789521394 0.28404027584372 0.306327552572292 0.316308998814559 0.411167955419234 0.420793621283259 0.393504377793344 0.402972075782414
0.189373335793 0.671142712128386 0.104153512432876 0.169472969711674 0.335138508470029 0.0530361216730253 0.456119360786096 0.388536531985137
0.525773028650812 0.210384892627997 0.418853760929433 0.245935491972487 0.354381456104754 0.402891148700257 0.120774274040595 0.375345521671442
0.127958441186022 0.0656313455718808 0.438153230060323 0.0555297538219927 0.228533808283084 0.754839429518552 0.364250713814411 0.171954961653546
0.199307690050859 0.30185541801258 0.278431752702701 0.466756580438619 0.436313763527072 0.495752335281638 0.293221586359995 0.227276985459072
0.427536479962066 0.248982536949138 0.50689604718434 0.259845003405176 0.467754114611591 0.293724700259239 0.258056219770714 0.243096899012447
0.0557364888426983 0.383896639152581 0.474305295921913 0.195039299651361 0.143358268016435 0.524809145268815 0.30226431126254 0.446285812323559
0.248868007500344 0.110164588349521 0.504884925606167 0.33944553274247 0.476094922117428 0.305936195723954 0.479914753974004 0.0722143940738367
0.544311706696481 0.384228969011678 0.192989400037985 0.341478601195612 0.545367206756061 0.215265555050941 0.109248267273405 0.215732446389766
0.151517641029155 0.244687917509241 0.424271410687336 0.154311132255128 0.364425961909731 0.519850939012135 0.49583276511222 0.253871346459203
0.41658922432793 0.0955631834084204 0.319901279850511 0.566622946304988 0.0542733212434755 0.603823628062792 0.0204870151978492 0.16110375235833
0.0342702016896979 0.0384474041808742 0.272312354855082 0.0320488329357114 0.674152185108308 0.144230906548721 0.613004550227881 0.266660650262426
0.517782980335717 0.16132805771123 0.07399294307572 0.525626743566992 0.143217487337471 0.505008591765824 0.0760420233877458 0.377873389026637
0.213657645707036 0.433253568692923 0.494255719176617 0.436193007200387 0.190142584223954 0.301639201778825 0.123898598413801 0.435427866704035
0.3406763945378 0.184005610932434 0.44254713024592 0.177135254875794 0.466370474260498 0.379567681856898 0.213796727607884 0.464300100401965
0.026768231235699 0.504979282975697 0.348583447780747 0.51916256733192 0.529018217197445 0.210968000140527 0.0247860255633602 0.168098411364282
0.0490509539793194 0.0187655311592195 0.513989795369898 0.551806730069382 0.0865933034147217 0.394726845903494 0.233519035253131 0.45904995235925
0.322380324735235 0.558181699679343 0.31219115193229 0.0944339678478305 0.456945488896849 0.0107565351496681 0.113230416042884 0.506346735695548
0.404819793093409 0.18215462496025 0.0316098160411166 0.0139557222408677 0.525399699435103 0.605182268756259 0.360231477252426 0.172306544521814
0.385277759932292 0.200924945134063 0.419901478591148 0.437345928022107 0.274338089254128 0.316938120618037 0.236186631697884 0.460549907322308
0.194882545227106 0.384762994540361 0.0277735495407719 0.415041382946203 0.273006990835388 0.142274428128786 0.600587799341316 0.430658771330781
0.512130320936332 0.233631181809155 0.614858995709932 0.130277802895784 0.394885052960983 0.0124210862068941 0.300750892683105 0.203900776965383
0.445051909853629 0.132471156171135 0.262178488580558 0.376519395696042 0.491145193649964 0.322921307749158 0.359662163249339 0.314669876523858
0.179203303273228 0.0690238304898287 0.185891032800076 0.437837680082489 0.187808263680869 0.480405382983888 0.457201843516829 0.51163441549907
0.435693993944138 0.235647098019603 0.506217948171322 0.104413594979872 0.457358353609767 0.444731273466558 0.245722958964353 0.141915598827333
0.148174801021406 0.238939543850719 0.424387690922288 0.113809713422289 0.52615365035846 0.530629302178107 0.409673521887056 0.0407068176127765
0.494967804129441 0.452013944277351 0.346796444446379 0.109455947575342 0.228690405548244 0.36939261424762 0.381902403176358 0.289555241899462
0.419116292693034 0.521908684953007 0.385272005070327 0.184813730691132 0.535393308932141 0.0690273060342481 0.279019443557162 0.00998051683954149
0.256499071955274 0.699552322894266 0.574477156668511 0.0667589111865516 0.259409519167636 0.0648691107609222 0.190737712962159 0.049717628169866
0.188185601239969 0.406696948223529 0.419507440136052 0.242723730352409 0.391843291955371 0.00953884707444208 0.505191739234678 0.394248172780847
0.379236379525924 0.142881572385251 0.390077144874005 0.316088551686994 0.407061407138021 0.136935092698079 0.134388072617187 0.617399473923465
0.208294485198915 0.334378486717433 0.521347374191047 0.481910076793536 0.43037380140599 0.15418263932903 0.353532970501616 0.0823685129550248
0.556223578681979 0.0705227661156859 0.246826665029822 0.0442317598891464 0.586809747026451 0.150136763902851 0.0414494925982584 0.504140090954735
0.686803810041099 0.453700444124045 0.312417453096562 0.121611756893252 0.000731361381686391 0.196808527924626 0.409478040375172 0.0604644688875066
0.398326839637744 0.524045068519241 0.562142631386111 0.0873130605128131 0.178277681698444 0.0563746751224375 0.269122292482247 0.368370387421714
0.496078856302215 0.0941309622576274 0.455594487324921 0.0187814279774362 0.224074870282421 0.316257193812288 0.253880188608171 0.567840418655438
0.10327027591908 0.0851931727742576 0.194292515289781 0.331565186152287 0.573708284297608 0.238654843925928 0.412213443020154 0.527612610397892
0.312798476623769 0.00772475172446352 0.0676763663473637 0.42349648446721 0.0775535868511302 0.793355204492429 0.284127098923586 0.0448645811653708
0.357963072710992 0.38009506678324 0.339347083800851 0.41234318342886 0.435855119093536 0.360681578390443 0.339143494156563 0.0844253464249644
0.223107328182376 0.0308277544840355 0.264694041631976 0.410500385419252 0.00325562468530782 0.480991369457334 0.00850509582297243 0.692288692902374
0.318327836476725 0.16475292119163 0.598913028842744 0.236781374507948 0.0747621559018373 0.150815923326727 0.41583488495141 0.505478143765755
0.0170597419393891 0.473220994553544 0.206157606864014 0.192642125765636 0.271170720757564 0.313791487143484 0.395207398249277 0.606606431881873
0.335492134295397 0.220728370309135 0.181537798841772 0.412655899217347 0.158726243082079 0.261011412746901 0.534102406948285 0.506849871129868
0.550404956357477 0.042331119368872 0.27342481590546 0.102829317630012 0.626196428896782 0.44188506359534 0.0746316822830499 0.130281222134181
0.291971295330549 0.321059503547027 0.133400958241844 0.199632158385658 0.793451064154054 0.334455198610696 0.112165641279563 0.0043291332854013
0.324194068260801 0.192594084660361 0.279266725976679 0.629659224524142 0.00515338313245339 0.0626327037831155 0.463596618330683 0.405553749734525
0.559915167465421 0.586408442355016 0.134744031255916 0.290802735171526 0.203194801032265 0.142633938423334 0.399365145956193 0.137014130195731
0.256393287221363 0.153426262121283 0.5724742968485 0.28555938857504 0.1767535272685 0.337830163039095 0.0080888834767886 0.596670278216537
0.230418891044186 0.616489358574296 0.119418905794331 0.505642945191088 0.0553117729006447 0.0396409250457117 0.5015676386261 0.201770788408861
0.153581953707034 0.407909545683096 0.83941252376432 0.0582648514568135 0.215029378629543 0.0768269912349743 0.0925457230823801 0.203247329506697
0.282237699644401 0.275558896538457 0.50851498933695 0.427862774839396 0.523267505897327 0.318960854061606 0.0639942626494217 0.152036022575435
0.596400912503994 0.341345581067981 0.373741970112246 0.149193939275524 0.0617685036748927 0.547333518990623 0.218153651112556 0.121929937091761
0.177749072477049 0.017042685709825 0.0647720001190057 0.169436183732774 0.596045654311863 0.0669170422514823 0.165648185512809 0.740285855469746
0.383123575395135 0.333457248907343 0.370596859965573 0.388009198003381 0.312536433915268 0.208486304176125 0.240650320716321 0.505045820061572
0.342338130550545 0.235080596354853 0.012706217026229 0.397008770332525 0.29931302397578 0.473638954847698 0.406998655164064 0.436112662898523
0.346553845497655 0.0734282513003955 0.319884972366157 0.42897301062931 0.137379437561351 0.482520893862575 0.0122879172025615 0.579925830516191
0.326020238358122 0.450501947272405 0.2506818218507 0.169650092406356 0.395605292244398 0.428169482806436 0.206059420946415 0.465664183511611
0.175837519992502 0.197401683366647 0.344682734871826 0.0770039230042139 0.561319663705583 0.41023770155898 0.14218762862373 0.549350427062323
0.507213507152443 0.0492495765792762 0.224549022244222 0.0713562282987896 0.191547094178648 0.561293690544838 0.14664304757899 0.558166536908147
0.0447875061529399 0.252984695286215 0.365528031774065 0.43977170363864 0.392805278099635 0.317628295316976 0.413543929342639 0.425183052254718
0.0265533491343579 0.323860869092632 0.142392657053969 0.573812662537714 0.559332723246659 0.163363854878805 0.409947009085498 0.193067402777561
0.26341795857649 0.171349309144582 0.432756402649459 0.578659022744543 0.34007406081232 0.0655618862686941 0.263572462772356 0.435553502817878
0.34325393903095 0.403014554144692 0.0994218556506503 0.417283002651797 0.209517509998109 0.372987956853215 0.412021012854253 0.427746741445667
0.477073545554465 0.467763371807774 0.483035968774593 0.251412851213869 0.295935839175008 0.156321022369987 0.376849004225813 0.0551056831244822
0.581875012070432 0.441880273462258 0.0493087300594054 0.136105628381887 0.38660083198609 0.155048279499649 0.309060204507038 0.419748518803323
0.00245348581923577 0.0540719325594899 0.11052079124925 0.457822883737756 0.462253287359828 0.504746201690766 0.29426106652869 0.469273015709913
0.418172515569451 0.168606438983545 0.602223733978426 0.25566894210377 0.213561143257865 0.263540457093765 0.435373332793878 0.253084390844991
0.122341023316241 0.566642237359081 0.0458981640693027 0.582707542176386 0.451003267341974 0.101948671326055 0.117341869697523 0.307779035280276
0.140843706645598 0.265616867688951 0.55656525185721 0.29124471668636 0.0193881353521521 0.405947617406484 0.555456002415897 0.203277216712936
0.107235310529673 0.179178885707771 0.545945574648013 0.467138420807687 0.281235137118509 0.0338704515149441 0.213488527376332 0.560627219516203
0.100897679377508 0.512392045727578 0.246210814923022 0.523921531328279 0.242501940762643 0.146416254889403 0.537432631569563 0.15192685395163
0.482627258097383 0.259972027305856 0.472116981817561 0.369902236158632 0.188324409366069 0.193867660183008 0.220690700633004 0.466913512066641
0.486240547464306 0.525503822371165 0.46065441833652 0.309250170676301 0.095268982395088 0.127574348743023 0.0863337298619256 0.38310937746674
0.543629330802501 0.0478965312646398 0.517463695888602 0.326348998273326 0.381395212363076 0.0893318908695055 0.402184095347365 0.11272172131923
0.427092260314634 0.15010344334831 0.249436831107514 0.364604154644744 0.0779214978945375 0.422053464077216 0.452366740003385 0.459423205054071
0.19363183634911 0.0272784252607375 0.485649383692905 0.428052385380559 0.47945545184348 0.387341653291692 0.0995445925805971 0.39097086639143
0.418972438494008 0.329374238860229 0.477017943633433 0.221227752649374 0.312809590744484 0.0365410707911978 0.424384509389153 0.400249381937432
0.274197257395562 0.538134695501211 0.279072849501735 0.0157898551816104 0.518667129300396 0.0999090864507216 0.195933584762408 0.489600400805512
0.48262015104287 0.394093089912875 0.488001153353061 0.0474184163415381 0.0159359335709034 0.181740181502957 0.315692513639877 0.488292518566744
0.00413225390700833 0.408694043293143 0.395666639890425 0.404946786190282 0.0242522689718687 0.405609666193984 0.421060256211143 0.412333603609337
0.0910947248006266 0.61457457077442 0.0238344287333708 0.0569831667049223 0.179526520661725 0.539585025001669 0.429467611860562 0.319938253927218
0.0499424187424089 0.0910165455622038 0.655743341734092 0.347488116003166 0.30466223161108 0.214062195147325 0.181222948704241 0.516711685907588
0.209704052430518 0.559631601201666 0.0786715683205477 0.169069959496178 0.520710795981472 0.440643057747104 0.302531862137243 0.2263432116588
0.234314557772779 0.404679410544109 0.263758617011135 0.151515553455526 0.462746446361304 0.491474585937322 0.0211317491396255 0.482366664112355
0.103825472741366 0.346444858315898 0.313060131984916 0.155830332530967 0.50025876944133 0.588978497289031 0.00668308399021023 0.386920304840629
0.442936602890742 0.385060151437718 0.348364990468432 0.35262912829453 0.242899725106545 0.385412188650842 0.271721765878218 0.358405953102198
0.414986397165921 0.342841418792091 0.480016306332484 0.084351795604491 0.101563159482457 0.384620161587057 0.424478232976317 0.366450075217732
0.19203656650997 0.145967345139906 0.013461602294186 0.0549741576875205 0.0514510469279027 0.767270207129497 0.52841213863596 0.260848517898304
0.359657917858622 0.0226553761541323 0.109117390008273 0.371240170961037 0.03367819058529 0.0121976122093372 0.609901007772776 0.589189956778425
0.355632489388277 0.143247531169585 0.564801685755867 0.161108961928616 0.174148622367545 0.477932750419465 0.311100836827434 0.390534823272102
0.252420673017112 0.507173472371661 0.474959823695373 0.0495714176309459 0.4037756212918 0.0484204141192897 0.50721383505059 0.168432627081541
0.23888672003341 0.232938308807151 0.483837951936596 0.505456647601607 0.527533152675215 0.214660245549687 0.022471504922943 0.272418935132057
0.566505913468989 0.21733064687886 0.142138916973581 0.213789733132893 0.262946488617176 0.667503198599564 0.0903461074378007 0.207521379801003
0.139334806463136 0.54431252861673 0.379963015400759 0.279529486789866 0.0718009126750734 0.452140384432233 0.499609828362853 0.0510370154793377
0.386249528026819 0.0663320607607489 0.619515556645783 0.00520419407752226 0.429480075200969 0.0266521404113921 0.510035947570361 0.131470954415897
0.145526002255384 0.106408217392161 0.651821664573888 0.285697329924074 0.181417687556467 0.0639531464315286 0.171264403071542 0.628228580334491
0.35107210142396 0.409231518814506 0.461990430896616 0.27294869775714 0.473851130279843 0.0425137123375274 0.216217085809599 0.385032019659377
0.233312606748812 0.452513560747125 0.038509148119125 0.0879868258768478 0.69603975022998 0.013252396142084 0.129555717776744 0.479729533115193
0.387203342704749 0.12738428417307 0.325917666722518 0.0438377224270383 0.460150379920616 0.370618084053123 0.407455136942933 0.458897503986527
0.345394165143994 0.436565595453127 0.34300788227437 0.138933864128359 0.25815115573135 0.492915074962339 0.0645347768145886 0.489269146685223
0.0512835265841797 0.0547243243155704 0.143157120687063 0.112991395434015 0.311601584180441 0.459396361768507 0.30491368633625 0.748332353302124
0.0543070911163062 0.322701623937209 0.555351138635427 0.163537257012501 0.222446486079315 0.587755810548729 0.0687963698234492 0.397596287261617
0.492588345643574 0.245923202696088 0.344399908792103 0.414304318486619 0.117527406071402 0.352036112202958 0.189519227124633 0.482658763202733
0.642153527973212 0.461167753929826 0.0819667232372082 0.293157349627752 0.138240770917859 0.160210922827514 0.269733661808785 0.405917571728398
0.462203263680976 0.116891881478032 0.45391310397536 0.398862426884274 0.433279355481902 0.0541799721233313 0.26107469926443 0.385680725062208
0.498020094136516 0.266501585042865 0.579248013421776 0.431056483729906 0.0800407380173609 0.0714312724615495 0.354918552810632 0.148791169866353
0.287558403338961 0.47729586873197 0.420672942795937 0.230192359942774 0.394936728672 0.17140192539873 0.346021273813037 0.393014261023942
0.656540481930695 0.47566197065563 0.140533733625913 0.186128229228799 0.0675809565299841 0.435520873899846 0.300039717396221 0.0635404434382489
0.696643564683915 0.023930625863314 0.198842416698987 0.355921371177732 0.19594250555641 0.426221351920113 0.127975498103529 0.333857612402905
0.125979707947702 0.137101161350218 0.103286812720132 0.575087047341859 0.152152606785087 0.578351621519486 0.13481139749887 0.498120447560885
0.257370263686253 0.248156699294525 0.215045969862329 0.558888424182888 0.263047508678989 0.488598042702686 0.451986430304585 0.0369322053370026
0.528162363104866 0.249913771670403 0.483256430138879 0.0603227092310322 0.189294178193579 0.166371523386831 0.444665697446573 0.400215774591316
0.369657569179092 0.339372183833953 0.401388951675979 0.0105153713856931 0.438557686922466 0.230476783572157 0.184651579654884 0.554443451067702
0.247134854066667 0.261946004263675 0.151369422235392 0.617356433683496 0.454975884893664 0.257252583717264 0.00669438082975715 0.439363430611592
0.292213664025735 0.0918564975302804 0.350431153056892 0.333653909933296 0.569833306220361 0.0765026193141931 0.38351487327713 0.440908525781519
0.479387907070215 0.110390364746801 0.483681792375135 0.432729550853175 0.546453548660547 0.0322558952288003 0.164365005822102 0.100650299102772
0.207453378956056 0.177764536971379 0.295906250251357 0.263698146679661 0.230250549932509 0.437746773832585 0.628951650192217 0.357837828394914
0.115012093471855 0.353014865622034 0.174933380512558 0.282864019482622 0.214071832411228 0.239491000955055 0.398272556579499 0.699810877005307
0.324908756513304 0.649244815899956 0.042842625869523 0.00467539392046046 0.191884153044114 0.310614290544777 0.41486572922006 0.406993587304419
0.523116686554779 0.287814462216399 0.399659965594217 0.26115453178347 0.593962520895538 0.0373154917035593 0.130492061032566 0.21064161477503
0.605755336675751 0.0569429577680498 0.419403833524639 0.228511125872275 0.191471094674934 0.225415770262164 0.337662738946966 0.447449982204522
0.558425847797703 0.0122564780084961 0.0159179040584901 0.22264680634372 0.436537132373808 0.382322460122635 0.358019159536365 0.41626016043224
0.236466619547312 0.107958720487202 0.509215053387268 0.245164140564752 0.243885507677871 0.373252264558289 0.557490575899481 0.321605177237032
0.339340643564644 0.174347366327592 0.479987364244592 0.40267314334461 0.419497677201258 0.385698215387149 0.139842244018304 0.342957906356026
0.25582039811751 0.329213085724735 0.413501278225275 0.288149041137517 0.24673720739051 0.569549421949201 0.035574051961474 0.43084821499653
0.155374194968387 0.5487956068397 0.0158844382555776 0.532101289711691 0.326891242288363 0.315938696069151 0.361856012082186 0.231696409383278
0.482192856836877 0.177079390782663 0.042135902693728 0.378724751164126 0.3433195912922 0.510276954423377 0.193723702208775 0.418503622394447
0.348403096456719 0.226286520625459 0.125393542146753 0.455795391871872 0.45934084654437 0.288358100076315 0.478147215237536 0.284899186863915
0.169558900994193 0.309403690078552 0.498955618009479 0.552875160757352 0.119051696417041 0.0385712268136882 0.410658624350317 0.369580751423481
0.302097828933271 0.46172851610703 0.178627768351844 0.121213484640525 0.454559377677617 0.428020752651894 0.439061104049431 0.257570272077122
0.474263009854409 0.488549733801642 0.257691730683041 0.203681868293409 0.37746170402722 0.0760712084275467 0.464562366968567 0.253811079328841
0.230373704726276 0.362751822415991 0.0727407828489585 0.3131169477766 0.574878938332447 0.357719232172738 0.154975882481265 0.479102556948732
0.0347868012885779 0.580679067346806 0.309415066866406 0.153284171383955 0.572809282382507 0.200050656813584 0.417138214568439 0.0152626692321647
0.381630657596285 0.204321654717499 0.0695504859906922 0.664466814288023 0.155806081943019 0.229440380508702 0.0989363763373046 0.528725311729394
0.272439131282265 0.323812125770546 0.0220431560735954 0.34363245996838 0.352169954404815 0.288341480450291 0.485596400758757 0.509298643344851
0.441242644190828 0.322364102174375 0.493865034150616 0.369165965123988 0.31298594892907 0.0283539743434574 0.433878596618246 0.184892790889106
0.484570953838059 0.0965510131142047 0.330970799976995 0.353553772690006 0.159387175088507 0.408524721690687 0.319883559170186 0.476135212623275
0.3734192448587 0.353408173100511 0.385391066295645 0.346383888101307 0.349231445413092 0.371566166431704 0.233242088950567 0.390802722966652
0.120786717277799 0.662166865781706 0.211793685984496 0.327537800288187 0.565262288987628 0.127826945615841 0.0236008781157891 0.241639917904135
0.487804476362424 0.0995458934335582 0.192452780785877 0.481327388454954 0.258807990179273 0.565458936561295 0.189724875757996 0.246378503593882
0.306653670569811 0.243705221103969 0.228221160326132 0.442322483828803 0.189882957569834 0.550362635948991 0.338696928320883 0.381007921090164
0.463837342595781 0.281329582768003 0.124456242588591 0.279744254873505 0.278182501410016 0.337102669388157 0.48791001247125 0.427647620068454
0.505992887921113 0.38736080313789 0.374594526104892 0.289556054236491 0.00145165503030664 0.5561723085136 0.104825552334914 0.222353092065014
0.282483795815854 0.430640146809606 0.443172874093694 0.202028236203413 0.278399892747196 0.505009576618118 0.304744065124918 0.268559577216711
0.379612238778483 0.320132397219083 0.427456513420704 0.332745128268738 0.25020508806659 0.449196428381022 0.363068415686967 0.252532598556833
0.344614355363208 0.131475223858225 0.176710408822438 0.213272940395418 0.539283082001162 0.328716941099406 0.518081264373421 0.346343802463311
0.353263616267721 0.313627333903246 0.481260704084841 0.0888964086352949 0.0505787151219331 0.173048950545013 0.302299073629246 0.642992535306972
0.233169869000358 0.487003032338671 0.423262548432921 0.362224470433682 0.10655513595888 0.57872632635925 0.200258114585415 0.108261888578623
0.36800691062398 0.379714610996152 0.371732396922858 0.295084080910843 0.108352729234066 0.315156907271707 0.421959776563411 0.453887535661691
0.103308970394478 0.47481904683008 0.213177943233958 0.173842687382673 0.481787038975282 0.554265892221071 0.347395501033617 0.167913518285243
0.0742072877365634 0.0165567081298804 0.349423373188752 0.225147559735886 0.647852590593753 0.335074880119285 0.24180662151726 0.48059592158223
0.0423509990570498 0.0572395804494251 0.335780865205454 0.160616529691388 0.312920473583127 0.707416913367955 0.481049252097857 0.163147997873631
0.613479504501192 0.257750596084588 0.365298799062097 0.0744109836348199 0.518099829739585 0.326303745568508 0.195033635894384 0.0727161166103534
0.0695283618999178 0.500806203923951 0.456887071266316 0.503330066597357 0.194717847153501 0.448287103126598 0.00242123489071711 0.208302117040267
0.413708712799348 0.127665607184505 0.342443242914454 0.325716019212307 0.186091472182002 0.264698492520901 0.558694406105832 0.415154822362921
0.146668288292692 0.308296362251191 0.117432709863691 0.00364471434559477 0.462744297823217 0.655464273684651 0.469687574268863 0.0725666884731921
0.252501404788301 0.36731822295628 0.463529814891509 0.176006222726829 0.0238167467807977 0.0262619510690567 0.698209106846737 0.258320342883329
0.174454557917892 0.000851843636184402 0.147736509339468 0.629998600269568 0.353973245480096 0.284850713388462 0.563050635948876 0.165461666178618
0.461536187187556 0.2809679433879 0.474265413306453 0.341615790972755 0.378337017805889 0.0870624493604389 0.367921621136274 0.283420612118504
0.0873438251884823 0.546753309878484 0.379684338099519 0.482299463606351 0.10837060084028 0.0842395040894915 0.545722709588057 0.00226896660748965
0.0413243659362288 0.103923776673591 0.439576619236459 0.316511719915862 0.381899117219831 0.364667353631266 0.643086575924979 0.0411741876153509
0.222196483037411 0.242587674431991 0.628790531315797 0.166349757701354 0.184993799866348 0.189272329198134 0.363953367345913 0.515966466728484
0.347881887473769 0.346803623770407 0.0984101730065882 0.637700573207795 0.411369447502231 0.149670063249247 0.199154516472851 0.333272237193268
0.447377611507082 0.446646721100002 0.361692135377648 0.244921742629801 0.222879476998238 0.0203732540481167 0.444038919166895 0.402853851866347
0.0756854526545789 0.14186422259459 0.00178810872390767 0.448936546634568 0.369193553606365 0.451807397247567 0.617055870179656 0.226731742841256
0.0758815759552935 0.389621086439125 0.121978329730834 0.323991669796136 0.152537841382483 0.356053504306869 0.665977823385525 0.35919316277899
0.59653490114245 0.187728721722514 0.115083679318886 0.392651551732878 0.452757205513843 0.327807171712824 0.00128034674158028 0.359216196985529
0.0414974662057902 0.271747257845696 0.026724541481247 0.344101053040219 0.413684053991392 0.472398744537475 0.0218646180273417 0.640732799568007
0.00157731077762069 0.232376561936079 0.512526471835657 0.0608977099187138 0.356777703681376 0.0921776919675462 0.512553296173684 0.5301969369854
0.0556046344242566 0.139531209430067 0.518300267147767 0.426733646318587 0.41659107735384 0.557370976256077 0.182535378167853 0.0957742095418038
0.157067415203331 0.300342202442466 0.14902988656637 0.514638738938083 0.0413965859322781 0.54923290103597 0.0698097774565853 0.538347088662894
0.46576188224933 0.277170829449016 0.0794097835261849 0.0520823957488282 0.28334682954613 0.450264734779376 0.441102403471648 0.468645519696116
0.506016267437332 0.44094640161501 0.229442529303747 0.400898315147322 0.459606321948545 0.0403467243680641 0.173155447684145 0.305453492769853
0.541201721971922 0.132612152874379 0.0840419486670719 0.13358066295486 0.573289045012953 0.0841968107962443 0.211300970650212 0.53311381347287
0.0788103813235953 0.0138268188762356 0.140704710675889 0.505202722387459 0.220018462852064 0.572107890962487 0.0782259962115049 0.58028895145496
0.610270600380008 0.135013977592874 0.0261440036503571 0.418901571955444 0.1563296755177 0.426033795546865 0.244866084208437 0.408993670686543
0.46896885004385 0.503644442003369 0.0578128417019073 0.58016006492842 0.305892302245966 0.0146936387604977 0.0614870648727112 0.298187533918242
0.0219044948766931 0.538950479206448 0.221165633591377 0.494068795928955 0.316841622215061 0.0922602640903296 0.16660484624504 0.528560892220142
0.303922336872244 0.305261678018081 0.436424249045745 0.0447345836321166 0.186043161087323 0.60016979620152 0.367310564032846 0.303720793568295
0.282489027907229 0.369531371081766 0.574472218297827 0.0498732377395957 0.0906452281738521 0.415635745127183 0.488945774154117 0.176361122072056
0.428592590213694 0.197952494106607 0.297207738886864 0.342515759266971 0.373306744238385 0.398244729717854 0.334398393102563 0.402112721682532
0.221758634375468 0.165418168218747 0.0690461637980753 0.227196849497409 0.478781185342184 0.460939668457294 0.55339496791778 0.345154117220692
0.0185276909160751 0.348282135172624 0.28456312080961 0.404569837332444 0.553576062988966 0.538852410108854 0.176165952765761 0.0765541355934395
0.365140307472786 0.465054348218244 0.111634324572544 0.330391510065021 0.0761436604391252 0.501327914869032 0.21513577389918 0.474726553136615
0.583322905622548 0.106239132309065 0.0879152330608337 0.116790698506841 0.358829208642239 0.0673899354582164 0.534565192979946 0.456090702776172
0.472007599483881 0.377310264833204 0.197735608732137 0.412857229575536 0.406485935781454 0.0810882302010789 0.426217033509531 0.268007929712115
0.48686599165912 0.0163121915832687 0.467426056196055 0.375795036500649 0.00376851626077712 0.313896870643102 0.534609175592286 0.136506312528784
0.283752524716606 0.0518944469179381 0.202119261419109 0.261195634790521 0.549929865489961 0.542620684854122 0.250789009822745 0.384656890733245
0.00102021503449545 0.438964960878614 0.481573539462149 0.403243347332407 0.0907667666524065 0.459244253212512 0.439252446612095 0.0265301585410489
0.207654795457384 0.489828432153683 0.167499489632994 0.341348370782382 0.517558733754554 0.371635948685745 0.251632052317492 0.321051074939227
0.107539458641729 0.160779865589932 0.485109352691109 0.369589610529884 0.530486188965881 0.182376004394422 0.15506977475509 0.501930569572024
0.449078810279325 0.509008411348422 0.388117014933604 0.329155354205579 0.32413636510159 0.285173049450487 0.111485116567957 0.28538327267231
0.21003229019185 0.402590432520292 0.326935874623526 0.451345487273531 0.332980868453271 0.391427891629096 0.299285035231636 0.359922186461413
0.0909707619611746 0.367411183795855 0.138570017242995 0.51181425591702 0.437861777868853 0.568816133449536 0.187265067052236 0.158855043112531
0.0243599730191751 0.11147959648572 0.491133701259517 0.543351750790107 0.191266090367128 0.277376717159958 0.557257610850836 0.162723226013976
0.435799481186006 0.389465722609497 0.267186854997156 0.154966176888096 0.257212302004679 0.506447457313488 0.31479246166657 0.375832998024048
0.257823501611184 0.312565454208888 0.355231826866804 0.0514225079688237 0.467258783904614 0.407827125655702 0.428053944991242 0.372977262481285
0.402136785913232 0.173286974514239 0.278254013309063 0.213907304648428 0.294088228599128 0.0381768844055328 0.591869706357926 0.496810717443593
0.475829849300792 0.179880576306394 0.156004403590994 0.72275777093372 0.0371730416365224 0.308075133379424 0.0870783819505698 0.301061448815378
0.157231674320241 0.112163600617993 0.475656594143691 0.221385405960089 0.465837312914287 0.306681246101634 0.496780472538609 0.35998362053437
0.163250190942999 0.53335283573604 0.260646559401261 0.378474109963064 0.471462423018014 0.0844067755678021 0.00710966335292451 0.49824991674519
0.477990503960086 0.354400218918101 0.108981439804751 0.19056251913059 0.257695052853779 0.402314855331902 0.388406475321819 0.467558511715392
0.30497588594731 0.301204222026297 0.47427719137601 0.459662107631589 0.28138419285595 0.370890130581179 0.0164131496361242 0.4037718089957
0.478235079127761 0.512533516501295 0.20616774672648 0.13312320310357 0.484720073880458 0.112446623336291 0.0817097968011791 0.440567126036376
0.319123989963094 0.442969220422053 0.429210988379134 0.492714729083662 0.0154861561176846 0.281379075501667 0.188092178953787 0.400194451538595
0.678693859455632 0.107621074672239 0.322940455404323 0.177043014009068 0.173067967864111 0.112878791474219 0.161981566298065 0.568529165471551
0.236159062348851 0.187078906166756 0.356671586171328 0.0509416165614435 0.484645751096811 0.333669615245619 0.413807670411329 0.511827126256996
0.456008818448838 0.498414102899931 0.326062498101622 0.0870995673264047 0.454574707819924 0.0462979660355862 0.190687996491917 0.429642495076931
0.355743247988086 0.610337740875958 0.244261969397894 0.153501533096663 0.21716570719324 0.211843360472906 0.391587219480615 0.415125100419623
0.186513953248296 0.433137329637694 0.00618760101003724 0.199568252303232 0.488754422613207 0.329308252660967 0.388148510693751 0.489647575237567
0.457323152866681 0.1267880652315 0.0601934391281793 0.475371976633394 0.243610521829825 0.536292835766046 0.219213663187278 0.38751494412002
0.130274362802372 0.0961246380981565 0.925696117288673 0.107266185690265 0.00538760704672459 0.121072874476656 0.28972041151757 0.0821201808170922
0.443642697022023 0.461377410215183 0.0507419646988377 0.167807974296512 0.522530320340263 0.429640094941601 0.295434120002295 0.121111161274686
0.0245750074659161 0.302382784254101 0.567444253211757 0.200986955821398 0.189945005319273 0.6236932690698 0.343439100371338 0.0504892987552975
0.38134410123843 0.103324079703075 0.540239196179657 0.244364235409462 0.446985275086749 0.0658393958511191 0.489009246798592 0.221512610754175
0.645922246473938 0.390011187690916 0.0872462734199544 0.4953022494784 0.106410943215856 0.403168711799415 0.0131963283460307 0.0608033907775287
0.365493489523589 0.522393063162568 0.370120000017073 0.0452189220840654 0.545008569447831 0.338404893877019 0.204062316525327 0.0359553800041951
0.376992391203292 0.0531006421290641 0.464847743716677 0.530177777944106 0.194150172600564 0.0586880121240136 0.487487801370288 0.281251184785656
0.245741186940847 0.415135175840364 0.213821332947047 0.522239648188411 0.586084369769349 0.323826581023908 0.00252188041308987 0.0213386811049896
0.380138976631017 0.312445309143236 0.383303119287648 0.0312999512424207 0.373636844419564 0.665191042550172 0.13088232748447 0.103718468906676
0.439081862805767 0.167336858739526 0.494929930286292 0.374928289452185 0.44065585135094 0.229829963118865 0.304831269094631 0.231855863507023
0.764183072819166 0.13545621155249 0.235223307046255 0.195251120024483 0.345855803554863 0.414985194018098 0.0526559332699916 0.0980879529022755
0.348174012720135 0.364295624517185 0.500378698024611 0.259059772477967 0.49457667828502 0.389977624468245 0.151796274133111 0.0940319123532981
0.282169029860184 0.0570117019333957 0.0453243856251875 0.441608685839806 0.390506527014752 0.49483764614103 0.297847649434696 0.483719864317837
0.00316832126491051 0.161302283967939 0.679934422745028 0.317567980865993 0.052425695267002 0.0927258568134509 0.631768961659669 0.0182410048960601
0.52043851223756 0.147041689390526 0.47642793204891 0.322905973594273 0.0496860562351894 0.215654579736508 0.571251886888011 0.0310859151903333
0.280092515746604 0.566529680717071 0.44192209481801 0.128808320518997 0.37429195836247 0.153192591034487 0.0815678554024499 0.467428954054476
0.585319824962127 0.0291264325839365 0.26348098666871 0.547192926967699 0.056299217901326 0.513681173252789 0.0577419005439511 0.131673638222514
0.121952700849875 0.0725902543250383 0.423354040612902 0.328527123048376 0.568601853014888 0.240333111122821 0.556793094435758 0.0401604019582625
0.250014629224099 0.0887919603451445 0.322217042434467 0.36433214182591 0.0491440840524098 0.606002196573483 0.377539711155511 0.425272740956565
0.326739750081006 0.128731124885508 0.136097738369657 0.494911015174277 0.0513077722619999 0.150128869606214 0.73744015478708 0.210287372413141
0.281187101066591 0.43867860483255 0.519141515784877 0.127560660549405 0.438133311439767 0.432436419347616 0.250216251113323 0.0338383308120539
0.38704617844787 0.435314274445997 0.0625702566182719 0.499988844167683 0.0605280622544787 0.284316436513536 0.40809054180293 0.394658693311063
0.125085476150381 0.234549649248837 0.527173765998413 0.228931343867699 0.400143488365391 0.638509241928786 0.13199789432404 0.117413962184154
0.052758884707206 0.0996600253868144 0.336468268943261 0.687060325674386 0.198911964487411 0.23352813717303 0.21949918051643 0.509647271735808
0.371247531142298 0.260506841235808 0.182113799722296 0.535250277202518 0.53043125504305 0.0558380949429591 0.0924555720805628 0.426180617829198
0.458785722461039 0.375114490519146 0.348134360176422 0.215037731962004 0.354107751234603 0.304932233738381 0.505743651363664 0.0849318162639711
0.0255212266188549 0.313631806822384 0.385819925172352 0.463485546818419 0.239761663376094 0.602468810225192 0.00621952669556336 0.341781926000017
0.173936937054773 0.346090900638736 0.0599419842595685 0.14208030741213 0.470809730328606 0.541197498528419 0.557593744043106 0.0268301548682026
0.103335164794261 0.045855874430753 0.511824357473163 0.0999196503665757 0.150300092544079 0.695986772316626 0.3109904513218 0.334018273741316
0.520004483993027 0.0182638326936765 0.407058047800034 0.426353142028199 0.285187936549158 0.335056566824195 0.416129869831783 0.122594381416898
0.559811625593465 0.501243647514369 0.016288060215089 0.104790828594304 0.444333151362957 0.108144368260975 0.299614891617049 0.353868752432938
0.0236922182415478 0.0481072104397672 0.304048861807332 0.593331901482158 0.250251949675588 0.608804474983633 0.0494142822595607 0.341943300925716
0.0738236669131175 0.26881509114852 0.610969124463132 0.251659280977874 0.432330300200219 0.0173697594616176 0.410500896476845 0.360486705998305
0.608486494759845 0.139338342675757 0.479115949867686 0.500185988585049 0.0449920151078508 0.272836645397072 0.145385057864777 0.181631395456554
0.378062588073331 0.282042190775841 0.370791745819076 0.0290658088097814 0.10954474971939 0.533691428957622 0.220827450485532 0.541847013178518
0.344967019348644 0.198112598518218 0.491248156738544 0.434603194238072 0.0792132969813848 0.228007171825395 0.575493391807945 0.148626394331658
0.230721951579721 0.455638119818677 0.390815564194907 0.170804267310278 0.128597020025215 0.144219966878035 0.0483784664890641 0.719425683064944
0.00996966867801674 0.0391960732819074 0.558817983782128 0.262628109491039 0.457490007782036 0.0588478997970714 0.281713681613609 0.570079318791116
8.68048549625966e-05 0.428077944239732 0.456120360506117 0.147392772773503 0.328696355481714 0.182261935606115 0.420505803181683 0.518548951979453
0.219519941320096 0.142698568410631 0.0885273968976515 0.536891502323906 0.299079745508799 0.439776345953423 0.149650059146454 0.574553269794014
0.351357158329239 0.316359568767216 0.556191022345679 0.342972537014662 0.202370278179045 0.0105533019232703 0.0423990702494895 0.553735833431654
0.174755956245758 0.197338336459584 0.291544709257699 0.599296516147914 0.105788339660011 0.409209138632653 0.202288535645234 0.516526244594425
0.259016679060657 0.402739137439076 0.353291032563693 0.701056137952079 0.22323760311125 0.102813646519219 0.287412535303885 0.106797219485204
0.359753832791256 0.319309011088928 0.42555887844103 0.306507323438338 0.165582025077652 0.171314458596482 0.22271865881084 0.622255723278276
0.350733084766065 0.320280652817255 0.0556759241168419 0.330041507691304 0.68734029064914 0.229188911225723 0.265574771968181 0.25862175019049
0.711236168244881 0.443151946817438 0.326256981644016 0.129902606993359 0.101424298105895 0.352514245038695 0.181589027325878 0.0831468796196611
0.448026996495827 0.425738876914754 0.043061930957683 0.227583694712041 0.432256457347887 0.0726369301176005 0.276008580492938 0.544120433411688
0.522491158647043 0.159593444982371 0.488883449023969 0.173678387441748 0.0105371121115555 0.0555725018086418 0.412894451883379 0.508606478896399
0.0424092077398885 0.536939242892703 0.618265546896065 0.406138652811146 0.00946153111927273 0.353916276261095 0.00590630796615377 0.193172671740366
0.622329480548184 0.00749076715356078 0.229671880865283 0.132455424568484 0.180013738563011 0.673959548611236 0.221392040418048 0.0819477815081308
0.0422519535508658 0.515510427590615 0.0974839100871512 0.466650713755067 0.145086831050848 0.455321737662227 0.485145820870076 0.203625217624577
0.206885353334893 0.310559635722072 0.11633163199018 0.232932965560135 0.426427067571367 0.52284291674151 0.290174969070939 0.503541533510323
0.309230608725651 0.247061814782148 0.196719609611488 0.453236324468435 0.0980487074807443 0.378682031594505 0.574774319814988 0.340346839078012
0.224156098873041 0.480387020007623 0.555234117524913 0.163169605445386 0.21190032614076 0.547843126359495 0.171432359792344 0.098235511091793
0.346847974373148 0.120007875565847 0.182269295172715 0.104514016288388 0.595577969130534 0.430013663971687 0.0911640186980447 0.522698354780982
0.538181052250895 0.100981560920745 0.295952718899104 0.438746821249121 0.425175314095659 0.485404379104646 0.0198227576064031 0.0573819978975755
8.24466357907117e-05 0.0865881634545751 0.0467989425742732 0.523628043810104 0.178216133606885 0.463065456715276 0.281570255365686 0.625022877720679
0.146931597164475 0.463842384454945 0.274325698407791 0.195413822614939 0.337668174803574 0.711431112896638 0.151478827735947 0.081977663647849
0.503130387159063 0.0874756848370275 0.0872734016339165 0.132461717856939 0.362795991964839 0.359674791338191 0.425209119789871 0.521780971181106
0.000837804079828253 0.522735507707975 0.457205998444247 0.112335204875249 0.259435882236965 0.418978600361189 0.305055126580765 0.411317017629887
0.53010127636848 0.244269576813392 0.232202610205712 0.342202853791202 0.184035664911603 0.364514476806154 0.249158255233495 0.509396112465542
0.234981136954774 0.473615060660348 0.280470455568498 0.521716411973429 0.171656037897172 0.470708421389989 0.216108852878733 0.268115085393074
0.334652900072256 0.148141471706293 0.482022116917866 0.279911956839897 0.382313624735656 0.379025569642345 0.320595456598221 0.403435223005327
0.187190077460266 0.393731695556484 0.483057138523455 0.211845589408208 0.123664395699846 0.428341332249403 0.494439396196238 0.297444075073878
0.104445898740971 0.525358843526297 0.367466296648772 0.574336706554149 0.469746423302565 0.0597596399276994 0.133439156540887 0.078460708819692
0.565717160779308 0.280978760209589 0.213659948132935 0.208946393829449 0.40837567415619 0.0236337171731861 0.126365714691273 0.573069213708955
0.438020589826625 0.325097361956547 0.582654861989278 0.170368981730361 0.315647526901113 0.0924017831554294 0.435699102411349 0.18955798951798
0.462997081862492 0.297870586975245 0.370801513785565 0.276590338188588 0.040410274494495 0.459482626244902 0.41509299123606 0.312812039918482
0.347275223439233 0.480209276316249 0.404454308501987 0.378222953389691 0.384252315297688 0.340784429026412 0.0575599975371229 0.273981856686623
0.325671998405112 0.422939190751674 0.119232479630002 0.423180923364998 0.159237858533121 0.40143923303379 0.477287691555516 0.327792645376622
0.437902669451632 0.384372148539779 0.104270625824761 0.196460934585895 0.460547339807535 0.291922079627777 0.207669446682252 0.520174095301258
0.109438485142261 0.660872215807278 0.294775298626295 0.208277081302866 0.100004223028393 0.049243990662716 0.501683630820129 0.396089677213019
0.420363170789546 0.453280628925574 0.238582690868125 0.468531548883591 0.301764898750889 0.283237077761308 0.0716402068941654 0.406165419284711
0.463742505534017 0.188155818225014 0.226141124672868 0.0825850458327039 0.655452388277 0.410261345451694 0.304904712973695 0.0260976953423165
0.435851623172833 0.12536312588976 0.476124006055403 0.400787748895462 0.422327428513415 0.18078843652744 0.219451571513949 0.384432897319007
0.516512204924616 0.346679009003421 0.448598709243057 0.124551196294388 0.211975950525651 0.296594573767459 0.244347605932556 0.451294922564936
0.546623719355329 0.0545494400413512 0.256514381334704 0.251490471550284 0.450334153871893 0.240904398712253 0.54510441181703 0.105854540159574
0.112021340969864 0.774703951638808 0.0553468409374698 0.239722422999551 0.478773598864318 0.139115850581855 0.157074220463149 0.231311919289271
0.122552405362455 0.2015782971732 0.561240497368894 0.574238242197209 0.210727963508769 0.0666147677980456 0.162477506596666 0.473670667570618
0.575291770437106 0.0656783911120192 0.261033570393724 0.289311313220439 0.135608265565673 0.0267150045050341 0.541363030053311 0.448005517281328
0.26595887746989 0.108035369685632 0.501963046327081 0.403339886616578 0.543622922437181 0.396805936759057 0.0815145886747961 0.208131710618093
0.0950744615217148 0.558834776691699 0.172909482329954 0.316595141044919 0.500953499927518 0.406663226761239 0.195168879556855 0.306780191792853
0.592640600727517 0.359419381518513 0.368255141146856 0.00926877337189069 0.0170437790384194 0.258731820465631 0.497408780135427 0.263151909618918
0.532598758975517 0.180371012216179 0.0710171418784591 0.185386714274616 0.6283627377611 0.439064031309609 0.21834643195197 0.0953995465246091
0.0079646718184706 0.362906552904459 0.538718614661617 0.207545314846813 0.433302343462726 0.0429883554908536 0.573018763782695 0.130357858063437
0.48505399369777 0.104028484977927 0.40340880645693 0.486538498755829 0.185702997290359 0.119806067627727 0.550497283163614 0.0505565603942424
0.074626731494623 0.451828972917007 0.342486530477408 0.228139691244255 0.0233857546918635 0.668523980438787 0.146652703098106 0.389818504729453
0.201430452935342 0.0693324504395301 0.0274837575213029 0.127183113013317 0.273910435501421 0.672071032490587 0.492272639981904 0.410669126327717
0.644097943637637 0.120531281726402 0.391479751909726 0.347779590689556 0.0986548798595015 0.293244858124325 0.419555986309712 0.157004622501692
0.279112736435021 0.308548904491184 0.0231744351048738 0.591130700236917 0.0788700295870048 0.339880678882807 0.407043780837619 0.435312643658037
0.188710280115483 0.458969343582508 0.55796074953146 0.320779898601679 0.201239738505663 0.0873124333968065 0.473794777798916 0.258675947116353
0.39372076207217 0.459651081993319 0.32630419527868 0.174399359948023 0.10670806134828 0.405699653982181 0.502578265905734 0.261249969895019
0.0874338451463303 0.122512992415415 0.229462792850732 0.169400621970456 0.734212076992453 0.245532428536376 0.266828289109246 0.474810764465174
0.202912083066136 0.288833284560075 0.587741107144174 0.354515752467116 0.0469519337161578 0.496744337909203 0.311177071872238 0.241847888388746
0.717957112672075 0.182517633446843 0.517534012678084 0.263051846831582 0.0769352951177701 0.294459396611425 0.138443029810132 0.0489420172625146
0.502977123203538 0.355374219303522 0.3628984923172 0.206542281690003 0.360366107748011 0.0912456731861506 0.361042167266788 0.421695621157194
0.249649747972962 0.577483309576916 0.115286228024817 0.439307885062155 0.163594979619453 0.26782957410095 0.50839302840487 0.202351745227697
0.0682888443478576 0.0890468420049912 0.281629413813216 0.333617351421323 0.284387538460002 0.164712824318871 0.013207140282589 0.829825653189594
0.0572594496663924 0.16532434080903 0.427237792932047 0.409364299388071 0.306616201552073 0.146102988405855 0.550402832782348 0.448302464667386
0.483085673635423 0.0763103027783791 0.610704087601044 0.429979008469522 0.41990584290364 0.0111874073034034 0.152877808108023 0.0560877890660929
0.19553756627782 0.278551019638582 0.264116431166915 0.513814337318764 0.441391240382335 0.535052257329415 0.260415075563292 0.0385819963919817
0.179992296210585 0.370371931152852 0.312978498489233 0.428471201219216 0.236420359450357 0.370270173829621 0.417916894705643 0.425717249189264
0.559236721043574 0.480237969450713 0.22618795144199 0.292178309859707 0.255782030019693 0.330801723575927 0.204329830428441 0.321701292505289
0.437087912069708 0.546095325453657 0.282536936468784 0.298909363426687 0.138833780985031 0.0740179509807044 0.537236113189716 0.16788093251385
0.507136766373921 0.0358730910125382 0.529850755962749 0.337394790060465 0.20285653502232 0.150044578361801 0.348488041359269 0.402293784828098
0.567308634356733 0.586481658485948 0.0965878499128784 0.416692816582327 0.114029693644673 0.163950934722573 0.0682566966088455 0.326644156293526
0.361472798563532 0.123137255272304 0.456798998612301 0.385770646963756 0.308006016042451 0.41343869482396 0.020109787562395 0.480090253201134
0.486748995204477 0.207659143566786 0.621381434307197 0.181521427486412 0.422225692311538 0.176769568270624 0.288713386942192 0.0895027648064292
0.353061861225938 0.259721368296404 0.487677899000937 0.210351969698312 0.320725721226185 0.488034817097092 0.355609257046296 0.241481953810064
0.0498410275544718 0.501466416803853 0.463272451354022 0.0238519592907421 0.213673344423463 0.567677713700922 0.32508822029366 0.239291430939629
0.00793117744916683 0.405989196231921 0.523911668914838 0.490386424671901 0.149612076948301 0.33413522663107 0.411498221272255 0.129563410285456
0.641920691973522 0.36513534813333 0.131456896230742 0.410871183203917 0.235992644690004 0.320448537311253 0.325783304243915 0.06327245268671
0.590753435886315 0.174159380070045 0.18128587144078 0.561851740664906 0.0613410751347754 0.485630046499254 0.176684244254236 0.0363366333148151
0.364133378030616 0.478869623587429 0.556563752255382 0.0961737267688505 0.138102453042112 0.435739134463175 0.289025165314476 0.163100409380299
0.0226557019712316 0.0657179444109626 0.321090690430136 0.531968965696426 0.508763194427001 0.257775899172058 0.18386596962207 0.499982561718875
0.0161581670756654 0.182729824665533 0.355186319269335 0.0227001917836686 0.329581563639311 0.534814117666866 0.666012739182552 0.0381180850932604
0.499794809918811 0.404408512200894 0.43618960279152 0.121293414281948 0.0410607483355121 0.373189184789946 0.445189597820387 0.206241389154911
0.228984675188268 0.374745440551031 0.389717367855454 0.543040132530287 0.142183347173102 0.0530158016362606 0.244684330110794 0.526747055169929
0.619671855883344 0.398923579520963 0.433759872254964 0.0198686853068659 0.470796531356954 0.158563855802544 0.0484004030339825 0.138527643361344
0.352241196159489 0.207269503667529 0.10758781553312 0.563628903796675 0.443397395813716 0.356797846789048 0.0428958445937153 0.421861121413462
0.171018514436034 0.654964777806368 0.0819632114361523 0.184495247176806 0.0684477057574225 0.196429620527558 0.656022256504647 0.165476457600123
0.422750045836192 0.0907957468978734 0.138929094781085 0.394083048212097 0.486342634264033 0.484797846250501 0.0994673984016305 0.396211958235908
0.306831564517689 0.221254280854417 0.465173762033127 0.469608579828069 0.352216749937144 0.26474479741408 0.311289114983645 0.359074821291645
0.37740416633716 0.505521013041419 0.0256053981286425 0.302693404739909 0.237481914204977 0.47177739380921 0.454734238787503 0.154857580082624
0.409471461958305 0.433421618141212 0.138820779296683 0.236217124808029 0.338419744405191 0.114134997087574 0.528558383131366 0.403088574150363
0.325299869535263 0.371305374869781 0.414589594503544 0.658807617956871 0.322081508932116 0.112689402686099 0.120577098993314 0.139377428047556
0.456158499569768 0.347362167326922 0.235857343339236 0.18381578697749 0.493312867814591 0.328898890677878 0.38915182073687 0.28083947836369
0.464520998439388 0.209079413992032 0.347219243433018 0.197389498951284 0.342355334926832 0.605054209994856 0.0756124581069562 0.30326095551661
0.456485527338764 0.64180702020749 0.379349928164004 0.4414903544105 0.035752170096165 0.085798895530057 0.178631307227738 0.0183248204475646
0.0838935219850845 0.540931590027541 0.380566676736686 0.130160411841063 0.303488479835458 0.578363419305438 0.208901963322037 0.261405109289885
0.279812865518331 0.345176855493983 0.490280647624291 0.00247471497443519 0.535455087671778 0.159142920889149 0.214739095233744 0.451691224032611
0.107271764346683 0.289144044221097 0.291536480192189 0.44718887268393 0.392414562079748 0.373063044705654 0.543151723010353 0.178151803425717
0.179953590451751 0.394755147493638 0.438541065709168 0.287521187850326 0.0817218745857496 0.544583917828213 0.238423499383046 0.42035997149302
0.52033681626074 0.567694021892632 0.244182143342892 0.146164826233027 0.271738635770366 0.191496944186907 0.239272275599527 0.397768565779029
0.130732466548024 0.496457917941609 0.323838932701997 0.432359075594719 0.556895684113209 0.0187549236152185 0.271065694865661 0.246315594804571
0.0146921925318538 0.537827430800661 0.0812907108763061 0.207030196278215 0.210140554564665 0.556790725339702 0.540534469711145 0.121258545547229
0.437694447782066 0.170970849915239 0.194439252187283 0.2357693787979 0.370905080522893 0.466513029579726 0.0016655040645146 0.574970396334436
0.0155397414395372 0.0670734061430457 0.118647239283312 0.363802366623944 0.58119435319624 0.0389785400183078 0.534824716273585 0.472743762906877
0.333644519835148 0.216288771734712 0.410039445584588 0.354675250798245 0.399801118839978 0.353162352176265 0.297896582242229 0.417931412805231
0.0712265290770813 0.715593701277901 0.173169466384221 0.102932256777108 0.190367824313283 0.484944033296198 0.258839644997953 0.322274939900667
0.169644816505513 0.471499576312402 0.0146144934524129 0.0863337650825502 0.489591657492528 0.424709254812119 0.356125351134426 0.440838377898151
0.146947303331701 0.311690403067105 0.313357885372192 0.821183499512486 0.268608446649293 0.0476719931993467 0.165821283164624 0.0824637131445919
0.333592881527745 0.274273078710158 0.508236592863868 0.433776531325513 0.453993790213157 0.25211663810592 0.182738064464247 0.25289759442929
0.494508460400644 0.28000002692815 0.499633549849689 0.0769285848895466 0.10479590467534 0.361544431316545 0.334205126127353 0.410024453443187
0.379878930856667 0.161100497165363 0.0182613757926647 0.148678811608909 0.582651226207616 0.262339476536428 0.631332811436523 0.0203516507930077
0.19968215783957 0.146550727277381 0.525016369832898 0.401008355733214 0.454008141194638 0.351864287874124 0.17676893676653 0.375527500799727
0.455691943326258 0.337673127385321 0.289692660998341 0.461295214985908 0.26154191452894 0.368825521899119 0.377075478860403 0.187040752796651
0.492406457823189 0.0942584503595317 0.223810556501343 0.421575993402971 0.245561389193065 0.458609376670206 0.17220843251579 0.469632878909568
0.277031726085303 0.120820609411836 0.296950656505343 0.110190799440283 0.30650433145421 0.612831774299561 0.170746116323797 0.556481961407831
0.188917272679875 0.449688219307244 0.0887805807260966 0.0954328742817776 0.481995865892733 0.116701803642541 0.452876776439581 0.542277276070389
0.361639018918568 0.0853908047796763 0.425813218254122 0.361735828659534 0.315225593908815 0.647878783437075 0.175016037662774 0.00334923222778105
0.487323759748315 0.0797850786349235 0.055117435609724 0.612055184445351 0.134740898459409 0.297401009911703 0.513559681944091 0.0903016974629787
0.412801688359643 0.363787790205141 0.575161476567828 0.241131816453227 0.147342372543985 0.503037684758964 0.167135576763457 0.0748795345656508
0.640760301866754 0.165218514643988 0.286383723104937 0.0543741386889622 0.204303359979507 0.0550947169009053 0.312780946329623 0.57840269971421
0.564117184860244 0.0724578980268187 0.126200442077209 0.309548445416169 0.624991646920138 0.195041686426818 0.280685809980872 0.239446280050571
0.0403753220838199 0.236704522191823 0.156755372821372 0.561859634336414 0.305504475698048 0.576630706065561 0.409533769828268 0.0923495666291557
0.170212069841121 0.339067296916403 0.3932713117734 0.526690682141649 0.211097298530262 0.542879517582388 0.282560207978616 0.0698234125005373
0.225798000673234 0.0223601962222866 0.209015709848757 0.270879106631992 0.627578789822091 0.279630616542227 0.159363946935905 0.577933335617706
0.222238182571476 0.661043424538405 0.0871468987500366 0.151744118867036 0.633477544571224 0.267291910663969 0.056072657063843 0.0844275645556685
0.229301853121443 0.391122172053076 0.355662003765468 0.213278890093139 0.502641304385689 0.279479767885211 0.253216782074583 0.47705848755242
0.370014556833613 0.0727316368209869 0.596459602281672 0.0335610422686501 0.39212672408292 0.471986547000669 0.327141692329087 0.131729195225813
0.391063833679988 0.545626006229237 0.212809134359014 0.057884910619757 0.337119892197253 0.00734542853220543 0.381363456010981 0.491508988883932
0.20103021060735 0.0929213724929604 0.15828925985028 0.546170677432972 0.350847125205125 0.219832775509333 0.620548799566782 0.266633844792887
0.306788795480103 0.582656311769284 0.0368805480460844 0.198418671243991 0.439996433183718 0.135174939678498 0.414362865917386 0.376956765714748
0.32427308183515 0.43446601356235 0.488148885336446 0.063738450338109 0.0964406435199286 0.176339414769965 0.355677596174862 0.544822345177743
0.40449903027452 0.353757200761881 0.241247258458158 0.349553786232053 0.461505173040453 0.0312297079037603 0.257148522363544 0.500760028637214
0.470273673655234 0.189494266550235 0.413219491258917 0.362706589148365 0.45093053384853 0.15855045708392 0.289277304562522 0.358427432418449
0.171330487165875 0.367550825558988 0.306148736692166 0.415753577654545 0.457361877098178 0.310229837021392 0.361747941698296 0.364266601218948
0.430549926581836 0.464326365229435 0.383338866652996 0.0644889220575166 0.329320418566155 0.49210621307617 0.209171554036309 0.231402414567201
0.751915858220239 0.261207250857545 0.105212011556361 0.233909644850775 0.121202545414913 0.327389354726829 0.134505527309418 0.400804742294955
0.254547823284103 0.194051754718511 0.42032417909588 0.292991996778225 0.46814669674873 0.521086986746576 0.372872269049427 0.0728415402351774
0.578519221366701 0.381135701901216 0.532328213989819 0.414501885781448 0.141550967618004 0.14577640996628 0.0181609078145304 0.152475210479177
0.324214502973327 0.404164863104868 0.351199223234355 0.253655815746045 0.669491380590179 0.036564721735626 0.18880366467425 0.242179769750491
0.344248398975744 0.641597493858988 0.00748070903142339 0.104675974897292 0.346412342976971 0.540352646253583 0.138963264793657 0.165949969286034
0.160501048457738 0.132127560445832 0.169905766810709 0.489141142774748 0.403991672901663 0.000355992736782773 0.632104681017538 0.354808353615134
0.244191130929849 0.45534573188868 0.525217095548547 0.436202280481939 0.32127257126872 0.247514752776377 0.314883598550375 0.0572208925504316
0.0840978674981063 0.122350547691674 0.249470413543483 0.300771579218428 0.74358932262623 0.0462395038610073 0.517805825592209 0.0455281957081373
0.243168971676104 0.154024612106602 0.163727105800824 0.358826889334319 0.0820502000836684 0.531085560691248 0.531498905882856 0.436241645573825
0.508905440327001 0.541519036882606 0.11383943014444 0.359671989988551 0.0424558675768221 0.186243918000366 0.281581943652692 0.435512732978412
0.148907238946786 0.157982809121482 0.316933998677502 0.559673573264426 0.573806109627342 0.0629417022477849 0.310939705119417 0.330587036248828
0.327700999908992 0.296315796604891 0.401808639066516 0.323878681178931 0.477872028361143 0.129291053234637 0.263941201405154 0.472989017900685
0.184005031070057 0.412846632884149 0.259487817345951 0.387993263426453 0.0679800202636278 0.513101726898365 0.516741464703697 0.207148979714124
0.178820181347564 0.426035379253441 0.0212864034136605 0.509055903105897 0.477532663797354 0.43996616444899 0.150021841449519 0.287770657198916
0.0494670597988504 0.183011798055807 0.164470744791477 0.411642303476843 0.672724774638347 0.0314800575609142 0.55887223600001 0.0408887179469885
0.337334499742404 0.217120982324723 0.161358383629067 0.354308497519793 0.393497889782731 0.280659054933364 0.406316665734937 0.537391428757719
0.457262533320045 0.262954098044541 0.421134020344696 0.52895246435103 0.112399569307017 0.000621937878419021 0.189828371044294 0.464707095779852
0.460063040449618 0.0761095739140013 0.000995995093616253 0.23821788764433 0.525252333876471 0.415252775063509 0.450373343496334 0.273202393104889
0.384135081984281 0.52961983362891 0.0705454774481492 0.0788189586554739 0.501241879333802 0.409883789112847 0.214717024561317 0.308872846284427
0.113947245552992 0.332545070661997 0.149248019869009 0.517391127107894 0.173348230478935 0.155620521536559 0.444780508226183 0.578242332532881
0.217421470382728 0.352306219256183 0.055903832752521 0.312389230258021 0.506203830063982 0.230599590514432 0.151386051424238 0.628935399790563
0.529589259837632 0.513535757475313 0.350190530725357 0.450294823375075 0.0977673663499581 0.133279495144898 0.0157909580701528 0.320696382556663
0.10328502445657 0.414057321256639 0.405873367409405 0.389205239163087 0.0977187222443181 0.494551162958697 0.46830280257554 0.168040213971445
0.0931481097005978 0.264651728697231 0.499659004778513 0.4049182719738 0.417238051806392 0.0776499911411728 0.130374047214 0.557270543754014
0.0900577030893497 0.140805078015436 0.587668870159969 0.406115045969837 0.381458665122688 0.525913874086723 0.142020042006707 0.139691088174891
0.238456024098858 0.434598141588769 0.152985479221339 0.192956589502873 0.356963535549444 0.426705615530003 0.390643134306257 0.481169067164523
0.149228993000035 0.0725199533922967 0.547863370725845 0.344018196285918 0.504508569910954 0.400420959622048 0.26597805095519 0.261454787757106
0.455113388032692 0.558675348432757 0.147732553128853 0.342324172394015 0.306219073125634 0.262157884506136 0.121373719513191 0.405603816407837
0.137838228123461 0.027420824249315 0.4780834559436 0.171036450547787 0.416206987368377 0.211868716507613 0.497423375215924 0.506838080083044
0.369661412533946 0.161283351915092 0.342706770080266 0.305347899999754 0.433522116173994 0.397696664249684 0.307020245263629 0.431610191279457
0.0105530703546014 0.398155020948004 0.221605337252184 0.0661178844070439 0.352949783315052 0.614503361234137 0.509831535087162 0.16051351090591
0.266940560046369 0.49147915937245 0.125333799982045 0.34971649102414 0.170963374137702 0.527109330809125 0.18477477463385 0.456033275681635
0.114255736405052 0.296056611254429 0.107524853410171 0.340727473235886 0.10749649095376 0.50940845402376 0.147031301873823 0.692075597159394
0.478848682486549 0.295875764834768 0.598983084314992 0.0250507407781576 0.154703175533862 0.440247367490232 0.224666804094413 0.23564211463778
0.06427978334971 0.553166708577426 0.33476606395806 0.56378674073753 0.0322773612793802 0.0215085412574042 0.436260755012417 0.261003838290796
0.272071232574861 0.0497731319140553 0.0988577682651932 0.0554296612778641 0.00543320560711014 0.524935473868698 0.793434445220774 0.0743611708970944
0.514572471677037 0.137656183755142 0.472177816201514 0.205268920122586 0.453082034970214 0.324019232908022 0.375302808015561 0.00739833586789307
0.146847618068979 0.181489019298255 0.335813604184329 0.0433675163229369 0.627373980494454 0.22142301027964 0.486560575555168 0.389202441085621
0.198277210964167 0.396095314741567 0.214524900518728 0.461394010627901 0.600848407966503 0.381477538042165 0.139609184979783 0.137312189367399
0.581092613298685 0.334122708871155 0.206598181626037 0.220682346585926 0.00844827029124029 0.654433894351351 0.175873139359234 0.00484013900513791
0.0515033893983178 0.238288133124078 0.135102233043324 0.51062367493771 0.417182597061881 0.543915708757852 0.057447835351992 0.434040487052832
0.221138042060474 0.0724445998147619 0.454025812392869 0.220214579652673 0.610517793188088 0.181446128803828 0.234215469239049 0.480316861470336
0.282271515757626 0.329707555230242 0.10870535990198 0.100771833384501 0.364462574508317 0.383873517539795 0.407564564199651 0.585954931768681
0.325419943381424 0.61988087837785 0.158962587106917 0.183315697106666 0.431189799523259 0.289672532182149 0.331112712110898 0.267404863326284
0.2628472393748 0.431800015271813 0.00876158846403197 0.00698416559475068 0.0432280894436959 0.461757670325115 0.618746224471395 0.382620997129281
0.490244981378815 0.427353229675318 0.256742874447977 0.154497219159838 0.502796319329529 0.222158913198021 0.160177438207951 0.399283417957117
0.328571033860027 0.326147691267276 0.418546884327841 0.0358617963004759 0.457534448143825 0.43448748992305 0.184766777610924 0.420648646887289
0.533440974399858 0.385964542806328 0.344796636930967 0.159542840471732 0.144621864623805 0.558558126367346 0.047334651772905 0.294941055511454
0.440653844023056 0.432741495210297 0.33168281541639 0.376555320329088 0.22806883690745 0.395571241300152 0.0864596217034834 0.388309568853264
0.0440847207529388 0.456128789961579 0.507883633834126 0.524619590576241 0.335116382385227 0.31624376045235 0.0206939218619174 0.209976712664406
0.254845863567532 0.213962628236547 0.127904709994398 0.504601792716185 0.347089065286878 0.42233688225333 0.0451177337936025 0.563396950855822
0.318896813296328 0.363936817636668 0.24794071560199 0.296173916793341 0.435814999434926 0.463916125194372 0.458612513700135 0.0343933878212772
0.13051638624687 0.552779624721899 0.150080391229158 0.475038939967355 0.0504186951223081 0.0367854795965059 0.200621197264599 0.620540055095323
0.256343047741541 0.0870761645589841 0.136992602284855 0.290783763087929 0.0324633529383115 0.487773188911204 0.571043091578489 0.508249001907334
0.469668090453447 0.104289998667929 0.394379838910259 0.29298631117281 0.27168636104488 0.370600010786881 0.345274859530634 0.443606210187797
0.464005190174206 0.293572494934073 0.0182788139731046 0.474661698093829 0.323249363782547 0.372422876775205 0.396098634760636 0.269802617187864
0.256263256525789 0.434930685706978 0.498357891364679 0.347456627357275 0.504843576771355 0.267397813769179 0.0959065737471754 0.201273563841751
0.500436515350234 0.10540392323499 0.386070286272487 0.327703126773457 0.490046881695868 0.341145252578146 0.349546228182126 0.0574900563433779
0.365581993766859 0.413663958777193 0.0614579634488934 0.208951477546579 0.556804428419646 0.242172172623807 0.391049163079417 0.355240978992949
0.0216842861318249 0.365139044223022 0.354415654806937 0.352907272803566 0.50626238928698 0.437544101664697 0.00595035268146904 0.410204115220469
0.203789062362831 0.463024196430939 0.222813312104247 0.345018253201682 0.602069829434004 0.301572754287097 0.294137499443784 0.18826622178585
0.0928608925001584 0.396137080200028 0.351961971028676 0.420483579727458 0.355645575631885 0.235952663121122 0.481831333591791 0.345615002180943
0.419163788965117 0.249679918661315 0.103507493889153 0.179509123303618 0.242411312437013 0.0630039195948895 0.755610982066709 0.292136329640237
0.293530902495697 0.451915221675708 0.710848900458162 0.25265494196174 0.179710064388817 0.017734647342218 0.188114381762308 0.269210544245184
0.474455315872816 0.0573365423902181 0.396086619847597 0.289582943578089 0.269617604487898 0.263009345903814 0.463925469703887 0.416854138027438
0.452459562560063 0.0784617857378759 0.0342688664642188 0.55517934008162 0.310023314193587 0.407086256359496 0.246339659300433 0.396495566633418
0.529827667623239 0.592314798261495 0.176216825806815 0.526903470781812 0.137837283521939 0.190264853124465 0.0515954723025216 0.0436378429429236
0.414356085006678 0.0335847864097886 0.485331280500913 0.493611773197638 0.0525046184061152 0.262954198221477 0.469225907262515 0.236447594839053
0.576804930166953 0.145438691496654 0.260113986630561 0.228044322862116 0.295757813669689 0.152214247330004 0.457820162272716 0.454135440039669
0.366362036725261 0.466211796144222 0.0924208979753631 0.235292666694096 0.492994895483984 0.20087180346953 0.370826340731325 0.404494171054855
0.320066173071043 0.530612851709808 0.464662852343612 0.225405134420975 0.380426466809801 0.388705683079324 0.0622202158930149 0.222712472733965
0.125535754153531 0.488381932464687 0.0737874679267082 0.249406078788915 0.0879568301136016 0.527272603067784 0.44092951029027 0.444864299485739
0.219556071330449 0.049866959576097 0.256342042249896 0.629504014991186 0.229073866306676 0.403542388271931 0.512405157531359 0.0971675334052682
0.490005011173174 0.51813255743675 0.169384466991292 0.188336717879318 0.456195192213248 0.229301404730294 0.0618743175072356 0.403423234597362
0.334488747804164 0.489881577133045 0.299073143104067 0.511792719341936 0.250746062267271 0.0814752117296399 0.417796943145665 0.229544553212857
0.39192682005967 0.175622766762301 0.253477049424053 0.173561295429015 0.0303318584253293 0.465870723264665 0.507820272519582 0.49531696119193
0.0466321312164732 0.146589889811976 0.502337972171651 0.580504017558971 0.501673579132822 0.0426278968093479 0.130568437669071 0.341272415166863
0.681703091975915 0.376278067917151 0.265040645898886 0.279262963057356 0.328726799579737 0.197255593929289 0.106411796682932 0.295240266409102
0.470034107370133 0.0733934987975173 0.597380558241723 0.295869921077714 0.2635080559286 0.0419619270350586 0.0566624980031717 0.504847356276697
0.498658071882155 0.486727845076661 0.47590774867508 0.0305217368601575 0.234453267886575 0.428875836033015 0.158271812541181 0.151867002021753
0.221612522025658 0.629886803315653 0.0516853629229255 0.164367631141774 0.399609160355293 0.0772467398170494 0.0192695936648579 0.598679006722591
0.12972909870996 0.103568046601317 0.404677149070476 0.481834692436643 0.0291881171840309 0.244103833080191 0.510517741331093 0.505419393308938
0.414729201346609 0.563584867463504 0.48121986290638 0.080170567139789 0.0205590334886213 0.0925906283831197 0.187369108757201 0.477775082216059
0.37620423591991 0.119324206052727 0.206700475359526 0.459060522964268 0.548007966752125 0.0576342767236931 0.53371757518197 0.0477657296849754
0.0217945285578004 0.00918548120106355 0.273521113966351 0.544550983020508 0.453668761871646 0.537797581043567 0.364610697938052 0.010416709687637
0.256101914569451 0.416970629341517 0.512026344385644 0.142008749979501 0.503460946288711 0.371968511776524 0.293597235410439 0.0133043742022613
0.132495089221765 0.363467903791791 0.388500162149915 0.457018947453779 0.408895355771055 0.36189867268902 0.303569327795277 0.316570753355012
0.0465529588647581 0.51077232558654 0.465137003590698 0.51237602009622 0.149805213246218 0.365319338416637 0.106486992670692 0.301369432444494
0.469848428855973 0.458903257245703 0.1903772658469 0.089753770066284 0.127398657368544 0.290766012195662 0.590206190487004 0.274285203322651
0.546745441784769 0.475931876148343 0.00549230292755265 0.17506671896717 0.538227320884035 0.120896120973776 0.00609286235793538 0.373547996498298
0.384059798959842 0.0404403037988885 0.0748832569826798 0.0819228997677948 0.396463490865914 0.289130826584403 0.367139458993977 0.680420805198903
0.410978013883302 0.0738322141540417 0.501377746540347 0.421182326221702 0.272865020144031 0.405102262621774 0.281119733304087 0.281567421335998
0.446258514808837 0.179348928362946 0.36448436469935 0.21077386283696 0.290299411165186 0.373523887828573 0.2809274761947 0.537306929703705
0.301973242088624 0.156204846882849 0.240843969934047 0.296748292786484 0.483725827250685 0.424236453695998 0.318916222427288 0.471881381521138
0.729287510156836 0.122658523782421 0.373634722665767 0.475615748897127 0.0796566085534912 0.0872498925773537 0.0622698908724766 0.263526296869945
0.146508002115436 0.347653191141397 0.179532334774135 0.147170741403726 0.716544083620437 0.23185501716072 0.408724086754072 0.263693052247443
0.203978193799067 0.174191047436308 0.416890207057353 0.517322151473334 0.109992392027338 0.387488805750822 0.410343274190003 0.394972427826455
0.152292901085598 0.0541871382069457 0.492580015096833 0.139250930438686 0.0517444063472516 0.595195718750867 0.409835890593382 0.432370037126737
