0.265416120202666 0.576450062407957 0.551890570831931 0.401464758667609 0.102971506811644 0.185865231969595 0.264576160622552 0.127878432979322
0.271049358822124 0.512978722994597 0.0224959836447489 0.535712989481919 0.513122248919841 0.0589062721377125 0.321155868314304 0.0773635280394906
0.0516688699058957 0.397367309757892 0.300829893727958 0.172742230359532 0.512404841976365 0.24438043116519 0.483019026186823 0.404355226295751
0.42120760521434 0.533220527166389 0.34523741005675 0.575755882337393 0.113121301522539 0.0594082899262384 0.0349964962927858 0.26462386295705
0.255737815615492 0.547992284938866 0.508238789612427 0.0577173128600522 0.371297633786432 0.35803175633785 0.303734288249274 0.119839394946508
0.451854551264559 0.151100479088935 0.189571167509178 0.467686313518398 0.44128980655795 0.183459540292725 0.294825372886539 0.45056885991302
0.248424230138127 0.686709299026552 0.116274568743294 0.166811993938432 0.123297061477652 0.274003696198169 0.413833904866485 0.404760462664353
0.429170798597502 0.433448199851242 0.367596377189875 0.364801415969344 0.386019265469535 0.38687443633289 0.223624307142299 0.105058938287692
0.492125234755209 0.00458063728732816 0.0354476297309256 0.00699626853387314 0.509035243808333 0.472510404827286 0.266793317551841 0.450471588951913
0.550572540321091 0.232539509795437 0.0184897805637317 0.667235271461212 0.404495169096509 0.173144456592999 0.0105992952662204 0.0595212989595136
0.418266173949486 0.134792306108993 0.47650215940433 0.342066080970595 0.588382804484754 0.27989241343887 0.194009187614075 0.025441652526029
0.219899788043431 0.329612452119914 0.557752109642697 0.280248184885435 0.407295987778136 0.509184120638326 0.0907119081060896 0.141372249896685
0.00296732031655578 0.0128836501354239 0.242665492042461 0.385588106077297 0.555899244226945 0.383043159819515 0.483102132540776 0.321133578921274
0.152908005346607 0.570389453233908 0.00748158037064561 0.324045493476428 0.540750425018434 0.33086999601177 0.371227765503208 0.0807312043405188
0.240961428191786 0.483339229464169 0.42272638652819 0.427239887743821 0.365507106185312 0.327794844850144 0.17824876193786 0.272528409021066
0.250690919529283 0.130387493426171 0.576890490710835 0.666557913674148 0.330480277978985 0.0906497686140622 0.142349899078809 0.0731640992480902
0.271664459659022 0.343709334908485 0.445708451194908 0.411810285351945 0.0293662215791571 0.359108553905402 0.089484647765292 0.549535939883081
0.00109054158114075 0.481631716860689 0.358844098005466 0.516571911094352 0.0990367512040721 0.0122312301805337 0.549800810654043 0.245306464552463
0.354470322814135 0.546314242410336 0.0893602384216851 0.196823968359496 0.514330921625486 0.238104471920032 0.279574120084856 0.36024281664239
0.126674199906912 0.0355019046719708 0.0501922415085716 0.484373046477555 0.162647447930455 0.303835985287951 0.631112558379981 0.47799915581713
0.413457594124378 0.410131205141277 0.395532428241782 0.145072645178803 0.031716787589683 0.443697613020846 0.513896947222291 0.146251972569377
0.0752186173317539 0.288470924668561 0.345492349876136 0.497772007243321 0.400401038208936 0.351276610298862 0.0176561530791721 0.509859551372903
0.159259556944034 0.25671482306799 0.486159941708249 0.403874276692143 0.157869956787455 0.46240648978746 0.0621479274186313 0.516394154602592
0.411559910342091 0.260318029530149 0.335206571547975 0.14355781048083 0.542161720366006 0.0385334498146847 0.395844870874335 0.421619915989967
0.160394631075963 0.280110579981953 0.406535127874939 0.671636383703288 0.0716006669339699 0.0290191125663617 0.522910111560217 0.00645244313486593
0.146360958463875 0.245646336929198 0.485212962900082 0.134695081240403 0.465817299024449 0.309656763327095 0.253788596575502 0.536078579890821
0.492780832028571 0.521387201387903 0.486633584426562 0.212965217784686 0.083821811457507 0.044274838770039 0.173087195183328 0.405228915275841
0.343679595660639 0.400723203630763 0.35967237834521 0.2707104649455 0.133411519998882 0.507167716087914 0.456631437289788 0.187421659877798
0.446105409306544 0.553389323452359 0.490413257132928 0.108691802490451 0.173163658788651 0.337755377344657 0.301844123365394 0.0851876007145549
0.121668329990414 0.509959785049938 0.252066033373154 0.528639768698054 0.411869380955186 0.318670233298348 0.247634007096538 0.22277979901696
0.459440438471171 0.36993204501608 0.0749618928746203 0.21869228945629 0.0718038870677998 0.548695071557803 0.264540208423951 0.471609543047852
0.197124678117095 0.238905401895426 0.0102619647531316 0.139967307663085 0.374428414092112 0.498199216018892 0.042916382992684 0.702943100852994
0.075014515456981 0.485273742018437 0.389462081936607 0.459501426128848 0.356016674252125 0.289666376109378 0.353025515960311 0.246532852140255
0.0178444283086356 0.26641638770108 0.102896389988118 0.39394638657254 0.647287468012955 0.126209256747047 0.525386385581705 0.227995099260107
0.548188261542685 0.37386389317968 0.279135752834238 0.290645409251794 0.177639248061203 0.0182001658412673 0.454549764028264 0.39852410264288
0.326069492766778 0.008338869765109 0.301952626898288 0.411970807494796 0.0175626429639562 0.0919509237690709 0.518923649123258 0.595540629671816
0.285162475914807 0.54177910816148 0.0823305805927477 0.179941837307706 0.420296926492873 0.551810355088325 0.0846293248762551 0.31256051245224
0.00643139280170391 0.35359464291097 0.408381624230207 0.0754055478361604 0.584926442403498 0.324098942881116 0.431799215417907 0.262370516260748
0.530657632616497 0.433407938475807 0.145421455433081 0.606274839831694 0.224296301771357 0.0894298410228604 0.2836451035506 0.0555192081794413
0.470678972152219 0.297347655108205 0.333899353189379 0.512539348500015 0.120971375555467 0.474995226720956 0.268021078365537 0.0614042164234438
0.053217716537464 0.324940400097128 0.450631358022836 0.378027882650165 0.181183141658769 0.120218247482955 0.446858572556708 0.546484737591226
0.321791068040996 0.169897753779095 0.264474269338297 0.291320343324226 0.419288520851818 0.532263414641128 0.3136568233799 0.394059984110253
0.112406420564838 0.235150213139835 0.364099150560285 0.0433957665786554 0.121608820225641 0.595638647161628 0.513208233119251 0.405784420831839
0.0530635301093082 0.562048490607122 0.402428650423629 0.100398035376419 0.410781857493141 0.420512795402818 0.403397197000041 0.0309051403308334
0.251180022915322 0.119686913925015 0.748010711998098 0.214598564712348 0.198258418332605 0.200623020925167 0.434382652747962 0.2208320255525
0.448199162239467 0.517806596652683 0.0264455162955856 0.401842537270842 0.0307462229053037 0.527095595439354 0.296350013140976 0.0471022514879067
0.10274983117651 0.515450225045564 0.28533103198908 0.108955282457509 0.485708841779745 0.595955111327668 0.19826656515745 0.00912588310237572
0.476170270718622 0.403227483323728 0.51417859721663 0.503622404423703 0.275132278079643 0.113500587714177 0.00472162784107188 0.0636542715044857
0.350430289310021 0.462276407661386 0.490378151544277 0.404021415318033 0.202439469449873 0.269310876988243 0.168733030192024 0.343240698305294
0.533880912374225 0.0218002272837199 0.392570562196735 0.215384907759252 0.458647324694496 0.0280447986452937 0.483373782614601 0.263058023636039
0.260248442178438 0.251722832812469 0.565480074215884 0.0150653735761326 0.271160386957667 0.149932902381573 0.668183412543082 0.0802170835861049
0.540101864504294 0.38776631346067 0.269959277975066 0.456249469625161 0.0154927523927499 0.511159617408556 0.105409542260515 0.0651944810586808
0.251273731301569 0.490095224242393 0.147562003435288 0.732866522105031 0.150461109715009 0.180849939184374 0.171154057890788 0.23056743369409
0.43469299239724 0.431953071819282 0.36957345094579 0.238187727080542 0.278665569204059 0.127552649769235 0.229316624888575 0.533507567666646
0.308602089431219 0.463665927534057 0.181314661892113 0.456205549712264 0.408356209193425 0.264198002274021 0.42219333420274 0.184330025768227
0.512270298845397 0.434043483798306 0.0769194169551338 0.287623339204832 0.186882273164989 0.392479218355395 0.201898772584286 0.480430617152783
0.523539051965636 0.189478856469349 0.51279304796295 0.224471612421561 0.471986631243932 0.344835814531708 0.125702069848749 0.13847844516285
0.237628292277814 0.127473222131268 0.217553640122922 0.553109988937463 0.387700597993499 0.439031657886679 0.127849002174074 0.463267966178667
0.126475311478985 0.581671317525927 0.0160803373700306 0.328784209705186 0.553885631916501 0.0643463188046765 0.0744920172685664 0.469921309932368
0.611929592997263 0.120905060881807 0.459679912310798 0.186696061166447 0.124395455514914 0.0365739157997229 0.00601697225007525 0.589843211205736
0.286393171353248 0.00452649444350461 0.409662557892196 0.521234951899541 0.049539332181408 0.436580671678579 0.0798345318912929 0.528222296984127
0.515074473600619 0.281260942732264 0.0539919518767907 0.266468626625496 0.263369769146926 0.460712739403353 0.331468945491748 0.436094466280876
0.104476710325429 0.176379441397552 0.509411038439197 0.084961790867643 0.107637493809037 0.447650404639579 0.650909220214635 0.235790733178453
0.384299149592961 0.434180713956205 0.26780171494877 0.337343033040993 0.283567457022243 0.505793947541233 0.374886029437802 0.0388025213196596
0.406735372005027 0.337373198044679 0.204737894280205 0.373988577671847 0.10745327945951 0.26017784740482 0.258269637954198 0.626912015662431
0.0806331779067185 0.401855153730278 0.304060493221825 0.296966494913079 0.470113097938603 0.489890859884923 0.370804583996923 0.229942219778074
0.522896220090273 0.552904021901129 0.0570906513871206 0.0441171996906892 0.384886301107957 0.0564209415866366 0.396297819819115 0.327564140853415
0.196006722700118 0.559938633877501 0.377445120188848 0.551895642219772 0.169365841451457 0.283836945289483 0.292725403610821 0.0778467122701132
0.0183573862528603 0.142468985828443 0.445309732729664 0.398864986512435 0.398804405738346 0.400081277059434 0.418504726158807 0.357372873635602
0.0392739210887346 0.542252289906155 0.367210260363625 0.004280333480151 0.253277222293522 0.157938238312804 0.424453400067396 0.547999807810164
0.00574325765090078 0.395404731591476 0.466921548826869 0.376773481973112 0.105878565564383 0.422983287882494 0.333739768052235 0.42677951977126
0.0268092509758264 0.461174530214768 0.19538867911087 0.53760521001339 0.192781003675075 0.233466973923841 0.371629738365012 0.479190163981586
0.724365096173049 0.108339023556474 0.28915454497267 0.128088001722755 0.0950084529782981 0.0921117568199267 0.407214527737367 0.424506917346713
0.390984501138912 0.249935461740345 0.129728899876384 0.443337187135458 0.209107874960499 0.514069172564407 0.496435298585461 0.129787182110923
0.0504316760524304 0.462579830317084 0.188457045040642 0.371337319805566 0.225441674694072 0.462910304246379 0.194598394767898 0.554157603950305
0.213469755203542 0.431247905899288 0.151099795616969 0.533141263098628 0.107375673966027 0.344506147742385 0.286185350877183 0.499268541336499
0.178031520472685 0.619962389307759 0.360647995117379 0.295024291345237 0.214466220969817 0.161908157588955 0.490832468515453 0.231772692774961
0.278947975316025 0.433839189601053 0.346830600395088 0.0711766984821534 0.12704620950056 0.477878107355424 0.537873383437433 0.273492221841246
0.176590912451864 0.263523626276393 0.581713139650503 0.316196801503878 0.551915504363797 0.197814272596279 0.129967759670327 0.316808341046392
0.167089579082502 0.360503256661263 0.568685866753677 0.536853647648052 0.0131051288617023 0.443698204324698 0.0831875415521411 0.162920264139619
0.380552801078598 0.262756882540889 0.0602861045448332 0.350144395893966 0.476261254923189 0.452653125715641 0.299688942576311 0.371980881804196
0.448408282515142 0.25440371202453 0.363916412305604 0.222936632363458 0.396668703967368 0.00061015489939098 0.198746015500986 0.596008770582571
0.390718039346331 0.500886954054602 0.488914615946766 0.076118236276848 0.283502619480575 0.519805337284025 0.0312190350431718 0.00861587701027466
0.277246838537018 0.409031675739176 0.393916540779423 0.225693416899095 0.529861598337433 0.490623554695677 0.167610214080966 0.012710214507498
0.0514608936630104 0.52306450143677 0.475865258372036 0.254344199588857 0.278058270605392 0.226522614595918 0.484575888878937 0.263009313355786
0.111819182029207 0.459463008250558 0.517964493018242 0.0273764254859767 0.378964777606649 0.473188318236721 0.109379332255798 0.357586638974047
0.326828413360109 0.00668654893494047 0.188755563232185 0.173417351698425 0.625349574469101 0.312729974801714 0.341776883299038 0.470916842316017
0.371532495133706 0.270511026076599 0.156206869287773 0.643689336057225 0.332726105053999 0.447066373469965 0.198685249935529 0.000103200269938375
0.397131419331883 0.331852147691646 0.410734481310972 0.193981765906401 0.228677552409419 0.470253363844805 0.439280523069802 0.243782733346992
0.470208019038736 0.263994894770836 0.359337087891291 0.442864261893363 0.367183616879254 0.132856351453628 0.0755881407918828 0.475153692520202
0.411009284440234 0.233980951995867 0.412289911349245 0.14433611259082 0.47703081387483 0.117391959319556 0.468545643977718 0.353035561692266
0.548987053771666 0.0390475939073242 0.2154871226517 0.528058710919852 0.197169546496948 0.119343986593458 0.278099087169457 0.491273730732463
0.411560089047343 0.261967549887957 0.0749748718396814 0.485926624312568 0.401317397467403 0.336053477826231 0.272757743729725 0.414561213878258
0.320701705370081 0.0668266501804908 0.540481771946961 0.427372156786384 0.412715038753614 0.347308474280196 0.25234654575454 0.251558045231554
0.342567007490392 0.579220144599294 0.412054492135284 0.0106361571753186 0.0844251589658241 0.154464174503329 0.568389472317865 0.152303828671326
0.138797285702837 0.435698596081042 0.0846846577310669 0.429881304431995 0.358676411745674 0.425933447177455 0.345642522338489 0.411577206224564
0.0406944213565976 0.550781142522498 0.626579644265233 0.375557698606098 0.31550075496787 0.110586409280166 0.168167954685109 0.145903804736059
0.152891509515369 0.312426182572037 0.310053752260015 0.278852525205528 0.11605635805709 0.528737575178305 0.318377672407631 0.557427271237201
0.193519274538143 0.45625676840201 0.429277205173872 0.160545171714229 0.397812809271635 0.463325231704997 0.295387679907719 0.290081363811258
0.669027525108371 0.0391962884625656 0.177373231850274 0.252537491991841 0.581470779228761 0.153775152472859 0.190668555579088 0.239832880727427
0.253428001565253 0.363978021956156 0.221175004052368 0.776870143604961 0.216690037358595 0.259060888800912 0.137580526291892 0.13361559602691
0.459995452534918 0.270121019090996 0.0395799134393305 0.431433676841638 0.455681907307326 0.182349637072062 0.420427354662583 0.331784086862746
0.464046837018074 0.519041325816469 0.541548876729536 0.3735991715654 0.0609943356403382 0.0729090074980056 0.254422733883995 0.0929416397276887
0.202871620902569 0.502851759877652 0.603538313707573 0.299255552860838 0.0146674205383619 0.0387103780442305 0.388685187635609 0.315247568283056
0.299187242194306 0.00596078671433264 0.445080460621173 0.403301651268708 0.354065687094534 0.0653578089692111 0.419734459246616 0.493853677253759
0.434683299339127 0.552603062180909 0.362629887108747 0.255210220029469 0.497819820957842 0.0457318780086243 0.132870512878025 0.203659130693367
0.419205794535914 0.0544192926512392 0.204181161155546 0.528120360321168 0.00147991679074555 0.411617705838533 0.255668841237461 0.515660836757139
0.0499412458028142 0.167473565195137 0.481522429226868 0.488850950215018 0.511017276171806 0.128583305791307 0.14801843205555 0.446136297841106
0.500100032027084 0.459759532292656 0.460805255045875 0.0753444490755153 0.0983042612355692 0.424558039033422 0.301983704857689 0.198482863400367
0.377047364014786 0.492439416251484 0.0740357061995248 0.183193947809588 0.588615102062678 0.342089263767078 0.292376082566602 0.165290114304888
0.260746521454182 0.580626290042786 0.143209649870407 0.476800267213441 0.0952640770584469 0.377343454366577 0.1708498266403 0.407901794597379
0.215840081970821 0.338223905352367 0.183591049259915 0.331691535806161 0.0757139515970264 0.648653332616342 0.493241157644546 0.159756416440658
0.270487015107694 0.0580476487889741 0.38408781252448 0.496281758705808 0.4148646411951 0.131176635870945 0.280401937211087 0.511569141632042
0.299243116826538 0.436746967691216 0.0563569759956301 0.454508940390164 0.0972043194478579 0.404518345645811 0.239178658503685 0.528829797987535
0.267954322026152 0.469824164724805 0.185410567889934 0.184144782883938 0.40012123568016 0.17269521249776 0.477018413868054 0.470863195597665
0.470538249337257 0.527869799440525 0.0278916733661547 0.268525608456842 0.235419055084768 0.271054124286694 0.454370138709057 0.302850772111692
0.0425881911820787 0.252076156164889 0.00128568121038708 0.296662625703802 0.583617879538589 0.607160878103078 0.299545991081646 0.218292301765818
0.272216011921469 0.0930227565823643 0.194896321663001 0.447655440738171 0.380733373153151 0.370666380761837 0.543313122175293 0.31831528993062
0.361665658851506 0.526900366858317 0.187954641620576 0.0926373862099787 0.467532823204635 0.114602793388731 0.556325324753524 0.0802914316302225
0.388608611795568 0.262035895804552 0.296759949954366 0.131469365370732 0.319188800560689 0.490620895556871 0.389960890836522 0.424629278639515
0.501511323833903 0.184603857139794 0.371165226599166 0.425527556329132 0.0845358836598599 0.559194650309597 0.275159793558088 0.00354919873613291
0.0259752279903732 0.18846908111464 0.697947761697634 0.324616291459372 0.502079457315358 0.0965921182019679 0.0346228926604385 0.329674558924516
0.559884034005906 0.331707817511505 0.106338256857966 0.214197778777304 0.446478217318719 0.299839787797372 0.199974340602687 0.435975739206154
0.663199564363055 0.0562408826176305 0.324883843479458 0.118624272761476 0.595032970901937 0.101163361826566 0.253169150265605 0.094811340177346
0.361447191075439 0.411393290162389 0.423194150584436 0.202963876532758 0.300608745098215 0.192159735311639 0.453138037189679 0.383664961071865
0.535265128512158 0.241527259349953 0.0675188684385239 0.0127579977733108 0.45779699485283 0.623167325920013 0.0819220634221715 0.214026708663737
0.140696116597841 0.479590212385101 0.421386531270031 0.230786716716892 0.317864084612846 0.609591632239097 0.128811413485661 0.173599536240986
0.0950948702059624 0.0305005145931988 0.553799857300587 0.35141675525844 0.346609377872758 0.604031388961316 0.220717945282406 0.161648617061747
0.167939320374461 0.408905786403226 0.247013247536338 0.328814060169707 0.428885388511632 0.376241983551836 0.549089089776235 0.0919710645654412
0.0799769749802477 0.616056523374474 0.276897612554712 0.0497166669588153 0.490268215608533 0.308886797547994 0.415517501770764 0.162804291883002
0.56077350516158 0.462369918880646 0.0200735901680318 0.0897973492508548 0.226953486807068 0.345800774767344 0.268304103821575 0.469262685430353
0.429277095948445 0.074417366901536 0.562072964542575 0.339677347601997 0.268945377008398 0.490871496306777 0.0822554509229485 0.242536825135327
0.000258987471682293 0.443975000596287 0.261932047805767 0.490490154515418 0.351174991453544 0.464818653691979 0.29685470607726 0.257282277788614
0.212303485799536 0.355793478188883 0.574431675673337 0.126532760674176 0.366947855957281 0.170439362855702 0.304380041771689 0.475403435014598
0.479428686210224 0.472316558774501 0.0402394769090402 0.431675001222597 0.0775749069042996 0.352994302792807 0.206722390387997 0.430982238950274
0.344698435782982 0.328737845576536 0.212813109451842 0.23884999356459 0.388452049671001 0.568377817631021 0.248542564391111 0.367496848274081
0.205698916055562 0.151465670277986 0.521170154227316 0.252544343597543 0.331485710079501 0.389204601838109 0.546884010573271 0.197241000861359
0.164480007639768 0.581023244948647 0.0384504277931453 0.157950467542815 0.355618547849939 0.32558067666101 0.461328259330018 0.404524954576713
0.52950083659853 0.189151001997645 0.325232548703222 0.295573613004976 0.244307142291814 0.197906172237204 0.219360394459952 0.586292568264287
0.0929842243028024 0.354625542986631 0.67516997145667 0.372690644210139 0.0323402020521235 0.273065443022734 0.419926605866335 0.137451345927495
0.480375728021618 0.157093142757637 0.0605420385314581 0.119874981919184 0.407510668434622 0.228490866381653 0.651675608004764 0.289087245879701
0.468537290396746 0.163787859574076 0.443422873517679 0.403036699608243 0.332848259043047 0.508477541934897 0.0951783534665707 0.127230599327705
0.108920339235823 0.247128420894688 0.345556387920106 0.117165736283066 0.57612950203759 0.478194797263809 0.0877031360379169 0.475015335517249
0.201340250695568 0.137689044897786 0.0499642543625874 0.252871668221092 0.543502103595888 0.510400008820273 0.549213741124062 0.128549150155396
0.474086643560155 0.109213608190239 0.226941799202472 0.280370611721612 0.435604200803644 0.590616817307471 0.286418609090654 0.112201237800287
0.28276978421188 0.275020249353946 0.190846012615128 0.528454935384566 0.200833943977481 0.305163742730144 0.606167718506765 0.166792704961414
0.132112776436079 0.143728839254264 0.253891223226251 0.121766741091885 0.478352083754206 0.695438441780592 0.392391270279991 0.127177400788654
0.489629923750649 0.567811584649139 0.417782743819847 0.179887458809678 0.0628300615733881 0.137382478069062 0.454908308967661 0.0344600021763607
0.622328859567588 0.221863818791512 0.186737321360219 0.253641865367901 0.217045293407155 0.0242353717495787 0.636820182499632 0.105082138974953
0.477619608734948 0.165485559179491 0.232050990013901 0.376997385257996 0.441059122996307 0.277999293094992 0.109820937527646 0.514433623840911
0.504750748045331 0.352323141972958 0.395916001373862 0.221088234691041 0.345592358799683 0.359039192052517 0.373683401948907 0.16578025676404
0.419642474457196 0.417585225347797 0.0129630012146844 0.048698893555885 0.537749460109862 0.112988179145777 0.172307807381572 0.561562428060177
0.413406103464858 0.192793129698228 0.617513748894463 0.531703888554173 0.307871994093656 0.00296850063034559 0.142364115763698 0.113280313300532
0.105819920294523 0.0344293842908525 0.648348715578875 0.29264739880296 0.0162364611659838 0.0558950680825188 0.489408747547438 0.488578961340131
0.149353316265587 0.35538882369531 0.0800572946357762 0.505412021175751 0.539910209493397 0.343787967787983 0.13936402915823 0.400532589941652
0.247076282762437 0.548751563440274 0.269165511514242 0.13746407919755 0.0123916323178438 0.575460205920518 0.269552645954159 0.377507558029403
0.425456503037492 0.326037269402468 0.406321787465977 0.452110169908526 0.4629154283087 0.209033856799013 0.286287979844821 0.0569105246971305
0.290557356866922 0.522671395252532 0.188028250445621 0.303791262567945 0.208695089513248 0.202081550646611 0.37491467144976 0.538326737595346
0.463845033281918 0.351616625215251 0.261672821857496 0.499483138275768 0.321157866781169 0.283566528387928 0.135848071918209 0.375832958626506
0.499329656871378 0.440127443362436 0.272157412069221 0.195237521737966 0.211087378059636 0.487904453754141 0.0202773641703575 0.402182261993791
0.412446084877599 0.0868584796970387 0.577100718261067 0.0171852859728457 0.438721612441197 0.0141719709941427 0.00264124020356837 0.544351710172546
0.410059446092027 0.083341568760129 0.258861245600515 0.23629381407353 0.165665256320461 0.505967454852667 0.538400327570023 0.358801570920079
0.134179596903047 0.5345427929987 0.61364865663998 0.031923081064581 0.144608665591952 0.0505961049580057 0.427967915391163 0.334735586279548
0.469428946416944 0.55613483868911 0.243576096563961 0.472893615545985 0.00138727289224583 0.349911576975348 0.120688379546024 0.224470705963447
0.459874265472274 0.309145427183763 0.489026997000446 0.0773511055019892 0.33129044583266 0.0187209320687386 0.516470431886113 0.266399376275354
0.275488802387565 0.280498558158706 0.40223405309219 0.131339963000532 0.466205587760784 0.2925956969209 0.452476748183713 0.398357828740804
0.0169210253658023 0.282760711559959 0.679423636069314 0.118940342852642 0.174735390100171 0.0549525722814843 0.356839551453148 0.532080886008913
0.0496854251626594 0.561445585335365 0.11517394149192 0.563345705661476 0.103520805143822 0.331215853225305 0.395710706549903 0.273275191966283
0.364754632368464 0.128444638887515 0.523521900800322 0.0553879271428592 0.230569329934486 0.475299628688629 0.387882110335414 0.379194600910663
0.519100023267597 0.175135063454643 0.233938935684999 0.286284278500362 0.475601946046677 0.409694431447914 0.307015326617502 0.273626776148733
0.279452675896401 0.169163164212009 0.518259960020876 0.172555217753433 0.542664131103212 0.150563002646258 0.144140592922263 0.506943043145386
0.454463735394668 0.493937979445223 0.307062567338863 0.445711213632191 0.163180374588 0.312657378405818 0.225083053637577 0.28547719260457
0.157091901348248 0.380997869151293 0.531355855188242 0.379571659244031 0.22026611306132 0.212191319549094 0.212722796348154 0.514738539598082
0.00714928410278304 0.318137404020594 0.225420431713618 0.690633351246679 0.264159520383894 0.203161839224529 0.509544975618749 0.0160504114224177
0.533608737987824 0.578153449601093 0.463404849675972 0.078681647229738 0.347418193310617 0.0391018081928901 0.113167182492029 0.158209618870193
0.273487079846435 0.333119215159524 0.395951183980629 0.480981896999518 0.0488366027237621 0.164983257544641 0.512684792555214 0.365602645995119
0.265528908332666 0.426215395686312 0.482646324947358 0.359742622210647 0.36082584917102 0.0467069457615694 0.503050714881853 0.00597930965360838
0.401358467896229 0.460117465838988 0.337550700405576 0.172052219626603 0.255112936431077 0.316699392543691 0.485297536223931 0.287690879275163
0.114210003370241 0.0856047750807056 0.433489553026647 0.139559487126532 0.0423914591745467 0.434167995834156 0.727836519611018 0.228457809860408
0.164718120090522 0.0795227838154784 0.447323666745918 0.388491612540034 0.292047160932473 0.214499555985348 0.596200610860015 0.358835756031401
0.251264723507544 0.457190582535441 0.343079685321511 0.560923549881387 0.200201507092392 0.49711934458575 0.0877175838536434 0.0245203986343435
0.326680603022893 0.239472322583123 0.274593139987629 0.429398456877105 0.246777238593919 0.437883598157272 0.298299665937466 0.484277421843035
0.402217750162755 0.220220252939783 0.0948131047133607 0.117429042118028 0.727887336313342 0.241257875889696 0.270704572519979 0.325020790509838
0.00196326230897104 0.101329191486754 0.451146469010106 0.683503967417554 0.349855005403643 0.423785878213044 0.128891883355538 0.0202883612990757
0.0325597841103441 0.50221193687697 0.0286396049141863 0.341317484127535 0.439301889644606 0.0686060867641477 0.386198707847764 0.531566356766946
0.0744082334275373 0.473806944507273 0.00548695632161789 0.103222596306991 0.415611565707642 0.477052764142996 0.58270849332683 0.139369586119743
0.251656038742054 0.446628952328138 0.381947342203194 0.298675106517109 0.121595311917354 0.380762293500395 0.0449137440827364 0.583368354642544
0.276998405147208 0.164468834320795 0.187614975954956 0.585555347398749 0.0752691545553276 0.438006992134893 0.288027359481671 0.487516267848264
0.289072987076367 0.641379056780139 0.0699942963045067 0.510177618582545 0.181949206981502 0.0898590899572065 0.41948568542841 0.150800860078344
0.460382933389553 0.155885353520639 0.151905163815132 0.0118664899497647 0.621749187423785 0.000221124931133909 0.0964267408637536 0.587078445790652
0.11198256627404 0.376192960037741 0.450254500866021 0.404625316702199 0.434834515034786 0.40477289623754 0.0417984228098861 0.353296954499752
0.292285262628165 0.531974085076405 0.371640772798533 0.338995374865992 0.0969966444947437 0.405034921154556 0.232787850476858 0.388440922333278
0.215206497273165 0.0194581782524925 0.333063461323428 0.554587364041214 0.130569904103108 0.30970577177214 0.531644404034071 0.373091398909663
0.045661088167295 0.422851947404218 0.360530813391831 0.315421694059573 0.458648270728378 0.313986501897062 0.188289034227829 0.495216582001571
0.401773248874141 0.238972851901661 0.248137539066497 0.177888129839468 0.493380705185692 0.466255577699946 0.474235008165316 0.0503605059143107
0.594634378973028 0.529883322567024 0.214894007258025 0.229394269756982 0.478687550696575 0.11033777859238 0.0147062554228219 0.159059686692741
0.487077189385326 0.535139379417785 0.525670901214223 0.173906126648277 0.274856269851873 0.283077228117798 0.00905340064734428 0.118523283318664
0.429881835146634 0.415160984095156 0.0840314970818037 0.559880152309249 0.324700793856745 0.445556394625074 0.13393520484358 0.020643212576532
0.374546825429706 0.0828600812650155 0.225660896517898 0.140772334039109 0.513648419262483 0.512791851511096 0.170304162305752 0.47572628996043
0.39039135403208 0.576988802158219 0.355055338480763 0.010613290633354 0.356275315745982 0.32542533754731 0.169168765577027 0.356440395276309
0.446505178151168 0.184726032819802 0.369167014387887 0.439464665966096 0.448455585395291 0.345129900738518 0.248898804933558 0.234346465697112
0.303054284863019 0.64087381842265 0.268809464998906 0.366347436885645 0.344831067644705 0.412128376916398 0.0419800168750863 0.0211964669530479
0.176525266240483 0.0616933205497077 0.0811870205247585 0.358099978804745 0.339969675108882 0.590088215761725 0.604540400944973 0.0308748879743364
0.446228305198899 0.0124013517581645 0.231623737985632 0.0355667079215374 0.486901627964438 0.131822913846793 0.492630718669683 0.498674702082018
0.486212991098991 0.157434266153752 0.454155944909959 0.230368498154491 0.0494990711643939 0.469931177726615 0.464021218171787 0.202195329147085
0.352792250133754 0.151158530295537 0.419223211010698 0.0701753398016697 0.0775292074575206 0.511759034759796 0.557840959355582 0.304830156638136
0.263080067783643 0.0513782610160038 0.314755890127483 0.490808173637788 0.444430794055646 0.537178786203366 0.110231297630157 0.299924157948702
0.364128800166292 0.331824700045037 0.112209778271888 0.470234884994549 0.519260385864891 0.477788309503676 0.156290280933041 0.0353699728972189
0.180404048667703 0.386708463452055 0.36138808966216 0.228199742798365 0.534675387385239 0.279356831122923 0.209501355411027 0.476891646672796
0.351073837218794 0.487926168551464 0.469716107289892 0.0621872166864689 0.263393557754049 0.156527651887053 0.54071836034076 0.167096757045646
0.330795325823937 0.188076653663282 0.0972585628129631 0.476114790649498 0.723268458552992 0.153452185118089 0.267222724209617 0.0313732729413255
0.174783831389577 0.252841585500729 0.415896676322486 0.342174328290714 0.423567599232665 0.462775332147711 0.169211163878036 0.439619712324024
0.47879599545745 0.200121391654774 0.315592140762862 0.484324597636639 0.109008251457202 0.358724932395094 0.369491867949594 0.345610317641685
0.269850180821899 0.462880017357555 0.335572321373566 0.15012513254331 0.0497756569692813 0.27791615010343 0.52759122394105 0.468731403954991
0.184093520725523 0.586804153770498 0.19107958794724 0.585395631179536 0.366684171291115 0.312416167439162 0.0333639252906281 0.0969366398570336
0.380694008169121 0.538112815868036 0.139306188655513 0.272983023289196 0.0387309449769497 0.385210788271757 0.0340726982308704 0.566155754255293
0.237885756226612 0.453822575834744 0.170865700377624 0.271150885994019 0.42846171259109 0.374002254991404 0.385752751889415 0.40308216857228
0.361200025601305 0.169407023672293 0.491038907367239 0.443640087444037 0.476336648296602 0.306182106539796 0.224932818671857 0.1779359668788
0.158370367022549 0.340083817480242 0.502255254145577 0.320637308653523 0.45830164966445 0.120958484374979 0.31858532273251 0.421930367515507
0.0573487873595671 0.241840801920134 0.472632662431509 0.039439761735041 0.169373443337267 0.431235861674214 0.459854974289226 0.535881223436528
0.213165959543576 0.328269046677985 0.326700874267917 0.430881691104595 0.511053555827635 0.38623984382091 0.326003848450281 0.194349557820835
0.493958340728022 0.387874664910685 0.386020206821404 0.571983741724436 0.130709030892976 0.00937987609814406 0.202340586777761 0.266958527086045
0.447353846565121 0.434477009545482 0.44359483179964 0.300514173865867 0.226746127406975 0.0747768408875641 0.400413740187453 0.326622986160009
0.297020059636759 0.500452159997545 0.430151365707329 0.45559880080288 0.286398221864541 0.274601307409808 0.0442043357610465 0.330669642083822
0.170738678901379 0.539341277015159 0.548745581278964 0.181109196472365 0.208161156871945 0.116884374694034 0.498963604497161 0.200198235566486
0.136027556632479 0.392603348912811 0.533072968069223 0.21337777204892 0.0602649969276816 0.0351567285275302 0.258034313227858 0.652849660450189
0.00661204463781473 0.0722268958503117 0.103006079169917 0.484328315951487 0.547835993880682 0.154773624374016 0.55349603772979 0.345135294670789
0.531555110999315 0.553078969131642 0.248133399475448 0.445540830466544 0.161319620398049 0.309437417128636 0.158594910973885 0.0674397619754175
0.307502786502803 0.313092813514282 0.131359980852847 0.448499698477321 0.235911644025919 0.165181286165877 0.513466164224986 0.492362508142598
0.489148609321629 0.425338023211564 0.135368731742024 0.467872392646986 0.115911630616169 0.303983027022791 0.3996641137994 0.277523591763724
0.260707023743571 0.523966850194731 0.510613726077149 0.386820238176822 0.387073452410784 0.139325213055367 0.220942929895517 0.170531999698816
0.179817090062594 0.44765911166243 0.106660978682991 0.149780544307718 0.475016594168539 0.255552185446759 0.513263386503161 0.423165889331251
0.388841207958462 0.345568856696147 0.318191133836987 0.243952977928242 0.330660029390602 0.45942404097744 0.305658804461909 0.393436421767073
0.141117788769227 0.0793083234967199 0.814703371815302 0.391849629365775 0.210164515043109 0.32973110680257 0.0599303665249967 0.00498682537631234
0.269324876149739 0.52183745443111 0.0010324434706559 0.337425765288958 0.18614521604817 0.178417237912137 0.428566116272224 0.539574740847786
0.46438678023658 0.436709216532921 0.198756696460417 0.462641697122075 0.2065420800264 0.316764164213576 0.0486012160427632 0.441279015454463
0.520151098095942 0.448060719948443 0.261167491649492 0.245266015449302 0.194664664461392 0.270127091685687 0.118940279026136 0.524700659550524
0.392547688452777 0.0177883704572326 0.279453917472476 0.100004971128889 0.588392783780763 0.0289731101012194 0.0460462328107024 0.639005974350306
0.250756371015884 0.562581576508104 0.185367732726039 0.0395411705995629 0.476730505001157 0.198775120362765 0.273072099355346 0.493301750797621
0.514959899304612 0.10742687931335 0.27242831475411 0.282522811771846 0.251637252229618 0.221181523731171 0.540356886299121 0.406215834424691
0.425036883141997 0.0410727856402782 0.394988999862254 0.35936270989438 0.211259736375774 0.0179452055894925 0.603446960820301 0.351280323720814
0.512354681338493 0.510934481691625 0.09844331583327 0.129913629771726 0.0878719365563908 0.364213793992421 0.544544608996021 0.113877136165144
0.392279878186373 0.506733215733112 0.342287408755934 0.126642116435772 0.159386387932712 0.352617863465585 0.270061240466581 0.483179674136921
0.437349801131268 0.28829311375301 0.0257960044688459 0.221670087240211 0.581342609103813 0.149707987866356 0.284423067591738 0.48429430971309
0.232735979625521 0.289086667532055 0.213157457410654 0.210567987072001 0.545162238077277 0.438093780372166 0.384115397384897 0.368531164054376
0.273827367509729 0.304778110326868 0.248437870672592 0.223069519245574 0.541237230033336 0.522010135638066 0.112514247221603 0.377565508960522
0.320350668219613 0.483481720307058 0.395762488432651 0.258728428373061 0.486122022264746 0.24472366242614 0.265416547172359 0.270928576577759
0.192282707638374 0.231590469373772 0.362327793014696 0.486887868193104 0.27226809871546 0.362705477353893 0.498894432550642 0.294059778520102
0.274550672757244 0.0132873650229178 0.308164540523193 0.230352676872195 0.196344984779769 0.498660116951875 0.684639365202992 0.143084969752434
0.222089019685675 0.448168094590909 0.551137056495964 0.376139175199271 0.344948247049385 0.0193963889498066 0.0787570126008899 0.42310862917534
0.264278647635935 0.504570709883275 0.482170531006344 0.13363391587518 0.116326885210008 0.0821603848189612 0.565921857029008 0.290979259345253
0.109833305005771 0.153298157979995 0.185249892990078 0.38709866686699 0.29802693238229 0.503264495455703 0.525083076536806 0.40307068493203
0.504719986304859 0.0703972567467711 0.347172047868798 0.196836558094823 0.585974724254704 0.245233418836183 0.366985532294008 0.206989642616109
0.463150030510878 0.292906180193371 0.0305487816549878 0.409292747912767 0.607750357597151 0.238895575734718 0.323742122280315 0.00191892784218484
0.526560276689306 0.0888643315849922 0.415188847775052 0.0581472428117039 0.58632049765274 0.343212028764193 0.212032708208539 0.180417383904708
0.218683444441064 0.120560059214675 0.0383877640646821 0.440025591686674 0.621805197750275 0.225961596780718 0.343270744779484 0.432448297591793
0.280929433065576 0.498030080143971 0.307709081160396 0.192703822797279 0.131809742131864 0.511924373702067 0.489177718119406 0.149966124656044
0.215549382303187 0.139029249319723 0.321474903977333 0.455081561410006 0.428272372029239 0.494147504686401 0.442119740231591 0.0263655924626757
0.0716829673635184 0.247529440310628 0.225038632785588 0.0280602044682956 0.13809179129807 0.398197946379759 0.141490269954167 0.827351511288877
0.354512962374672 0.425165596679075 0.533535634026953 0.522482377404007 0.0251706143911586 0.282641932925569 0.179237797812817 0.152513793451791
0.460801306276976 0.53919553556669 0.0443798723086746 0.272834726050558 0.29593465514979 0.151214096317318 0.439947014961758 0.341358419752196
0.220702634407466 0.180055845472266 0.425450353534396 0.519446583623532 0.0587519736730191 0.520356388552458 0.0971555488618518 0.429389935750351
0.54116695994638 0.274935349444332 0.0332297806248147 0.320335100734553 0.335366273592427 0.495905540343928 0.291161026741533 0.290968201192277
0.00324939848847516 0.295237761586812 0.525601911830016 0.00862467646812137 0.292697215020309 0.585860608819901 0.236360784724984 0.389514592250206
0.585012443366635 0.405054476918889 0.149967826927249 0.28900196617858 0.450426161257177 0.3797591257354 0.0321676173570423 0.198855098841282
0.487552383926152 0.250883704798502 0.460391439691266 0.107297772686062 0.410886697295261 0.25367553604391 0.438058104797299 0.225394966780855
0.626553423359423 0.149401795081782 0.573665399534507 0.195519267123953 0.0771669947755067 0.0608224687887503 0.427942942309191 0.15811659368538
0.631699117972401 0.272769299728594 0.0316688846641818 0.00425491046599913 0.382499999999171 0.452203787391838 0.405507222389477 0.101496247312889
0.411123927593433 0.423549568535309 0.137327759510773 0.426431682928768 0.404638470447779 0.241461260098695 0.470384944270481 0.0870755862735413
0.0460780394921113 0.226662397952687 0.556786110380258 0.362873136652913 0.413000815689956 0.0692873125435062 0.46951204917762 0.330153473177494
0.432188877037185 0.498637778841327 0.00466412179363818 0.424632397194726 0.370916669322898 0.0492548242788938 0.493429431473032 0.0275843462482422
0.102972996089874 0.139386235631 0.275040893928044 0.0409640857625717 0.136986181281788 0.526044889152962 0.545295551419073 0.547546173463246
0.30340766049659 0.299055925784544 0.388845196534463 0.328382375261894 0.440098610214596 0.468189835414578 0.270866333787772 0.270585834951851
0.277371186331543 0.353552566005917 0.315124919844401 0.364453796059103 0.261008099661988 0.529147930218845 0.402128096321427 0.236866539426085
0.429084367168734 0.303429768209465 0.425944149842957 0.07648984022989 0.0718491266620809 0.481297727447207 0.301605573455612 0.456904963624259
0.608063706614504 0.488309246534237 0.173881320395874 0.234886668416386 0.545822124512522 0.0134373672245202 0.0377515440855096 0.0829374121787231
0.0636477769652763 0.520106849686575 0.338277455509756 0.403494691741052 0.29397948542002 0.264574116805345 0.506378748490028 0.188030274619934
0.0821048486900905 0.451327801015739 0.325473323706565 0.47426913734507 0.250986104065684 0.0354860965325514 0.523471266408091 0.34701938927553
0.683851348182159 0.0943230396496596 0.046534718235855 0.224203324652696 0.417598400419301 0.105334530066935 0.168710716533244 0.507021492506716
0.508870098461226 0.0447308987723087 0.130575645876538 0.279308748229556 0.471611857149864 0.233402592172283 0.0284702123735613 0.60521229880412
0.508902783702067 0.489321547836333 0.378913404944445 0.208736299583787 0.395477959965933 0.0146529479229239 0.173605333220799 0.357323146365393
0.253327554577812 0.397926812678824 0.156712580295143 0.59498166553805 0.231128311828919 0.391778735400039 0.342367344097661 0.273479641561629
0.451559754202351 0.235948088082555 0.430694628115079 0.477975591671953 0.03972155181419 0.208959893514475 0.231239195153584 0.477231762398706
0.422827755302598 0.284970485968889 0.443348020115153 0.446906664536207 0.400679990123737 0.119591686641215 0.0724830083416202 0.404505952030397
0.312736806249097 0.364810684615137 0.310932188609414 0.164658829734037 0.554354860131285 0.572693752640077 0.0259292728010194 0.0967353391103116
0.477403263018239 0.18621891979074 0.180472661532923 0.264892492515835 0.487778951481428 0.230439052858359 0.391608386749044 0.436213976228081
0.017747180642801 0.47753081956193 0.304313607806103 0.268358552565242 0.288343121969251 0.282896850959179 0.477970048787417 0.464110458306452
0.3413080018988 0.301081393170964 0.139496915804612 0.548856724760982 0.12986423222408 0.432060051305069 0.0874822687044784 0.510844393733707
0.285608256465905 0.571943910442073 0.221774151340552 0.0344129169999086 0.0459470798318942 0.530077857601568 0.316599787737029 0.397002480128012
0.122501333799432 0.502900946902253 0.521856859860378 0.220076892358621 0.400755224585269 0.0307722407504879 0.119610344773367 0.485239450867936
0.439685657073496 0.187403934710091 0.486354740029401 0.469255078267988 0.374464396560818 0.392445381361702 0.14343719249913 0.00195876334459832
0.620533183750146 0.479193384657499 0.384623761162044 0.158167076683051 0.358853195468549 0.206712954328673 0.0613790345852616 0.192579227583357
0.478671335842128 0.355115498444184 0.411312564654263 0.127063464351239 0.366779536284752 0.482596497319221 0.25012957372093 0.171616357264079
0.192670656859772 0.417726616487097 0.0628585210933493 0.440792514810052 0.347038130526613 0.465675483132145 0.146659451821641 0.480973120494759
0.07211487701334 0.25118211675259 0.521508405179244 0.519151599016708 0.489644086300243 0.351962875745668 0.15019058884848 0.063491567725347
0.250436005910112 0.215731094995932 0.209958259448426 0.29396655385845 0.333754326714638 0.503889627742991 0.621271022699623 0.0947032465318548
0.00778950101852838 0.382914577335344 0.258509428954698 0.45532044691028 0.377536494527806 0.329756955122614 0.0920897592738892 0.565170715792769
0.429274253097625 0.355999841198301 0.0627872859280451 0.507571081911956 0.0343707675217672 0.234287305591917 0.300660848934411 0.53004551212444
0.336983796939591 0.252578597328823 0.382862954220988 0.237076282372303 0.622865954419268 0.399000035295508 0.208682102077205 0.170720597250253
0.202375775550069 0.425779456097218 0.289543002471116 0.154152602907347 0.323867576711313 0.379428126870331 0.58612273013699 0.278858314354336
0.0109771332545198 0.512743234947876 0.406168695762488 0.0722791858702366 0.148714137947665 0.6122635265111 0.393184077496124 0.123289691034697
0.391983815474961 0.359251540173284 0.153875824701036 0.131583186282795 0.64733108015057 0.377895329466428 0.0703680751168912 0.330909415991685
0.337052928876564 0.425998626290603 0.315428840600556 0.0348812570623501 0.157569533187167 0.245479853046341 0.485149966076322 0.532681360977703
0.507054134660551 0.00446940065567381 0.470595293457917 0.406094522133523 0.142627655089816 0.348861386378731 0.0143650020426098 0.462871655714224
0.0647901858010436 0.371668366189067 0.499603026653116 0.402615364289387 0.351767775993867 0.349355515882482 0.289248029201933 0.341333084380928
0.450557976998968 0.46588909085078 0.243151273426401 0.391535552090374 0.317461277125785 0.426639423807998 0.223970067387205 0.185894546886807
0.52667013603872 0.165912577484959 0.314358158478611 0.574793895493918 0.217410741809066 0.118837650488626 0.294339807822206 0.3433027381797
0.00751205666734034 0.082840400431229 0.26545689691853 0.0145895783443403 0.0988269456895647 0.246649286469845 0.390428502561528 0.836279717451219
0.218211669973787 0.171842916783499 0.478787002188205 0.0117107044209468 0.526461222776704 0.133051471570063 0.300311689947403 0.555363233103004
0.103271929249756 0.0373849944516099 0.607778700660367 0.547784803103737 0.303340139494509 0.375374099947415 0.0741126874652615 0.282949616977792
0.323822745377101 0.000558514281678302 0.490486814300196 0.267058371564359 0.618161920718521 0.201347513558963 0.115367116249565 0.383753144428478
0.044605602156408 0.461214673528887 0.345196406438618 0.116331039743701 0.428291322378429 0.485898248894942 0.480419275176552 0.0475883419223888
0.070860185938811 0.393186142122406 0.362482959996337 0.576233303821599 0.129921840972374 0.389473249055042 0.238927831694796 0.388959084893561
0.110819219724752 0.408955193805134 0.132086865906108 0.0667246271599635 0.424153868020113 0.495763936586636 0.543318191709718 0.278733908891347
0.234385427516304 0.0954134371873285 0.455657353543086 0.000935282088681544 0.749903945701401 0.00611825387391973 0.140748392778415 0.382271863865132
0.431455038279018 0.0550043016557936 0.55058784909694 0.115791682690416 0.101116561626783 0.0282064871462313 0.342328095433817 0.605027018829605
0.468554224310421 0.203020051633972 0.242237006122505 0.432814715477531 0.49948394116541 0.237717508118531 0.188702514020103 0.389396960055656
0.234493850141968 0.0760821689962072 0.0410639799461974 0.309594719271292 0.448685699308826 0.53708883589635 0.326350118904694 0.495379978035935
0.419375142655499 0.405858653082071 0.225008125520819 0.33265410838492 0.384171305338877 0.161696488087557 0.496361190259141 0.279299219054102
0.423056029516796 0.123371577653837 0.537435341852235 0.420062917958269 0.0626191242328961 0.2137401922717 0.496232404248622 0.211331077844306
0.652794866174378 0.242540337298148 0.381707175418747 0.21235976091274 0.284692630560422 0.350555964808994 0.0702153673494427 0.339656349105987
0.451627384866785 0.603458682567356 0.0476446101390064 0.148819828023911 0.52969279086779 0.0729712286384424 0.346978887079227 0.0340495609229219
0.248777062392899 0.576221251034883 0.110607753899652 0.1196609738951 0.242055379965879 0.0661403660199019 0.598824787061936 0.397454071056341
0.562639615829671 0.406751146218876 0.294121060616028 0.353605302277778 0.165745570466823 0.126898819361227 0.509202106817331 0.0598712750821397
0.39122400574606 0.380428412420139 0.488669272957543 0.432348758462672 0.476331454574971 0.205555925839995 0.0444416319685874 0.0733139901857406
0.407363317443339 0.0806867332013093 0.211753887905205 0.595298713896889 0.00818512408845251 0.46294612181484 0.298110819629911 0.353650027762528
0.263320945943645 0.221479162320902 0.275907061258421 0.308596797286912 0.494410303633407 0.0547317284262091 0.463239528349115 0.498221235272515
0.41540296315051 0.512751700185755 0.473096683946262 0.133815952832857 0.0664356468024448 0.164820267810897 0.163103689355344 0.514409040783927
0.556718924983337 0.233894033137897 0.352179380383403 0.57215690671739 0.239003209565745 0.11840509982265 0.199116165949725 0.270507353997962
0.383128866748748 0.341770643835583 0.268058504372365 0.0922875656674166 0.140199429989989 0.280617817427831 0.378640030497637 0.643632060738226
0.0951650891538123 0.174784931020002 0.522731691909342 0.492350305424137 0.567312165361149 0.0777646249303408 0.231837832629594 0.251191915119366
0.133249889517649 0.0171769423446723 0.48342085057296 0.535836463299754 0.254749443763425 0.200635970346227 0.434767275526195 0.408605347324202
0.27685481431723 0.237906023365311 0.474519565480064 0.29318707809219 0.425454943542844 0.507895398077303 0.21076031473971 0.268765884014179
0.2500524368269 0.31975019278153 0.399056291777002 0.377407169655997 0.0344749590720577 0.446443225089677 0.564391990448349 0.120470338360941
0.452987762929434 0.0166452732478339 0.181371220777418 0.381665244869258 0.330011278252234 0.0192828920474756 0.548595565227432 0.453568930550469
0.116937989846428 0.176633690386964 0.346006052967469 0.620459885463216 0.13621929530683 0.393277245221643 0.0809149425607181 0.520255198762287
0.309032303701997 0.328040565824135 0.120062261284221 0.631306123399621 0.359885208869618 0.0131310451809707 0.340437030137674 0.371939370080995
0.466119776942956 0.309486715507286 0.39616641645911 0.188046877268864 0.534213459866532 0.424710786193095 0.10747818202163 0.131628403714908
0.193615206249656 0.126986304127736 0.631805028064369 0.362130401545941 0.354584815197807 0.109128540646514 0.432852233591999 0.301779925746487
0.354805439834137 0.12465850111322 0.432731968257549 0.538442829510548 0.202313818449521 0.26000246620181 0.238430689761776 0.464773454033259
0.380371159622533 0.431721290285707 0.186000189779498 0.0573663763207788 0.275229553163665 0.474670531485415 0.534484445288951 0.210500579714436
0.328106966531034 0.208791571161755 0.249678143104433 0.0605222438918102 0.229941192758137 0.540802887887548 0.0346653782979534 0.660459973843037
0.147174548047188 0.183822632541528 0.0361260801284344 0.662829000387135 0.0892383161366943 0.363509823381851 0.526196799728181 0.294814473774199
0.501455115350989 0.159399470779576 0.563989328693341 0.214773758487717 0.382336579602832 0.286940358893446 0.355717057678134 0.0622269314777003
0.140204267098537 0.498158917161535 0.205810958798533 0.272362537916359 0.124349965551098 0.0252529145319805 0.52242884854139 0.57149665659984
0.522680986610111 0.446103832032651 0.10552879246893 0.554560443617174 0.0498052395767569 0.136350814690564 0.407899463251826 0.147201450196764
0.160607872927328 0.532465667440084 0.470024733140468 0.30248269608595 0.0515213420298285 0.380412985365106 0.0109303887479897 0.48039403768055
0.0645585329265871 0.0684100046481131 0.240601055980896 0.42902714793206 0.408391951881403 0.401298640263715 0.446905051160968 0.470797616281536
0.277445993859599 0.30978730883982 0.0574808501338481 0.419397241668314 0.0190642370872321 0.131948352440776 0.631497867834172 0.480930430930798
0.398216684352342 0.220348505566349 0.540599327397695 0.275235210094228 0.00914102078237999 0.181184448258538 0.584840604850836 0.223423497210262
0.0360448994091389 0.530636030226515 0.439341866986282 0.236607959006863 0.453558148997088 0.415690637627116 0.296104562094969 0.0439312402930905
0.176379750013449 0.0819951719852007 0.257589928257677 0.347598630648205 0.288212753686452 0.529212830387113 0.4083830147788 0.495055651815349
0.00653854683078881 0.00949465615669909 0.414460212170201 0.163443319570982 0.387809680299878 0.242190875303373 0.475497930365242 0.605165318511497
0.0167299496051851 0.62400018506487 0.595257668606535 0.115420789066654 0.161458022876418 0.131674573200415 0.433691077862438 0.105808269267591
0.0765607620771331 0.290765175011949 0.716603660177471 0.594699726656149 0.104874763046603 0.0627929507407667 0.00980031074803145 0.16543208687622
0.1837045358531 0.27667128572394 0.299383559376183 0.462340006130201 0.311711493180478 0.476717869492466 0.508887402040988 0.0540969152481525
0.226394605010518 0.440039455544471 0.0558652241022648 0.415627263955725 0.144721749125811 0.0818809562600351 0.40318493247963 0.623728185295681
0.114930725861136 0.138720553312917 0.0881999122280923 0.244371390512687 0.557452208388611 0.165416488594844 0.361864355416545 0.656497939270204
0.394281916748046 0.250729617861815 0.592700415162823 0.314711344205237 0.473938336526454 0.155330308591581 0.181169023637212 0.223096727507208
0.487785106119437 0.136738036146265 0.266696511128009 0.235829283747139 0.564298290628193 0.094125558834346 0.154876247357993 0.5151185164318
0.269961465951715 0.510525865395969 0.407379986145521 0.147972475602101 0.110087549980318 0.189540347695979 0.362792642101407 0.546778316858723
0.355801561443732 0.116579939328931 0.722393127154212 0.31709854853856 0.174509821810119 0.193678608725682 0.207263371298252 0.355651318720077
0.261521728033964 0.0161483358023025 0.0631942761343804 0.255881793057553 0.0507624046400378 0.657185156349438 0.385840021595546 0.527764090050396
0.376634821923992 0.441130270167506 0.124476021854826 0.401275921474043 0.343247779436144 0.04856127478285 0.417396421765706 0.438903909854294
0.234352827642776 0.497028871492631 0.135059320561478 0.405008434047798 0.47130775068774 0.534899315212472 0.0178769055288166 0.0848548427246445
0.290082794262333 0.351980341762602 0.28284787657367 0.54927846109113 0.515496134862137 0.0309341357743033 0.143717436747034 0.350576917303068
0.0115240900368589 0.474077735948068 0.143585463359713 0.50625562685558 0.106661452364528 0.524391638705191 0.0631873327284749 0.455905752797934
0.309389067610966 0.415787348421061 0.126796279365062 0.0444002208523354 0.265681630007061 0.655772028212693 0.340252428527392 0.311376320607487
0.479397852351756 0.252343041797212 0.287565508287559 0.394014331584912 0.222309087957888 0.359998927164606 0.464491915581604 0.27163610875041
0.490535155005819 0.21510501143831 0.458145273144686 0.49130802769284 0.0613467363486407 0.454342425213715 0.158712974880053 0.162616593779073
0.496876377460592 0.0167699269052417 0.255109377464796 0.285834900360359 0.175911590049626 0.476944600897139 0.521616981992778 0.274854387988926
0.155424323821372 0.42692101412836 0.430071613807019 0.0763515116936289 0.447770485396889 0.477110435844858 0.359861032523552 0.21250374727579
0.0451721674954819 0.0294314729159475 0.0679040391540219 0.669949501772169 0.205224345029549 0.560582949034447 0.386116925975037 0.195431356650288
0.434917636703158 0.43413166559926 0.466270800959038 0.356942010928706 0.347413826942201 0.0443579815728175 0.326004521793239 0.220493404223944
0.332180003083133 0.298787828834322 0.677282263234677 0.238748854324983 0.155957135593698 0.110439290069944 0.491493855853902 0.0811438480878425
0.636060864814785 0.270890599350138 0.231533941921774 0.115309100963026 0.239433829638117 0.315464374006406 0.470521404141691 0.27731567321404
0.252708343533267 0.580250664555081 0.274546156971363 0.184896893009769 0.455471657233048 0.0319576860998403 0.408762382579231 0.338116542606723
0.0943673067101992 0.234798601321907 0.459516010683872 0.40673629589069 0.350742991589374 0.376108600181063 0.291065688883173 0.458451185239587
0.00995587646835494 0.267119457337532 0.181156427211413 0.569479841216377 0.296166491728255 0.352659330730004 0.599375149353163 0.00945364098807577
0.506484481586621 0.073184106540241 0.492832958871749 0.331600002264655 0.186087324886193 0.134039613855079 0.234881051091292 0.526792607087617
0.431248427622633 0.0172130886899691 0.0961598130198291 0.462280332264951 0.0726294752712952 0.275345215082267 0.496910340169042 0.5126097674625
0.0186484432957928 0.334038264025486 0.560678536594437 0.165298794332711 0.40709896127958 0.248728394881821 0.0408340918497455 0.563137424765361
0.550852696253299 0.0325421003006344 0.19250353480621 0.247578453127781 0.191282376996836 0.386526321037797 0.493382717204018 0.409550445161851
0.33341669433656 0.555574742821152 0.161799632229815 0.134802304672324 0.608071934768681 0.327364625003745 0.000601186846053259 0.242692797090118
0.444024142774659 0.141530721747146 0.325544047850874 0.469298376990318 0.247463500303685 0.440163118809071 0.106938159495242 0.436089665779381
0.297928190990141 0.424419312962831 0.576767285589561 0.504481627405344 0.1504672481096 0.197294935359971 0.285660756023162 0.0278760448684839
0.291353014661468 0.227758471781641 0.527858693737532 0.346602050706157 0.55850261439781 0.0335726937719032 0.312385093085379 0.232023651451973
0.528294846118443 0.204711381872951 0.258981058500609 0.341785100061674 0.157517053162957 0.212694094331875 0.267598163321248 0.594516934659047
0.430955194639501 0.259224420807035 0.172410629498868 0.361267729971177 0.437291158095357 0.591422360396284 0.157276975874027 0.145260144301851
0.252677502640192 0.365400632021539 0.488608188023227 0.416810200592912 0.306409169337264 0.437489992610863 0.192306018982532 0.260580266771327
0.404172851501427 0.346743766737969 0.176315712194715 0.000112557197785468 0.564037913179995 0.307963088797192 0.3708432029599 0.367179943017329
0.315188967811735 0.348543378717812 0.419492246639236 0.3082576273064 0.347734976419489 0.382401578840055 0.313625424445633 0.377710775270188
0.361789572431521 0.131443704359491 0.42590025528018 0.196136524012607 0.512296671057001 0.264391952966523 0.47320609792036 0.275127787193607
0.459285325167551 0.0660505857190431 0.558580781425788 0.190307437212566 0.282182612697041 0.531787670141264 0.243129314274217 0.122179718828439
0.582429082680607 0.0832680167337385 0.36348584740228 0.197740583078512 0.0238594160302072 0.53750068610692 0.081318061784965 0.431891902109657
0.49786489728151 0.318695662109453 0.482547426495811 0.0884311983871268 0.0783588317950851 0.510257948260655 0.378401744629112 0.0141549538945216
0.368958482550035 0.301299672275377 0.41264054410684 0.491035703811751 0.24053395136913 0.210957409770843 0.345921888749033 0.37373560302474
0.430948721274489 0.306948017178815 0.490576221679863 0.15093510685749 0.224058371285227 0.488792193059933 0.358952943518535 0.196602393734554
0.394681090552037 0.45925332246419 0.41297719471046 0.413820438415409 0.181976125142122 0.441576395249991 0.095792888303007 0.232882810769415
0.338595229045408 0.239576712547624 0.40918035738578 0.286568765346483 0.354896968198358 0.461273211859202 0.447960344756411 0.197516437393005
0.211991587617295 0.599453507701905 0.0717076464000665 0.512986637089332 0.105605866227786 0.39665553650271 0.394892309909419 0.0546775315221087
0.512985949210989 0.000225190660728014 0.0827639828557345 0.444756202843877 0.463530396374544 0.544133975287776 0.128561933892448 0.068680609368531
0.506357247808132 0.285887660023754 0.00626025300035871 0.371588980905293 0.527308292274858 0.405682912855653 0.0233651584871065 0.283856355265215
0.158466294120899 0.195727675301623 0.480605096447372 0.281871512077405 0.357707150018562 0.480334912366715 0.124419613284198 0.501986084781331
0.0308372740468567 0.120868862284269 0.406305267144637 0.247699552737628 0.587006029284472 0.600481982878963 0.0407950791285691 0.226233979463498
0.316411497143224 0.427531238193861 0.279730892785021 0.135967140714778 0.546165960816381 0.299537447429106 0.481986749826572 0.00576219891560159
0.126796388520914 0.350223600865124 0.365804015268908 0.446728779762157 0.375726926330094 0.422521442280913 0.130797031327734 0.437131523960155
0.0675494610748574 0.595257816225491 0.180324093576363 0.121234457030767 0.185897185542482 0.13154302248956 0.542816958427194 0.497372143893101
0.421661798733501 0.222613941284902 0.373160000265084 0.106645873049352 0.120323134737088 0.261912100433525 0.51310868606057 0.525039525922449
0.298551876869469 0.517347822887419 0.419663312330558 0.584798674139182 0.134634415782446 0.27570234791362 0.169862111392787 0.0460420952519101
0.227755840916125 0.244823271438275 0.0837086976054087 0.586910628437059 0.0987820903337057 0.322343451575246 0.548453566366138 0.349647099601579
0.628627578030383 0.244009985000902 0.100733915249293 0.580846533597457 0.285788435955858 0.0931288711221813 0.289003329241798 0.154549464607452
0.564378026595538 0.0714151651026008 0.043029315228066 0.192167437669456 0.495270940868253 0.587066670318255 0.0567511754988204 0.210798944571525
0.492783568871364 0.340375596076228 0.464030618168992 0.197180550018182 0.346268798001878 0.445704991699588 0.209126670598789 0.157528535481842
0.141807806211341 0.638101011103399 0.0553737878541006 0.239852383214669 0.261484717832434 0.306764098660265 0.348708695967534 0.477541620260631
0.51407525964695 0.211393756998472 0.425706822417098 0.00871405345566711 0.166668787927852 0.36704824375061 0.305532067323427 0.503869359326628
0.366040975714749 0.3261733018369 0.0778012862598021 0.439510160972721 0.0962649807514715 0.062063117316869 0.620439288461278 0.402913231115779
0.480320263651224 0.110224183154266 0.0227560026975504 0.437118981200441 0.43646197663735 0.32583021314853 0.227762978752605 0.465845333827283
0.234804134837797 0.37850326653823 0.421614910084495 0.144006219952206 0.651642848257675 0.0951647400232694 0.160208481510897 0.379135707518276
0.0937093657460961 0.512512790035155 0.431983334179843 0.335353868079999 0.232377000808507 0.383917873548657 0.391425054504756 0.273627117712343
0.537640907611015 0.0620631144564054 0.241686611469441 0.437909543327832 0.0872001827369535 0.353310989612922 0.559348023260744 0.107752028332097
0.199047058957136 0.0572472136006752 0.194553861921079 0.652054888887433 0.137267570903623 0.277872564951098 0.611743827580618 0.154240664507762
0.527565190131458 0.441110572708089 0.248356084735047 0.0749644284488133 0.324539203001421 0.194965753908724 0.220488513391069 0.517535987569679
0.397568980151921 0.451074855574099 0.441099693341128 0.255816304715067 0.14926513362617 0.123007738648912 0.0707677805034848 0.579689914372081
0.07931334119117 0.235769021517084 0.4422223990474 0.273869722895559 0.0142725065947467 0.549658091569431 0.594484574359463 0.108708122236765
0.34926516327443 0.382698166428763 0.118867489052566 0.465275862618403 0.558656294888363 0.112860700535309 0.385547553811488 0.165721275194982
0.224082345114403 0.0452379211290511 0.430523660880129 0.154072767452817 0.275540681749782 0.416382308256291 0.429940611785279 0.551820413958638
0.579967385022858 0.503244712179748 0.417440336028697 0.361868887725061 0.00890547408546938 0.0776265974481238 0.308665646307827 0.0616229552606683
0.292866600972256 0.191091572361502 0.44984397919162 0.0620396292980065 0.542455881131861 0.340638522407464 0.510571411394365 0.0229889480678024
0.119112455343059 0.0273598345835389 0.47508148729931 0.453320395092345 0.440620540992405 0.428575532326489 0.374097504426967 0.189972291086485
0.0092120592495456 0.477075682859814 0.509304164238201 0.124438325972735 0.0765206084354999 0.28758995514739 0.171335912360093 0.616051070468734
0.0526294287340215 0.302242549734854 0.527514232466923 0.403919340078966 0.442244477998915 0.239444836442776 0.224866512810627 0.401221296808454
0.0967992479055154 0.414532946369332 0.0175288188437631 0.512340558467622 0.551563578853878 0.172138521796586 0.0742078307238887 0.465436762936876
0.27341264855271 0.499470511393687 0.516399023397286 0.462625473464563 0.340584216606862 0.0871415589594798 0.0891359857915397 0.252087222867229
0.470032712341151 0.371051799124843 0.314755375523595 0.447667233276187 0.128956519466557 0.176913735240878 0.539282829803393 0.0562022185924971
0.303137609283182 0.0563765811884906 0.494749722967025 0.463030610098476 0.143266992778411 0.279932537668683 0.291537929672683 0.511734907314546
0.467920466934947 0.470582758170143 0.284652417899881 0.207684301787051 0.541271343584731 0.257210739542952 0.158069961704542 0.226548871980885
0.476833905348264 0.21216983616282 0.453347702210556 0.269654256726789 0.150722983194253 0.473384765861139 0.278808384230117 0.353314535128556
0.226314213682342 0.404114770823017 0.178604475604447 0.385111326020044 0.424022206974207 0.227841399049868 0.274011365316221 0.546327807366978
0.143961852571905 0.304919501491245 0.630922398738387 0.118552988697661 0.133085238894132 0.412815853938446 0.447341744773145 0.29315175517866
0.0894383811693115 0.302795271692183 0.575356450151268 0.397582495917878 0.25934867219289 0.454956666932191 0.0600854870884153 0.365173034753109
0.224545550919051 0.340562421286996 0.591949094623766 0.486407749548937 0.316667056603502 0.324491393692784 0.181116304903108 0.0906890186410367
0.242507243625232 0.201060433138428 0.526890673352108 0.309464284961905 0.460035908205412 0.345398956844507 0.330735042336506 0.295065872689602
0.490863128903935 0.383046403106025 0.520420273028996 0.157464683906001 0.153875444276121 0.0137172175543664 0.406502356780527 0.35719248874557
0.478827970347077 0.122274164510485 0.105191458041054 0.205519229724801 0.52695339300416 0.586393138979938 0.0878481454827745 0.270583292848948
0.242776757875595 0.0932456613889218 0.14540355427184 0.287716125548936 0.600189040788025 0.205818143377112 0.443268517025175 0.47892270666657
0.0130454241807123 0.18820186234473 0.412009071137215 0.557325115842148 0.556891295145274 0.22701415720578 0.167005440345756 0.307397067625238
0.224904789810084 0.0842728929426222 0.0926987241200473 0.208656370165795 0.0230571641643296 0.47067148649343 0.462860567918751 0.673707796021397
0.669722185494402 0.224778361567154 0.195325870143655 0.272829707718125 0.142171097099588 0.409983094012488 0.431544563228345 0.117597488018913
0.204395861620194 0.298561918696964 0.454077590665741 0.321410804552292 0.52210602252133 0.372048194004624 0.299471981496156 0.242680291149466
0.30037260803751 0.083102714424751 0.181409904515007 0.127415161647996 0.479914921868225 0.434344689656269 0.434977066705359 0.4955273636219
0.51219024965335 0.134266736264876 0.375868527372492 0.253577389460015 0.219617489029273 0.335529215100081 0.252956609728869 0.537825443150073
0.170847650995903 0.017577452007683 0.39786930417017 0.231489880393456 0.072981758281001 0.00611053346637347 0.624713571192894 0.602481405282402
0.0270101940203238 0.522733627174547 0.442698021283586 0.106919615101837 0.390060838597918 0.511590362924768 0.293903830248979 0.135480786895305
0.616687914976859 0.0594096707245657 0.0732704892063166 0.376197815099214 0.32867678351007 0.142606342598803 0.133461918728093 0.568415398413362
0.375908354247872 0.0284858396233196 0.233412341664579 0.153330141872501 0.165096089840856 0.546124933993889 0.510467854703855 0.4402310977238
0.373841378223917 0.307864384040326 0.358723142017185 0.242210308702219 0.0515703003851646 0.42809973014048 0.466043892323472 0.418315950337335
0.409959023323409 0.552056862551168 0.121916385685637 0.0911523104885577 0.590605755261395 0.0266739704966473 0.12258256841157 0.373418432822365
0.25877645298204 0.381916635604714 0.21180463084849 0.545366958256687 0.0657247058572306 0.541162076703276 0.382184093092724 0.0405869287882681
0.276567624151607 0.202343914640139 0.610529841769406 0.394915860779627 0.368642394624863 0.439055981462156 0.058311587249039 0.147629446632432
0.500902269187129 0.017638511821223 0.125805657748113 0.553978263111553 0.210715876333917 0.327811736374669 0.150796154218884 0.501463483148113
0.344568183417914 0.343832426099309 0.319396754863038 0.351374890146238 0.534416813617052 0.0233867793733685 0.240735964909207 0.439853785216853
0.285252404026689 0.219614831498481 0.0277218241037839 0.259660156741377 0.431642842815355 0.15920085939095 0.686806722939228 0.344738398199608
0.388067972619944 0.358982000654576 0.371207899821543 0.2339678297082 0.480790199482356 0.328342522860056 0.314390969722524 0.300315186970189
0.797049093269886 0.52367414237629 0.153876011093541 0.209101046247249 0.0259934476337764 0.0923325674976206 0.0299090591722031 0.113936592151942
0.526510116687401 0.367588929890938 0.419852840406929 0.37805841915567 0.175060355917859 0.00801194485607259 0.228396862644411 0.430796301533486
0.542055960857202 0.370629920187819 0.303395415387663 0.249276844295407 0.390709117076647 0.42721549590815 0.170539648054592 0.224433974057347
0.369289825788659 0.27682581900678 0.300814563421392 0.221901670830138 0.327692715046994 0.376793227168178 0.494786745690221 0.391271213062243
0.346421066584735 0.520719167547341 0.338223090610278 0.00974664896696975 0.0670881549512393 0.544991201008038 0.434040207562181 0.0666858717831456
0.258311832914897 0.253803884775066 0.493004135943908 0.0776621793958325 0.0867605137258817 0.12980658671332 0.457858681031255 0.621097725314704
0.0304078817099864 0.494437265436386 0.20114797030899 0.54336599435356 0.0363922606625251 0.520126618952348 0.121468851005883 0.363715910230529
0.0172094541934387 0.361649167724533 0.253587335583509 0.0349256561086572 0.247209637755058 0.580405041437085 0.0429457575564558 0.635264055909733
0.554335406490014 0.0105982913672645 0.35085354894662 0.191411047454237 0.473723183696204 0.0882901174383268 0.366446171953507 0.40788715950341
0.237842561979644 0.362841423312794 0.497465512484081 0.216583063085406 0.078326022513641 0.455337170733017 0.435898279098037 0.337524285553221
0.26718421437162 0.0539895593699347 0.411951565286982 0.0972143210163474 0.401397448815397 0.374401119854247 0.652643737838269 0.138935408422282
0.379536123754571 0.18146164885895 0.132965874899043 0.432856245032095 0.273903744563459 0.42877104447147 0.410754134890344 0.436340141191752
0.299510934291553 0.0201344213040795 0.124172591356134 0.407577963284825 0.419684697720227 0.0894385334293963 0.630473339211565 0.383037920446457
0.423127593470814 0.547167053560363 0.216409043113115 0.364384824128217 0.105413757400113 0.0215221912305307 0.372054638550511 0.438134867494084
0.442108686005161 0.379963254096926 0.121636366659527 0.444994292093915 0.305500196424063 0.159846411304829 0.480176984880473 0.312891878407694
0.249827408534197 0.298721396697237 0.0075447961665851 0.667122114207948 0.391019990576149 0.295950390096086 0.303272653186251 0.266055229768251
0.129354656318266 0.404573378227925 0.631822172486597 0.122998064339174 0.245164594175523 0.576457146607334 0.0759199041682656 0.084188010312178
0.421560611870646 0.300489093020645 0.0436997983964055 0.270078411552166 0.40118189219639 0.222208249744204 0.470585682092107 0.474727957526936
0.319080058907452 0.13407082756041 0.206292905648936 0.36420495463315 0.507157201506616 0.159123577507026 0.542325727631681 0.358280591847478
0.307033500508914 0.0452622513494905 0.381947883092101 0.329408075791683 0.0337525233145136 0.602999289579294 0.183726275065533 0.500784556630908
0.369733220956361 0.382764870432859 0.143870365380119 0.455628082286749 0.064305757591256 0.255728932591931 0.353233590904286 0.542389417958824
0.133925759187313 0.801525467015996 0.0508899015019089 0.2261440104636 0.342761367783155 0.0327906733664084 0.177670185893135 0.368459825147537
0.334469253353693 0.309130380862049 0.215778516453155 0.191002692868772 0.266924483305002 0.393600296302139 0.279917780542889 0.636398061312595
0.513577646788063 0.263788934689887 0.467212953169689 0.21111946089879 0.490803446512544 0.357296419062695 0.110907416765862 0.151475473254846
0.00757807659511989 0.384712195466443 0.369188271088174 0.412211231215558 0.187706750914872 0.0634559206698337 0.53925482423009 0.464397219094481
0.373417051241373 0.63257426425347 0.0861001495568137 0.358175158467343 0.312334023638205 0.28444506296387 0.371353913861734 0.0913321446293032
0.294513757310375 0.146354802092727 0.327012754150835 0.110246282181476 0.487898974103543 0.367868306209568 0.440288366161891 0.453347537243644
0.0860390237213989 0.267972887908488 0.273234230685683 0.186759143923414 0.442559252107355 0.603320007570101 0.497321709351941 0.0637909815938363
0.357091255101602 0.0189109041927689 0.611197911818178 0.381996988838178 0.0130316111821123 0.477095359931161 0.349308560033723 0.0532667895555791
0.471333656266023 0.0430819551015874 0.286722845173651 0.496682757389708 0.152105427750848 0.0201800126145693 0.506663435949973 0.408452747320649
0.0677342675462874 0.134868103444157 0.57756178069257 0.065517640917706 0.214493334966902 0.354956536146361 0.682838433827026 0.0329033717961784
0.461566923256183 0.0990914643449861 0.460338203145988 0.345672229118378 0.406758894658912 0.294290962716629 0.101075153557087 0.428322483653419
0.298660591697138 0.318896316249931 0.0122645354643666 0.514463262121364 0.137641523321718 0.192588930175878 0.643165844028221 0.273104624006043
0.382135625445188 0.327543263171139 0.479681056937123 0.328656953606438 0.0704443796231825 0.207374383781603 0.302778317265651 0.518591563663664
0.0548825540410038 0.110228943805852 0.5690418240302 0.475273677637317 0.301053032536057 0.47410934696208 0.316114165902136 0.140723316827369
0.0750918733644962 0.653322878410524 0.190250073519149 0.406019735699434 0.480348775657575 0.359131539095866 0.0546223618567121 0.0615572886392477
0.196984868589734 0.0414814567800995 0.43649865177957 0.405276080849722 0.423203177977428 0.276016162837073 0.436787006114785 0.39828097477482
0.259455528672454 0.335697803152846 0.048798739221886 0.515668549134446 0.521875706120163 0.0041444050779641 0.456425151144958 0.266456556973203
0.394980668489553 0.211753177921993 0.267841721478848 0.39922548530183 0.439574394401639 0.463202130256773 0.115261667676185 0.38335828353744
0.400549352261994 0.0966542077258862 0.565139141432555 0.514242193185579 0.45040683778879 0.197544559887829 0.0358348386428676 0.0567149871833175
0.218415468525177 0.509458710937679 0.587637792792488 0.025234053713694 0.107011368236687 0.00424577734829945 0.135321499523912 0.563036592223999
0.163825535060192 0.346845755167016 0.26556680283835 0.459730893121355 0.168020309789309 0.519946876325338 0.364251774245938 0.373799493821804
0.0968005136842341 0.285608823331935 0.160484961007188 0.0206987076392559 0.747727935158673 0.219709667096978 0.513696254126988 0.107796832241888
0.139014880683174 0.37799661283376 0.0789620012399044 0.562526145353112 0.0492162223680379 0.639878079124229 0.19695540618085 0.253899856395093
0.353850564299755 0.425179413962792 0.360489027862611 0.499006704437038 0.330759612658747 0.271467300642561 0.0301373075464224 0.36200488921296
0.506800721445953 0.536755296725983 0.465301310833836 0.336328700945131 0.0762529003768867 0.006458585582368 0.016930417956297 0.345371709958345
0.443206671344318 0.177425174142768 0.341563766992128 0.22359165028092 0.127944295943793 0.343196736809935 0.67615475927727 0.118701809355446
0.215948736662432 0.245899815881429 0.572316843085978 0.224132934888479 0.380195013629999 0.231244796253819 0.0134789945745716 0.562950437270839
0.326616596701626 0.0694093579685204 0.375896247549583 0.499043691369162 0.222396727029741 0.127146527898698 0.590809771856552 0.288926659719731
0.2399239322888 0.149779977869202 0.441948474397724 0.387730312951346 0.351889834060793 0.333970324344903 0.492514173369994 0.310509857350867
0.174830097424923 0.0929117447128285 0.296454910360345 0.11507190242205 0.19152011357587 0.307932189501455 0.0431401297258411 0.852239127297605
0.418456402631533 0.132335944466986 0.0197061698695047 0.531027628409423 0.26495348885191 0.1487414252386 0.339622412005701 0.563324964882851
0.10068731649965 0.197186612270773 0.511319842525691 0.233261615236943 0.47741111562127 0.40488650139594 0.450076278009754 0.201736048774946
0.591012140379139 0.0766908581928143 0.107514917649032 0.0666250352244251 0.208855098251065 0.163794456421628 0.295109577710989 0.686502782573901
0.184985081532384 0.00279340547619589 0.191415229032819 0.100945008616175 0.430609031527531 0.184359393154083 0.627022491269776 0.553509984906072
0.0590394757358174 0.173056456038261 0.467232692094921 0.538307300060315 0.400301813124284 0.0731063706889192 0.0484591478505606 0.539027173184735
0.275770614585807 0.629969207810112 0.302561230012641 0.022011122572819 0.0421728594517755 0.159775429495098 0.471577815181996 0.430545240598338
0.092586062398361 0.49197460304426 0.0205105222977221 0.475396775375759 0.00970433719624453 0.43198968087311 0.0168810953118912 0.579630749293217
0.00564322056878253 0.0358503085042624 0.102668726902023 0.435761983551539 0.457436285957215 0.203066175887393 0.402729489095633 0.62094981017971
0.0566591365426498 0.322097314292532 0.369004540710587 0.707447865873908 0.0237248896132938 0.0924530401369401 0.0267005755014623 0.496561046224294
0.160061001158881 0.327163967391377 0.0958762566916713 0.0703294471102565 0.0597095861106374 0.432166315719224 0.635928816200435 0.50839680194784
0.439743999210096 0.4079047045666 0.474433084969682 0.16558480749094 0.00359368714124564 0.520098786994151 0.195453549832655 0.281098085378116
0.144790860607713 0.0117907712801913 0.509303827806672 0.190284918298265 0.169410349583287 0.507285344698475 0.352341692770029 0.52260395070355
0.166970321904336 0.532606205438348 0.0933047587540057 0.276791383509045 0.492544457788483 0.562093421811975 0.102998335992359 0.184321942755311
0.459048298986049 0.46120098954729 0.220387441481192 0.338809586117496 0.308719133499216 0.435420567890911 0.167032754515619 0.316871000596228
0.164611283794004 0.601799960740173 0.0927775173233923 0.0967658595100548 0.497049224397968 0.5834619335179 0.0708932602152935 0.0160318286662164
0.637848689202224 0.144361993010999 0.0402539925439408 0.228589405189759 0.19647062350053 0.335338421565033 0.16263815269028 0.583893340422068
0.22777347628829 0.323497695707381 0.0842111882008385 0.695544512260595 0.183833889685934 0.055607773128319 0.0956583691815405 0.553676028552541
0.398062090878692 0.227568687356867 0.205428626122475 0.131419164496229 0.120452086903967 0.00063960287239162 0.776247665030238 0.336478224133821
0.777712802788805 0.132412180200075 0.0549099458237045 0.480649602578917 0.0477897093960407 0.0496410708461771 0.245976892633262 0.279889164411525
0.170983346365115 0.0609095959466915 0.520444992562846 0.0431077898168656 0.356798128363722 0.717342680152008 0.119287824197251 0.195495356434691
0.577165524766675 0.322437703261569 0.19900333153275 0.0848523506635733 0.575624945764006 0.202533940798879 0.185174482206459 0.3308443333959
0.173985570448887 0.169792652755062 0.433314289496212 0.125462874667675 0.446593616740047 0.395964081815686 0.501679485798788 0.359835449715641
0.00513334239412233 0.0467816095161194 0.426652227832487 0.57821891371515 0.447797602673878 0.122219203332523 0.287380508614899 0.428215028646971
0.449870989864289 0.516275344436482 0.290117538821772 0.00609537112230463 0.47360367059185 0.189935964303451 0.411216076171586 0.131892959207399
0.0982609422481514 0.518527821242247 0.147044246917147 0.384689952861876 0.376515482117821 0.502907265585817 0.118111597183742 0.378464450112896
0.0566131121068197 0.666870204172513 0.127687249958317 0.0554471694831415 0.0654521233499652 0.638364658059737 0.027227705969473 0.346649533153843
0.457231614536701 0.501884247447691 0.056265331114992 0.115457725325303 0.516357880280921 0.338376839029012 0.329057851959192 0.182076256974337
0.114023857522173 0.0739081575558672 0.572791011250921 0.316848954781433 0.552023674182084 0.230789473766962 0.439681813481504 0.0417052308591936
0.551129679576034 0.253785129620328 0.0259940431668321 0.496332936802568 0.269883541181149 0.379209565093611 0.25906947546326 0.317919953231972
0.471382504474414 0.195309980017641 0.413297218812933 0.0885091942358494 0.565273155905608 0.154163826736394 0.466516072809212 0.00816120011573718
0.511553126380565 0.476431229284045 0.607676401952155 0.124215277028843 0.26699997936221 0.214118867649283 0.0729525425552745 0.0645653636881526
0.38377175173953 0.182240573720572 0.403858448301787 0.0261790259218654 0.231805313140481 0.521713427708562 0.530147192105512 0.220784915800179
0.148732202426582 0.336678163302388 0.411422216429645 0.530181486947015 0.138174098119669 0.236174952047129 0.48295822426245 0.325647910011801
0.344162599760459 0.591971177991579 0.11962030323936 0.37793482283738 0.117292475173804 0.0543235701257824 0.243235301068577 0.54599129608782
0.248658726133317 0.318213003497607 0.159626552540739 0.329042777251216 0.236964022277164 0.404070663527803 0.690174404284651 0.0859870890210307
0.310595977227874 0.47704005974046 0.502127611268218 0.336225948854999 0.257041968280669 0.0417386865764573 0.285631931392621 0.401727024240967
0.0108484910015186 0.575793626901516 0.351986157521107 0.188645857903655 0.233542287471548 0.145344986370078 0.237166688524348 0.613960333756132
0.182137967445798 0.850095218493343 0.27009478079785 0.0527655652220833 0.0136436726026528 0.356872520955438 0.174992533584994 0.101301293162285
0.149078337800936 0.193585959316297 0.562678814471535 0.17313413226132 0.188571302568245 0.273948274255763 0.374389777324715 0.585613141126361
0.466026949103018 0.397431746769638 0.337238536285366 0.454465525740463 0.349655236814624 0.414736747607571 0.0425005493146839 0.0923390155181949
0.168955595006347 0.507659956773033 0.332585488525189 0.474895913800679 0.481158735331812 0.0928289627913069 0.131638563861045 0.346607101295856
0.131700406490306 0.472012311373967 0.430743337077611 0.413297360105518 0.144069461810196 0.416610477831564 0.3840521465852 0.248371695594974
0.195329679555766 0.0831513172215602 0.1754814950857 0.0809862939153669 0.589603838835869 0.615285836317793 0.374730992710082 0.225714367660853
0.322025693650944 0.473205276695587 0.224387362830428 0.219657734066256 0.430812815875988 0.302762947386413 0.439281500363014 0.321782051719296
0.473454961646622 0.179215236255241 0.507940925385133 0.329262016761372 0.419644537233185 0.0941665037064126 0.0842462892470456 0.43039346384612
0.425232457720719 0.475133200216393 0.142091370801678 0.507590952820108 0.118415619658717 0.46479080154292 0.150890811509281 0.250532394583622
0.325539625111446 0.459197198953043 0.0847408101466363 0.497901765081706 0.286545005002999 0.0680853601227124 0.244593259242035 0.53057063032017
0.266585934348739 0.0805057017037103 0.420878563321652 0.253188161184412 0.440747151838459 0.16319208086371 0.4560133296605 0.502364307683741
0.468428953009458 0.402286965522242 0.0325881807178396 0.495901009494194 0.183362972826887 0.0846088888783932 0.517758607416003 0.25080887779144
0.499692813536651 0.307501581613867 0.391298328969844 0.11358597945629 0.212831083931958 0.18503984078299 0.491073586067412 0.411149160917792
0.137221070627454 0.332918175151535 0.226516911183972 0.342819363061787 0.511438051501614 0.0983447278786903 0.427477592765191 0.497517016136723
0.000963240412761968 0.419608936156206 0.353379642929803 0.49199993336474 0.480726243522741 0.0900218306009496 0.056293511755098 0.463266333479682
0.471515974530961 0.100002119106549 0.298119002517801 0.0139906367314123 0.757584840214543 0.21569973619416 0.2274472843552 0.080050926792122
0.401816418708468 0.530141586385828 0.41837630955487 0.329848243243689 0.0623292323090597 0.426670784668876 0.277277336712171 0.104111723300181
0.69461898880211 0.30266127145491 0.104953893998889 0.0692073616321371 0.00697778920548409 0.481944054700393 0.0559165805229291 0.417911726332955
0.0353278591422858 0.148820554704539 0.193188850987148 0.100408013134413 0.0959394946345224 0.505031865230461 0.463570507929696 0.67085132202854
0.14969392441715 0.493198098359271 0.079588451104502 0.164439696843478 0.471346444564802 0.488087401624459 0.42075803653983 0.252068485890153
0.301953419700854 0.0165727197098473 0.414218938703395 0.380930720272723 0.596785059341458 0.343263183539382 0.0472292868180524 0.340075445606111
0.604293753858683 0.290731560360323 0.194547641551284 0.497137644383906 0.293195603752952 0.0798499632618027 0.415887445089189 0.0027478874258493
0.27562444176397 0.27012621202581 0.413484062495576 0.362661759663241 0.344307830280677 0.497485086245923 0.256585373928961 0.341606539274409
0.336180141860207 0.39921731617593 0.557018462998083 0.234740132573842 0.168058178340347 0.484117840692604 0.278246268926492 0.149001099214562
0.263392433896026 0.434391687629952 0.463402775394408 0.478500347694484 0.476198442505433 0.173870247893751 0.0585639345565825 0.194417124552765
0.520150533194234 0.163707607066968 0.4718647034331 0.0403688447612587 0.133115557503931 0.0332040016880473 0.429863564412463 0.524168254328441
0.295315329149922 0.267372919691769 0.240260341828556 0.371681319996023 0.346586865077862 0.66591002820724 0.190198051087113 0.213763007431613
0.170040473062374 0.0910013633020842 0.6283628676925 0.144435553456635 0.20188042690769 0.496044790295699 0.423788033321525 0.284061663844944
0.263583591935267 0.0560190619508919 0.496472742470633 0.435234107452837 0.498757577025442 0.339939671964921 0.0511302854257025 0.352901169097588
0.178102976319175 0.539260252399175 0.108470019451432 0.36955253109004 0.485462775215193 0.0452988713919171 0.20479493084206 0.499475559047846
0.126826764519994 0.099248834679332 0.448307161497115 0.506493958121329 0.442295120582357 0.00137380167311074 0.035279093734273 0.565400499183069
0.16172642007797 0.459327625405127 0.430027512295213 0.0446357974009349 0.364889864869961 0.085948286365237 0.545083134815372 0.371886187662209
0.156267028384354 0.415701048141618 0.298777221905916 0.339931846502729 0.485304054154953 0.109599045551659 0.495191376880229 0.324353650073043
0.421211074241016 0.391038757733132 0.123601634361426 0.478926844950349 0.44373110482567 0.24110471520711 0.412285498837994 0.00367755616450349
0.578990385437053 0.29850639575483 0.24191700684439 0.463507016874777 0.0378334766816882 0.293180885709464 0.400762412207996 0.233033383081113
0.225191301942712 0.11796314575474 0.227441291238306 0.658788745542727 0.0807872340430971 0.445117424321536 0.412323682177911 0.273814725782528
0.327355965412067 0.0946501062622486 0.514104179904601 0.117512524427373 0.505948238420607 0.161471912993287 0.407501785232456 0.397054938877149
0.0676296667055347 0.267562175381719 0.542695165853316 0.387021028948169 0.190432982838816 0.374663295992411 0.036209453958375 0.549167515176283
0.207433673422832 0.394279401102098 0.348382823644828 0.458669270521619 0.353376648044358 0.30759845390679 0.474975690572115 0.15707693211268
0.332606701868467 0.275203617837474 0.4059239802165 0.440909287306661 0.137423977592703 0.269381632091288 0.336318208213917 0.499898712492329
0.543362007488865 0.27334135747013 0.531699549700792 0.434198767708271 0.162757217952176 0.0744790696063338 0.149664847622176 0.323067546596566
0.397667456722426 0.0311255559445166 0.367517930207188 0.40086425082659 0.294573165064745 0.118713926968604 0.665986161828502 0.0269500136715177
0.500712520794951 0.326621110522688 0.0874773981270189 0.268135401417352 0.362139757618294 0.52442139136727 0.396065155754906 0.00511132362464173
0.464420184770331 0.0623455598320276 0.118765986585145 0.360205548594647 0.608998454683647 0.239641822711288 0.269367758390625 0.368384603477616
0.482264852800195 0.438187568250393 0.402298663235415 0.0482209321548531 0.404945545824206 0.0872225285416999 0.486338358075859 0.0559386354993958
0.0322771169638996 0.389472949229449 0.295424873061948 0.074204150970229 0.437246182318147 0.498989004846748 0.0198723811034208 0.560283620547371
0.117173857320047 0.0125434349392832 0.242986919095455 0.476402573989301 0.551002383123676 0.547148411528498 0.0271292368392038 0.310483313735097
0.19203965080408 0.11371438542364 0.272928381287411 0.453664306735305 0.644382159030107 0.1495061137354 0.48196834523076 0.00383090380181939
