0.232343429891776 0.285194911847105 0.319248051763398 0.450329298966239 0.130169545420831 0.509533353621453 0.178851619372115 0.501406368149308
0.471963690585887 0.29416800865233 0.381508329232142 0.237683589277781 0.146785778154477 0.254847452174745 0.542299025106864 0.328773238552613
0.168705521026578 0.616300941114077 0.298343506492374 0.399535562450427 0.200638870642836 0.0908139004943453 0.362096968692614 0.404297845599133
0.310929665428629 0.417886785140859 0.52691513650974 0.264248723940288 0.262515296652689 0.193827666094675 0.493386916689809 0.176952914903639
0.258822749239079 0.173543103270086 0.694402759947959 0.0463390286945233 0.180054273295849 0.294697529788092 0.526408581923791 0.148925842826896
0.581595041683659 0.102132508834674 0.513275327174949 0.403109403380736 0.45217965766985 0.120114205447961 0.0780432629345592 0.0195650069589487
0.0134978703807828 0.386065328589252 0.0640390242458715 0.538088408136205 0.263403016807862 0.452821320182992 0.520646195513916 0.107844702144669
0.424898479240198 0.628711561170981 0.142056369904467 0.182213654430913 0.215811158717423 0.0289505043188929 0.334843605487351 0.459639422846614
0.273093193568847 0.249782478514118 0.260840279058733 0.364017274687643 0.332416873350622 0.175909597521006 0.575193230854196 0.436107987308834
0.100518224439796 0.612007580334914 0.467572771335477 0.309732635095304 0.173470664726897 0.107111768302783 0.235569314451335 0.451360501251321
0.133241227294971 0.532986200784272 0.0639705147964928 0.0350846275313734 0.350987855520078 0.489016483753492 0.517149042718633 0.251150550029508
0.403484434863996 0.407766522496865 0.253202236889226 0.449068359354465 0.472935465251026 0.102694275520805 0.379926715738904 0.163078606706026
0.298444114535775 0.271044884605647 0.498272757392615 0.171875633263591 0.338667411527446 0.472874966260132 0.169517179696083 0.438869437760632
0.448470744416286 0.42225547063007 0.346287984280861 0.16153131321563 0.394237076108199 0.415026223564784 0.18512775119042 0.335595966950741
0.357201222489647 0.62862326697027 0.27418427373124 0.376146941858982 0.239713203526422 0.348483539818985 0.20266426813836 0.201495741876617
0.12853063241523 0.416209553122048 0.478006349859204 0.452112535589734 0.0556606193564695 0.186220928105852 0.439640417562999 0.382483507763496
0.249878923103517 0.457547099659101 0.439760171082075 0.459842223620653 0.434737374980378 0.068683563183024 0.335956566409008 0.129562591506855
0.354552497182295 0.444593903565622 0.206130054700741 0.265377217966415 0.450788368226474 0.33767293963251 0.268953697572498 0.417306676032494
0.389296841464336 0.380699548065826 0.274413395834797 0.501766267585953 0.297361571348923 0.0717087111554919 0.525600186008208 0.0813764420769247
0.15802424347614 0.262702664193128 0.155274793190947 0.201121045288923 0.494436543160187 0.506781341344202 0.22550319089023 0.537874706778935
0.585675390745481 0.569957626096407 0.127963584295653 0.11203512929427 0.00349164988729256 0.355800562542381 0.275953482293723 0.316937747378659
0.60019236992045 0.201435828150635 0.531020650831649 0.19723237790636 0.429917940243734 0.174603409075791 0.227835974316647 0.105281369316504
0.0427203023683396 0.262640452907038 0.295510354692119 0.366930943566607 0.317632532153596 0.431224644407381 0.447411632537883 0.469263244702386
0.385662246079674 0.298838653080932 0.273832749557527 0.343143811000552 0.547669503618996 0.496431030840783 0.00856109837765107 0.150894319422521
0.486875501168327 0.323859467808471 0.418406242037427 0.203251535487351 0.206189171044496 0.410788097212958 0.0986306874446146 0.469790883101621
0.235563921177922 0.463892154493969 0.441420795241545 0.632526589281073 0.241354419371046 0.0346569016530179 0.228934894354319 0.150024201327168
0.647207208760982 0.493280840302736 0.0860023536647231 0.039772474391941 0.396584709446626 0.223056995810236 0.00751546345005161 0.348895757534101
0.371742756635938 0.233446187949313 0.000985359627290183 0.419900912180348 0.444349795031742 0.500769536594491 0.367454083137899 0.218524783254984
0.582115279802864 0.111688544695204 0.321856360905622 0.0582078753228099 0.424723813350994 0.193496465850432 0.168457457849867 0.543579507680006
0.438670547196227 0.211920775148113 0.293705693713119 0.101144495844924 0.586878700775699 0.0569517013084457 0.0312592929271371 0.563486684335623
0.137262369213837 0.160985027204927 0.660913252920234 0.0387249779039014 0.0964723553136274 0.202480059315012 0.665359682730348 0.154687795418291
0.437274395038812 0.417185565739871 0.577279141444658 0.319204746471753 0.226548384689955 0.370528095697897 0.00355614012712391 0.104769000304598
0.451879525439803 0.305445140327461 0.204219532564019 0.375867493606159 0.372184519802222 0.404265342480416 0.258591578239892 0.388207138342893
0.294164086724832 0.44717678033083 0.31969332839126 0.281794241990917 0.233913309045165 0.359246835030299 0.257444818348878 0.530883263114169
0.200253706299993 0.306765101729219 0.0560158117317898 0.526265519708673 0.319586748704947 0.49133837726424 0.407456349479932 0.275917903413314
0.10809033468852 0.550739070590429 0.188473421252991 0.604294114293023 0.268088062115616 0.262067493152604 0.379039956831057 0.00935305797215502
0.129166667611091 0.435431547783447 0.244979888003912 0.449631804846855 0.432549094239852 0.299936326070481 0.503254460282543 0.0347255424472914
0.332592015488606 0.0347345180042872 0.596742574694148 0.547722158764484 0.275443264929722 0.210201006305625 0.0850846165926348 0.323700407182708
0.246110383500329 0.489222425057585 0.320955562300259 0.534363564302394 0.0985938816083235 0.380894756669224 0.370329066905842 0.139960777307815
0.202311559911172 0.253102652162045 0.509038259685185 0.0428657971794165 0.396155984605153 0.545944969020334 0.407705748563019 0.113279314330886
0.266954372135612 0.538550038418889 0.059664581088783 0.220849222846888 0.0103747090189161 0.254903550459683 0.414259132201193 0.591329768075188
0.450306297750089 0.0914635902229358 0.389107579736674 0.498867275018844 0.0841794433601772 0.302939008750444 0.377636580807527 0.383559349130938
0.664430736367259 0.418996576378488 0.504294226622081 0.0792306741875546 0.0717779789991984 0.0280574038845625 0.300407851583199 0.161862056524086
0.447466826728116 0.500239694217799 0.362255311982485 0.331165836722289 0.366303215922022 0.261670315099007 0.0296490963559042 0.324199778102485
0.434206047600337 0.467957456855736 0.206595868135355 0.55589795110756 0.166783599473302 0.349327661793826 0.104946486643501 0.282694521732904
0.457885711109673 0.441353075002694 0.431621804889968 0.10417834432853 0.0877655049700335 0.434759875179032 0.309365526237704 0.325532897125751
0.224101952836861 0.0110850629910119 0.449781096629747 0.623814316820572 0.188581712214408 0.553299542632489 0.0300086466325359 0.124916509820201
0.107660453994171 0.273825892044536 0.136002246493886 0.0569271645689604 0.0788599707533887 0.690301949848327 0.57351185512775 0.282913006860477
0.274594437885108 0.0794507767000441 0.215810179956302 0.0173543492287956 0.097919916248037 0.379069476801434 0.170247191789697 0.830147081547349
0.345990749770378 0.502017480273017 0.115248083269937 0.400035378712943 0.438940282051689 0.354972131780899 0.230134249167699 0.288657006610939
0.436445921950404 0.438721981712615 0.545890874321395 0.385367439240424 0.382794962003946 0.131564379113118 0.0659217423990912 0.0484378485583693
0.36194230923871 0.235306641468467 0.446109477690644 0.482571701180618 0.175021588105369 0.479556657707455 0.301300475553343 0.174213419617616
0.529375661716568 0.0533664176094676 0.438256847943397 0.201760212432984 0.00129379735987489 0.458448926822861 0.205458677231559 0.481400899144373
0.358518234042298 0.0719581830935929 0.11864253618436 0.477077241094386 0.544841287032169 0.307343740770707 0.472938661917075 0.0981059091026463
0.337536889605786 0.478986524367668 0.299328279045747 0.594769763193543 0.0310413873756079 0.397418055282636 0.0145903159712334 0.232754617717169
0.12059271684651 0.17567157555607 0.697866795656879 0.150522407395492 0.620783296524527 0.10336312486939 0.220271384044932 0.0186149166261126
0.113489079322343 0.359115522535534 0.0152065853270569 0.527115806901678 0.349490586737258 0.530320682647832 0.08635377606201 0.411379733243506
0.179614831216587 0.480638589027223 0.0343171712951701 0.167641258939923 0.561803720184308 0.175018459609088 0.584152130376115 0.14126289874016
0.218121859518624 0.310314500865618 0.329258339305974 0.543418575153672 0.334147230255976 0.499698790708271 0.0417085815652676 0.298864692509586
0.415172724347939 0.437324347584457 0.0383034571370205 0.386638393653838 0.0393858852912594 0.138099266361281 0.674078322696768 0.102070471891155
0.526670723665047 0.232907575471963 0.000324546689140282 0.225639359481157 0.443563030349857 0.125894737095982 0.374431252827897 0.514453471587474
0.303558734515422 0.250825643105419 0.665299052858232 0.0376340634635467 0.240785878084597 0.554295003183122 0.187964364030808 0.0186560233987842
0.342819321180866 0.117618451471257 0.407088429622391 0.538326036365182 0.25041177651808 0.0336096649167196 0.107016039481669 0.5812373025163
0.19560628300371 0.303517666140124 0.569574745018701 0.0529694323751292 0.367665813745709 0.0527695101530601 0.206943867286347 0.601336446138554
0.208590358273245 0.0706436998344644 0.365011274349424 0.629310995731734 0.182160021856927 0.278389083831223 0.304041981478499 0.468091538374071
0.48019010445032 0.0909318709241143 0.177880854216575 0.460690273334356 0.462719980417759 0.0289667991198559 0.452380220904002 0.312530018081968
0.495444451951623 0.517962294093577 0.127378626408112 0.288424256949216 0.208776988028693 0.273719775584548 0.406959568464447 0.320483312863857
0.0660874635139919 0.475972357793234 0.384979068267801 0.00324699665250827 0.537254818521262 0.324894727791471 0.0954223679395635 0.466431756334438
0.524774182830987 1.15861286477115e-05 0.516955440374139 0.323736788937781 0.503316793384365 0.261969856030313 0.168772638439842 0.0460805555354837
0.47749964349988 0.308041705319468 0.534052699710144 0.0752226625927588 0.531943458746078 0.0992829354066564 0.247291874524373 0.179609151867726
0.432501303982714 0.0345140551656942 0.365260226628286 0.184564502394471 0.21853248199631 0.420217253773026 0.313451813772572 0.567169540556684
0.462991345496 0.472569481144947 0.0627374880859827 0.50708134168274 0.202696906614186 0.507674189741783 0.00327390589036614 0.0491912863358829
0.274534674176598 0.107625952507171 0.492168592410026 0.432848218596941 0.366918512046269 0.413177551186273 0.304771234111249 0.291940875685532
0.437472203059986 0.14920187728305 0.453010329020155 0.361166258908133 0.171396520975151 0.57348890852919 0.251244097964154 0.171194492382793
0.0609658508677607 0.0282059462341796 0.331259107952335 0.221323277451964 0.583480786374163 0.412112824356129 0.217732560948006 0.528277127763425
0.0373692326919687 0.452767349910015 0.41183324199156 0.0799193489135605 0.422240703349163 0.343489259163075 0.522742628409462 0.219270626126262
0.300606212804472 0.235279248136641 0.287137148695904 0.0472432293661353 0.370174243217271 0.589725580416194 0.23172886318502 0.480724888856128
0.518940946390347 0.291073164795362 0.0617788142282554 0.0586000653987381 0.329685902227744 0.498916447145988 0.0728729455563313 0.525171625079616
0.582487499683955 0.350918599655118 0.524444083224247 0.0885398404397203 0.477447278663991 0.117593200369129 0.0845971351731793 0.0757813261813125
0.403989588051668 0.272326843109797 0.400753328924276 0.517919926604986 0.205196408875604 0.247835204828294 0.392081863385731 0.276640885780714
0.246770092006644 0.0369578343718604 0.506360215654094 0.442062219862383 0.472730428407161 0.231442340687441 0.302565862001166 0.342539413920863
0.47933166064076 0.215410143802088 0.0767885378487526 0.391635458730196 0.24679673826602 0.475769633668494 0.442250610052764 0.285856328499008
0.411777075546292 0.494933883079059 0.347251350170775 0.415435637951214 0.482278564432561 0.194257346607887 0.0266303773089595 0.145849629898686
0.297722624419015 0.183849596293317 0.292840614397566 0.368378038787931 0.535024933555407 0.133598788702449 0.592508082033366 0.0306009281928709
0.329982631692234 0.485133408225159 0.497730043443301 0.526866277723426 0.114878033219393 0.280426596320638 0.147886664954692 0.129333924959171
0.0534863106259824 0.389951897397376 0.29389904369553 0.394676828392366 0.170927779572111 0.354932766818236 0.453723677840337 0.491804366504752
0.55181900525462 0.00747041001963111 0.548596293307504 0.169835440362799 0.42263506140921 0.18521577088736 0.37955684052825 0.0930018089632085
0.555009026124642 0.24824660293168 0.148614898526008 0.403265159795764 0.400711007690589 0.324868611949327 0.422825903840838 0.0271800701056284
0.13648691462387 0.193320505604175 0.0649847773227241 0.670237757538114 0.099460137443561 0.102936132097951 0.681380138171864 0.0760905540084433
0.625313635953473 0.599296378302619 0.394073406878486 0.161863549391557 0.0115420625428171 0.159110713201935 0.0226945868460814 0.205836261329428
0.343265842560974 0.347042264193185 0.430130319143829 0.452541694515467 0.425888401680067 0.0779225739206019 0.125274195036632 0.410825594770798
0.257089409664816 0.538868692150405 0.162098708410773 0.331192467387024 0.109419986885998 0.143804084003881 0.204804014325368 0.65800007138742
0.522919624657515 0.316253213686333 0.133024030891396 0.467401118396929 0.0509095989415476 0.146556209403677 0.226640097769483 0.561198297406265
0.357239972861891 0.0993691765788185 0.586265400729323 0.042743136840795 0.358950358925185 0.173175370975595 0.560427247833904 0.209898792985193
0.0480113539132196 0.37676874335584 0.447131941791739 0.372438256170605 0.453248623210764 0.537666562248714 0.0949998950633807 0.116440410643266
0.503956778471163 0.177462495738203 0.423068997552313 0.186205605899902 0.212702192284179 0.514899764905859 0.423962733472728 0.103760945468877
0.302441267408437 0.0945948394920098 0.484401056911339 0.277413790334607 0.417263145760841 0.147945763795524 0.455334076688386 0.429712343174228
0.304358472644793 0.320850490548941 0.0909343662853935 0.645880728452085 0.195399837242864 0.513446226197453 0.107200077087489 0.256300465016751
0.0168999266592337 0.156479280145423 0.31008363643386 0.235959974950539 0.637914460063938 0.0629386261752135 0.255354284113757 0.589319706579238
0.0383625517789375 0.190547046012957 0.167855911584382 0.0523100055926875 0.548833961441106 0.400895236934294 0.56318828958422 0.390117208522353
0.132086184348792 0.112638167463529 0.543015360800801 0.3419265876489 0.0885296919321631 0.282511244678753 0.328024766662302 0.602358740669038
0.00246953578077169 0.546257772039868 0.282019607027249 0.24918412420799 0.499723168495438 0.38115829843982 0.0668872377120344 0.400611738725358
0.497484894007361 0.175269142035558 0.0810154072592255 0.22994306679287 0.51031459578519 0.15851876759886 0.324263179545962 0.521206678721019
0.299500666908735 0.167231646528039 0.0662436861437348 0.385470757879477 0.270490096127129 0.0963180104891682 0.637054192222239 0.490995825553814
0.184330760813413 0.31735715852209 0.106416971013217 0.518593340523118 0.468485214441335 0.366617577302721 0.337685406236364 0.342234864202495
0.139994302084337 0.293127311502775 0.180017601891672 0.471171438699763 0.375762417447244 0.492472749612076 0.319207344641529 0.392999975379732
0.453465463570013 0.0902678686785517 0.0643002040179069 0.369232724101213 0.280987081532695 0.238793448327496 0.474797263802743 0.533240069558307
0.0388001820574977 0.477674044460734 0.563282086547928 0.0962925847532248 0.118147171851081 0.0252305680285669 0.654913069747264 0.0160192856066717
0.140517904443733 0.234744887799524 0.0317309286856119 0.0473608260179964 0.506214122758363 0.54509713964783 0.286486306824095 0.535202412902257
0.064043620454169 0.385891493610394 0.252097793386629 0.568756316732687 0.25653219432924 0.577075842737873 0.180085804078838 0.169389883862049
0.214285114069764 0.553675885492331 0.194853291680549 0.204542878162037 0.0928259986138038 0.0895825558695713 0.491239597982017 0.556562005949497
0.237057483583158 0.394847558300894 0.0031127457569966 0.0105429416059948 0.243783552144692 0.522748494082224 0.0543647940538917 0.672403430377291
0.365172078130754 0.196289973426398 0.169780739228074 0.629613632547082 0.331627395276123 0.390184611067779 0.246131492170918 0.282982866149074
0.445279419954193 0.306320838746413 0.352298769316137 0.336100368933913 0.117534277257238 0.371538046163142 0.0790008346013719 0.559213682871722
0.394861400271565 0.0676642231628994 0.274224031415332 0.306744484092688 0.512160311991869 0.0860869020028272 0.269786285306967 0.572460697285489
0.340813793488207 0.379468302736831 0.272303317748209 0.337579752248204 0.321504340102707 0.435707779874906 0.015037532991739 0.508240240294579
0.195726473092105 0.463187161558398 0.505502740891126 0.0347069020006033 0.34515377215177 0.104840449323266 0.352763647826615 0.485640168777912
0.484416345033479 0.0131794328274234 0.434651733479204 0.506662124212987 0.429459138541004 0.361934043218289 0.0517275197543414 0.0378329230909199
0.426326845475433 0.37276021360658 0.150082619906271 0.308155286762363 0.162116499231009 0.614250885581304 0.365387381581575 0.157216163424899
0.25489943028628 0.147529311720453 0.56314857227153 0.416009942604295 0.0561841558313028 0.562870909613466 0.098341953689069 0.305629409113354
0.354800503359238 0.451967478502286 0.467066730198073 0.447463928877157 0.141932835200652 0.187295225425785 0.188653284847845 0.400814433408956
0.45340564573184 0.509024215600169 0.40754780835285 0.117695322406716 0.0422439021633295 0.240253561844589 0.128259868062284 0.528595637834008
0.333601098129248 0.120000337893439 0.289894865327721 0.0804577256985255 0.0845515966041955 0.718584751136478 0.509883327010246 0.0174276632751741
0.169198496206357 0.327616269978386 0.430408817776378 0.0785441498290945 0.383770066929669 0.350621891088828 0.626015729176948 0.102506812827573
0.623038883559291 0.450125558584722 0.375732830586655 0.251312876477743 0.242334599533856 0.259107156071207 0.275204471043622 0.0572375041110539
0.131905234128192 0.577062038305053 0.145823194718191 0.381615313326533 0.0258563265809842 0.401927855968045 0.474939944966935 0.308096185177859
0.376697190127133 0.51057957060902 0.0637827323331996 0.241819784615678 0.0521495871299036 0.395503240243889 0.53594293723268 0.297465055764105
0.398028394343179 0.0830140105545591 0.439137058449898 0.188724519222034 0.260644191436888 0.0508722772420724 0.228374624230621 0.695374301347527
0.0748618319101015 0.241160099239811 0.119234757550704 0.614585783231976 0.729379917688564 0.0348614049190723 0.088225740061777 0.057539005977818
0.321851789584201 0.344771043055623 0.256890036399424 0.35761473055959 0.481853018216395 0.11878208346248 0.286563505070657 0.505226098042215
0.145596373045819 0.326861049063087 0.521782419107876 0.461141785565129 0.296426062798953 0.326109176917408 0.20814021435244 0.38667422550527
0.0873459087639878 0.276762322331879 0.174147541646048 0.393981688530555 0.54622903879607 0.013251191459466 0.10609019779405 0.648403797824901
0.350000455756542 0.419332178506545 0.435113296006439 0.295649315890051 0.265870580322388 0.380609991536846 0.316514016933397 0.330447957532451
0.299275499319091 0.251062713634702 0.318321189740833 0.364481458922807 0.445988481791632 0.545324080206114 0.288723623404057 0.183251648118523
0.701263681529118 0.0668299632595371 0.00743756035696219 0.0245097625541184 0.121018547042061 0.63964500371374 0.281529389405318 0.00754603282397748
0.496622254063372 0.256622679492384 0.71925489961113 0.203869342814631 0.131018903389509 0.171859073212328 0.0348136483016559 0.284090361304319
0.445125333237287 0.38969177955435 0.419271445988745 0.384084862952146 0.250523172411789 0.295698965678787 0.181785367697993 0.378745784345953
0.639478757971793 0.0277297274758015 0.0222406700241443 0.283665211474928 0.121991556396125 0.58475563150304 0.0664589058110157 0.38483698645617
0.354455644458548 0.118642842501745 0.522781114287402 0.476043559131987 0.0145672513252704 0.25893817337411 0.260579776845119 0.474557168153435
0.580417498162169 0.148599792155005 0.202962564466786 0.122078397433518 0.425339563942586 0.325723665286686 0.26329319742923 0.478125227642945
0.439618492212163 0.504147371288131 0.110590886072175 0.444927752928749 0.39786661911732 0.0120635697669734 0.301320317998885 0.305192807185226
0.310394620263134 0.0756325118315228 0.20404597713392 0.0319055305111244 0.353928502530897 0.602996143778679 0.587593956966945 0.145415909116698
0.42840338265463 0.360429872607148 0.348253244114221 0.299201061120517 0.400475962351229 0.437534155022851 0.300797998336575 0.182928080443515
0.281392253163297 0.0497655508017661 0.462680719564708 0.0940988033949377 0.761830096896272 0.292111895688611 0.136125666704464 0.105683979298157
0.223776186985336 0.276320858399271 0.514795506638583 0.187277982459431 0.531642184718517 0.21644426192939 0.491513975499349 0.0490512566284785
0.520967995021711 0.0566205873587671 0.323600711888734 0.428797230911829 0.472904835952551 0.234007429796415 0.17501395855007 0.357454367049922
0.565138593208406 0.131365008847468 0.5904640744184 0.198885600593275 0.28869255610731 0.323669303311453 0.294442626274979 0.0188846389745945
0.218465104863636 0.0857599115056803 0.325765996768109 0.0239893084514216 0.45115346976133 0.562502136083445 0.00539313761991067 0.564129481285678
0.561113453674822 0.409238778046985 0.146707135894387 0.0452149882932363 0.52631391441255 0.228805502279997 0.311158836156504 0.260633497584058
0.268135485834567 0.13775479269578 0.204975809987083 0.498350369465617 0.482984216871575 0.449352515293319 0.373872919112216 0.209252021510557
0.0266164953616852 0.0698571028121195 0.470545126209065 0.55004894267671 0.0334135919989713 0.318186748636198 0.41103480161485 0.446246690683503
0.353027672198349 0.537943418623456 0.113686307028801 0.105660745816209 0.546191787681672 0.274269958096227 0.430285189936826 0.0566104927170082
0.250815412254972 0.557667746597985 0.0489224454993097 0.500984585394741 0.32186782852844 0.275629563063978 0.256149905572072 0.357121861136905
0.371612132478986 0.214754851911454 0.362688700123619 0.0135153227668484 0.451874138400898 0.564323418787823 0.380583594559907 0.128701161735194
0.177043961468579 0.341206050367733 0.181310018121174 0.510908700241333 0.00627224879100774 0.363775457888925 0.493556188765054 0.427040054223367
0.517287946545604 0.296990435521389 0.399986572323288 0.386718378951285 0.352197234762651 0.416487779089768 0.152538680083955 0.117883364740176
0.549467837657853 0.497375094188873 0.100196152447069 0.077975574103413 0.430961634273122 0.247730217103094 0.415365045652579 0.122300204852583
0.150050167790361 0.155838980566879 0.226810350865865 0.436712800576941 0.250849883668025 0.606306246809265 0.43412382325057 0.303383801255799
0.133173610278144 0.321321600533719 0.00277605241917145 0.377191160539688 0.0299841025304433 0.558907997563518 0.31749038262332 0.568030810164646
0.329129366197946 0.0850271513008114 0.148179955802612 0.544840492174306 0.282240143673833 0.449651637378679 0.514209404188448 0.139206241164729
0.0415067890420778 0.0498933711241037 0.0309018100580951 0.156118016046932 0.649558109008593 0.434727844035511 0.259020265932095 0.540790668983736
0.358090827705049 0.242177732617791 0.198057472141058 0.177369041876186 0.519119518578056 0.352322865287563 0.47519343927006 0.350726510193023
0.0525444097141861 0.487427628991967 0.395099694611262 0.0678686848598465 0.40048152862368 0.400592423653764 0.366664101639747 0.379000206263401
0.61514803526481 0.503476900618213 0.264882300756686 0.128174486981332 0.283972319262993 0.234435679249371 0.266355922967458 0.273800528440094
0.134716643331538 0.71661751686218 0.34930588198458 0.0725211273828094 0.0526548728412294 0.00438922424541088 0.384610145140789 0.436256899958323
0.0725162799527764 0.311736601246921 0.544707922142688 0.36478833391304 0.116926383300325 0.578127614882765 0.175537105013662 0.298442353131165
0.413698170865996 0.122076677169217 0.0311354125524884 0.196900103520935 0.502724900126859 0.00119031079060372 0.395948956205342 0.603906222574867
0.5130674765002 0.0309168653148716 0.00612022749346375 0.107834556423286 0.449287602969776 0.252877509282845 0.461025976061668 0.495770942841757
0.0676657688058783 0.125424119548058 0.378257149079711 0.490151988144127 0.440388507614739 0.472948598387458 0.219817917854831 0.361137591909402
0.235254373507498 0.567116858726408 0.0616861273173681 0.394429931045666 0.325683347440573 0.36457285146571 0.0701138971948992 0.468780048722202
0.522842963972519 0.56832608233466 0.391066289004101 0.0260779542786423 0.0400331463438617 0.228582285110143 0.351833606196161 0.269050918501333
0.562916542793144 0.260206157501523 0.556584452275677 0.118711599238299 0.136472470882528 0.160181910778825 0.146299153451178 0.475239521703854
0.307865066133278 0.11633817247255 0.0937651423472959 0.440703974822237 0.318459476468319 0.516591331355285 0.193126973558716 0.532063497749208
0.0723567784537857 0.18693059380054 0.111481219665621 0.483938160770389 0.335850059235865 0.521966675183431 0.3764112356938 0.431587017040473
0.373840446730261 0.457350194282441 0.390555373325099 0.353634239684054 0.412286415808757 0.44823867684195 0.0504462417142411 0.00637351455320723
0.281247863925542 0.474437780490296 0.254242950422275 0.0870540254022973 0.474050441434054 0.154080248504099 0.275602179171314 0.546963842621897
0.450132742569795 0.392875202827343 0.184642359677561 0.291769465455545 0.452424397242402 0.383413334810921 0.0133517003711371 0.414651032407582
0.154857849433097 0.0932756343417049 0.142468104821535 0.416553643153657 0.443310097386044 0.026581944966557 0.645749438114136 0.39910127151355
0.548164635357654 0.380990542960412 0.0567127562324413 0.570098151027476 0.0121085671309441 0.163226641616467 0.446358168235827 0.0104082616856114
0.235050168416081 0.223726734501489 0.46697757880453 0.461775875976565 0.0688745531535194 0.493308632905724 0.193919750814263 0.421533826317094
0.290103012060806 0.296471026321354 0.36991001284915 0.468179725359219 0.447318945147193 0.407593795122955 0.00776727677774158 0.325011121352556
0.427214897196687 0.238331110552866 0.458097548573969 0.318009073260829 0.467855015813449 0.352778452028876 0.285957898309657 0.156811055180441
0.109520551628836 0.296985051911649 0.351550667751126 0.199888862021369 0.285832951643941 0.207047184331994 0.46132196878394 0.631565298989349
0.142492916930293 0.263522458875746 0.557063284005662 0.358038581696192 0.0428455215864594 0.0585227595584145 0.522276601898044 0.440121634239977
0.329645023419357 0.454108904093327 0.312942332615361 0.32703918844094 0.239738109302495 0.425530979671322 0.343107918951065 0.352076281053208
0.0730554409086145 0.163370989526163 0.323295574230464 0.557728760434071 0.44428637718567 0.194917491685389 0.515900797166617 0.225509595733125
0.323669314242253 0.449447270532257 0.490154812341046 0.351857704129398 0.102779708136092 0.477526815155143 0.300962710689467 0.00237932562952758
0.0805745593547396 0.54879335007562 0.413613136806654 0.239920448878972 0.13461045335141 0.173068779204891 0.373053697804243 0.525789038147313
0.0215248136603412 0.126130503797168 0.316112768070596 0.60672492955673 0.0288321517341894 0.204324841170818 0.493914545152557 0.478595700481655
0.351367251086138 0.499291385966128 0.415070968844144 0.411778995328765 0.233781166404759 0.339758142483942 0.335933762308756 0.0496245381276906
0.102040424706226 0.401341006114876 0.624482405633825 0.502594773517008 0.261639764368021 0.109389211779182 0.323768754884447 0.0261876809206335
0.38798640732218 0.298796607626107 0.262200474333117 0.424093237404561 0.230957463346119 0.39397493332934 0.328532456412711 0.441691973402125
0.389959046664207 0.212972631386837 0.349884741513038 0.507368057834487 0.109056951514705 0.19615177137075 0.407923254944044 0.453831029944865
0.748781082763983 0.097425662904423 0.0615586907016566 0.101886926491969 0.121806032079311 0.0348753632446238 0.337342297242187 0.534613772915141
0.647454957115221 0.167950522187372 0.0570507710378001 0.342135407160306 0.580533848364166 0.1362881523546 0.276481389982195 0.0157259250899567
0.405587553720514 0.400180440740862 0.412788604177116 0.255885844491396 0.183410046173643 0.219450873409075 0.397137495973389 0.447175840559901
0.363720504903615 0.172807728701025 0.196374900019984 0.0599981830294477 0.4665468237386 0.455102913193246 0.470809817524051 0.386310128361362
0.471175304670015 0.344348116977491 0.34988525720692 0.17777548583621 0.002885097732088 0.179372562987013 0.492975232886077 0.479778042064856
0.509641901309541 0.176593673893068 0.390343736991056 0.421829575990592 0.433293515040339 0.331302631035775 0.274678851796523 0.0762771751607498
0.49221018213578 0.53664808236603 0.362324591334841 0.23523994628868 0.112857051625274 0.115461014796977 0.441303819395529 0.249607711071363
0.259684536385442 0.0601422860251556 0.512705816898572 0.466865395734172 0.406065612527061 0.301571449242997 0.180871181835218 0.399458745660076
0.28215988239134 0.528501559474627 0.491272359577215 0.078042401111111 0.394731821076518 0.458588671133663 0.146873250093133 0.0770987891642692
0.344666320082027 0.599337662469767 0.473829246241986 0.1823675753235 0.172994910081156 0.070204692481902 0.463251082541727 0.121531492981126
0.0522192318825259 0.560916324354374 0.193999057945601 0.246583972126481 0.460348918853379 0.0961135201856894 0.348407915737128 0.491588982281615
0.255688763708825 0.109141362397928 0.621202347074328 0.58731200508604 0.210760316636872 0.200028427063713 0.327321945760406 0.0176842562552849
0.0993014472720546 0.423182445740593 0.413010057235159 0.606365930216103 0.297970617656829 0.101754399250478 0.357298430024976 0.214467425569772
0.280206525461903 0.442939618459892 0.428491207625475 0.297246258002196 0.480371203077385 0.332654796394578 0.140076857370256 0.303795181491523
0.468854934806784 0.283069886434738 0.374379530924344 0.46434305752003 0.00391659816167267 0.201416019310106 0.416334876070246 0.361045010560531
0.458658910682652 0.087409196766211 0.362152531350519 0.358762635115132 0.100142860192566 0.423030707698171 0.427598889167478 0.38768823754832
0.100228479639036 0.425311778229917 0.0307931870414808 0.481564283944435 0.454414327106292 0.447079827498692 0.411228254053442 0.0270246824495577
0.363420018912882 0.309050370715648 0.0304615840403892 0.397743384363767 0.296371589656624 0.374516671931201 0.338799329694105 0.520002122875759
0.0726580469939421 0.329221872095225 0.446386414631617 0.423825386127689 0.385550820691622 0.244034762796366 0.380096296867342 0.393407399988687
0.275643567296558 0.512969343270304 0.39118158011973 0.449612291997075 0.362670767294253 0.401066848659107 0.0202975995905241 0.11363159701748
0.286797460268642 0.402473025924538 0.470753345107403 0.122294974931626 0.00818453757740234 0.408640484308679 0.470422664466591 0.361726957867437
0.357393395176837 0.458019755918931 0.175855460649707 0.502977032345257 0.0083896352653936 0.0544003555600348 0.466985809566889 0.396826530316444
0.321074333459671 0.353609239122209 0.350609174004317 0.033836610270353 0.467270139280271 0.377526953572365 0.248586866516016 0.474485674567079
0.379013828145 0.037419740056878 0.379990344926039 0.163170650891758 0.0897089902924273 0.43297162272265 0.509049493580996 0.478839682610013
0.305929532338963 0.0169490113798662 0.266771621257851 0.469506037525553 0.525273217865905 0.42952033524768 0.344221661896421 0.188755425769446
0.480414998664722 0.372062515124414 0.297552447047594 0.395872052872283 0.512773969137247 0.214431885178666 0.191536231895769 0.199786055502055
0.440933368373302 0.510999165673191 0.298204727419126 0.50145468587221 0.211735952273714 0.372163807383595 0.0274049236876742 0.141370835196398
0.334908449115369 0.0762257719905297 0.473617733992996 0.117757955842093 0.68367285446149 0.306360826873247 0.276184749151657 0.0793834015703055
0.539770755178527 0.212794451251814 0.521927650512021 0.112721486823262 0.524025410875912 0.20134978192478 0.131215409456435 0.214218574839233
0.59185916930232 0.246047804408961 0.142740287704333 0.464051470748037 0.240178817125518 0.477475622527215 0.26007504365709 0.0116953744772733
0.230384803103458 0.209319949176374 0.439477183997825 0.409913928278141 0.4695538432411 0.0128373204094561 0.302385511905175 0.479432759849353
0.310992006055945 0.412688225895854 0.338243862379368 0.293913248469076 0.382268470885486 0.413894387667685 0.0710441569499866 0.457922998003598
0.281828419713238 0.445461361400057 0.230887797417321 0.445976618708994 0.0892963736588965 0.403185572182846 0.403095812651094 0.370018804614486
0.144121873000605 0.49315866508636 0.532977318607875 0.135416632937179 0.549893030900526 0.05346973459161 0.346089291615545 0.0927457515217871
0.453703136911722 0.33628116083166 0.320999144655351 0.202751203229698 0.0524386977143808 0.535931137985085 0.495782815270021 0.0338724305089124
0.129777886846035 0.414966598669454 0.389862530419767 0.484553469050365 0.3222971550689 0.412075141855223 0.369277496373236 0.118862597364525
0.41563923724761 0.142754765210064 0.573595908900047 0.108104358525975 0.437424514201298 0.256292069492017 0.450070769849056 0.081097188913034
0.35192050042596 0.0578350820842416 0.313808404325949 0.453026236189296 0.469378760559658 0.490819362825501 0.32294258943261 0.0598881916609675
0.582222519877675 0.363729961607331 0.216360523824913 0.254445592791272 0.361065169050685 0.138069102756632 0.206315798203217 0.474516253030257
0.0717607359382664 0.471771485411265 0.590727820467361 0.444429802426555 0.106111405305075 0.420377444864626 0.194472597751477 0.00290472175694467
0.0237812077548093 0.219983689293447 0.0174683052111044 0.584598581341005 0.119245949534524 0.422290857607585 0.310001336240067 0.565977909674694
0.329477915444998 0.438120667785668 0.157324969238525 0.385603814608149 0.433502666057321 0.309696639304348 0.491654123462922 0.0221988493731847
0.294697403678639 0.229758624993961 0.13321413283073 0.532056678356163 0.275451894748118 0.539330701744546 0.114174243424118 0.423965789080504
0.27244269284641 0.00971467420833605 0.0525778485991365 0.707081506489349 0.044364132081404 0.213906914851743 0.20747077812187 0.576353579867291
0.542165421816868 0.306579021826191 0.102182972058703 0.295530967763273 0.512429558334693 0.368366850130281 0.00540862361113226 0.340556315955272
0.48256760585782 0.315184837197563 0.491255845864827 0.155625723383367 0.017419281285036 0.561250477774883 0.226116754748896 0.189211615291558
0.227767864418736 0.56786517658564 0.334295645699466 0.0234206878100567 0.28807930784854 0.0356113368145224 0.643260000352778 0.123723687442225
0.159461869941049 0.644777406078188 0.13843779826604 0.238303095742356 0.583398529472816 0.109102733570702 0.0966024245837969 0.34826906282031
0.0369990434241056 0.619597410193598 0.466889516617431 0.331536447854917 0.444234515273056 0.042159582357794 0.265950864472465 0.130293076659699
0.367418564573914 0.408389198303246 0.350048477806845 0.10357927271719 0.337905834816017 0.397980908384294 0.524206214927968 0.132657250664863
0.357617074350337 0.547942833205049 0.356012525368726 0.0280962725437141 0.0146415139852666 0.457209467961414 0.415234079519654 0.25032009228623
0.315998090156796 0.27882506919102 0.101250562365558 0.216318279058457 0.711281493139716 0.3548391609533 0.350449988150166 0.103484910736636
0.309886436153331 0.273702791784866 0.512351487363788 0.240338652235862 0.609310147662495 0.341000644073374 0.145339434233286 0.0112524507873779
0.368451512275625 0.28923581161532 0.258207993892763 0.286658914957018 0.444277560791342 0.501571436316259 0.313863383101557 0.290301131144122
0.58972752202738 0.0220729879780146 0.291454022163039 0.0426309712565431 0.336665422331801 0.555738609358644 0.215095098381306 0.310671009826288
0.097818300948018 0.321730617134922 0.265770610570766 0.388780332244593 0.398966382380178 0.499017427084175 0.286426693588841 0.418215265396637
0.495572524531095 0.225858225938955 0.266509699833308 0.118392682848275 0.528475820938428 0.146599668076167 0.468149442849863 0.313703092766247
0.432803117605977 0.148754478320539 0.430108373217821 0.3955459456026 0.585116591611408 0.315685120782637 0.0806244200291991 0.0241855412974822
0.457778840130103 0.208960292696496 0.393289965759708 0.474120066182275 0.120382792825608 0.274601744893743 0.194186063168454 0.489592619475958
0.301013749105422 0.436863691841741 0.366675821400231 0.480960889113898 0.122408722509465 0.368703802417932 0.309239461775836 0.325900090150169
0.280840590243734 0.466274821922715 0.412243003755864 0.382838967798427 0.444859583142404 0.41416788556594 0.0442202451547423 0.125761153272892
0.438316663116764 0.117712074282214 0.47256201026797 0.605888713872909 0.338030478682016 0.181934970788165 0.073986999814194 0.225316153438012
0.578914013922683 0.14073158949195 0.124390877257703 0.479130135677682 0.274811358376522 0.263679644743617 0.291642663559981 0.412202287706307
0.403068977805888 0.444703957515617 0.475400021420118 0.0395501134135744 0.453969303272618 0.171581433035538 0.275811870676768 0.317181167443174
0.140585755542736 0.330211473616029 0.379892867982186 0.383490765335431 0.507658669293689 0.0623666146056134 0.192009866193239 0.530412633661354
0.315416197813153 0.435081882675024 0.375956253827612 0.0138192587860813 0.698757070854391 0.267351091036897 0.00895333412246035 0.0993181185888407
0.113834611773255 0.223574104545551 0.368416386995744 0.375490989228464 0.449559213162738 0.533658449360558 0.394757974034355 0.132678178172586
0.550530064537005 0.48866036789021 0.142925452758876 0.219020527844702 0.0920196211151533 0.413238847784152 0.393492897837515 0.235922444023178
0.355394776832508 0.261351071564715 0.299700956558555 0.060349184998677 0.0898843432697738 0.212682704969679 0.562776106818291 0.584719939745703
0.478970089405653 0.39543791797283 0.305189221727045 0.382144746750748 0.20726883753861 0.404583168662733 0.054900322235831 0.406668761026857
0.422873060334901 0.346720921346351 0.551628689892959 0.0105780113982773 0.00132622531858084 0.451793964654858 0.417287684837169 0.135308220063132
0.0139580622610167 0.688941563087378 0.67242837873145 0.0516342630633003 0.122917821381805 0.149075142692398 0.03287409754441 0.178677861616302
0.594708401257968 0.580458962309726 0.172037446600245 0.113001870050322 0.422325563301938 0.0564623618764575 0.291921526630756 0.0160607422776102
0.318178817659729 0.69202803953211 0.240426542340353 0.351242540356541 0.334053673886213 0.102884287605371 0.315741950873148 0.129665627141599
0.367844581906292 0.463355243995331 0.276399167249372 0.195510398146726 0.494727398740973 0.267564648830279 0.400766083120479 0.241685688935369
0.00513893089487794 0.205248906161063 0.207429532515286 0.0812523359290412 0.597391542161711 0.615949311707089 0.170060385144147 0.378188816626497
0.373474375000354 0.595255830398194 0.175091198775207 0.473499401314646 0.0865123900499001 0.157319691668993 0.0143815367841628 0.467854752077968
0.0505501922128251 0.0153257853339412 0.146681795678472 0.11429533342397 0.46450080530008 0.219798087522998 0.516345153611616 0.657226225042635
0.439226925114818 0.211009251765324 0.372687912101918 0.0149057544660962 0.118204987017659 0.463088922532997 0.617684516196605 0.116096562838347
0.549789239828702 0.154188514162356 0.263298553138902 0.412218649115949 0.368843785716493 0.511588144958092 0.132424129634487 0.139294769005078
0.310727425713235 0.131871324646121 0.416631695542589 0.461238488520818 0.314803823662891 0.17678168915349 0.419211377427265 0.440050128559054
0.199749789206789 0.0623390230504229 0.197585095649442 0.616491024713881 0.0172707483630594 0.245757948667851 0.363019064073678 0.58705598146856
0.449048606221152 0.434535681722618 0.394607641065812 0.505162672818151 0.123338582416225 0.394202090996825 0.163858239283708 0.0342397009993918
0.104186527020434 0.520214766504953 0.081805890967264 0.454244861789642 0.664723539054424 0.0979761873281774 0.0573535192989575 0.225266560336856
0.151574721821907 0.579157116137604 0.582418420735172 0.028289176559255 0.0645288880424748 0.132915634205923 0.28062269576231 0.448342507046193
0.177857092914973 0.240345656863791 0.123264593372695 0.660177987494839 0.481242311512119 0.0995609417621994 0.460959460339784 0.0747095508193373
0.130426975958269 0.368007359931913 0.514996114578056 0.481882451795715 0.364656694532253 0.137261819573477 0.280741761334967 0.34568257558331
0.500218838814981 0.174645358966658 0.235077606639859 0.522402811090681 0.458107082920203 0.117328123594265 0.11869777760239 0.391659014056199
0.351384678761499 0.0931653119138921 0.181524903074947 0.0732277013677309 0.213938260921483 0.581803775704228 0.138890881783134 0.652671092933795
0.316245934950799 0.440201416030227 0.0627269786788961 0.651780719286285 0.192934436061108 0.280587174134569 0.277433615677264 0.290751048234993
0.361615226644514 0.50977522269834 0.280045757827064 0.177082944172436 0.16778057974 0.4950938376539 0.455800589093006 0.136224985042002
0.411532365627805 0.336441153731633 0.517012367716855 0.326722049209677 0.0836311632672699 0.366798572614141 0.155220970373396 0.4216283462004
0.246161804604734 0.0306313225329318 0.492401790178344 0.014333521130557 0.398284831038792 0.451026071217387 0.199978512623758 0.541991131080746
0.432891154629424 0.447024837374122 0.0827968512050046 0.380497548481213 0.34935100916418 0.501640454271157 0.133617390739323 0.263813305144337
0.282660939756673 0.0255943952742247 0.439846676069116 0.564548032826057 0.14791534596175 0.323057231188143 0.426853024837477 0.314356026254888
0.225805135506509 0.0937804702798697 0.340654019890176 0.483257138335793 0.329625415699832 0.290792305350636 0.446346603812794 0.445192397611973
0.57157865326265 0.562822780328396 0.196187003076755 0.146145059339678 0.0276507982920284 0.373283919255302 0.207534115718325 0.336904708077018
0.46211265149205 0.261569098639836 0.579357907218465 0.059503827216937 0.288903360911355 0.171794958011184 0.345971005210144 0.38231219947531
0.290780245213747 0.360912678822983 0.385403994284093 0.468159339197595 0.4486529882203 0.464153054116487 0.0272471455034302 0.0030843390599351
0.0607977846905217 0.317371875019241 0.441844960612234 0.417898115655952 0.311667931685465 0.4156507135885 0.44451116556167 0.241288885735656
0.0854908565784656 0.187203751998569 0.539703774556648 0.582183808234485 0.535642921218265 0.0801594573832416 0.165535309711278 0.0817746991288685
0.605164684656102 0.0347367872605144 0.28291083119457 0.0377619126117885 0.320617928367893 0.0585008589615365 0.609139398564498 0.271726970010194
0.457021415388945 0.429423022867522 0.458921520478364 0.342568563045233 0.14931006456995 0.0719364225222836 0.482510531991186 0.135942462875113
0.223331137225141 0.203239233932596 0.865803100108191 0.295204730686373 0.0225229712335113 0.17268210673861 0.192367272534492 0.0687358276040763
0.107240407392607 0.333530707060086 0.091175805961038 0.2447583611431 0.372810189636104 0.468972322473629 0.566488514479969 0.359451478989343
0.152281498886634 0.410714122330045 0.232947233109216 0.293513894190828 0.326953628218148 0.52951017356594 0.529174328324283 0.0201063832376337
0.0488883316620063 0.512670932985419 0.404046313959775 0.460064494280244 0.299159701160842 0.449262689734832 0.250083591709243 0.0773976016988457
