0.553755891564195 0.208677512613128 0.754238579524245 0.284485981104148
0.521355132957287 0.458560005123211 0.56533877134268 0.445312946878079
0.58052335494765 0.276271122594065 0.409216511846335 0.647463317581203
0.556215344635641 0.731889541260926 0.155456641105313 0.361656497965928
0.832307524554108 0.235962645292004 0.109433234001015 0.489499930432572
0.617182610689392 0.0591112379261958 0.589474786220505 0.517794325020803
0.159011247378765 0.498538858417425 0.847159829310997 0.0921664443095352
0.479874644637672 0.681053444099265 0.352772909506825 0.425955169040695
0.481680781476862 0.0209793720226843 0.248868979704935 0.840004596205281
0.167868118364933 0.84543614979798 0.281848408046584 0.421449268990931
0.606090932172604 0.16558391292045 0.776595604560323 0.0462062408953885
0.760351359972581 0.355180143178998 0.539983276888124 0.0642723576691941
0.506025560261205 0.596504965285372 0.435655943496224 0.445335668511568
0.637487288489427 0.148226834082932 0.692381110171921 0.303722177243032
0.767015721152786 0.182722622687228 0.273884764905718 0.550714501548045
0.00264549720121621 0.388927412218408 0.644565156759739 0.658228097289188
0.637433560011923 0.344088423959107 0.167917394557679 0.668644420953936
0.881194071734093 0.351042430968499 0.314570081423458 0.0362199319940739
0.688388923008519 0.146652944145538 0.69689005679601 0.137687520826949
0.67814197495284 0.607042912920301 0.335782341676165 0.242636729904539
0.504393792232555 0.656897096355064 0.00669819554344664 0.560382227889152
0.092005977758533 0.714942018120837 0.317908213203274 0.615895428429131
0.189985404113095 0.682883549183308 0.537498230964849 0.456805490541052
0.532275559614651 0.217730800994456 0.80423564468518 0.149936835877765
0.330749113421404 0.622070630824364 0.132585812658386 0.697175843326809
0.0184331796912016 0.223916097329266 0.970240488346279 0.0903061128433533
0.46537490116913 0.58481596901974 0.549855107784734 0.372928738748253
0.624114830171885 0.0973442521605423 0.737504345395628 0.238939565274128
0.160341884390346 0.340145754958267 0.775831584972902 0.506632704483689
0.240413657757007 0.616193898635808 0.490864483260728 0.567061206150693
0.431834942385441 0.603738288539644 0.452441051397805 0.494283073244708
0.243281434836285 0.918525118050329 0.144225271292262 0.276269473694255
0.408613542386499 0.608680339318895 0.586566156870203 0.34421412103444
0.0713837781176682 0.591332739147105 0.335181433129051 0.729988599034248
0.385910512033499 0.536887699744906 0.654076655406133 0.367434896842137
0.508402611867205 0.534499624875469 0.371950190953867 0.563462501595242
0.443732991288593 0.429958478694296 0.76905196292646 0.163694280168622
0.284620029388306 0.653984014015306 0.053352802138672 0.698891856289211
0.348570633479081 0.587997461092268 0.398053202826538 0.611809730998595
0.153190153689227 0.656115642330908 0.667243318713027 0.317539594907778
0.189005651305381 0.636333047790177 0.0423994216466956 0.746699005696887
0.695073080032538 0.650052665749282 0.00915809937199974 0.306954515168331
0.564769053332796 0.518581257751487 0.233745667505554 0.597889921665223
0.235594940255537 0.660750848871341 0.704867726710915 0.105189484660682
0.0135246070024545 0.737170443964117 0.615723947766431 0.27799431954286
0.296744870223162 0.61770006923635 0.439747807120383 0.580526461579884
0.698292975905494 0.415264869735581 0.021482340947084 0.582649566027448
0.285646070192786 0.497175859714517 0.510623776412495 0.640691693455434
0.218356991217075 0.707364912489498 0.672144408191796 0.0133041159740994
0.642040819914151 0.594683602282801 0.162427097133111 0.455798680183287
0.541331537465009 0.378291664844449 0.342106901424005 0.668444800154097
0.618557875634784 0.235451688851483 0.734758102163942 0.148590672693847
0.52908530538302 0.389368887270668 0.333758076658329 0.67606667978735
0.441962819300431 0.696801236415205 0.536857885294132 0.17584229947248
0.749895097189666 0.141004472502834 0.55640045098935 0.328927986167105
0.513528331096988 0.45333012644456 0.234232436020438 0.689866375129584
0.649085465410522 0.37233521138206 0.214480734555248 0.627736061942059
0.721013074269787 0.629794013591553 0.192145986043212 0.215822999756177
0.0610261855799744 0.532484844826067 0.234006421861084 0.811157622926574
0.131643750662249 0.397641950314033 0.18100821770658 0.889824042934734
0.790640768598003 0.46738683153718 0.362921589264898 0.157240722403058
0.581580666742088 0.364235664409331 0.40310075362404 0.605480050267433
0.555666130682792 0.591146941005839 0.521515247817685 0.264201233239195
0.308190017782104 0.686556041325012 0.509968778634304 0.416643204526165
0.632019267748189 0.317828619528417 0.0718859007712281 0.703113810896936
0.727903955772625 0.622215245880364 0.0276900151479021 0.286770434364686
0.0349267833434256 0.790925257976603 0.607366570527803 0.065751084441412
0.602990578465358 0.230494965829728 0.660789334706974 0.382925434186189
0.17899378807787 0.746402818772746 0.640961745884402 0.00347796930015254
0.500170857568675 0.435153755470156 0.573879260258586 0.480762849005925
0.59820868544051 0.694343131458613 0.381035124639604 0.121845058376062
0.226426939200307 0.654127664628425 0.368288584905843 0.620653975899772
0.95534980117164 0.0271695956131094 0.274603019275644 0.105649194413537
0.713531808757886 0.16287358613594 0.657910706179145 0.177476915470086
0.485971923888651 0.21696422900982 0.765388429421948 0.361854065376003
0.231214422126329 0.754275898398912 0.0598219178564808 0.611579183948632
0.107128830585586 0.721444857940221 0.0817560437768559 0.679232419658349
0.347581972346715 0.661791974136773 0.64030497575802 0.176713591687909
0.119014784564994 0.293742037252754 0.686493365839922 0.654429488381541
0.666454814148063 0.524439316919514 0.511202065229661 0.139548672773319
0.557450859041237 0.748771756671365 0.114728316495366 0.339745212710354
0.0961961347635854 0.0105026945100403 0.990305783799041 0.099651651460184
0.126840703627045 0.160518556265793 0.524787094045819 0.826283084009764
0.294240838463349 0.624984832217274 0.169593437605012 0.702890001636135
0.204109647379094 0.308350863246464 0.287590447234378 0.883487822010849
0.359799254801587 0.0908999149683111 0.512575012928503 0.774305209736007
0.0886089046301477 0.566945580614876 0.720545695994109 0.389275057800871
0.641319121516071 0.0977794603395057 0.280367436256798 0.707490679938867
0.562828212785164 0.473903512469038 0.346543164332367 0.581848518960972
0.335057133353273 0.89711698742322 0.13653315379649 0.253528156582574
0.124151757528941 0.721311565865183 0.679771809652749 0.0469707659402993
0.32294795647271 0.467528843243402 0.635897038644933 0.522260810695376
0.612317821134462 0.0315649462405775 0.351555774030178 0.707445459265954
0.11352652620963 0.561238432185555 0.525575737875171 0.629200519581511
0.346117391583739 0.860393181055475 0.374063444158744 0.00169262535959358
0.536785916914959 0.606113847910496 0.234073835728719 0.538234449102009
0.313210464356434 0.190605824585514 0.832275961699767 0.415794839107499
0.284317963382299 0.166740531647607 0.758556973934863 0.562096262306376
0.0880328732152461 0.516484518452335 0.707718786945262 0.473949442490711
0.120898020146647 0.86692579753861 0.12409753602091 0.467357605950952
0.149380528122826 0.599873750560943 0.204401712383913 0.758984111283113
0.468127648049149 0.771294895111738 0.113115255243736 0.416131744688734
0.584234771176204 0.454730839487775 0.389057671843572 0.548200441213879
0.296536400707235 0.747208737202658 0.0322721457030007 0.593888688825887
0.239598887595755 0.582462618760352 0.674078588463916 0.385937465639453
0.500689342604995 0.620527218058745 0.580522698790699 0.165074377293439
0.654313361162495 0.751797835113994 0.0346892574913873 0.073964153052988
0.123648388924922 0.678751752861263 0.276862463233474 0.668845505596267
0.568820470508295 0.19639660094574 0.552362315362883 0.57686005238241
0.408610378976906 0.482983231258324 0.410429328867073 0.656743878937095
0.662428143650044 0.304430829516524 0.621567197357904 0.286644455220887
0.73913393162052 0.01626908464974 0.0155669401305331 0.673182009850846
0.779293062113762 0.524482522615746 0.25121830388855 0.233473275993935
0.102272503431611 0.0667910942513076 0.925312201809867 0.358993891246522
0.713808762847682 0.441599999630296 0.379074672613101 0.38957525972738
0.539103933339826 0.245508674330637 0.433515361088892 0.679085319813283
0.355899502881245 0.673211065678558 0.500030705983468 0.412421747693422
0.783667614473112 0.404943405726491 0.468615421205702 0.0478068529904948
0.544212117142424 0.273660348150881 0.792625207628667 0.0262386287163007
0.00236074826416877 0.866468313562631 0.440612891690695 0.234706983567866
0.318529151265633 0.580038238766985 0.675150658244972 0.325985291130552
0.0409413459335738 0.842801190571289 0.478997203701984 0.242015780912
0.126819942393613 0.407253177813796 0.453020497884584 0.782837134957361
0.415002771540558 0.269432106595564 0.829127597046724 0.26024309282795
0.50412101150083 0.261972925824293 0.59530890525358 0.568189668353995
0.710424604072387 0.194483919842622 0.617451803447769 0.27609084966789
0.405566615856571 0.112870125265094 0.323273153314337 0.847508420767307
0.409833101897236 0.619431510897164 0.474016444113583 0.472916316706097
0.499386154565642 0.166638489676371 0.848675579130849 0.0509396090820854
0.514762125297524 0.342987391113555 0.290177715269266 0.730189357261116
0.456225305165689 0.143181106089556 0.134252807791032 0.867948054543398
0.594147491670412 0.32935635936107 0.433723489871706 0.591943477896063
0.531286623258079 0.481195219480689 0.647064624360553 0.259794258206561
0.0358898353230339 0.534583493958944 0.631436326776725 0.560553809133298
0.291788039293109 0.460913400135496 0.626335982590649 0.556885818290631
0.498278419134713 0.577530287431838 0.50797844130984 0.40016907337766
0.560531276077832 0.054431581566963 0.460283906699149 0.686280275616636
0.0804819537034061 0.0375599095201028 0.961375552368095 0.26051670893412
0.314256799575122 0.565449725506382 0.282187515207895 0.708434526337017
0.812234306354274 0.335199769573912 0.263413941686181 0.398157809648557
0.535178207741336 0.452780401838812 0.692027810359974 0.172254762946731
0.919757607027272 0.119461580851959 0.304382542038609 0.217085566350991
0.0989878904739987 0.580171403966837 0.379825666808294 0.713677099529116
0.238758970803659 0.679479805383339 0.606708625283074 0.336460981310048
0.236190199874584 0.151095608827535 0.740861818581304 0.610334393791341
0.467445354214457 0.509854041553651 0.582782146783495 0.426507522237474
0.468360816477891 0.626101471870221 0.553096553522246 0.287609622564891
0.280149242023888 0.5508385644439 0.662603464755258 0.423142915111612
0.788900165222949 0.175039425971835 0.248843252188324 0.533923931386291
0.774600155653181 0.209111147582084 0.514622710116717 0.302374921332932
0.171370340923138 0.658696647438285 0.614963249756817 0.398209912425578
0.00804306651552056 0.552155817545038 0.824571532436886 0.123048974505612
0.685604210712223 0.0974835375643697 0.720421805753053 0.0378978621180214
0.582204329036974 0.0862004733891623 0.015100159804818 0.808318985804466
0.044497765238467 0.699629708851749 0.68567906271463 0.195914375010069
0.38261557517067 0.636125380397378 0.624474794874835 0.242860150327594
0.129004453761923 0.863973092133391 0.316205910992623 0.37002995666889
0.0043574185435129 0.441382702014556 0.31916235379914 0.838628472676285
0.380013790325177 0.60341493106761 0.672045427871595 0.19958678063501
0.0484888030507754 0.22585881676534 0.742153248642972 0.629162289394992
0.434734694154568 0.842695175550578 0.273726232273729 0.161073078344407
0.451622501323817 0.591519289801087 0.523396973040448 0.414967052551564
0.543786786211903 0.742798083402513 0.0831459899998456 0.38161981445128
0.608589266077483 0.438882417775996 0.228784810342956 0.620208706113276
0.683714934790294 0.287005938398632 0.357417883491575 0.567815054246563
0.0778209440736483 0.540230407495498 0.269805454943601 0.793284327314873
0.566795273966786 0.0905128420489418 0.807873246220236 0.133758591779057
0.701645678167241 0.0921038046349015 0.664718441521903 0.239498695156573
0.587894460799089 0.639066747729646 0.438924692837541 0.230908875804877
0.588102624087876 0.141671108597945 0.403518007340865 0.686467638189334
0.125632800799876 0.711898720632442 0.45391537033675 0.520939005543952
0.294617021519794 0.341543772607542 0.825921471262834 0.338234216676624
0.352723111090227 0.829424811074056 0.290687174503113 0.321157058550789
0.523432641022677 0.740170382412242 0.408352107833471 0.106839278075539
0.501804854543708 0.629712755773325 0.16306884487547 0.570142337494517
0.289519624115545 0.627880554384527 0.652776193171451 0.309560395248426
0.872521156991315 0.428120176096 0.222525043692264 0.0768280570613558
0.175763822422089 0.512273820432902 0.083846402493841 0.836452265473348
0.807303398324624 0.461838878974307 0.180312493058463 0.320083548106288
0.282095101065107 0.187050483684603 0.567614154095759 0.750498929098889
0.725479692946252 0.365353434504585 0.463167550399333 0.354502331833512
0.32919882613273 0.729552079250456 0.0555010793397356 0.596909982096374
0.509112614099627 0.545514010774624 0.362908840031225 0.558136169801258
0.259473084336352 0.677362480740307 0.376780671517467 0.576099048568181
0.630475081135298 0.283642718955875 0.703159595256405 0.166176302912318
0.534081468455681 0.263383224387308 0.548148124350752 0.587298813155893
0.118957455835434 0.633584253247514 0.648387173451156 0.404986655387522
0.190046579602092 0.463995573334798 0.788954652060676 0.355163289909129
0.139779959229681 0.583443034502218 0.683158824814614 0.416352985538122
0.160104085957469 0.167237277586216 0.966876700710509 0.107460784793498
0.576594195869617 0.44469359600303 0.683758435162467 0.0475514595731554
0.758670183547333 0.642179188749 0.0982743776881452 0.0486578752509742
0.577515151936701 0.652645914441245 0.330099551928287 0.362717307918198
0.299135557704908 0.497842414336673 0.439379444567016 0.685285744996923
0.226519096416905 0.19968443397098 0.535663586896056 0.788593524866778
0.627888690110234 0.540600272757796 0.514871859970531 0.220032056156227
0.783453104198009 0.179856255078888 0.399898165009899 0.440379857229207
0.128729967730552 0.61001517135838 0.662903494140499 0.414570915015773
0.546186156061716 0.74961245314186 0.276634801038743 0.251465782712926
0.470719485746989 0.234798871143918 0.133008315173179 0.840000859489099
