0.189647131344344 0.336188834986617 0.825804482625056 0.13337100249351 0.199487050173754 0.333878842975137
0.503911497410967 0.126166712170915 0.607355665805784 0.241880508985027 0.429850621525591 0.343506217233165
0.750754581443868 0.498706307930899 0.062282529277323 0.188162558493013 0.373005711067427 0.0961356047998845
0.312793482096406 0.146026378504589 0.614659036550131 0.515186562309974 0.107599290175191 0.47543243673011
0.452607334493846 0.196107684171804 0.756198273543115 0.304132514105934 0.299180125231135 0.0533592971453494
0.304849065394349 0.483982979214481 0.335886816280809 0.401622938332711 0.59959283581912 0.197977312960335
0.377256691690244 0.377230535426272 0.368109880901697 0.477429814890301 0.271275764340546 0.527579244128069
0.175118014049618 3.50734979714939e-05 0.404369087557874 0.80241056210501 0.398980672610639 0.0526406084526291
0.401674310873392 0.30016069089803 0.442952590303915 0.332374373903884 0.492600674415057 0.446347579252859
0.420558559540617 0.582730205855529 0.644172543093673 0.0191960209106457 0.0771966821449803 0.249539425646388
0.495168667021415 0.460466777516891 0.403138195118922 0.297171421750216 0.0491697912455217 0.538079372735594
0.0592032104383498 0.618055219875015 0.280199019225258 0.536688933346185 0.292627826504926 0.402895989881981
0.0806106959520874 0.156388884990154 0.625301094782699 0.133394257644107 0.347801721882765 0.662784208846421
0.0619945934141137 0.478807111983075 0.195008651747171 0.510227986788572 0.402535475316411 0.553628610401475
0.212356070203301 0.411942533350812 0.35231447982938 0.393224531696333 0.617410384669816 0.35392321277496
0.496500903126738 0.658665700705745 0.0454463243799966 0.343162804139929 0.157811453315056 0.418229380323646
0.252885631625295 0.713641297883646 0.225589233162996 0.0768192834878628 0.603478518347601 0.0760718655663634
0.106783979750074 0.211255176510899 0.0734780305377815 0.702854604375601 0.0345972397463483 0.665858729164321
0.0946473387185285 0.0551206095050703 0.433579905506757 0.319592527244154 0.751519124587659 0.364817333923067
0.0759271014492382 0.401334346125067 0.585043283314384 0.52383783217403 0.0394593060126522 0.463602268422858
0.614087745433841 0.610892588533824 0.252564063815816 0.13766621591507 0.377208014438228 0.157098716387061
0.0817080467366845 0.482926372283896 0.603152941992895 0.380591227802394 0.201141689594456 0.45935256681928
0.357374982578509 0.335218935495394 0.403435569406566 0.35570371507161 0.505925768549894 0.463319665297514
0.321718627502816 0.241146405857899 0.303555982400596 0.405823169806717 0.366710466138391 0.668603238162158
0.499146728227484 0.565497936078655 0.405498092059408 0.135773561096007 0.478543591351606 0.138555030981826
0.556586572576934 0.4312114188695 0.425544360566254 0.0784925576176045 0.130887508116791 0.547619827317726
0.331404211445635 0.670638143001894 0.237677733590583 0.399463720278854 0.3551948473792 0.313353444721064
0.471339554746707 0.225283709692737 0.346928189559662 0.326479874762724 0.454871557375554 0.541507029716849
0.539236067884121 0.550467593452947 0.355991143253385 0.155096065382535 0.00176620534037708 0.505393201970201
0.635356616902718 0.0627914947839727 0.0659332532185353 0.308415308118478 0.515285014826605 0.476857793135519
0.797285527553144 0.430308584280166 0.0326432642612826 0.378825030244483 0.0592550989445525 0.176309831991329
0.441695808414953 0.402639127653003 0.5838761722646 0.461292510153084 0.227677580778997 0.192995596997495
0.357211476488885 0.412298513151474 0.338613809624873 0.609533104783428 0.21861506278332 0.410399114943446
0.403315760450284 0.350986624265584 0.345986943749889 0.632133204996322 0.246464942841444 0.366197303109828
0.300139378693148 0.217479588745352 0.700096472596743 0.422846612564494 0.438790405145207 0.0338767396554129
0.582148141700275 0.132971591845366 0.364623288986974 0.206795886692664 0.440624385478083 0.523027309205172
0.457748679809106 0.129629506912973 0.543025296998297 0.318655210256722 0.566738131912583 0.236754325626612
0.42632463934581 0.635118137679482 0.185242097202643 0.185466371291824 0.182597250488558 0.559301428332737
0.341170618110228 0.419218517872822 0.484147678790655 0.50364327022494 0.424341415487996 0.199342138523675
0.580052217245982 0.00768664467030356 0.398995892660519 0.334638560692341 0.344934181238577 0.522800212999955
0.0291882128740504 0.610218224851277 0.519605488578382 0.243910117296961 0.521314811341672 0.159783055058343
0.119043317786857 0.334999152997528 0.372881958692685 0.120148279873696 0.770769080769313 0.355024951005084
0.223697561701588 0.461565449065768 0.2138988708658 0.074246861825075 0.545276609874052 0.623157149034821
0.201426001586195 0.262815873361987 0.34791410070379 0.608745655842051 0.0819222150913391 0.626121903700395
0.617323745718694 0.0412404256778232 0.523636649916503 0.516508988279285 0.265769967397085 0.0748336059697576
0.737457327027743 0.217064090494088 0.526629856117646 0.210649897160264 0.214522401029479 0.203242776893785
0.495822091212452 0.792628396315349 0.181972534988968 0.154879166368296 0.21682345092027 0.147603220446049
0.146838642960713 0.203531887808369 0.51515541293976 0.135485342100093 0.389789538641525 0.708050790366857
0.421396016807096 0.486979783999821 0.21271099636098 0.342555836633731 0.439251065672828 0.479316303827828
0.668361939637836 0.0112155824238548 0.0867484225776384 0.171461715421297 0.715402695069535 0.0666416053735704
0.683372613901626 0.511300451189409 0.0432555866373213 0.404126147215186 0.32611704661513 0.00569231512321322
0.950379889480087 0.0316157740984947 0.0740868049202338 0.286726521313208 0.0670222034526445 0.0598797132312779
0.58468174378518 0.338808992568011 0.600982456567817 0.338568425768928 0.221952470548104 0.135219576345384
0.442026875310394 0.162506355793849 0.601983538031026 0.542761662806389 0.109807668618959 0.330411560133257
0.480095374669535 0.137279548132585 0.242296276494304 0.499217841039554 0.293393743600384 0.597207610204681
0.628545437525596 0.304749346355027 0.52016420556443 0.450899207575009 0.186164797955657 0.0593316165448525
0.579173991652844 0.132829844403312 0.280857188074634 0.479010188789419 0.33494687999328 0.47580750977071
0.117895828478751 0.502210362826272 0.139694385016423 0.733546718574066 0.400983801586747 0.124466888875543
0.471989131758303 0.320811088575985 0.410129375186321 0.522088306224316 0.395725404453671 0.277354656228836
0.347265925366062 0.117870895812316 0.628239260318101 0.416702654183924 0.528910229758447 0.132064861518725
0.252943166678961 0.266979844254686 0.550971794449532 0.41056186700819 0.440082636775177 0.446024466908468
0.636424805463524 0.281799794709334 0.0229387812227235 0.221855872813262 0.522406950466776 0.439200529155848
0.3038777059362 0.334241444840811 0.112887104297774 0.54292443212872 0.165482245507577 0.679003818463799
0.337883848432697 0.667750206328136 0.062428023984616 0.475975783817131 0.125603037183827 0.440133887593633
0.31600206408548 0.0363420602264815 0.268739325714607 0.437061130729016 0.473531011243597 0.641363449506721
0.58818518785806 0.347833581668806 0.614753843049883 0.0572298602303797 0.130574624855488 0.367154881684948
0.539295436226564 0.129517431925679 0.301696929841268 0.414320681496343 0.346893523141074 0.55620849175836
0.0149457815976974 0.262152796446439 0.286090894356501 0.633424450210179 0.601268530550658 0.294030874466319
0.101477159759124 0.669425977838433 0.132689141417459 0.398156245632583 0.601536100541726 0.0599229655557674
0.100216410945616 0.438558102945694 0.152460034473184 0.502245075548124 0.156429427701499 0.705449585330468
0.480086392447138 0.0753841129300615 0.396581831059733 0.268903788683464 0.49321176541879 0.539434935337255
0.283495867071878 0.221021718005431 0.668294453199999 0.296825233947229 0.318520999459055 0.484356450087107
0.126873099438301 0.398252832132035 0.501981050251953 0.398533870855372 0.598233558613973 0.237908147516585
0.601425455067787 0.218963860033203 0.158234536987043 0.491262592682052 0.504869596748055 0.262815213812149
0.413870412050646 0.371571210139047 0.393778297924606 0.477115782152736 0.365865770338019 0.417237987753013
0.105306691990267 0.506100395267583 0.299195062482894 0.0438855622986305 0.194618010761782 0.776822433009488
0.642579697028775 0.326534360830457 0.311441236632691 0.0358439172638446 0.589579355642883 0.185963429961532
0.374524630778985 0.0625151622195879 0.290739593378772 0.462248990226991 0.674770347178295 0.319850736871874
0.233056739618975 0.659425839531732 0.239679103609162 0.280253166194413 0.573263178451758 0.214996596806893
0.504004968444597 0.502859652711175 0.497028454145657 0.267341593426065 0.41785408945232 0.000556399425682752
0.509150370093922 0.0216218226671584 0.548417817978201 0.418706192383676 0.514016622659857 0.00288624855461517
0.368681351323112 0.0709737154857463 0.540450701226795 0.539818749642008 0.230454800985053 0.471631354638405
0.501130661317345 0.347133042505861 0.177950415885437 0.0359605230582913 0.0646353351480622 0.768914478213368
0.412018628503725 0.41779122246681 0.127564155577302 0.589411305394614 0.540348293601234 0.0060469068704192
0.276528062571679 0.366743380875199 0.671985885922214 0.393968652720439 0.385788789577481 0.182817402962362
0.447852341397174 0.0367671916188151 0.0374580848487983 0.281741348551273 0.529653503998966 0.660879961886515
0.511958369955869 0.474924304786994 0.102858664648133 0.350251496461615 0.534573258142042 0.305484775671922
0.597959721746734 0.078404707578813 0.589107423342215 0.100489786113871 0.517302943619883 0.107465269599712
0.299937511282149 0.419028607628504 0.515326727877483 0.31569342160316 0.382916453032055 0.471808787967874
0.475790206902172 0.515323973178506 0.364423127092201 0.0653585603122621 0.512675404814131 0.328866012254875
0.300071109957434 0.358202357275701 0.499293290336147 0.107897529706381 0.534560503371196 0.484724459621281
0.421257019072314 0.232441725614866 0.279612401052542 0.425594607467862 0.521398278014634 0.487178959963147
0.414655824564647 0.0438642586380092 0.394011680051166 0.200837549903311 0.641482550158218 0.468033851706639
0.0122409656400185 0.433307951809306 0.421620506407831 0.370361417497538 0.56435576910713 0.422688434358146
0.176059208905643 0.415364925384004 0.444191128679796 0.564450084319371 0.174585689887046 0.50008530684369
0.113513087507551 0.210366254080481 0.391404830408494 0.79792267954938 0.246112919978552 0.303991619821856
0.194983506126496 0.557137884605708 0.709152845205886 0.0805875565080522 0.223400928016992 0.303774131731621
0.591606060187632 0.115664990291126 0.288067619152138 0.366502833601038 0.584684587061855 0.27831732425589
0.0650873522914667 0.536625309772808 0.371025211090744 0.358691856695499 0.648314987811609 0.145482077030687
0.681980943860889 0.161632948055725 0.0278768191548272 0.0187236004895687 0.709167118487326 0.0687829201788123
0.132608853321904 0.666188952492236 0.231181848647577 0.0316906756825124 0.0724929438089471 0.692027888619046
0.635457820403576 0.328890598829026 0.0993410376994422 0.271742224570549 0.10288184676952 0.627476835994255
0.133337110210797 0.376474792777505 0.543260525558955 0.405589118785193 0.579431904557689 0.21239604873179
0.659882983154564 0.531134107281566 0.258316769393246 0.39079109872042 0.119058297360634 0.220977135165512
0.0172173968793794 0.629162403608275 0.305632881828853 0.318082125548489 0.047135374888992 0.638003754311975
0.617908115106409 0.461855011025921 0.41589619875383 0.147229070054766 0.0308383547937537 0.457473997886688
0.329529290844834 0.191407114195951 0.069874086943604 0.255973441492361 0.572569342563185 0.675672494846131
0.550961516658771 0.416239754166632 0.256060930709093 0.238845630864913 0.492031854660469 0.398090558281508
0.247303746114786 0.027082216243375 0.427761804225817 0.0533292509528075 0.604131807465534 0.622340742493736
0.400464837244396 0.0684082287261546 0.481512221501078 0.164631202919009 0.586237102857329 0.481992567554057
0.472977400724176 0.474698338597425 0.550176457521156 0.240015476139067 0.112378873286393 0.421928064223199
0.38215575371089 0.159555793946104 0.41747622142217 0.530715602478741 0.0117734039236798 0.610258035028326
0.278894785340869 0.303609325435706 0.481635422420601 0.429366239169533 0.44493361109511 0.46448370312332
0.324600170944456 0.0609731677528099 0.0836355917314946 0.430988016322469 0.07607575318479 0.832096087718558
0.487036547490128 0.331768313492423 0.437763476956315 0.398390489041739 0.465472315732814 0.292760768105673
0.616539360906363 0.202908222571597 0.484487300147414 0.481910874009656 0.232815133863748 0.239871942121485
0.29280124180852 0.0364342335992359 0.408189569865254 0.185775560216146 0.317101005822687 0.78182840048393
0.589226218928193 0.0410051452569544 0.447283356268336 0.12105278164142 0.25068742268074 0.611204286930268
0.648368242578977 0.146215581166001 0.554720013551507 0.255297912138257 0.427544655416516 0.0505358891024366
0.209491067385081 0.116193683711304 0.558564176772249 0.561604637317755 0.529600698953122 0.186391823827533
0.279009092821253 0.487678894311351 0.444473663998597 0.472523105472236 0.338868650925986 0.38555977019453
0.245151658871931 0.438573833530659 0.221854881360926 0.544015761528186 0.286552784362347 0.565922628363619
0.569835094813438 0.227090349497005 0.177575480386412 0.556154446718305 0.341546691756309 0.407704519714462
0.412268302340962 0.182052333580609 0.231312367746295 0.55578458952821 0.449523960394528 0.482097585893703
0.115237787981605 0.452617272677867 0.562400524588315 0.488855275237027 0.408562454237302 0.244255496351805
0.327711137248557 0.420654802354042 0.00234384416571187 0.521421986461594 0.481915931669878 0.459919124424573
0.128807259377994 0.695528128491629 0.248743718800187 0.656731213595909 0.0454893570643307 0.0664131481608359
0.333457638448949 0.209351302841158 0.199816480545484 0.660119940404648 0.599155139494171 0.101519419615464
0.360112877749059 0.476516894268677 0.287175982736924 0.384879989677703 0.560859961119055 0.313183360436232
0.571048526949179 0.492934673221809 0.609942047069874 0.127788561738405 0.0430791763927271 0.20175221206036
0.366197928764095 0.524943016131546 0.171126805530095 0.550056827845382 0.0896850464956247 0.500443405180267
0.173843455484951 0.723990341286125 0.229381868546319 0.139807100895485 0.310651183674676 0.526260594869475
0.269976440673503 0.584302040598978 0.111321610528958 0.571372802354999 0.202868658743836 0.453529242597264
0.544829882966863 0.393926179004794 0.114395999234474 0.391101832227525 0.433620885908042 0.440350319192278
0.561672750614262 0.148085137694264 0.128299369864498 0.405917807611651 0.498693445444704 0.482358130270541
0.591357618019875 0.225265330716131 0.0952311755585942 0.294908913258392 0.56562599889345 0.42846083116836
0.512891259236359 0.22235213299234 0.393471127058246 0.585548391266137 0.337114327919698 0.275988348886508
0.460329264642747 0.282742478554827 0.484214311683402 0.142197333415754 0.0916645431633506 0.667133936470941
0.304751038088247 0.363184454418818 0.467479832875298 0.463191696065301 0.408331339863157 0.418814317197054
0.22258308918445 0.531678011677996 0.581990804573797 0.564719903303989 0.0855737927426174 0.0532026362764186
0.540836655246898 0.302108509817362 0.636464321245586 0.107593694488789 0.380504874847649 0.23404906652688
0.12695180743521 0.609024498236719 0.336350458227884 0.468071660892934 0.0347018182108803 0.528720599625291
0.593477295928326 0.306722936610478 0.257995519332257 0.43623198012259 0.232517305437353 0.492728539430793
0.744239030738466 0.0974112451172691 0.547108970927031 0.274804997741725 0.244692487888375 0.0435762316923489
0.549248417456537 0.294686574686195 0.245630082131124 0.559261128257923 0.382862930189903 0.302976613750205
0.692380128248724 0.208509500606215 0.505810190788575 0.148790824325891 0.422541544903025 0.143560198122735
0.404993552877261 0.540226898184585 0.39141486769161 0.548078854193167 0.111659815247634 0.279412199448849
0.0601602429907963 0.361858254402229 0.43216939889035 0.252817119982899 0.572161653342998 0.536081622362092
0.60134429052551 0.239648288454913 0.383277606519303 0.658222988489416 0.0272205340186829 0.00731835949080339
0.0891032960789226 0.709966789823264 0.644273428613758 0.155826913132947 0.00273999312261619 0.220522050460581
0.327133723534419 0.28392970049968 0.701883594346853 0.558371848394432 0.0560460197342273 0.0693296089701012
0.41556474119098 0.221032223314502 0.478890257086203 0.510792891205717 0.536099336001844 0.0283363377224077
0.0178080455376372 0.433176399437075 0.252900278854865 0.186474887099392 0.246032488040076 0.807946570479801
0.506983844287011 0.0108934189956512 0.36852646810203 0.0344364500263518 0.555796708457853 0.544923028637798
0.0172705469064718 0.656943746319938 0.347525092713853 0.00245490796282211 0.463742972673428 0.48196408687558
0.415508437732419 0.627966687339701 0.0963876502066617 0.509854511096273 0.350637812954838 0.202043312914418
0.430051750228291 0.627861549018877 0.157440471875534 0.604933822593573 0.122757744713545 0.122651830805663
0.764427490730379 0.0705157489885044 0.513795221268898 0.201566328278109 0.106302364138891 0.307836699963559
0.710550307112614 0.0343350279996356 0.60404062607313 0.232531998870056 0.174683722562874 0.210923577488834
0.127945702967655 0.540844221021222 0.332605330911278 0.468899287633237 0.373859570918087 0.469950634449455
0.375737556149407 0.0314937976420986 0.243697673325265 0.689249213150264 0.566384687686307 0.050840744988936
0.209437039446766 0.316644673458562 0.0960015510461463 0.423720847632745 0.68961665074449 0.437659111377987
0.284149170354417 0.047437013959439 0.523086358571316 0.15996701972232 0.582670975861394 0.527536469507084
0.421774737259256 0.281969194694516 0.754240090920295 0.381446667234865 0.164162392031886 0.0356437736433786
0.0261481976547115 0.50578234058577 0.116041345856534 0.491776474004499 0.419099898146871 0.559058205155581
0.529015632018337 0.124099721001036 0.404047046771275 0.574212944339683 0.460155362922517 0.00492349972223671
0.546318341433702 0.263445485980464 0.502105213275881 0.519333396390269 0.0827260651989651 0.321671139615093
0.0292658584352383 0.295558009932278 0.463658408699264 0.124127091471039 0.549368886938439 0.616113742392059
0.339991125920109 0.583309477413452 0.496624542726134 0.166319355741468 0.262360503925454 0.44835810386677
0.326830360285748 0.0871235431186632 0.604969794029309 0.147640691967077 0.529123839184835 0.466725980660878
0.474078592660397 0.405109801051988 0.463265973992847 0.024742299675418 0.32595235779958 0.538203542783659
0.519209230876775 0.0203371297205347 0.233337025973539 0.706563769460516 0.0110970526725787 0.419769583396214
0.263152781509129 0.582495187413946 0.547805551794696 0.256003446356648 0.191326866077009 0.434988865854263
0.275296183825144 0.0165299121405499 0.569476059830696 0.271729410292367 0.566732970272063 0.45234130747082
0.462039292386648 0.254266715162791 0.392688237721511 0.395121538324464 0.498815893602836 0.403392801184723
0.447214875339615 0.0475641730056124 0.311958423226826 0.468978585566478 0.0222734679230262 0.692806918127875
0.157653846937162 0.200648727007255 0.363565765654541 0.621651043352483 0.194902018157283 0.615035340901071
0.113759413948297 0.173365285627524 0.611109102542632 0.304651542964135 0.401860135458451 0.573798577173081
0.253695295610878 0.334048259248975 0.484824325682723 0.541386390973164 0.446282285447658 0.311012424299415
0.54351834880515 0.526867378605156 0.517850397721525 0.11454878416328 0.0441370080674598 0.379157007081606
0.167296050813939 0.457215596512314 0.287185183410405 0.434175277657564 0.670005310692265 0.207545927525976
0.555005793009703 0.229521277290967 0.55584103719808 0.496850892188614 0.0810924177633753 0.277294978453677
0.329402043816846 0.505295283125707 0.0392185157820814 0.684354102677637 0.335745316044311 0.231446372411924
0.606263508368361 0.512158738228638 0.15178981344419 0.586332894489267 0.0138443545634965 0.0558561410954252
0.118962740337835 0.358870867457409 0.565562493142684 0.451199221772173 0.15373696058402 0.556761028157041
0.54612651433493 0.159384619896854 0.621461472265892 0.0694054349208968 0.532094984296596 0.0467528080404829
0.54580803339952 0.275562247800628 0.212470442122561 0.595450809915751 0.442122486535936 0.17601531000971
0.370430395163857 0.187017107904203 0.435211477113204 0.592276679035892 0.483071404787458 0.232910384538189
0.462805016058349 0.398225804161841 0.30051371521065 0.533530738967085 0.502102347610591 0.0125465565932891
0.522568740914138 0.54708977694879 0.120288502213222 0.325100799099416 0.259991112275367 0.489754484589549
0.264143273412677 0.0422811659901579 0.488431446367342 0.415593457535931 0.327996729736308 0.639980921315998
0.150221994822227 0.491006826829227 0.497633286322376 0.319828331073867 0.0542954272201427 0.619248420141871
0.345579066424801 0.203502971083001 0.632534138898228 0.495508858904445 0.438584580245188 0.0343037819489211
0.53911345498369 0.468326104841356 0.630983198112936 0.24675606068963 0.00373939085944919 0.176025592877225
0.354559128241043 0.795677876223721 0.206625202856191 0.0788590979960859 0.406837910182722 0.163568716187106
0.539780741568012 0.327597473487566 0.633590437708188 0.342798111286856 0.28685303628734 0.00919750577578615
0.585484971271289 0.556426782389315 0.296965856830476 0.261240343781445 0.235322879687893 0.368489469603437
0.717821797955181 0.23909830258679 0.409139772071736 0.119163681908736 0.247905634838709 0.429547818198121
0.223461642785789 0.201579004639979 0.553917040347986 0.706247383478201 0.319654540387203 0.0405255431055611
0.757174804577583 0.441915527140393 0.203608515780042 0.213883236828806 0.251383386714761 0.284606585261876
0.303874166137739 0.264735771352776 0.733202012155282 0.212686486380601 0.0567151475988869 0.501535763865051
0.437984380782141 0.0967140591776905 0.464380792118201 0.235486935557813 0.468953356358543 0.554792939394129
0.269177928768222 0.0245603412534019 0.605326375023029 0.435359397410166 0.481345898120603 0.3732135226009
0.521468322471709 0.517174026773061 0.310849463119643 0.246168600782329 0.0331476702192275 0.549796942439676
0.0904830060517787 0.331967878570785 0.530554384649336 0.554096448139266 0.340783425271971 0.4206732477372
0.477687193323446 0.210196922174733 0.426293006948753 0.521418176382429 0.173814221349792 0.493779478374928
0.551729407465201 0.496004477763105 0.0615646660984329 0.13203809726758 0.637726477972187 0.147156009148056
0.387262169418122 0.344252082021692 0.513473231729287 0.324078479839289 0.593840931089066 0.100944756808408
0.557208542969402 0.320616569744115 0.559906191105914 0.520145482741752 0.0514616253856307 0.00539350579126308
0.368455508641149 0.405144098780365 0.177576025930881 0.455414649286596 0.263350769979617 0.625946820070477
0.435635945354599 0.506585139220136 0.498602771454326 0.267783538303379 0.434355940086114 0.211222607833577
0.435202904736842 0.378106229197697 0.371675516615257 0.047942306752225 0.434286920256779 0.581883001656221
0.437908176043278 0.167231762478759 0.0943271907383489 0.56446392675081 0.582817458971754 0.336268691636423
0.464298140812141 0.355401078998006 0.456655059313116 0.361996398273578 0.388493203292851 0.409408237486001
0.58965467912361 0.229515889715892 0.251522964271338 0.381097092358552 0.457681211933866 0.426214650895906
0.606185285940772 0.659966777490884 0.0993686561653351 0.343963395142424 0.0749584158670585 0.25135540690802
0.527477438390552 0.508018405385576 0.371853147185143 0.438648962029451 0.364317643390116 0.0164265496103183
0.110493462270694 0.280291678488701 0.249258946058775 0.583876059746037 0.261424499024662 0.66169760898785
0.252400542091568 0.216322287145928 0.312402448301381 0.840956074972292 0.205080908684925 0.206489819582716
0.454658363730371 0.302002513732153 0.605781233492098 0.380066662280498 0.00971235398523063 0.436536772267013
0.694696649693296 0.067461170873327 0.493954397151703 0.498629226482177 0.134885048571202 0.0450502722914982
0.176372921214495 0.0910269850752067 0.180051281776895 0.528682685463378 0.804671682317975 0.0344429723988912
0.571954633884899 0.00402423910749072 0.214096416099046 0.476693803766819 0.376406807507577 0.508030864813366
0.466877244176531 0.551284354363162 0.4811556527615 0.477569027416994 0.0365218107240696 0.131127490304648
0.463877656962965 0.321140853428367 0.537800543773392 0.0309025821124199 0.530797870648642 0.331293371018116
0.58862583703374 0.457798705272999 0.00650807666891506 0.0561187703469854 0.405158718990855 0.525922722845474
0.652002390814034 0.224706887076574 0.261352524800825 0.577926587077737 0.267063839131809 0.225327141796617
0.0812401705867883 0.127563298909612 0.0457181816886596 0.0214966382687438 0.974184006613811 0.159815215540992
0.517663806889754 0.410670177218908 0.412021005743991 0.0367604690069006 0.367294172640437 0.50730320131838
0.0512027786597382 0.506623834070941 0.492812960995346 0.481245003469354 0.514248049837334 0.0424044992667213
0.201622270724208 0.433867673624657 0.374783258652557 0.403739789628287 0.630775517611512 0.264123530602914
0.434254924429627 0.0771266791021739 0.31524663087071 0.459720926923173 0.293352759609151 0.639292206649314
0.286345948178474 0.725785796546371 0.33192245192276 0.505431906055448 0.128839446381422 0.0949075697728581
0.113508742014743 0.0746514036066458 0.355427341488655 0.586617576167768 0.48368199147549 0.526446472873978
0.234752443697054 0.435821111221318 0.480328447507067 0.147109029937209 0.532113864275638 0.4684544806746
0.656743587596953 0.248571364362009 0.215620077731024 0.166384272726095 0.299045703970997 0.585914720564912
0.226097205482003 0.395099686085129 0.449303832624061 0.199457155359162 0.708453621097417 0.221839283374204
0.11954054864636 0.547713874980187 0.549277740847489 0.0325232073574604 0.21455198202077 0.580450876291127
0.149099534703309 0.420253987336075 0.324536823088716 0.506924104704088 0.654043313443385 0.105295116452885
0.507813091073197 0.558566110318971 0.254583143533206 0.528536819078599 0.258972392992514 0.137474792280547
0.200443466702513 0.479288060851031 0.176871385898542 0.482684457612182 0.6672486784728 0.14358551350398
0.325106781672602 0.622697692647879 0.38719447203597 0.462292890312662 0.364908389418533 0.0987965374120726
0.681102672440272 0.540569987860416 0.253716428800923 0.40979770224726 0.0270158986234618 0.104149872924784
0.427663886251188 0.548613069596609 0.321908579203776 0.591267692607035 0.0599861391792603 0.243528942191361
0.506968755401327 0.089434978389616 0.420175024094048 0.0246821290589395 0.491851862583832 0.562058317786311
0.0361019223767047 0.278370402757051 0.592342807701116 0.301029139752092 0.565524683569039 0.399874802317669
0.469304115372086 0.611025351085449 0.0392578699562233 0.0470418057543128 0.560132935398054 0.298158767212975
0.599779803424131 0.306394120647553 0.637421552369548 0.274319232327449 0.0529645352402234 0.249046806030482
0.539463943381994 0.0386874084077253 0.538878765588648 0.419471268701342 0.449384833043999 0.19796146287397
0.600130975552844 0.270954375821806 0.369054594214862 0.129133419645344 0.613064523261684 0.194169243554519
0.204293956883264 0.624715259342261 0.42229715270238 0.358673521323892 0.486526082255289 0.155902582184557
0.355688238529354 0.616717176954978 0.253352545217839 0.189420471885304 0.325594454570566 0.535785800890482
0.31709445408841 0.518725198341321 0.152650188448226 0.694225924960742 0.122312388489389 0.331908482105044
0.274111051029967 0.580560363163302 0.124527169183417 0.03069071733534 0.529528347791822 0.539410408980408
0.353927835827809 0.406416313016213 0.329394521811009 0.225197098571163 0.518540641447451 0.530529911035978
0.50480134774848 0.215950419496737 0.501987700252585 0.155721058480712 0.486862014694678 0.430425016720343
0.561446620441701 0.291494517418636 0.292070375762585 0.437180440955896 0.203074261742043 0.531166302183134
0.277883968526624 0.588746379048889 0.594679519373874 0.219509876812675 0.149683495777543 0.389775237160434
0.868674535978787 0.182587948728733 0.323625324306354 0.326445395612072 0.0162579382256911 0.0224036630265473
0.356734283381823 0.0887632021435999 0.113014580394474 0.3511425989086 0.845193803583744 0.120148904443152
0.565322233176546 0.0840641965791893 0.447366245776783 0.0417438431282079 0.68656707691186 0.00951452210872861
0.536670975068815 0.324941621305535 0.220521630483696 0.634806815664884 0.00309667365680211 0.393418524155261
0.276928530741607 0.108039175853438 0.49583681857908 0.133054501584498 0.467651750203005 0.655272702638947
0.290260872276677 0.608956996723411 0.130472988898302 0.673255794213949 0.154447465686531 0.225320698638812
0.545198852623948 0.293776837592619 0.000471362170775924 0.590910038365235 0.152620515718265 0.493948846896521
0.207459495814558 0.0885992661970993 0.527295824132113 0.68990566753893 0.151856655101688 0.414776527394608
0.104549236495061 0.312596170687462 0.628941573035898 0.397601076436348 0.48856300241826 0.314650863039779
0.197622393610683 0.434963321833665 0.207650872664569 0.552586155733198 0.449326185625508 0.470518791004024
0.3844636932945 0.180676854571442 0.412662633014558 0.618304279328005 0.507613934666369 0.096337975747976
0.550193342418731 0.313713589113394 0.382858719517547 0.154873784394818 0.627042369760218 0.187409306828127
0.034677107713324 0.581809513201375 0.10250456913725 0.184065850156637 0.777905934829176 0.103779194536592
0.0179242540835152 0.714654937725335 0.0694239496431716 0.154618345550256 0.506321367542806 0.451507692409746
0.144179771872521 0.473480920877483 0.16499644982818 0.431216711156151 0.549766430070685 0.48950301621022
0.0243731420867377 0.0362749988383235 0.278808446884465 0.369165109462206 0.793024243958566 0.393936028816449
0.572495191573222 0.437111537614589 0.33263877384577 0.0665037100162971 0.218572225656146 0.564214182886179
0.191367567654041 0.44017718724469 0.47929102569796 0.420902310581223 0.258557350700772 0.543959513117394
0.481237849422754 0.229543971524328 0.427034659700563 0.337773917035824 0.52474623194145 0.37935638899029
0.384915326515709 0.192001288801988 0.486262394500192 0.489316897538878 0.163185316817821 0.558984889209551
0.448081783502992 0.498254585554756 0.458730559670005 0.184692006446375 0.525067365911587 0.175284000698184
0.11760550644398 0.549775229570842 0.441875938026143 0.3783813495494 0.584000804849583 0.0665763580117885
0.216209387997343 0.832255506407753 0.0959004732998806 0.43137569791511 0.10041330425715 0.235030949862057
0.505808875395904 0.196496097369316 0.533728128920848 0.315650306480423 0.543982716827009 0.158520148562673
0.528389591160632 0.120329629449835 0.506722108002697 0.406036209893096 0.513937909252065 0.143388797261621
0.458482579210594 0.214856154452354 0.00262053569186871 0.248881734963499 0.468271865583922 0.680002229519248
0.649254289033272 0.560886316783959 0.337674303281149 0.296003019585027 0.0303592909149688 0.247612597764536
0.0815462792379528 0.503989968650045 0.52869643052778 0.650919538329459 0.0835522383647315 0.170725447063301
0.412809160317896 0.508512427517782 0.551907490706425 0.390204043406335 0.063510434973389 0.331826851051241
0.272644819554303 0.63107017877596 0.601284120989639 0.100387192572549 0.343129517956724 0.195082503443504
0.217154398928902 0.239606013206995 0.115063488380801 0.55038129413481 0.511650923156092 0.563459921380863
0.319319171283094 0.412394582342929 0.28803428848231 0.188773419165925 0.531499823180246 0.571729619785036
0.304446834835822 0.541614322953532 0.471102408714795 0.51104093293808 0.224086229647407 0.283991367786668
0.450226379748404 0.469357007264148 0.487634109121134 0.273648790324587 0.3097587008083 0.410340187112804
0.557065614941709 0.324186532447998 0.534702733908406 0.492107575503912 0.0659215010312801 0.228382286995467
0.274026682118065 0.0817925371671105 0.392384756387169 0.0614824833035693 0.488282171031694 0.722533035234733
0.0145521609627824 0.593014089561116 0.617626817286185 0.436241838063967 0.176027750523476 0.212995137339962
0.53448361576798 0.274307991528082 0.441429062790154 0.118355238104483 0.141464805001872 0.640470545257653
0.0313060246231847 0.358335404669431 0.571293852318762 0.649807096408746 0.0105575301941679 0.349110700063046
0.278359474101127 0.000697862136936456 0.0505571155931319 0.205326204565571 0.655865223616879 0.669060126145747
0.460529045665489 0.496138720778887 0.419583943080721 0.301785619925312 0.487387875031057 0.192580324618489
0.195006427321359 0.714206694402522 0.14207368980822 0.166246474328795 0.310659449146427 0.554571162311514
0.242112817734122 0.311752862231975 0.261870148473827 0.422334002529027 0.562053169206805 0.530420387060781
0.156608373833018 0.481129586918163 0.263848908714673 0.564691246254706 0.497918974163009 0.327982290343815
0.743231540238564 0.0371133921867162 0.0506018566756294 0.358298930529411 0.42435739423018 0.367711305455297
0.843022288281657 0.243129971435719 0.398904153430707 0.0542680373194084 0.196926839959311 0.171322837517056
0.737700449283222 0.369600898686882 0.399520805832968 0.27677662038529 0.00579411651120654 0.287988678849896
0.367205829396423 0.171429054382935 0.192228343628796 0.285225023226789 0.583160073038858 0.614321770259674
0.560977012512288 0.0893786167803674 0.48035182752388 0.140933053345719 0.258198413548958 0.600041523400788
0.323663756464204 0.492717224821177 0.442716450092407 0.320560349945479 0.537944007246001 0.253635488535265
0.23294550619364 0.667755146772151 0.121453208156409 0.683851387783755 0.126110139224148 0.0391418643284447
0.408254935095726 0.412602190592863 0.457560826855311 0.453605015728798 0.311135964611534 0.388796002096686
0.219842901948057 0.413080604268363 0.41838857566605 0.657189946502171 0.373388536183016 0.186190461238092
0.419101301449252 0.690737464982834 0.0832949470770793 0.288659286236393 0.299210886852073 0.409202232450838
0.575691723547986 0.203157169170578 0.610420719363512 0.203207771964802 0.434113254817457 0.157939965903421
0.352657275791971 0.170044934063162 0.30699573199124 0.0837856720062663 0.754204372018802 0.420270047902283
0.314525373711295 0.136910857858952 0.531615850823977 0.459321426478402 0.302733801078896 0.545059507124648
0.160084426596448 0.316545043846208 0.532163033142141 0.174207172619944 0.513107234812551 0.545295831934766
0.328553622684055 0.527795548988375 0.365248501523113 0.655712115855392 0.0196125755765041 0.223013173655874
0.400933096865332 0.435661392562345 0.237456239553329 0.393490821548724 0.44987864306103 0.485634139080317
0.220623848791636 0.351008391732825 0.0168058838113002 0.612444645063011 0.409579577578993 0.533846340167916
0.65323804819401 0.376045032249778 0.139079535551461 0.419923565155139 0.212916382066553 0.436872844862004
0.25873909910958 0.567315717525433 0.429941869134239 0.366673797982492 0.0373547431836164 0.538991552290667
0.152496220044484 0.538378185612324 0.107543111870455 0.596272434914593 0.562906193594722 0.0540750570214097
0.220505419625731 0.221071430325216 0.270099265542526 0.419223220271271 0.488177901770506 0.644581567508227
0.381718879849359 0.486619155983232 0.0498273339782058 0.498207063827691 0.594979269769205 0.11313319885178
0.140623157016432 0.63852040954758 0.173193462731046 0.086133061721485 0.608979898220458 0.405272029643097
0.299535198599355 0.34124805643496 0.786848686930973 0.270652321938736 0.0418586765772807 0.315741578634775
0.160961617947538 0.318945197471495 0.161245051424128 0.597769236124181 0.122647946178031 0.6884727834785
0.70361366804419 0.495236229989063 0.0180149387703263 0.195970711671359 0.12096761405955 0.45420993069778
0.536355833050143 0.101111750211701 0.266408719275262 0.154623538958105 0.195591673631355 0.75429482765195
0.409801408237306 0.0984244417562644 0.829485413111756 0.219441236750884 0.0324098354469555 0.291761084941175
0.218767041193082 0.415321348832231 0.00366752782741575 0.640169818302662 0.569849383294692 0.212344042121346
0.44807825450242 0.065073945311633 0.0573296461417885 0.292195111398491 0.801066025293576 0.254204270522891
0.234622092361215 0.0419634344150319 0.426156868883304 0.730035991279191 0.303891896563026 0.36915990260598
0.000332353446991451 0.567705314888903 0.604544462312537 0.478487363842104 0.0722756354273444 0.279396909865394
0.232755564440663 0.735965191547186 0.408170422299182 0.201989325686211 0.311854935430189 0.315473932313895
0.30741405438461 0.530214770402826 0.372091837719044 0.153069111076493 0.357387410001587 0.578585038799803
0.604119411272409 0.282588532185093 0.623195868689404 0.378520107981585 0.0909064349091859 0.123567453625631
0.650411153384243 0.332371693833099 0.252832974901521 0.30046665321335 0.115885582352244 0.546681074854428
0.435180296134647 0.166623536801534 0.257669619603408 0.606222571949216 0.0961460270263539 0.582847500397547
0.271934734081928 0.187852931360489 0.214672415752257 0.0528185331044505 0.876947450190308 0.269910916154877
0.393076625118601 0.212120720601946 0.00433268484537908 0.41347897354058 0.398712215638941 0.685959548412899
0.392842772021568 0.499330830690288 0.259888951018351 0.428616970962157 0.552158362997894 0.200523428820302
0.230112302591445 0.111961719854419 0.213368895428785 0.564950351299567 0.602137213737613 0.45524552973709
0.30563610370853 0.0121628011981283 0.161048685675673 0.535800669982516 0.388539701283883 0.665174038723355
0.026279140252102 0.100433398245091 0.690753055911247 0.0148557188286271 0.0664115041168356 0.712356353795522
0.420450878652923 0.109063039387172 0.527040094003032 0.00940099820386542 0.374577116174473 0.627023649206375
0.0895400648910568 0.519299498997983 0.427768930003566 0.301127226109353 0.434000873680033 0.510186225788199
0.423737583164952 0.312218729806559 0.522877771468765 0.513382515175178 0.1105404433978 0.416874039682478
0.253089284568809 0.234728133122253 0.184068927863679 0.424118233918463 0.385590159020651 0.720007708484305
0.124868800664327 0.552144763375927 0.496024512308593 0.152558602789884 0.593885266588385 0.239853682336246
0.1812260799434 0.205890164838205 0.415828535609064 0.495773061036024 0.505789126147726 0.500239351477027
0.524189071911354 0.316750976399188 0.176570969847868 0.525167543786283 0.457850861325324 0.329072891899346
0.627474517693261 0.0034291142553986 0.537339977800033 0.292034049696794 0.101888379358278 0.471025042909956
0.54413940503004 0.360010151938942 0.278607964305938 0.534902777177375 0.242569199381752 0.389514830396716
0.166715259690886 0.671154273793137 0.137059816126473 0.600867373761065 0.311772152737645 0.211492538132198
0.0216613289603285 0.585924977254326 0.246557093442545 0.491715512768646 0.436334592944576 0.404054804491807
0.436401311883031 0.527654619333519 0.0577907151647797 0.667677109579759 0.175743797348048 0.226088756820012
0.142053606613852 0.56908763317451 0.0235631089771817 0.467100603440045 0.424344955686958 0.507102754242313
0.306679695415583 0.437091132970592 0.318263916128277 0.403381878197163 0.654175660359115 0.151473599431808
0.0481466143664369 0.635956195973189 0.384773180305897 0.427045481135257 0.450990746137747 0.243784175010851
0.609775085587667 0.337148882399469 0.241785130338942 0.32821122432389 0.228014607105676 0.544363534795067
0.230433696883485 0.830217912335448 0.477869029753974 0.149262574817846 0.0213260337945028 0.0809049060398649
0.442132689253624 0.560127565990019 0.295809643792766 0.0403162533538365 0.345168775146163 0.531512526597689
0.302799544305736 0.552185916441289 0.319505088768377 0.0622027076732521 0.183112493918344 0.681116939763184
0.00831259417110086 0.637796848763755 0.41624516967818 0.259305525003279 0.37111167725136 0.463597677857872
0.067154863761573 0.315966437835505 0.593512984729614 0.332538486454199 0.505057732935715 0.421583458903023
0.2373222941498 0.197082881444571 0.28747687232452 0.854134914058864 0.169790900886447 0.252622471251705
0.691037579230257 0.246979892014287 0.31985105514799 0.252832496166678 0.0392725047650675 0.541937910469934
0.196976007090688 0.477831622848612 0.118202153737153 0.473718157586072 0.661256620269852 0.239241369773122
0.113787705531939 0.74414080546232 0.115538224899346 0.335872696477543 0.151002990048817 0.533240440195598
0.084012385024211 0.331496642175618 0.37992972739901 0.791883096903474 0.332269388569484 0.034978734762335
0.52711557202817 0.0425650987506467 0.510747625861033 0.0595053839691714 0.439843449391744 0.512319332132738
0.0497113034224951 0.487818487388734 0.460530310342913 0.390791571953457 0.245706831795411 0.578259321609667
0.627458555387201 0.100716642085321 0.353237297809875 0.292251192706951 0.424988282072276 0.453155085127666
0.196175815027658 0.456506946746862 0.242611424612293 0.549144778812253 0.471905421475365 0.41231230748437
0.173805614156402 0.42791605092277 0.468806829792786 0.667093051767462 0.348715539996157 0.0168508349578594
0.678971900907288 0.15017249460487 0.679695045657584 0.129702309904433 0.189896759586283 0.0397058692778787
0.223174051030752 0.55882371369549 0.296168107233988 0.585251860822023 0.000889872223637123 0.45571188238549
0.77566535771441 0.202796428099297 0.0574458619334181 0.50531612679849 0.304911323260983 0.0748433796890464
0.441615599682903 0.538443709810045 0.637446550607732 0.0799249476230621 0.253424673470689 0.195202116342869
0.640241264997456 0.0839902583662024 0.321728131814037 0.509775394894748 0.407658143718524 0.231239384433874
0.558076378918236 0.470460235395388 0.141647116392611 0.26108136940619 0.614086194551239 0.0434589557335486
0.700339679918899 0.604225253033197 0.224890734602859 0.230808735901647 0.20012846652841 0.0231572479867845
0.593197166919289 0.319545284939874 0.109147389558986 0.290138357158779 0.553360479359449 0.379086656283716
0.0827572960735531 0.424366029615453 0.295173338545351 0.047912139810704 0.23212333593607 0.818389019256535
0.317071530091077 0.375063590684161 0.775730227353438 0.162643095340378 0.359200109338968 0.0394723587838963
0.0060752272561162 0.233597344538915 0.26183228163447 0.276020719545326 0.657209506907068 0.607229326486206
0.514947548648527 0.109359931892158 0.410836158669352 0.220776316826022 0.48678482466999 0.518055431944276
0.0549259079376362 0.34178246384561 0.599742575930574 0.552015322798831 0.255305411785192 0.388039901001827
0.260578411969414 0.473959689956077 0.441189916388229 0.30236563162115 0.32309487012987 0.563025124572333
0.044669333296839 0.859719029421698 0.0125919995922085 0.0513947215785394 0.21081687203684 0.460047945020698
0.480659436320551 0.197424930524785 0.416316703202466 0.164729908831065 0.0419343027802143 0.726481849122722
0.0234412830055706 0.444055384690321 0.654366257041965 0.497025437381323 0.259476191057004 0.244352090422664
0.288385294059179 0.217393154908678 0.572744130631418 0.625624853488382 0.321718688095219 0.215937323370567
0.135954047511393 0.279223224790047 0.240538947222725 0.57846791018172 0.523148641061983 0.487218922884872
0.0319763782598537 0.37690072725416 0.688288723141847 0.58128600370538 0.177114658943764 0.117978668020528
0.589884043352915 0.188757177032513 0.744720857502148 0.169811343255019 0.181152444631608 0.0120949337954384
0.417733002098631 0.348154113726347 0.435765846287202 0.21146555599378 0.427570805819341 0.535594533114301
0.090769088786562 0.607272326608949 0.241101856251868 0.0141192829963801 0.589078720964375 0.466516982673041
0.499454293924998 0.168644528739487 0.37196718425219 0.000986003257389512 0.364171966938462 0.671656646910729
0.0572430537768845 0.0299961684685366 0.48193845771594 0.150269428930404 0.607799556427737 0.609555234233175
0.307244988929308 0.548619855308758 0.566357691203422 0.532583025822165 0.00740229208867083 0.012500537248314
0.605117892310315 0.0983578948131557 0.41642066953125 0.487701031948405 0.389287838542765 0.24769854484868
0.747790016628999 0.462205954655273 0.0716288469694446 0.1931953940909 0.406934246821983 0.138293576345845
0.0484443350677267 0.0505226450726864 0.58285131860808 0.451828976277648 0.46786703606258 0.482012408443431
0.156056174263503 0.854691519291711 0.000638931875004967 0.25721447181696 0.403539068659892 0.12706456879931
0.453862106041505 0.511754484616261 0.506881599583856 0.486172646252794 0.0918083261654143 0.174341531082776
0.0832915626083757 0.632682472895983 0.621914496332378 0.356050252007479 0.096712292267755 0.264334473555477
0.554856427325042 0.103772878661644 0.565678290132336 0.3799600010608 0.463134319977602 0.0501059481108134
0.093447682450665 0.126439709473841 0.57937693003201 0.334460168359594 0.55125604832269 0.473134302738639
0.1389975219847 0.46229324870587 0.257375651897735 0.10437196084033 0.504768337428961 0.659573979332757
0.155667925200179 0.642832683970809 0.373680796603023 0.639288695659285 0.0976706086544004 0.0683133628232157
0.6124611330215 0.435333107811291 0.303786039277593 0.0855331773455037 0.554045878790163 0.169728394472566
0.0215864806271168 0.0936335538878191 0.116706305715905 0.810545120758045 0.162080491377783 0.542118936375295
0.514691981938019 0.107074238493926 0.738982429635238 0.158561974096671 0.381579703537884 0.0823848899287181
0.00589800147654129 0.140097997284396 0.446460976098014 0.660982981269143 0.205774435380985 0.549334817550541
0.802928168228519 0.234071089044313 0.389844916330289 0.0755675859132222 0.282203392324957 0.251373842055549
0.265648943105242 0.0221583608634284 0.233038856743372 0.0288814249659812 0.895849118347491 0.266932122020962
0.222744730335784 0.417756531993653 0.459851936988262 0.142962409886816 0.639099876257148 0.368121662850572
0.520354320439384 0.121284606568834 0.164217840371263 0.411329341822241 0.516867616337218 0.50120850556557
0.586174707551075 0.284941701482499 0.0661839971909909 0.0253219307277952 0.49357656946725 0.571461361245579
0.305262748482326 0.512282414259049 0.233481780936641 0.56639681752015 0.132481662145672 0.501508618768169
0.0408426332957447 0.354179759024954 0.836695904462325 0.381925347766863 0.0639132663836741 0.15125033610474
0.0660080091607418 0.545770214180536 0.0405865022650742 0.477333581232031 0.388864820580766 0.56308734261813
0.257774687111866 0.555558828087492 0.426960220211168 0.183317881516958 0.231416535255386 0.596198382337784
0.258873754817265 0.189793776704875 0.228101390082154 0.445817566992484 0.175766549997486 0.784401220101284
0.714274682286594 0.0912383950192236 0.461826342731855 0.113555966222487 0.255058866868289 0.436180787798777
0.281081087120315 0.259102479916713 0.590717362765592 0.184789598247925 0.364774093173784 0.58112390246844
0.546076994881171 0.359108182088019 0.458512164697507 0.30245454822766 0.519220643868634 0.039230004848792
0.452377110549478 0.171058043540808 0.85775353169704 0.0620081324363152 0.0259207240929349 0.160736063241606
0.448090823416639 0.0890404014058142 0.706044760204172 0.0704137727197501 0.532476797109913 0.0655559198430082
0.239160573147125 0.0174814047151839 0.308976098413155 0.191504012174758 0.462478954523969 0.772314587000591
0.565724817911378 0.26515428694596 0.510286763749695 0.475485271706139 0.316481732359614 0.15168758264399
0.393282968056907 0.215890380992819 0.567177038691836 0.313176310076763 0.426240403383025 0.444150621459055
0.0416017137118696 0.25138037476428 0.339882205561508 0.55030170099838 0.232106765089788 0.680332108914532
0.385777619980064 0.0858619204574151 0.48127416921291 0.75918997496887 0.0291079016643029 0.186980866812017
0.719136201389942 0.177743615113622 0.213808312640297 0.391633310199709 0.197420337712569 0.461719500543532
0.597445013923608 0.0234504432791807 0.533922003154803 0.454381039608241 0.0148247495023062 0.388271714449714
0.022760668568485 0.190094931700738 0.513845200077734 0.276764972921698 0.561227802502447 0.554737309658371
0.147364581247912 0.565324091043398 0.54108107853058 0.462420002297205 0.360536403467569 0.14867703920206
0.388138560316569 0.54542917902913 0.257498140785878 0.13286715115402 0.386083322673517 0.564655792716587
0.54914502073913 0.0459653459992421 0.351525775509215 0.123737272848956 0.607310680347388 0.43430333542483
0.408388418540183 0.570392371628531 0.180012682361176 0.47445479118322 0.129189801031152 0.483393755247399
0.023046191894339 0.0564185449248868 0.517401302043843 0.330192896942376 0.622557483476181 0.481639433651015
0.238181128400763 0.471290823092981 0.377597419856843 0.113600931945373 0.187212779192397 0.728437438787805
0.481775013707361 0.792435177537519 0.253927960121702 0.121872629416095 0.141428735616211 0.201506554677489
0.355850454472978 0.191412159791502 0.257385118054995 0.106261729890993 0.857905262506369 0.15228836286334
0.526283010341513 0.415443923497399 0.138905623053297 0.0703051675175937 0.581256049479888 0.433977367730731
0.613378384381273 0.142652921496923 0.139746636484524 0.304224274549694 0.700939672338641 0.00437557653169718
0.0105680625542468 0.672345725504605 0.168320733992214 0.404834570597411 0.534932970313345 0.263559025037675
0.573050651688969 0.0389311983470626 0.35061846126441 0.531562757048257 0.284793356904398 0.42836641581369
0.363581951787104 0.143933514236304 0.0371605376869053 0.58741479645792 0.567430248116514 0.422702226961037
0.579489587506468 0.547563400812051 0.434081890214394 0.252432901705655 0.0930217914245199 0.321813034396153
0.45681538188908 0.499828151967457 0.219735423995883 0.534810603823311 0.371548913813256 0.262938950127238
0.400926519712548 0.378009166242196 0.470640308749288 0.527089707276033 0.302969539531797 0.324423480050374
0.398804507017899 0.288976936833859 0.540386914920239 0.501854398304158 0.397888362745357 0.235066567248315
0.397728066163812 0.43602990629627 0.349608696815837 0.452173860828061 0.357091286104359 0.444396982757278
0.0160251920275278 0.613790152622576 0.641073863016656 0.133118680727946 0.0706163394446416 0.435111357431208
0.236487164338575 0.51195555817371 0.441533753015526 0.503250236956735 0.267241671948155 0.402919793859168
0.318161148734899 0.557476459419479 0.508122653673695 0.122636958611964 0.179142068002525 0.531670147089904
0.26734292077451 0.000345284514604027 0.273702400726902 0.621273439323225 0.619222774322051 0.290167380453217
0.425161373558566 0.699153258325139 0.522245241182063 0.0851950951180063 0.217630096901777 0.0553296716073908
0.581865672966754 0.645249773026968 0.315802249286238 0.274701096767358 0.263852458618897 0.0165890292940383
0.671821905141951 0.43380078042164 0.0378499362789563 0.363155482261268 0.425385971919396 0.214952235621012
0.542276177897826 0.200510138545593 0.477803591866827 0.629687456579889 0.0410058537446222 0.198111548902977
0.136366523361794 0.623310786733105 0.424756104183505 0.318804602123349 0.287125686084941 0.477904334006767
0.0705746414719084 0.164856952399203 0.456517274687647 0.731337202463675 0.224671752244408 0.417255177528757
0.50738356386551 0.116579696416881 0.140730990104195 0.157296776788477 0.452483048588711 0.692591291223473
0.438569623940431 0.295305674950237 0.618727849746598 0.110132590933982 0.359261787984227 0.443202968576961
0.562444432722423 0.477203419086743 0.110874683256674 0.585289905817264 0.211737072192959 0.237156277445441
0.501284469867796 0.0714920221450893 0.543811240470814 0.465746143311256 0.460030514754303 0.13901280970524
0.518064754218517 0.125230592342051 0.482621968399829 0.51143951973058 0.429617633346951 0.191991019506538
0.315029737222092 0.187877114248561 0.533613924271529 0.447541700098616 0.489977656198777 0.374623754625552
0.0496938889975007 0.372278749132896 0.521216982148638 0.511387388123825 0.0594772024250428 0.567641884923761
0.0739201838673087 0.643690701442945 0.545113585986198 0.349928418912831 0.127240093369164 0.380012270779187
0.783928261404754 0.194754422391875 0.0283917358317828 0.488224514923587 0.0109158517146493 0.32899661468647
0.335019412950592 0.596987324240196 0.515104908966864 0.238045145516213 0.300206105135695 0.345319943728178
0.19892538252601 0.0825787707555595 0.661324749234037 0.549109441086164 0.410956355908059 0.214132459255312
0.0733061431113017 0.0617014544854904 0.588174454820109 0.608068505985347 0.205746688357575 0.482484137409954
0.125455403045088 0.107837296527247 0.636722149883117 0.69574292890816 0.246019363877981 0.150443386840627
0.511851521565264 0.539533178378433 0.530201075368936 0.105032332168648 0.27472622713322 0.281589236836521
0.702287610029174 0.477609111042651 0.102340278471174 0.400589914347791 0.296711329214763 0.140350364764191
0.658937549162439 0.302488656708041 0.498819274437963 0.0358454807177849 0.380003566957385 0.282477682176351
0.344175787910227 0.440221243693563 0.473663084947863 0.4310031878822 0.169733061334676 0.498817106262687
0.284671812409026 0.588445519915594 0.080267319069285 0.116486267606764 0.687099522148058 0.283859442195274
0.761098527867662 0.339882816697742 0.152043448805334 0.437298000162564 0.301224738705625 0.0112074668063807
0.374606682847941 0.607131235055399 0.140381769173884 0.141215259004479 0.650454302542897 0.168291135824528
0.296323129008872 0.45149198364129 0.0721798553600718 0.458352922940908 0.607901536177067 0.351434176976761
0.534396181021637 0.336393339532437 0.00792762032913086 0.531723096827862 0.213224889255965 0.52249697660866
0.241705780634789 0.848257926878267 0.367526353231311 0.090180376591003 0.278030354051521 0.0390871677190542
0.0276779854752882 0.571534568769817 0.598409945716509 0.305418154748871 0.317878288586877 0.346642246536061
0.040549482849997 0.664873548330419 0.0780006616318533 0.0477180835663483 0.37105156566109 0.640514262977272
0.389643204834724 0.418809293554884 0.444147708165218 0.506761770337552 0.0622886672537577 0.463489365515401
0.37932181613192 0.304628053711525 0.0851980841150617 0.753611797748899 0.361407710690578 0.239816013036037
0.28796578077321 0.551920581202602 0.130370616776656 0.627950525281246 0.328689721450351 0.305129625310015
0.316289887056107 0.211454428923632 0.670100790830379 0.515671750213701 0.335410037956636 0.16671956823535
0.100972260120726 0.480597405631794 0.455109810641746 0.359075756753462 0.0658598514898697 0.646863878661807
0.600189034453648 0.356998392825936 0.00644372265628712 0.401727638021403 0.0621886157912287 0.58909356624847
0.446155396198791 0.62528215112014 0.150257272635502 0.272874227445768 0.367937319202713 0.421369352334988
0.291943752485906 0.456004662648353 0.238663562364534 0.427298715899016 0.525032095771257 0.437750388723955
0.444917984316647 0.609142843259168 0.233604021159909 0.582779217211392 0.144145571471255 0.126540836283679
0.175424283235894 0.313725718535924 0.450712898393735 0.107107734837595 0.558823463605813 0.586433838777549
0.541167749130738 0.564246160477236 0.563339278470705 0.0396324737117082 0.215562835075677 0.152887298953183
0.494169257208229 0.440641886400619 0.463131270277301 0.441818910179744 0.200924363559787 0.334015494261243
0.542913727533793 0.268749031037026 0.467233911916922 0.288257786996279 0.346486729572333 0.459962508029849
0.111400741492453 0.0636463990491176 0.367007675651825 0.249993322582007 0.849583320441405 0.25407852523939
0.411677198079222 0.261854920975468 0.413597918170141 0.595278254628977 0.442180087453164 0.202512263464929
0.555226805837401 0.190996286188668 0.12818673638612 0.53913903220594 0.258362738671986 0.530461659853341
0.570594936576193 0.700316509885038 0.254334842135058 0.230793131821226 0.179461044414578 0.183902844605417
0.582247440728317 0.316128329032564 0.477038946611198 0.0844773525880881 0.55730476709802 0.125537302161596
0.346041801060451 0.381491028251268 0.626230897691448 0.409436846947677 0.362928788335159 0.207842952775192
0.186858200507011 0.384203239289953 0.391222119560243 0.379585795442726 0.0948469920622914 0.715077484601513
0.54216799925331 0.350393902930703 0.185512644671081 0.24816572998221 0.580405810937154 0.387821991556145
0.536349916901913 0.221554007682271 0.421597011689992 0.491589200780685 0.370308600202365 0.32666518998093
0.491260651806058 0.272632567699482 0.571588213621068 0.122700256136147 0.520407621386482 0.26784682901453
0.435634381006853 0.495643607440361 0.440103553915855 0.362368856848474 0.409955707827111 0.267383790692739
0.283651435626263 0.157461617298233 0.36819689505404 0.797573740797519 0.284243507616182 0.205573599924333
0.430438129245931 0.412411888256971 0.599362312177978 0.473850680143141 0.0562486098474665 0.240220517180279
0.522375430784802 0.398982602727393 0.445082485111059 0.534597458052462 0.0990866865117782 0.272444049082734
0.262329218043724 0.267775530475314 0.479760052661732 0.611057342036155 0.420290655249629 0.281557504539999
0.259116161686116 0.580899403555814 0.10287788967153 0.300915355705772 0.667059143084424 0.222065048682201
0.338794645634602 0.379941139154582 0.628892206611025 0.110515457908745 0.49871665207566 0.290560743798648
0.421687576967353 0.608499423291021 0.0381534531717193 0.0809313551693291 0.56181571118935 0.358141837416728
0.47413050238155 0.12629671813387 0.229443214896947 0.74219878900854 0.0268857997219453 0.393730019436359
0.146421053115566 0.596672096187015 0.0431055642262435 0.587718087392435 0.193377325826342 0.487727233991593
0.128452205142758 0.513979335170605 0.0530716146431902 0.566255305825536 0.0846458821208733 0.623457040216179
0.232408066311678 0.574077728527068 0.0323547653373988 0.611961368336857 0.388538025646572 0.299859813533551
0.409444964044255 0.527094651638992 0.422629303729077 0.472974655889225 0.0730905509757747 0.38322743574328
0.558888719431214 0.414125582601635 0.365520470547226 0.390112840643286 0.293350801022918 0.379862430154349
0.421651773483078 0.613611596276921 0.445229853053298 0.342406660592159 0.349153559178477 0.0911616129647226
0.727641605406997 0.329196323375127 0.105339610856715 0.155020980737191 0.564518524365911 0.0914241342348778
0.41233919870082 0.501768681042218 0.397019239423858 0.387744928522978 0.459648625362354 0.242811266366348
0.106100371012372 0.36771056527445 0.375075895435562 0.640368013137227 0.54143719565227 0.0981034914499909
0.154740937874257 0.624029958033944 0.317581806004791 0.452838180677537 0.44930155112157 0.280801261388005
0.490946383244937 0.127029321785805 0.0811528799235205 0.155066962766265 0.830077254633395 0.152234682855792
0.553709209425179 0.542734082507253 0.401281073453897 0.278429214678512 0.00434440148049275 0.400346881790936
0.022490321265732 0.65043537857401 0.00480897244911838 0.500236272770117 0.515211353045244 0.246426075387695
0.734454531328973 0.307151831200359 0.374075948575515 0.384514944027909 0.104129309185652 0.260013121756703
0.22328038918682 0.568932499679835 0.0984800509919742 0.505328054273676 0.578756203207998 0.162628942631678
0.0537411067536866 0.543278507362836 0.490454113967919 0.126624160894568 0.215555512226544 0.631598972450826
0.455891607543761 0.419431643403471 0.111364528157116 0.392583365611226 0.56675923069086 0.358469184203382
0.477969909394351 0.239643671135516 0.0915600407661092 0.532032754761826 0.622075198201447 0.188933933363838
0.280248536497777 0.463282376029955 0.720745814762758 0.249173899974592 0.180889305398385 0.304215540557684
0.354385596021904 0.597494381061736 0.0970165545720076 0.417380087517264 0.13570501177487 0.56158446772867
0.168068114107941 0.0920628562492338 0.678200397281673 0.540735067731767 0.422069185041955 0.181066148712439
0.587023498545905 0.321661349438484 0.269497107873982 0.0407679401696723 0.624511066818964 0.296028038798456
0.0523378599391892 0.606926905523352 0.561359758166785 0.368093217161711 0.162110462494537 0.389875984268217
0.62359895645881 0.0782600733731647 0.0837910689205268 0.435829880529651 0.295458001942742 0.566335274827357
0.00304627390287049 0.736700742874586 0.180650605989325 0.352572890838625 0.517925550362811 0.179090968912748
0.412768732324106 0.0960172803019841 0.0696286274274165 0.352414323680815 0.578136249265943 0.597592780654884
0.41767191001612 0.163945086250709 0.431667967317132 0.616167263190129 0.324463751363416 0.356925942029989
0.565821831033717 0.398090513700573 0.283703548812974 0.540854353991605 0.209201109185466 0.323408964783113
0.62370191369902 0.572029049075249 0.381237223526769 0.294185129040652 0.127684834001262 0.188649310301557
0.706013229390608 0.462923727639137 0.146565685371092 0.146613362731755 0.469433513451061 0.154603171064865
0.525245516071307 0.355998594897153 0.496338133964404 0.403732510429234 0.334113735363382 0.276403105834593
0.711458792674056 0.0545389508614665 0.349481755609272 0.532005313142298 0.150242267427073 0.25122101729096
0.666998330196564 0.227532673050923 0.457845921040204 0.206876289006165 0.477298739333817 0.152010977477057
0.465625033924484 0.029185314132222 0.217253208557349 0.255472541740207 0.559127119311287 0.597706644986337
0.0508762800846464 0.398484129521345 0.132468844737278 0.583517951171188 0.693130356033893 0.012293007103348
0.375348025123173 0.510131354916617 0.380398546440866 0.353905245692705 0.549825576063034 0.163155507448832
0.638791863684238 0.322393386466751 0.195943165495038 0.247269394535418 0.0481957560392661 0.621408682571296
0.372810181000184 0.137131213541763 0.666128764985876 0.0263805506982069 0.527138916295717 0.346278352117196
0.0822901553717885 0.230095915963913 0.577465752929134 0.643569969930934 0.344653472695757 0.271752058946117
0.0815206702049671 0.674758532356805 0.461858303382533 0.114882349372781 0.237911818661467 0.504918036201338
0.662666618910305 0.150588985348755 0.150680328665411 0.11735580152035 0.545280080491598 0.452093572057261
0.131852781815299 0.539688703336046 0.0546673579645289 0.799905037162111 0.202346157771669 0.0870079958965034
0.143316936503659 0.494367442875576 0.0946836879630115 0.607967348725113 0.222832135491234 0.553911210074473
0.10026092348285 0.605168418811968 0.361393101731201 0.0866510878510457 0.457777160128942 0.525400436576332
0.564456178389086 0.191274626155177 0.506162215839194 0.453446566679759 0.391567988761745 0.172231741173815
0.447501742025014 0.149828445305853 0.143514415641302 0.591662087560695 0.16803730853278 0.615139559327251
0.650251501905143 0.388271954419393 0.211526674408538 0.502873302471844 0.358480278928581 0.0168721953361688
0.0549373535487109 0.130425877175476 0.51545079505731 0.600319694874763 0.467165018828735 0.368313134100697
0.104837852430036 0.0151405760873147 0.0749490889681745 0.908468390880021 0.346453624314517 0.194467196944995
0.0900258869733435 0.461173851451773 0.117896402121113 0.125525257854275 0.660609342616247 0.559600896056686
0.331275356176909 0.238537822441911 0.0301394849178432 0.399627498945192 0.39307983874077 0.719884754364031
0.560884155187795 0.286827914036501 0.217682910406776 0.170885627616479 0.463493856443979 0.558322854644506
0.0415203098838193 0.193435596121822 0.500504777609826 0.0102412170536595 0.805219457918403 0.248737700545651
0.460642955738145 0.510716733233074 0.33494513350963 0.420783888431254 0.485642540640838 0.0433645617914445
0.799830431029634 0.466976644926993 0.214629541745936 0.0653089253941754 0.302650389372057 0.016605438217877
0.13299334699989 0.673252831843088 0.387916468275606 0.546523406965753 0.0861487108015904 0.269174242778502
0.625849187360114 0.340548156422423 0.205898840294915 0.182650083242203 0.574866767876339 0.29344941929779
0.575782403788754 0.016789016022015 0.290648235936869 0.0909669019514741 0.52878412817199 0.543901391722601
0.149807784155949 0.167832723790924 0.658153524592376 0.00552996771165171 0.653351894174816 0.298871986865824
0.397816866757658 0.570454648743541 0.60653725590659 0.151733154833095 0.228475686891207 0.27057660961601
0.130704185792649 0.605872618890329 0.305177303675855 0.455725934104518 0.560937048959955 0.0191075614627219
0.52291709352723 0.323798160261207 0.290291481755203 0.115516114413942 0.574853018059983 0.44004926459079
0.23970565226575 0.463018586034767 0.572921819307647 0.50166854913386 0.282650774191309 0.261443655265172
0.589480596348166 0.337634849060709 0.595344944435395 0.40493122959955 0.136809454630435 0.0373310163630636
0.374078082954493 0.46885883894109 0.217409440270707 0.142224757430639 0.49420593029748 0.573151576036986
0.506624252210055 0.0104989742321604 0.465236785933884 0.471676672991277 0.332595819597881 0.440088069104899
0.0905362261056257 0.134981635180766 0.450019859477495 0.373174662888045 0.67322212351858 0.422584807329677
0.239931131432341 0.0650632918613044 0.585891198020743 0.185228232686061 0.472087964527546 0.581166740159675
0.241490911521338 0.533679036527369 0.0345182677719207 0.481652435906955 0.63069202410858 0.160983901445326
0.595204768897509 0.290340353732448 0.634406054124558 0.389760238530874 0.0142351983488224 0.082746819604222
0.481270011706148 0.165902222157431 0.57495740928114 0.0196774670284268 0.514494161527086 0.381035642787124
0.818288755819995 0.323106511477336 0.167946445264159 0.156259226824687 0.116576968482265 0.399740603784853
0.437742952200848 0.395722802243293 0.181396063459665 0.426609990297306 0.460771721652534 0.473891734944207
0.114077984383326 0.478404965608838 0.103302524078413 0.0782429658744637 0.753737485614177 0.416174641166492
0.74857948082027 0.297556870753681 0.357540427667827 0.0546130548826613 0.110240094041523 0.456199570415558
0.0227140357202819 0.2495562827635 0.567084392437341 0.487729935774734 0.589251158155895 0.174710069914825
