0.552208045235562 0.603102341923346 0.0224946244032886 0.21746822300678 0.302145321923617 0.438455936484611
0.581568860693256 0.486623856779919 0.505369918147508 0.402198540236948 0.00716185038520656 0.0880975042012787
0.28291162590065 0.209913392994496 0.612522594357917 0.204888554844638 0.416237056934118 0.534304073820643
0.011530456914296 0.600343455710007 0.502533772414128 0.28925268835596 0.304376605766952 0.458914322584704
0.405295611129361 0.521710525091288 0.189766039701926 0.454479678629113 0.514738477634567 0.236717061361711
0.531821610993142 0.254304688670906 0.392295539122289 0.402426952538789 0.547477038834247 0.192147207122649
0.261518045353348 0.210449087036753 0.586437014764981 0.642860952807687 0.280915364244748 0.226334873406491
0.16702887169593 0.168341269564308 0.659044887511959 0.450287089850372 0.331353310405603 0.443699143139968
0.384840289508571 0.201350760130971 0.600780847697206 0.373465551190556 0.552775923443202 0.0733515953563039
0.692338270170229 0.0954858839081691 0.13320501228446 0.509144744302377 0.249097247684242 0.415365839808319
0.186630349837805 0.333885411990865 0.185082672345266 0.14260563747314 0.521541354295122 0.726011223396398
0.548426451644622 0.263005893407756 0.132022911663243 0.563660084238294 0.352474065103118 0.413129060744217
0.419436375996922 0.288643684731625 0.558710993482925 0.409882506878695 0.338066621970732 0.382501327031131
0.235103335776412 0.571588276505166 0.169967453887662 0.236793534589208 0.636777648543511 0.357165755049037
0.516303960829605 0.414472869935349 0.453676262996014 0.456668859392221 0.0217815558925392 0.383144131101465
0.556517834569998 0.177267773597549 0.304897817731537 0.209154025914612 0.665058963511793 0.28258189164942
0.810595482046432 0.26489194864175 0.0983835984251171 0.0252939940480434 0.0819608386588847 0.505698054557306
0.298758087050798 0.465665474730197 0.543701704647457 0.202686473076417 0.505675057939562 0.318588538461698
0.32891269877483 0.251375302822477 0.585081077529363 0.651476755597361 0.24856021684534 0.0101430740300473
0.683055877021258 0.360476402795354 0.255171203509788 0.293336797365549 0.353793700985017 0.356598694961794
0.0673123170112191 0.299462469718364 0.655843873627194 0.516541091094801 0.445952160916629 0.0998602324192006
0.0820888196315854 0.471460828866666 0.353134764980652 0.252447744091229 0.318858483673176 0.693456093917129
0.029991485338054 0.513348789266338 0.543903754079535 0.492259841585624 0.187088963461256 0.403013902709672
0.108626182556331 0.520961114852835 0.698235390783059 0.255910020108636 0.271549382952147 0.300063664176227
0.219725176171124 0.328023530019969 0.380890245886071 0.528082027017615 0.186453918976214 0.62081264495662
0.276082360918779 0.450522919133038 0.013812523574416 0.648849423073709 0.546486575579991 0.0310433955236018
0.274140404627701 0.0990261919038962 0.690523568916109 0.236036001690189 0.614721256144201 0.0679914390900632
0.273242632266619 0.326005972156646 0.413239279401745 0.690275512818465 0.0505816697550137 0.411403790791646
0.520411695802643 0.665348816031152 0.0870154937524598 0.191157466343217 0.456774523522489 0.183648526938885
0.75732803362336 0.327202355719641 0.428892230130598 0.0878057212957664 0.350721199038434 0.0687685879313278
0.475869759464421 0.211039031419947 0.506477410921599 0.330990331976438 0.453490283508889 0.396589327102878
0.316030393745197 0.198970414366268 0.0111476292583301 0.689614879210327 0.395855026931632 0.477641508689073
0.111822701277479 0.099669871540775 0.646354073787615 0.584401364977782 0.32221017484822 0.338295225092807
0.104873429399428 0.144875204489269 0.599917029569463 0.0435654058293653 0.542741105652378 0.558253028843467
0.290932739811054 0.384594043598464 0.315744879207994 0.387755710492182 0.560619577112307 0.450668317643548
0.181516313731412 0.231543104818694 0.529229871154467 0.337115548883868 0.526467276885713 0.492484187570906
0.341475005122861 0.629723513830356 0.0686821347800276 0.188439213686106 0.632574196929492 0.215560732722637
0.220298443044409 0.516506971704987 0.335117911602536 0.238263539529989 0.413776916679267 0.586859675262792
0.388245037061013 0.186211506077494 0.582495365392812 0.533348156162366 0.043515459520478 0.434668108559466
0.477282270568899 0.389212325368717 0.0525211774830405 0.275991584492486 0.678839177838177 0.28453987737887
0.585015310576192 0.448689431747063 0.531754959157908 0.368654147507785 0.118046754399589 0.154371716781092
0.511379207100607 0.565477953080884 0.27603280897697 0.39365081652633 0.191012277232194 0.388696827987593
0.590847588295608 0.0133883051866089 0.233783562227803 0.648742596763274 0.0271395957109775 0.417686021086487
0.42945839096736 0.491659761766432 0.0309838395533757 0.571628334906067 0.496069569830589 0.0056744510434128
0.369465248096255 0.384678263848065 0.614693554790785 0.182569335460474 0.234068969518802 0.499549850093668
0.30054080497207 0.55141801781174 0.0421773723108564 0.340870212805342 0.316723207873796 0.622357108949867
0.214449759900291 0.181119303610759 0.620699126334578 0.501456936368335 0.244071243809984 0.474246625521874
0.670439139143977 0.215831084085713 0.649856071961704 0.205592922225598 0.185186609985003 0.0710834677950923
0.319028636455014 0.687750389358028 0.370993469671807 0.327621202045259 0.132821784308336 0.403245208407958
0.0533331990655886 0.0181257279618483 0.383110272995714 0.24743587032716 0.886551520392505 0.0534363018332308
0.448136517875714 0.117343362866425 0.415499534926546 0.622121819963245 0.453001363136839 0.143242937470013
0.272005930935635 0.225085070790731 0.581972425188967 0.132729856179503 0.465101851563473 0.55020053954303
0.353299754616621 0.579135629237018 0.0177457419464732 0.532093254174961 0.325495420953904 0.387808966861764
0.034694941353836 0.69903476668326 0.653512208496505 0.269643427391915 0.0889808578336555 0.049429529252083
0.361604354296432 0.0825080257094554 0.458645992578092 0.494468254106314 0.1935386547105 0.608376943147378
0.470475806434973 0.518923287520749 0.390882226235316 0.28707179339808 0.15057905527617 0.50149571881392
0.357318833320186 0.754465577416038 0.0445511057729026 0.444952141791099 0.315597515591766 0.0594637914298761
0.0744836285188714 0.121905347291943 0.744520218738787 0.566297017975475 0.296453363538593 0.129243993872756
0.128468826127231 0.788209828574305 0.319556774913033 0.169091134040553 0.315517462872877 0.363264935647084
0.202288618169151 0.724941506577333 0.535360709863055 0.207775460110132 0.298623117934592 0.120754415847099
0.217951535720262 0.214347984855568 0.121545874829691 0.15917086421357 0.553854274098912 0.748123485011194
0.393358181617113 0.506879095507904 0.359345935201722 0.304127527255505 0.129019095902564 0.591670467746958
0.0732052234507696 0.446460148384892 0.395905435087125 0.577696221000498 0.508361650869153 0.215426845586782
0.00787056732319436 0.749542167891284 0.336869205974817 0.170061011893369 0.503195910317901 0.206196165972802
0.0323951752662933 0.200641328037587 0.58687192223699 0.442531177000948 0.613803055574158 0.204173757722737
0.191072076641776 0.555276364548315 0.294839315126217 0.250285817628138 0.521603313698384 0.483235337481427
0.0930645135417569 0.504531773933528 0.454050556235891 0.470010265618059 0.55371960325149 0.0557649440173291
0.0712511595683915 0.56543716170704 0.503824960199081 0.202487852686582 0.320872111634884 0.526691803041008
0.419554463680686 0.302811479785052 0.526930870036524 0.254665214500861 0.371293489241745 0.501906257470926
0.567129883290809 0.157079525481343 0.540271805291387 0.219853159801888 0.556908845942563 0.0575605767547808
0.425507037729365 0.681153256462513 0.0811840447793679 0.494032024862398 0.0547730701353335 0.318300835884647
0.332859178792566 0.0268621771381549 0.656651972031427 0.420394296733417 0.421732885749683 0.320470570429542
0.0916289680252433 0.460268748767304 0.0351485168752695 0.0179675457624621 0.587632856691104 0.657940868106401
0.193183068967264 0.584243513376853 0.0740262902643714 0.36851893173654 0.224029910922581 0.655640391720138
0.537921049534636 0.320494976380996 0.394207596017048 0.55416306922951 0.154169837638392 0.348796845870546
0.486977154869375 0.157875279382727 0.534839583330993 0.295059331205171 0.235644850792735 0.556135561047045
0.0472251740523145 0.447339087425648 0.29796477865974 0.608841370326958 0.190735947659428 0.549369182357385
0.169163840702369 0.590671169514904 0.722640452362646 0.13832082227776 0.272016718420618 0.0845943032119243
0.628125082829748 0.358665215473778 0.211529427583874 0.572113221568301 0.318971350994037 0.0549288971952613
0.0806400745276032 0.317981518067238 0.0413495055022851 0.58028686227024 0.720867352194227 0.185182528764455
0.563657589690426 0.212022125160302 0.107836881399478 0.549670616525106 0.202197283155689 0.531682630006183
0.331110189905386 0.554324584348554 0.495293023619298 0.418713209065173 0.261505610802615 0.306706997238034
0.319454969714541 0.640739125644609 0.340533634644102 0.26389220517302 0.0126562789906287 0.549217135129607
0.247774897255448 0.66969747142667 0.344578165690097 0.245881547642093 0.412354557293732 0.375346198052737
0.269242591834749 0.00867437722007847 0.115332828922106 0.847867724873752 0.436164406467152 0.0707986733162469
0.066472484089355 0.710619318668714 0.133721115782177 0.682478324053019 0.0528989240746979 0.064383981061241
0.132406136923319 0.195820164433989 0.472437078818781 0.810366043984905 0.250354496436311 0.0394434472839595
0.0635637462669315 0.281695490037305 0.291899581390877 0.709874716665288 0.55961144723562 0.119644683121388
0.582057061231917 0.317200184265991 0.0951389175476314 0.325771557448932 0.218941438897197 0.630459947681431
0.0416194143670979 0.574142725495358 0.107559063299632 0.504984405244071 0.62940255193699 0.0768256538280345
0.158531439246302 0.909066741194652 0.135188277749707 0.184013547977113 0.310110700421462 0.0126467398282916
0.330171665079333 0.424787462825927 0.281116401486865 0.508200589741373 0.58611778686875 0.172377354435921
0.648670226452002 0.239049750174388 0.0768143936476902 0.0699590231979139 0.680743434704256 0.218805425812649
0.560261463194013 0.503685480581406 0.160953316790595 0.237348151026642 0.413739265676866 0.423069420505299
0.337652894954296 0.0512095562149115 0.117061145727441 0.549932088075048 0.544804384290576 0.520026608362898
0.313366793989407 0.557148490859758 0.23514089956249 0.42668682567696 0.537913741016996 0.254327994780868
0.307787929434018 0.279057549003357 0.600297116677816 0.371901521090278 0.0516508036420438 0.571015148346459
0.210814046798395 0.243127095530453 0.182950475000743 0.701564120845872 0.608601235364274 0.0197001889140999
0.0113389818523137 0.600860178706211 0.187909447583016 0.424289509535494 0.278641618974865 0.588103539283633
0.346189247421048 0.12519058347684 0.0470633394344073 0.307811375403629 0.316055915519649 0.817083949357238
0.194631265810886 0.0289513303533343 0.619548224250495 0.00481640847281195 0.529057687315066 0.545449589210533
0.142505354927503 0.479702769246396 0.0724144714170984 0.842547863879836 0.13830214916802 0.123770892905963
0.27515823423345 0.555833442329104 0.17201388800135 0.550300171630488 0.450977868021051 0.282023113441809
0.397262707211083 0.524611379353647 0.370567287389525 0.166894889557885 0.548449265077097 0.317796518395981
0.270816192242262 0.304125449997293 0.322023323604476 0.203890998731717 0.731680905489462 0.391840264542041
0.502392575846559 0.299483839194177 0.344268328889754 0.418417769302604 0.441960573883137 0.411081341079782
0.483309786170643 0.278166961757778 0.752927130705413 0.333668925513853 0.10196094245824 0.0201132340837217
0.425927648510374 0.502322975835474 0.484694873810424 0.234901912041258 0.525450086365926 0.00717244320412536
0.333454245167418 0.278434987578592 0.616536235140244 0.442914885466026 0.263241356917903 0.40705735108418
0.0893618662425312 0.55707020542775 0.170893704169561 0.0641790773841512 0.467752718952623 0.655416680364553
0.519149484689558 0.44396928349777 0.00494163173298523 0.689799861376239 0.086997860910491 0.223513291719261
0.49613315343562 0.0408242771712741 0.733960963148304 0.205689174368999 0.190464799927916 0.367289668471227
0.404153714123735 0.241228719343714 0.567880643093975 0.320013160606436 0.0716595166778706 0.59028513976817
0.179849483501685 0.169953100361238 0.593916600276318 0.4239926254534 0.0129164612228344 0.637257088990473
0.295999881713049 0.476914807284063 0.154360487744693 0.805187839739583 0.0137103440064796 0.112221859033853
0.60996328122121 0.233723957383738 0.114175434427309 0.483633705204969 0.106535983990682 0.561275690534452
0.236793521173129 0.614278488488373 0.441159924478132 0.283027500338057 0.532807196169241 0.0893342806988568
0.0563215857419963 0.350416265465419 0.412271078199418 0.747073437907103 0.348977586646168 0.155450314728996
0.426079471553411 0.4688720617929 0.492025973007488 0.466193806985461 0.299560050814896 0.22237991312404
0.366121525258331 0.403303548041995 0.389647319513203 0.438529618683899 0.474625183364971 0.365922057449601
0.39243659045194 0.532647732661212 0.21056748544585 0.0344201554465753 0.306094989389297 0.650432440617884
0.327000157552043 0.0508126496600856 0.406410752371722 0.0998447661037688 0.64138396127085 0.551341009592346
0.567796882686657 0.494893470429309 0.202784946002402 0.28877071154321 0.553923269043437 0.0366866021813476
0.26337839730329 0.534620757361617 0.485817893375864 0.525140756178694 0.362961031581362 0.0357759117471682
0.260231413687282 0.510974656230541 0.174516630010315 0.00479243171120258 0.645053047359171 0.473932544315309
0.0937540623714419 0.485425511357458 0.341802718070584 0.688219434327986 0.3663371938545 0.175767520446302
0.450078717739305 0.227579075474438 0.53436075729229 0.231453616948307 0.382118008343736 0.510402335624864
0.518269596946515 0.470005236680833 0.402184977375817 0.0946200387522431 0.16833557039037 0.558076276466378
0.767369022259461 0.241173257789052 0.489725471444767 0.307846075093641 0.0889069349390682 0.102350168496954
0.164711609793336 0.578183723737714 0.57834832797387 0.421408348930884 0.0242453753972006 0.354843689470593
0.386369281424819 0.621914042688361 0.118297427639922 0.00138798555403707 0.650071422917004 0.165386332853806
0.354719844979718 0.464998480349915 0.139425734304596 0.0180253756774105 0.533752498862906 0.594385451750589
0.436905764465778 0.184966331060162 0.45511136376844 0.514267547207171 0.404674994764125 0.373552532345483
0.564920121471722 0.366752766834549 0.188814825809683 0.0722607724374627 0.335857180479705 0.626645801882532
0.51772049402339 0.465459177856929 0.137116869952095 0.61841932907247 0.234786180485886 0.242786306602895
0.613964433918697 0.098844686983483 0.113722957948276 0.0833634283386694 0.459692110521972 0.618124738958897
0.219788664426565 0.562572580860321 0.602852809706292 0.0495544231387277 0.0785190322289172 0.512984059019573
0.0803027404412893 0.544274549527394 0.271441590026551 0.559529724824241 0.0615187872275643 0.55387550376812
0.606897156111723 0.354816159514903 0.621064243492799 0.299298753214725 0.164173105231363 0.059396869851175
0.414997015392484 0.221019014216576 0.229486540797611 0.705311414377091 0.197874852415957 0.435482894834642
0.30766309871027 0.357651854246316 0.413818109569298 0.438326860384946 0.605876696523165 0.216716711662742
0.363665275234892 0.291535102061787 0.443025457527751 0.455919321080976 0.421705074135731 0.44809117258625
0.431370327268327 0.523481102207751 0.478448914611692 0.0643047142956613 0.552556149347753 0.0389925381067253
0.527020603116281 0.342616100140312 0.465053916321176 0.349128708836361 0.375492336364211 0.354546184195987
0.549032281175179 0.620334057114951 0.0514480834357595 0.219863219178418 0.467369862993623 0.210541878350832
0.576250530260112 0.572295501708577 0.142672587606942 0.034376124091255 0.0326193357017998 0.563748151992929
0.51212776798381 0.372791356946697 0.0684162001963481 0.732609580322547 0.130524331923409 0.200792376827467
0.455770930413096 0.16398751366915 0.580673705459192 0.611249055770971 0.0521364601017837 0.22771777156479
0.429692091929895 0.155349994940464 0.632939641660915 0.41292563695286 0.440921904393472 0.160308414601881
0.161399138288953 0.154036865355565 0.418520368719839 0.658216185131712 0.570507238160945 0.12781474122437
0.0298538389161113 0.0112432071161587 0.654212158878272 0.155390728030576 0.192556314109296 0.713977994976255
0.521940144582536 0.103379999181146 0.688215900139587 0.45438109462841 0.0415384031337274 0.187249346986617
0.550232028530624 0.297254923359752 0.110360098451538 0.644478783058262 0.325763852066959 0.274280668041821
0.412125207046831 0.791903234012354 0.270783508395275 0.262656197778603 0.172226794346722 0.176261244566314
0.507086327262311 0.499496741635788 0.390920580677938 0.174374081637342 0.21043285236234 0.515615414530112
0.310442325700811 0.492700300933018 0.562099811565021 0.321180702793417 0.239495890034291 0.429418737973045
0.446337994397319 0.517041510215449 0.388789753781513 0.551432958644398 0.241313708832648 0.14135906365046
0.693370940594147 0.566717375264215 0.0527362919797929 0.0764912055333058 0.427554527415729 0.0814448303075384
0.460227303655626 0.390800642294097 0.256909711742142 0.563428533352779 0.212275452036401 0.45491813244983
0.465993370122484 0.206595810678871 0.430050572842249 0.494846008877155 0.435249801996578 0.347720997597461
0.505475242532719 0.487464626595582 0.270078458769969 0.303309509674801 0.426415920536557 0.400129288064182
0.169950890379726 0.544726922079066 0.560926839519423 0.470303897952842 0.370010832566836 0.0407011459509088
0.393075148701884 0.551843490633865 0.257161583652549 0.561071684704691 0.0896177487366223 0.38986642962091
0.39255973050673 0.367585237554273 0.574608337673855 0.0361008337003152 0.500320807235347 0.359136504752516
0.768287007404594 0.219632677684478 0.106736846900962 0.482009160014693 0.229474829840081 0.255171077498755
0.574328695477907 0.542334633860036 0.1468034375771 0.105166596127133 0.422226714392855 0.406365640641701
0.223509278513406 0.479256341013307 0.33044841894095 0.00106128086622603 0.780314328323342 0.0476364055381505
0.319298992900009 0.454671571039578 0.530605153514656 0.536742043377029 0.325820769903759 0.124614972839958
0.327113514634502 0.28333331612698 0.552626573359406 0.686000050740776 0.137900818457019 0.133079470939475
0.73018127332064 0.298916444846496 0.362217064146372 0.147485710936303 0.186448726467435 0.435623579483077
0.0789414041370109 0.594510262611896 0.0681722291988696 0.503669311079642 0.127385497154774 0.604787987413157
0.363913007811956 0.32619629424698 0.55858386304746 0.482269419879638 0.423303941735993 0.193332221493206
0.458602705569774 0.784900490348949 0.195022563535369 0.306821988291944 0.0155973112768146 0.202972830171104
0.38839673971356 0.408078397534585 0.205343762151039 0.553159688016464 0.305884078709276 0.49081893131464
0.561135660606312 0.399653989820177 0.0856937265135557 0.568118046943488 0.227808824602485 0.378688616442723
0.58050562063001 0.502144442663631 0.0148059594090262 0.617845181887347 0.0566873586722541 0.160308581399534
0.0366138572529882 0.491033123072472 0.650394555328593 0.474065558686828 0.282169410708558 0.173709785645497
0.343814860858552 0.265106944892356 0.334757671112144 0.64339973563679 0.356854444532756 0.397666488975318
0.532081004104884 0.383231469335406 0.58143455763965 0.424398598094148 0.227619664487679 0.00569380702055211
0.150869403909724 0.349375179919275 0.471850460937914 0.0920636697505587 0.572371774111036 0.54446981738754
0.473132617685272 0.507949978293298 0.477154557403193 0.399874896961959 0.301956918071356 0.198438807676305
0.236934264447663 0.150296378289125 0.591049074590649 0.340405031895575 0.142035372684472 0.660215503904528
0.545518673799077 0.264108106045009 0.142093941983856 0.30708231316496 0.719337136795405 0.0268352953691368
0.0430894885140758 0.513643799943026 0.425689266540938 0.481959975925717 0.451133634915776 0.342483599848057
0.468711314207175 0.493176446706893 0.436049721371767 0.293518287991265 0.392031651878445 0.327269820453222
0.586426784881225 0.440118566485522 0.545642231801561 0.377728179834375 0.115165425830896 0.0934461081876012
0.0632215281820454 0.324392304769492 0.150217892050886 0.0106269669137353 0.665815115534973 0.651754981099353
0.347302982751414 0.424285160432878 0.187539053896064 0.383930447337764 0.592540894260299 0.407043663884376
0.610252668152018 0.06216462246166 0.485009240635858 0.617600598352693 0.0749997479133615 0.0379185436521365
0.270625137144734 0.448977339882803 0.376189869525752 0.258487983341269 0.648909198369199 0.309456588592586
0.545683020056393 0.179440918237211 0.385108622931098 0.410954153270385 0.483798026952635 0.344642568547463
0.47236719674539 0.34411326575898 0.264928551818359 0.0628220689610041 0.575692754296305 0.502891036409689
0.144353698302832 0.480886233331611 0.367591696226343 0.347389299147071 0.504916143321706 0.486998098861908
0.0474064931710947 0.0435881514035649 0.425356125395144 0.617304081065608 0.196365604864058 0.628729739059151
0.351736993283776 0.319185096923022 0.364097202465188 0.0780077804629588 0.597483379945342 0.527980667724952
0.17084795430868 0.601340606564597 0.56874519333209 0.533939275599869 0.0181546843433561 0.0175674094557506
0.469362851470276 0.495977234685132 0.00103605397371054 0.427364469831083 0.385751310555267 0.449732764268778
0.506084420100237 0.377117141583592 0.508398396588113 0.0756350426459016 0.493229918643321 0.30691347197756
0.590042186039066 0.495306534237216 0.0400289938386378 0.311621738405465 0.477179770137197 0.283038327110292
0.0755494740041813 0.419884303062546 0.610546026426126 0.557040104605351 0.120695491509163 0.346932153057713
0.0272904526019725 0.53512750397776 0.503401651073653 0.060855013252915 0.507946594357452 0.444710566573682
0.910383587456155 0.224394028956543 0.0110755984687283 0.130897591052165 0.287050228796651 0.145582833404909
0.684024047710282 0.508729969500615 0.14334939183933 0.249242968349863 0.167439364979466 0.403234266808591
0.601353848349244 0.43042521349058 0.0352911987714587 0.358724135479342 0.0819386382035689 0.562552459909615
0.481214853514594 0.37765626942419 0.0260895837772356 0.591480639247918 0.522758786102354 0.0447352823566545
0.322054490945385 0.0363960224328255 0.222209939031528 0.270038469314219 0.744120924923292 0.467912653804448
0.420596118316716 0.40641505558989 0.244235601294157 0.415496084957554 0.497001251681686 0.42264339355897
0.526673342749204 0.526551942434801 0.468366417824081 0.426078081285732 0.168586746309526 0.126598255228071
0.467618362301903 0.400702430547854 0.382122131893047 0.0672895579617623 0.581837151566322 0.362892477402247
0.480179139395462 0.677199953158684 0.344009438957046 0.314379371038735 0.302773358767699 0.044493007603255
0.608384450090665 0.637109122329761 0.0750007884513383 0.180352391025046 0.318314305554016 0.29066170507133
0.0922060259526638 0.780516652764546 0.577894924769321 0.149812666575698 0.131716886143149 0.0923909427343264
0.796627311203516 0.137255608289361 0.303304502396233 0.215750166360512 0.244596612344806 0.384937094612618
0.270031558017087 0.132476455274235 0.102093430954661 0.464823035086156 0.536235039798477 0.628889025166097
0.203640400714152 0.716641925653949 0.507664694601672 0.145243122132428 0.233709510104153 0.333939808658794
0.596403492958616 0.041448197572965 0.191909038008171 0.581939941692223 0.0672168119250254 0.512429162024744
0.0602060715060266 0.487179044371767 0.111847189516537 0.0689199263939179 0.806805616390176 0.301391365143727
0.491732298253901 0.28648510558359 0.00058187018549094 0.534556822371245 0.03306777599359 0.623923728036512
0.412789979057581 0.0927748235535585 0.33855164291239 0.554997369404015 0.563629928518535 0.28404097242895
0.39714883645461 0.1301868736331 0.182813092110732 0.446079278186424 0.580029514508205 0.506441105027383
0.288669801022341 0.0680442834189776 0.414938730279128 0.613639838551374 0.592582779482624 0.110260462493842
0.343119660457084 0.631656850009102 0.0686885430848179 0.358201626826273 0.584075251146474 0.0954363768721002
0.258068539389162 0.784208659340163 0.124001721673054 0.0794502616519016 0.396239813002791 0.373794926571408
0.555897522523863 0.402309034139451 0.366962578037695 0.379691211911255 0.431752693658885 0.252760849296723
0.597654630672589 0.627188249781677 0.0762285178742703 0.365767439058656 0.307782117020204 0.122952851943881
0.506946839956721 0.591383748505717 0.0595556049398061 0.42230906881665 0.254427156307856 0.382942771063493
0.08505623936127 0.588100355347149 0.141121698195925 0.483676056150089 0.126867234066376 0.61396274488931
0.441192404826976 0.236333504908779 0.096082658320407 0.326027355092232 0.327662430223319 0.725677169754098
0.670230208997457 0.178048760439579 0.30114225534 0.0817871736603902 0.469996822698676 0.44812642499599
0.188134063178826 0.485965890638359 0.526306649763337 0.486022134004598 0.149198930175574 0.439279184932391
0.415138524285267 0.794531642977639 0.0859972490031058 0.269735586290626 0.243395966702426 0.238715445681353
0.444089006279362 0.0301343372336857 0.752164391216857 0.0932100406418598 0.472584889411681 0.0640391710592991
0.309734619418138 0.208743375494614 0.498875223682853 0.700320257179469 0.173831479145003 0.301576415123501
0.73328615744999 0.097723622666555 0.253843166742552 0.349273398179119 0.465324726699339 0.223128087899892
0.557026039251699 0.0314111731813878 0.218716042132668 0.454113923204039 0.411283806456711 0.515290983821247
0.133511007407026 0.019134060554775 0.275425752352304 0.738026815331093 0.106846024667171 0.59148093835227
0.280702763168724 0.460294214462911 0.562414246512443 0.253141849143077 0.126208345571054 0.559478389146442
0.017574609659847 0.648609140574443 0.377207360160014 0.179852973024383 0.175651575425604 0.611155753834073
0.0337380504116129 0.453680134973716 0.406564139524948 0.132845511663929 0.509235834537918 0.592260596688833
0.581941288503879 0.195621567045053 0.0346715858924734 0.655873559649532 0.3000911737288 0.318825315142486
0.387748568194022 0.194712907624844 0.622914738115426 0.511178019803673 0.358342551294448 0.184398504624456
0.256802619535977 0.385904220379217 0.694064208653671 0.479277211769517 0.251149031948451 0.103066675451944
0.177626601671188 0.397524177799419 0.468545684991608 0.545328179554547 0.445006240995861 0.308990099481914
0.587485389966778 0.61205768960545 0.413067125176634 0.202057221150541 0.0914808195049951 0.245816985402449
0.52786677423082 0.812334490086448 0.00412849757029421 0.0180698432438241 0.139951745415616 0.203811898836199
0.613372781087424 0.261777419375573 0.390147901337108 0.579562488059278 0.22198813483227 0.133639887895134
0.592419864023442 0.614833636447319 0.097160677879936 0.270231933677202 0.351708046015815 0.254664994190682
0.249568336693038 0.360311866290479 0.510272439207391 0.335670226776341 0.473454538388189 0.458998192862923
0.307003837456459 0.458173601415464 0.551341348627001 0.400714002035538 0.468622449802867 0.108025923558064
0.507022551923495 0.341096265046034 0.382076354303636 0.389684167340708 0.515263708240854 0.251492922342834
0.0550360620528307 0.575780332115709 0.330308499825541 0.590165632676607 0.454782047076429 0.0349592853164171
0.665335795311778 0.31708977277944 0.21683018259502 0.619659693977774 0.148304366515555 0.0616011844295915
0.0245391553497173 0.294341219425697 0.218971510050713 0.617847434282932 0.61737460619564 0.319258042596585
0.0159604237573938 0.35480367320003 0.116744961530108 0.60194912766189 0.137940833213935 0.691996970046777
0.697475997330014 0.464695068951229 0.0363989731569645 0.520407560438114 0.159482514720794 0.00146264528004503
0.429707247801371 0.184548429321955 0.356666332481285 0.692421466717595 0.300555114283827 0.290347759424125
0.453684055906118 0.561117834561759 0.265020012208768 0.224375679301978 0.367752005286929 0.472753596948115
0.625510908536806 0.225418573383668 0.594690246854565 0.32516372013826 0.288079431884687 0.124679093684671
0.0922348838744963 0.552082051719883 0.134042795807039 0.08282230684054 0.788151937487804 0.201711804764835
0.737351742486962 0.194133927794897 0.614749251992152 0.0431695228608749 0.148666753448075 0.12939231747144
0.505290030586271 0.117838000482167 0.172481313636652 0.542541625056266 0.121190168106748 0.62610535480399
0.239241396327984 0.228671894756843 0.127245358518411 0.174695458985798 0.790587664841613 0.467690045197565
0.165250543819115 0.619251998406093 0.559627447543345 0.518120764240034 0.0871016828058293 0.000714639337611733
0.0338142225439586 0.0667104853792881 0.569210246074935 0.559489287969812 0.431846287059352 0.413384235618152
0.217831810160139 0.43952995156649 0.521069418802395 0.247734428520599 0.382482539974191 0.52932423379977
0.41464929284008 0.353362036979615 0.645245027920736 0.448351972727035 0.265838716161407 0.123168073192035
0.354295146260002 0.342725063132695 0.190640501634858 0.589769613950124 0.00693962653924818 0.610568852479653
0.38259764831063 0.420742391819799 0.479739227562657 0.633744966396853 0.142302058370186 0.156724581737437
0.33323541336829 0.605167056199343 0.644758984614916 0.180125566435984 0.163407956765188 0.218781775083237
0.52151720747466 0.0319444516837709 0.500636051280263 0.553567058784486 0.321135558158276 0.258453793139175
0.515336415658059 0.805854051492614 0.166224149336886 0.173165845027017 0.160138869497178 0.0420272668528167
0.509063302610441 0.36457226893754 0.273965384133679 0.0190138886785335 0.501862110825595 0.52977115503637
0.127538812867781 0.348554119646246 0.0514635646188721 0.580710695422268 0.21867728598677 0.688876412154076
0.278174966719924 0.392636283816231 0.557569037236247 0.227879131850768 0.353427302866776 0.529841908584108
0.58855780057046 0.548237837563988 0.558162222448543 0.203527890993588 0.0049446149950293 0.00647075361780669
0.0533860248498894 0.212670512794259 0.759725078213175 0.60687719902386 0.0336414555204537 0.0728512776000377
0.0273274901779967 0.430604143025952 0.620075949968678 0.243217976794386 0.180795951584708 0.580944865038433
0.194919049137887 0.263109971139359 0.936316063067263 0.0554132255268472 0.0373388347528766 0.107829139236373
0.518490961115819 0.501158579437942 0.20966772168042 0.361876086144563 0.513934484273377 0.202394891569997
0.366012448856818 0.473560504460692 0.113679129912304 0.184473844349521 0.663540516311346 0.393110385621305
0.114393829452828 0.209887986895384 0.434592205842642 0.0481118532229925 0.82904634932845 0.253688982034232
0.671497522254936 0.226982684764965 0.18682460995197 0.491395773192778 0.410423765256815 0.229671571029926
0.259087699101025 0.399544645075903 0.542252089560481 0.388132479194596 0.145808165939292 0.554340571736072
0.455568422095356 0.341675481603384 0.567986874298518 0.0599713127369084 0.39513101841907 0.439751189443491
0.243149206174547 0.0661105601292896 0.0389067765429982 0.566116977784607 0.695704490721845 0.361249151097401
0.356026968748762 0.406278472744793 0.747488557778152 0.15747620571681 0.340028507396549 0.0950016572970012
0.22524559511134 0.543001746730547 0.47347488096069 0.483184355307054 0.129199318245072 0.42435300986477
0.469172680559288 0.752063229895331 0.276466002705507 0.355119199632227 0.105244692511817 0.0256583739724946
0.166451345505931 0.24212478654874 0.541088707677917 0.110327664411524 0.558440787476519 0.544852494799773
0.417282959755517 0.410171736317275 0.400444807405072 0.520585141603994 0.46917090792375 0.0784079329252878
0.664131593538082 0.240766314598948 0.131972623016454 0.136468552164863 0.636886664846936 0.243507177313806
0.596108633471909 0.334273490785039 0.00577925164677107 0.133362497194041 0.68722156832563 0.206937891840213
0.333651065602404 0.377262100220205 0.0908591231444993 0.105803050864788 0.686180119780087 0.50602119673737
0.261475788698789 0.417900483059287 0.198274510901914 0.467898139767179 0.535579455810309 0.460329006066437
0.409049328103372 0.491732482342387 0.528918324531293 0.479316279663763 0.112040962878468 0.262346994740056
0.0250869874271 0.109235336507264 0.218331579726094 0.668673396735778 0.663052626929641 0.230231857121957
0.371633808776849 0.556256213794511 0.410204351088331 0.500621390245074 0.160877718667531 0.328171160223791
0.265892734159494 0.802634487147626 0.140139469210874 0.00561492389420837 0.447675706872168 0.254940772019538
0.579700588858566 0.220632204316763 0.147714022837495 0.0140985008725515 0.306884742849652 0.706450431404619
0.397859267927068 0.426288289309692 0.0717835060530985 0.445341863177272 0.382011949818616 0.557288902346219
0.098972823649443 0.531441913261849 0.426784909083503 0.0194672642066007 0.411285216728774 0.596736131393686
0.607154853637871 0.0522385375785581 0.687097647202996 0.273919322216643 0.263327409315539 0.110262516401889
0.115003426285637 0.615906617749798 0.194048782395551 0.405791179382702 0.305773957034637 0.558224082371898
0.290846566433886 0.395800280332444 0.672346397226011 0.205338873233663 0.500317123114446 0.119245370883721
0.666596777652696 0.399297901556942 0.607301178668066 0.044361688859802 0.143782856517777 0.068947305652479
0.711160912222143 0.562065408453911 0.137777869694991 0.213232204201651 0.128709374163144 0.311954830485206
0.677374815019997 0.225834579636198 0.548064555948437 0.0208062288576042 0.376590839646845 0.218022442571904
0.523670811126422 0.446341668181448 0.251758462043255 0.0727464246184917 0.342519692217326 0.58356995446766
0.746203072417256 0.540507287495184 0.0570554040720145 0.220297932373761 0.0737851575203421 0.306271283778564
0.513496565274636 0.521218050654103 0.338882374938935 0.29685168476832 0.501959347709209 0.0986288374502655
0.000323313163097083 0.623336390550114 0.0151717885599504 0.434769795314997 0.188626394903447 0.621785143553568
0.579675419647084 0.347223285738346 0.143580921692122 0.146586925183692 0.556484905708166 0.437759911033718
0.428003986452558 0.0447966877570248 0.0405746227634682 0.591797282995684 0.588547413908378 0.341390482812581
0.47778170088483 0.185164989926448 0.284887629192352 0.534525839151854 0.453644932261507 0.405913801503172
0.657933664031094 0.211339540922738 0.400536004322089 0.494758986477644 0.34229246935794 0.00890012018679798
0.167539608832579 0.411644503325804 0.335280484462997 0.192533494540078 0.60597091407506 0.534599274099169
0.251923989443136 0.298625681894619 0.593209850515532 0.114757104831415 0.486815625114206 0.495278136952101
0.457669558786374 0.243215373382145 0.611359125092399 0.204536902444278 0.560070021580595 0.0459467489855219
0.280076452220834 0.1667811691288 0.0178948703959726 0.797623781317219 0.503509303938623 0.0607921086441062
0.132546289381228 0.195986835457823 0.456993023799844 0.618627595584968 0.505914691560254 0.310689942774186
0.395256925107054 0.403732203930852 0.44831401981823 0.61453569590736 0.0519804895816325 0.315326366574354
0.293853989851624 0.430240364672985 0.513638656047567 0.441607395605177 0.282193685603356 0.435967916503491
0.796237143591148 0.252509860784742 0.336423809177142 0.153797052903916 0.214327351960194 0.345650769868696
0.597584734560209 0.0960302384550454 0.374533219826174 0.545483690883272 0.381676585677287 0.223977839295768
0.223121167513564 0.221165946179426 0.718793263183569 0.0204909100334869 0.512844330357732 0.348151732849039
0.0474262284132613 0.432935151828066 0.253004386385991 0.416948254488325 0.268440798294294 0.707389834907041
0.498321786507191 0.179797783698931 0.766921781217106 0.318043328129137 0.0626778040159823 0.161552065540158
0.020194967797323 0.666885434905371 0.467553589162947 0.2409551549712 0.489116199969298 0.197371673418415
0.216504918800012 0.501914782371878 0.744817072639658 0.0551224812040692 0.157071985874206 0.344593387916716
0.311034681595691 0.498221425000962 0.408544574676679 0.499717130746229 0.482166732368904 0.0769558344271603
0.44220651908963 0.182346363245815 0.487389393694248 0.491787438611067 0.513363253952601 0.168101344181342
0.296882179573214 0.32210188448425 0.374261532203357 0.329092584689667 0.516570022545639 0.541196023161498
0.437009330525094 0.185469509157252 0.0865581449454333 0.345460617791727 0.144383851509333 0.79179660186747
0.474982415998002 0.344661879099184 0.542007678823455 0.119241887782359 0.32801362845769 0.489914279674568
0.399490114505294 0.543559901636153 0.0279957392136099 0.351496445299598 0.367534598005337 0.534354833928289
0.639065399712819 0.211541378803333 0.562712992222334 0.111598541106506 0.279084365889646 0.373975173864444
0.315519142325184 0.554118799706362 0.563225757165332 0.263988677155932 0.110082761464194 0.440872472565229
0.486083403598597 0.224664979004199 0.122432039464962 0.260704316291561 0.710139678683102 0.35495614362102
0.555090751850357 0.0815937928914944 0.37593392119485 0.497186708070595 0.532932441014643 0.112600122997037
0.342142194821343 0.788264874300526 0.446180007909697 0.0674943048147709 0.153565666099869 0.185371821001432
0.208965396758721 0.380942602404057 0.300564170246444 0.589860567104196 0.549690323884736 0.266049685957665
0.0794054487304502 0.472684384976218 0.000947725125097776 0.318703391015491 0.528674063935185 0.623855136555066
0.410075656517365 0.322803031183606 0.54376169588858 0.300765116776914 0.320725847084726 0.488502459171761
0.375599299901307 0.194434111523363 0.395802098063786 0.602858248995311 0.0230639959002916 0.548170799176218
0.531064146203132 0.513088751052502 0.254931645118887 0.326371308463807 0.527554256264605 0.0699209424036989
0.149222563499315 0.660832585846671 0.434497684390923 0.0405901690064574 0.457483449295863 0.375906922103341
0.437267853894267 0.381683820654392 0.463970686788546 0.447264843206714 0.449225603504304 0.214466789946137
0.489418582791221 0.320462923960929 0.416464313407406 0.507807404743659 0.475852208773817 0.00517261401344182
0.0560372923773003 0.548445928519847 0.134908147328544 0.491696667646688 0.556001783021905 0.356318791869035
0.24311137477155 0.77253233489978 0.0763330679871077 0.142477808972553 0.482533421331889 0.291762720323859
0.416335174901272 0.611239326704367 0.404677334861018 0.216298776995936 0.0160231048345901 0.492184783857877
0.52062144826418 0.427786858404668 0.309756477845204 0.245279629715518 0.382797792944428 0.493260974312786
0.195358527491461 0.147479342356989 0.809175547375249 0.504233339406919 0.131605221820927 0.117254543043312
0.436160916535289 0.169519202477731 0.560002544604862 0.352390361075598 0.353751212261391 0.467017299635781
0.0122025821521059 0.253198430024023 0.168570937343735 0.526410361547348 0.266869328360945 0.747661944959762
0.0310480307993535 0.422095419944979 0.630083401011395 0.146743797288934 0.276451270012028 0.570882945340662
0.817283944183803 0.247568819279496 0.20096424772763 0.161565312370752 0.00879574919474857 0.451873090667984
0.178075398045425 0.285269999216116 0.222292826456656 0.687863989757696 0.365667966204357 0.48023551467036
0.283450338289338 0.710339461794819 0.219509605509586 0.438155637932057 0.352618954098484 0.224875071959022
0.312895732434894 0.302671703022765 0.428803309037649 0.360459475197811 0.692774190399798 0.129409083250432
0.42604501539876 0.535435048465632 0.262343279531597 0.276837190961754 0.277702586318459 0.556069600558714
0.0777760412006423 0.583538810336128 0.0278729990905314 0.26673014454729 0.285113071184986 0.707263746276874
0.601014354260088 0.47588238792434 0.282914515289669 0.0148051330347145 0.529154973103593 0.228151042843835
0.619070618035237 0.483882773710562 0.358696924407541 0.0807461112240531 0.232555518899067 0.43970847588373
0.117516718754497 0.536717934813634 0.114022651472142 0.767985312810477 0.128034426253595 0.280941736335371
0.732319899466129 0.314802422790671 0.340955737681892 0.439584805626066 0.144519811031972 0.185028125631798
0.161441013630359 0.588553453983559 0.261712048255852 0.486518767117266 0.0442112786092614 0.56603293791632
0.302219787482285 0.335098575084636 0.375661674337657 0.610523165135707 0.168303155253262 0.504168587110217
0.406219172295389 0.794691858028849 0.0729022413345284 0.145372981388466 0.19049046417508 0.375121550155811
0.30342564676241 0.615511290376477 0.051672835218835 0.474494695041359 0.394044473289071 0.382089497178725
0.196095751940047 0.390701604359441 0.628918782967296 0.45385821105289 0.368475456402161 0.267578846589283
0.588323973521175 0.400357240196228 0.573261013633665 0.349325377880643 0.0738376997958895 0.193598985296453
0.64141895116947 0.052207085911869 0.292814490389504 0.179527631740274 0.460377345181071 0.505903501633405
0.320168494737818 0.125847496963768 0.0104985594490725 0.468026866474534 0.574888349621454 0.576193162457103
0.712193677812573 0.0149534325246613 0.394465645434382 0.138051529904112 0.511427833569488 0.23735366197538
0.0525770281062683 0.737077050200737 0.122556117225793 0.589773675843216 0.161172383322425 0.255193163015746
0.369947550742353 0.431035710700411 0.329426862979729 0.715131317777603 0.0245811460134325 0.238344148957753
0.431969910866674 0.186111241638797 0.493800709954866 0.453211662141703 0.31366755502832 0.480767422888535
0.388380751065836 0.229205913961668 0.0570641737105777 0.822039426684788 0.203574232972142 0.276002597688522
0.044530240205125 0.629232087387857 0.76002557160459 0.121575139800931 0.0893145441245997 0.0410799952058096
0.344196245112389 0.768464400371613 0.0672357535935182 0.317913165187454 0.386552918895873 0.189680847594891
0.250250945465494 0.516617368861478 0.259409037483389 0.660111778045204 0.403178994738828 0.0699074276711534
0.178626766550387 0.405178725410644 0.577212222291609 0.471443310757726 0.0684652776970982 0.493763546320701
0.150293066371474 0.316631949109798 0.717426307050645 0.183180527691007 0.512366488656427 0.2576454395715
0.316799912058189 0.654954692399511 0.442784268617248 0.0706451154505473 0.262309534358881 0.448126359341068
0.019378659121962 0.09130653121374 0.218375914991368 0.666528260259458 0.648238539775834 0.281294184982245
0.383261231748409 0.589696283995571 0.493047948880736 0.501184691459835 0.0500240731920303 0.0926517033442695
0.531976768745325 0.569023445715714 0.319218542290323 0.217412488487935 0.41134196768438 0.273572939945028
0.0456910977947731 0.386737814917973 0.49513106866694 0.275568643410571 0.621688500939704 0.375175614217817
0.57020798099072 0.0548243978328349 0.286570053756135 0.465345768571114 0.488847613735009 0.366355120512198
0.309650808571702 0.203467307330559 0.726090255263229 0.471474640034521 0.304839610427922 0.142459989220811
0.464982017720946 0.362858899010532 0.0216833688026987 0.233330310961959 0.683307977453238 0.360973888332036
0.156851145895863 0.399761492271629 0.113256321422955 0.457153296549879 0.198685856724338 0.744510756656309
0.415315630079476 0.250509823361918 0.530666568266154 0.164006372176503 0.673283070727041 0.0542454209437054
0.615450830683887 0.16558500355228 0.5415253327471 0.0604990443906109 0.1179575324809 0.531956842009846
0.26376131363047 0.906763957114733 0.10440848376151 0.269375929002202 0.0935932703529139 0.126431296153399
0.00459962997701047 0.603838188623943 0.246193560419317 0.120149301174667 0.737101845965763 0.130353482011775
0.414052270493457 0.270247833745339 0.655183829283119 0.467418675876242 0.134573349671162 0.299450781434041
0.592692208595303 0.552986779139876 0.175329718240467 0.162674556382428 0.00455338035338471 0.534506607350913
0.602565395784193 0.581820018410988 0.179386152484006 0.197487301963914 0.467323066533671 0.0939624144285409
0.38750207722569 0.4273601317671 0.261079109694529 0.579676659635919 0.113546610767491 0.500125278164835
0.159917008256422 0.411318598580299 0.257046915567882 0.623229752746359 0.0518920387775665 0.589968080265799
0.155515242616386 0.545130230104971 0.461646703505344 0.123280146129371 0.00136966281468787 0.671066682436561
0.199468547361206 0.215179863149136 0.674740378610029 0.316959852943868 0.491560468880396 0.341379705954837
0.691399313033328 0.245331759949289 0.317542954031824 0.360893336792595 0.455306863864299 0.152962247037407
0.0589832744560495 0.492966546304883 0.308307141909231 0.456895618977981 0.489543814934436 0.458306568166556
0.45404029037056 0.39547284369678 0.543520221542297 0.109631844524338 0.48059977574967 0.314704826160595
0.560388530102838 0.603534568840127 0.174281980523226 0.375843632606669 0.384450529800342 0.0477060245074372
0.0167750269956324 0.610123561764098 0.153932671036364 0.653656210427936 0.203681618398057 0.367450578354336
0.561939836841857 0.107546277220045 0.507686065789092 0.396851459123635 0.350163007565556 0.367160815112311
0.037110311390451 0.0480274130602459 0.338313959887818 0.66185412340647 0.353581056882043 0.564614392725069
0.389889965713431 0.320479165210328 0.603222567676525 0.00741819025957191 0.294483425794827 0.542794561075576
0.297606430218261 0.54112292592237 0.286759780248533 0.373255289815908 0.550076051551259 0.307379319896424
0.246235769311059 0.0607357079278609 0.0502305319100403 0.690129720992764 0.115603556560655 0.665967566230747
0.38729275095624 0.238533760893449 0.584414258798592 0.269566986518687 0.273718544645236 0.551341765314577
0.343947224535297 0.725135417283846 0.397719837956659 0.332760686950986 0.243464106082609 0.166413395194258
0.66188225467126 0.543344694458478 0.436262283297358 0.0943067552693715 0.143975209737635 0.216196713709655
0.450254543292287 0.496145203936302 0.312043083671423 0.308131958581693 0.546092378267813 0.246125389358558
0.585062620702342 0.353766067670251 0.124268666290737 0.0266507007183938 0.718582333089871 0.00614561003424807
0.222519574081483 0.639749597728883 0.0558045785319715 0.621809424148304 0.241513242868256 0.305148707896349
0.342462917074638 0.609204893634301 0.244368859499476 0.654153347703872 0.0875929828811158 0.127605938519647
0.40387377911613 0.60245025766316 0.262134497006822 0.127672406582795 0.249017685792621 0.571764909576368
0.0567125769882204 0.42392414477783 0.467684620495894 0.318463701457038 0.51229642721639 0.484227570831067
0.115106167935912 0.6815556892496 0.568557507584212 0.367467420719667 0.0708175667393469 0.242749541863613
0.580660709847052 0.254030002278073 0.144527458854744 0.291934135256397 0.691189439477354 0.120188730946753
0.450730189714471 0.437186423453438 0.477305706278227 0.358617364516721 0.258425156024756 0.427199736168987
0.566617536286212 0.467423490679292 0.407813458695561 0.194942180332247 0.139377506454397 0.486538269679537
0.583256661344589 0.402416282571309 0.131451484407969 0.631544360935277 0.101947685740188 0.267117388630292
0.658355521180552 0.563450570634387 0.0299608169058128 0.399536689427243 0.287560803329844 0.0766356954885755
0.0766491744107303 0.574606157027675 0.620106340873743 0.249944813919766 0.170360825445273 0.43350383334457
0.371268595715391 0.112645382709882 0.371623133664929 0.484824435191381 0.574435953323057 0.382538229051573
0.130768454617765 0.324873817601502 0.50742572250941 0.327979258876049 0.0269450674290176 0.715247732703904
0.288808163000336 0.379667972359335 0.657984587451264 0.350898191136126 0.44998831753035 0.117810576643664
0.109846331481818 0.160940896029218 0.602015392345599 0.503351483011997 0.585150646497549 0.0620103562108598
0.174481109933072 0.250442513464386 0.506356449203872 0.467495021422836 0.401426690961447 0.52032975391036
0.0628704828350019 0.553124495306585 0.665200534517578 0.170705025346802 0.465075819325313 0.046616741174107
0.0961963750698719 0.563236129003193 0.520310580192831 0.454951818936091 0.436853316835959 0.0704715727402039
0.0017280375074642 0.327512444230137 0.503306111872879 0.493719871449349 0.357894734282913 0.517269386510336
0.163903478614324 0.227576331236684 0.596253559095716 0.545007461579397 0.342498367176969 0.389214711603453
0.546698814389725 0.260756702416485 0.274251264657707 0.0919714315066595 0.585909940080103 0.454052188878485
0.252228487611922 0.623867885812375 0.458585767880856 0.17073409970478 0.551205440951409 0.0623792725966419
0.315893507840283 0.379633441456576 0.0356217123014165 0.601787113377876 0.6030696359456 0.170235483427156
0.534450168605467 0.0276581016308037 0.441021275838801 0.409798716011751 0.529222404996441 0.266621340770365
0.316874787704621 0.364825852633201 0.594881067560821 0.557191325528036 0.31293213348257 0.0649637453943738
0.476279079307761 0.189188028719444 0.76076874355863 0.273966260706954 0.236559579599598 0.166069565306641
0.590045288390283 0.222408373742302 0.0412370301052694 0.265041117454106 0.671240323811577 0.282613188004095
0.0144119024179513 0.235507114288984 0.592157226691981 0.386218351028489 0.473612629760264 0.469260031672029
0.452455268713829 0.316519523599907 0.637792480641066 0.33717230426689 0.410549778991481 0.0780005694613942
0.168747882318792 0.649671896454721 0.556270922333157 0.246585627909161 0.283374297279728 0.314496066567347
0.0917880250906304 0.0386215937128743 0.116859631203107 0.568301173709352 0.701833897433162 0.401111099221231
0.470024948179117 0.036271592434144 0.325061271468459 0.561466016970239 0.513279735242242 0.305607451872574
0.188835956112507 0.653803617851048 0.103812218692728 0.382989928213297 0.0713495425589729 0.611827420011434
0.304268408920019 0.382708291071666 0.330784295256874 0.553302605708383 0.580782764903033 0.0899136018497776
0.449629345642056 0.353314460707801 0.265600661130118 0.483179599282268 0.454864955206004 0.402608966072992
0.29650417055478 0.212184064943331 0.121190498817238 0.676491094261186 0.593834627814597 0.205173820498076
0.566857147479015 0.0240487061135684 0.782562397721752 0.0873559882512437 0.192131359410562 0.145413891378704
0.214416594112008 0.342916757431263 0.730984736595058 0.262726568402585 0.447965618583249 0.179990253430616
0.328334627634318 0.0557827965557547 0.188017800472151 0.521496504581479 0.287798864958883 0.706361923979447
0.337142079215039 0.539591534421568 0.0316016833029267 0.549467659576369 0.519711732020391 0.148870865838791
0.379742165270986 0.34782339166008 0.473650823472485 0.503398776313994 0.214959454831582 0.459185995362774
0.519494019292481 0.314244341992826 0.0709029509954433 0.273986028301068 0.717637191246691 0.190467180953421
0.402940174818191 0.505560881661083 0.503688929348781 0.296402930875593 0.268773528956394 0.41018406307866
0.591057234999561 0.239232302331348 0.247892405523865 0.589705084295739 0.424084269515615 0.0660988022937606
0.598560827675229 0.101314825128482 0.478145106014789 0.533824631203211 0.130577282325739 0.317519032244079
0.600725899587776 0.334559230767361 0.113274758302822 0.511131328495374 0.494139085277379 0.0945445568821164
0.605010826225526 0.397589314543808 0.373662286062664 0.449791980436478 0.346276183828889 0.118495197931594
0.128354307977207 0.570301426721628 0.751216961024894 0.103867022165008 0.275640752204227 0.0847841329633798
0.371084986633662 0.176528837102562 0.407738111911413 0.483089605747838 0.470397304777259 0.458512751118131
0.236561954345897 0.288149378598656 0.390873629616244 0.37137108577561 0.536199226260326 0.531789516112863
0.540762867214581 0.25876048584167 0.461574169815989 0.244386553095371 0.154979486826805 0.586365406121978
0.340414848145074 0.511901914111091 0.138454254209426 0.616233546138946 0.301712608108866 0.36349731732744
0.549799143697456 0.230290780314251 0.164408526160727 0.560769310875295 0.514192733433952 0.19697844420551
0.293988790538392 0.442332836382598 0.323606090470762 0.534666583042852 0.0978686232235366 0.563688503227925
0.0483490341051422 0.53328165457071 0.580848475782903 0.4238355870263 0.352438230086224 0.268400419380941
0.225693777664425 0.542283282851974 0.320540959494117 0.527645906590067 0.362109633094851 0.377771179456687
0.601311373295549 0.0695406653576726 0.641677986885534 0.0234055205091593 0.449469693401043 0.138806576491283
0.395126645121728 0.688609044235888 0.228169637415451 0.477488980312315 0.17675693642105 0.241645182406846
0.59851362200022 0.151379826143502 0.064510790622498 0.768000518094429 0.0496967627277867 0.14969764991899
0.691833618238281 0.269886030656894 0.46243177009207 0.438425504870987 0.141336154340361 0.149972668496657
0.588080996260654 0.00124079581758951 0.0660998615226689 0.644006000134884 0.413521297471074 0.253073939586057
0.538368232806526 0.0832906780050279 0.221347617968445 0.659563276584798 0.46274803627793 0.0711904486822602
0.497771236466702 0.243425392990292 0.41547097937173 0.44273047964226 0.48970047297248 0.290748875595576
0.546002198507698 0.222809759170819 0.0674397718722757 0.600732628755727 0.463182587168772 0.268833568039213
0.0592023780403681 0.631164732100895 0.560983343279197 0.172474259876344 0.239504617482553 0.443073375226167
0.641713573101358 0.303129562506975 0.0534888716085383 0.277949840709156 0.0717934969927143 0.641127661924811
0.346135668571801 0.385142797726211 0.42139918037758 0.420181153462021 0.562636935053887 0.247316260418875
0.384751688198391 0.239322062530832 0.610331643679707 0.364009155273277 0.46777573206551 0.266213397306587
0.461789489014042 0.488919943791072 0.491883194016915 0.19261790476124 0.480730911012361 0.193790644268031
0.592506851051527 0.257768852497347 0.405643660820689 0.169315151276852 0.316324892624252 0.537787144165372
0.308964281888449 0.580970022464938 0.000196685825580301 0.498901434303701 0.558883114391209 0.0759071151277861
0.201219718829564 0.682774074916917 0.432314339102227 0.0552096685524137 0.0419294625499558 0.549206984888857
0.266150406604552 0.522705892318711 0.642278656322889 0.237092722223939 0.359910525465085 0.240150147948079
0.172045552322396 0.208123056289389 0.169921307302237 0.519851267515665 0.55276328548819 0.567819760637301
0.182131840653729 0.17284559144762 0.179931930580741 0.7814304574228 0.332433656923133 0.428288685878346
0.20160024908009 0.465005657735506 0.287805564603391 0.308824703467981 0.537468788466345 0.525404262240583
0.434466839413844 0.159970634574078 0.434633759619767 0.488438146238485 0.592146038185096 0.0867911474938899
0.264361944005337 0.502018659221707 0.410845235163766 0.140639241686823 0.53204991789632 0.454356368572581
0.640321034833655 0.354970394746868 0.0246631927473911 0.153152728566277 0.570438526439577 0.338409289784518
0.559579757527912 0.340576436392775 0.149840511506415 0.630804650881826 0.356726545320387 0.152504660060397
0.452423799135488 0.560849668052003 0.409100151936216 0.420374777854886 0.254610468998747 0.268059651434579
0.329371533905437 0.576568074120909 0.126780994334219 0.381571316798217 0.416125615889789 0.473553618960019
0.138753456543128 0.267895563296587 0.469109517097448 0.557659164235107 0.601159518640601 0.128604805992386
0.349807063294178 0.304029927484738 0.208943802636592 0.36481245045566 0.620354801503501 0.4728795885286
0.237276899072442 0.389631908211861 0.221032133700015 0.131023842632607 0.584135042195311 0.620201943146775
0.574069554728499 0.287044503875357 0.410943196062254 0.229718972785983 0.527909851570013 0.296168315145953
0.48899989140386 0.525423170497309 0.0744771489461388 0.580223659923869 0.338694089220566 0.167001708937439
0.0189296128597698 0.171687666850388 0.109626199765898 0.618949817181705 0.653492500798368 0.384702204756311
0.613110336474272 0.573016009449844 0.348762346319416 0.221505956112588 0.335376057668268 0.112121386728383
0.219453631444307 0.212259809655593 0.353773568352641 0.360940732953411 0.788507599124311 0.172068860065342
0.475893727712565 0.377732081206895 0.325150787597198 0.436167140698335 0.371098780460853 0.444032116621506
0.464494527097484 0.0667740848249081 0.168432138159064 0.816565601251902 0.0380493153112881 0.288425968289801
0.315550978059697 0.180228302330294 0.0133623429645657 0.688801548028694 0.484824725262824 0.397824333446696
0.421699272865478 0.414338810069479 0.429946402889847 0.417904132966428 0.364153185282385 0.397979594546363
0.569232570850053 0.600800828209389 0.384531584604143 0.0256861936817614 0.096364753950691 0.396487274951346
0.258040039418783 0.0540379028867694 0.664609613774933 0.0580186869856268 0.460104640735684 0.523189120605769
0.478450676495666 0.464798543444195 0.381472456580579 0.445641005916975 0.452938661340786 0.0760045521761491
0.193026243065879 0.440440542130033 0.087227238952682 0.339111229736901 0.566218124894458 0.570565522992843
0.283675666496401 0.439573704777564 0.539083403448876 0.413055424054231 0.350497601389489 0.377132346148564
0.402029757632608 0.540504404359534 0.279144105334772 0.00519400324794095 0.543895280632911 0.415278915113891
0.120747962217159 0.339139205266016 0.0733471838724291 0.680635611581161 0.113160830653829 0.623662176457093
0.0217416804815365 0.345047731184002 0.7762058204597 0.428202668674623 0.300093183506918 0.0675310489457144
0.491918807862446 0.45659225387623 0.0332612533697603 0.213017126928385 0.40386310463411 0.583053501444044
0.353757802860143 0.331269571609711 0.476585743495742 0.348759386769255 0.508668570608871 0.396995078499413
0.324627574741193 0.541047123076776 0.0663484420639366 0.44291190199486 0.512969041356523 0.371718498658258
0.33849705023947 0.525239762780547 0.553076263682565 0.068688263755657 0.225536640207962 0.498060971639301
0.000844172288542944 0.0373481914674361 0.651253122100136 0.410714175973518 0.631856785103812 0.0808989474267328
0.0461587073082903 0.576210420965733 0.592173458695222 0.52492970895316 0.037655085476801 0.195479959390072
0.354940884147113 0.550683144482991 0.392130489055788 0.601635084526605 0.0378229496183173 0.231524020880976
0.0115943704657461 0.259440713824709 0.510144643756591 0.0980583515213638 0.632453319127844 0.51253866961545
0.350675871410636 0.450256976575236 0.148505602304707 0.483888904325826 0.48574131833322 0.426788090595429
0.452136534609652 0.282815581639123 0.174243569707827 0.131431236758595 0.331219874929411 0.747158820950824
0.719348303519756 0.110880075260125 0.134185914741662 0.234697950349719 0.225433322465319 0.588501874799384
0.345237308773611 0.223095707098966 0.48965179731662 0.0871476259514258 0.722886865611791 0.247225593954916
0.443935016216195 0.537232498155079 0.0684464202739611 0.251716727203939 0.406935915512419 0.529773424934347
0.507889506993834 0.232040390554275 0.371395488505799 0.560067986296565 0.478460446893555 0.0875805254531428
0.287055563741898 0.386912592673213 0.676544699287154 0.389905619413793 0.0782572545248359 0.389915925406938
0.499110767058015 0.467539972490782 0.547677739326269 0.443400513729299 0.0528195147320609 0.181521330604999
0.495942665523276 0.153627390403704 0.485888375282808 0.486026275690445 0.503367459481722 0.0689321715154965
0.488636394024396 0.355752037746798 0.518186470195436 0.299969147755995 0.388841870823626 0.353522635865308
0.627945719289707 0.189683679525926 0.330615401896381 0.291730316265001 0.0283953138871246 0.611951681178593
0.179371083346008 0.552691418024857 0.143853822798689 0.38718584292616 0.403338194242244 0.573645982004686
0.722448887937682 0.518738632516559 0.318598051288583 0.135531943573097 0.0607576596689937 0.292254540136537
0.120997616067708 0.411618731626507 0.611607743618983 0.173229186542439 0.15435856164253 0.622921060811807
0.50538449845259 0.0827667280735567 0.0911363591496446 0.61375144661393 0.589102870720536 0.0754805337613647
0.488780949990208 0.163697970410794 0.4260334573355 0.339690535780242 0.462321938498261 0.472927495209741
0.303493665461811 0.435681202524004 0.407781574871218 0.0311718517289522 0.5004401609075 0.548065354677711
0.324986244893255 0.0406365266554968 0.662431876422652 0.275382401186699 0.484230083560016 0.378949048979979
0.324447924230512 0.70182462021636 0.580009546611778 0.0117634623508819 0.235610282172353 0.100568825428443
0.413963367004708 0.163971231730075 0.387458248288089 0.569636335594955 0.0853084403256281 0.565562363454052
0.296246965071004 0.505238668193877 0.437766574552455 0.617641641432941 0.255867114239652 0.135583452792741
0.316571001676887 0.204972729186899 0.246707346897059 0.312888344887327 0.211322433635635 0.808917906125191
0.563719132469499 0.303401519226357 0.528708010809519 0.182151949781641 0.485233270903043 0.204952280114897
0.722778419954731 0.184741613204766 0.218292159074594 0.00205298478928728 0.628009965449737 0.0375458897094032
0.523527405595788 0.163715863534405 0.0254217464625072 0.133500945849739 0.471332998379587 0.677120822689612
0.343898318075841 0.524405919781169 0.0198182349283685 0.411086427943207 0.395644461747957 0.52991794113472
0.236536114799934 0.381515641339084 0.388085522381466 0.19181484042044 0.779352219790891 0.0608546927391463
0.0940370114915573 0.568272619007786 0.247652160654272 0.327529521035521 0.58139955913118 0.401983387432056
0.492718868149759 0.0398996626026242 0.6596282662671 0.386393550523308 0.029822663966808 0.412719416871549
0.0241790076189244 0.133449328342286 0.182296720852773 0.50830660584614 0.408019034296764 0.723546418708983
0.202682837715306 0.165569904198505 0.254377871991038 0.527816776156214 0.745562396407109 0.179845311955664
0.482045288016047 0.0909730438915354 0.015913122896844 0.49149829619821 0.485889425723766 0.530512873463397
0.543958812040456 0.431939390299854 0.210527130794063 0.28091235091832 0.624755173609356 0.0631246802798312
0.14396394802437 0.139627721541912 0.0439024917991601 0.450304477935183 0.453846533438806 0.741012991449662
0.637882935400025 0.104072545593694 0.711469388985756 0.116867239533946 0.229771800461971 0.098145517225749
0.0839432638960075 0.0337478387676933 0.721732496133038 0.673290373548135 0.132651652500597 0.000654084737035321
0.651476802943486 0.0844237851988306 0.233075400663519 0.296884782810646 0.302085811481571 0.578558593023881
0.553013767822862 0.252111509680098 0.404905701119999 0.0746879256118995 0.55834303152867 0.386447545466228
0.513971238741897 0.523033370655028 0.257973907950314 0.189167522381337 0.311660364616902 0.512642748263515
0.194463974467218 0.4784794768761 0.115302939870546 0.764957653247218 0.211547161390597 0.300056614901397
0.468991264805683 0.119351621659812 0.0523185123672728 0.359966617987103 0.783883277746269 0.137899231366627
0.719782493421981 0.325878702143828 0.207744005113594 0.246386980417987 0.147261559853587 0.50016612326471
0.0201648403164476 0.142053184967055 0.640508760278142 0.0423478993093129 0.418678112764628 0.626161395471346
0.553559769441093 0.634990557004482 0.18713664269724 0.0681675215930028 0.463631191445416 0.18904432932579
0.388497808172107 0.455875041250091 0.182814815971677 0.45689443678503 0.336219584895379 0.534817732727336
0.416686153285395 0.267075510657354 0.579540403478563 0.11648687760021 0.609592847445165 0.184400677042923
0.298002320753537 0.589955847650926 0.458172490433523 0.0685625366821105 0.588500724158876 0.046805554009317
0.519743592183453 0.328839136758878 0.558164882820951 0.074190011853473 0.461647365609858 0.302590376700995
0.435020134580983 0.0396920092210057 0.408641793337825 0.574173334333241 0.549481108857586 0.102904833706076
0.36194629440442 0.347080969895867 0.342037473351938 0.415535878519167 0.615802636891087 0.282235882175467
0.247910994997756 0.0988740546122167 0.558555401681593 0.306557875630496 0.671939566652606 0.267019495152887
0.601383142363243 0.252575410393578 0.32849565994619 0.55916899241793 0.0152774046655303 0.392085728339284
0.165053678937071 0.257107332858301 0.678796895357762 0.285550889122744 0.601442480022466 0.051142059580437
0.421747830028498 0.116323290032823 0.385053871213784 0.423414401933544 0.133492960905886 0.680610791825482
0.113373153387294 0.340717156960589 0.422975648194252 0.238156646609583 0.668193746317872 0.434682041423076
0.29341987299401 0.355602409501641 0.0232681289372477 0.544542135699952 0.522772491805762 0.465932487516267
0.677499069094543 0.273591880141699 0.414554692266892 0.214057516061763 0.498460780548805 0.00176965765180115
0.422905160166883 0.00808922988374583 0.592757679899041 0.529016641020741 0.370420906359161 0.229464307551323
0.168678103667517 0.412139971680346 0.118393814113172 0.127151121975326 0.29571253942008 0.827077948005104
0.298600779992849 0.252356517430482 0.503530312205982 0.584379059981062 0.0910665378633094 0.493780302285347
0.654175286797502 0.474207530310411 0.213649559697569 0.328440837171283 0.190696013084935 0.396607394097839
0.217645153069803 0.205725089879069 0.281147364397407 0.551520263132445 0.531931444967833 0.494103502760925
0.00659229890591806 0.907657569538986 0.364217659908525 0.0968985705356964 0.0386876645111428 0.180481871408975
0.0252382916292537 0.0419611804660736 0.512750940944951 0.30074931347277 0.111545384598127 0.794856111601409
0.147812535071405 0.0361987110897192 0.395679248274777 0.467810317651297 0.556472366717464 0.540158358312424
0.902627343593793 0.0864810501061464 0.0924001063890285 0.100637314419621 0.175658950976283 0.358138507838749
0.295737026433673 0.502504761872225 0.30376792666871 0.56662597813415 0.453567595954981 0.202398268328653
0.457602210364291 0.413827929628131 0.65710576511978 0.349213615967591 0.135860456709964 0.217141571103183
0.313794918513739 0.371152924325206 0.394172268800027 0.666891905796409 0.389802419255148 0.108239264201635
0.0547015235349948 0.480666811566039 0.238909357260147 0.5608958164643 0.595733015442273 0.198462933517408
0.676899456229961 0.139645707759437 0.374220381022094 0.0259440396738078 0.527490727717941 0.32147433469039
0.266403794735841 0.0392299506874807 0.100678132364841 0.523310023328226 0.539657684381197 0.593523500760892
0.362598173978535 0.633109363383486 0.32433248365048 0.441998834001361 0.200619876631223 0.356219362352203
0.509798883345423 0.661190242227955 0.187886318759504 0.0258004731987883 0.206577839767382 0.47359394532137
0.272232891003407 0.0965989150974681 0.565965962918585 0.704904199545612 0.041009575738896 0.312519944381531
0.462781224303451 0.524642943939243 0.365900592897173 0.38496140720994 0.351802903216338 0.32363483769823
0.381932699139272 0.223641060706498 0.407415874590914 0.544146859728454 0.136309840603847 0.568725080181804
0.141590817694117 0.120278353718094 0.126276516751979 0.446120779760151 0.627275694327508 0.597528955332461
0.378389218732807 0.240965158760309 0.517480656103635 0.449564999093872 0.350569248215692 0.45383221102535
0.554164901608679 0.339081669913897 0.55707865433452 0.202579063225855 0.00318073659736595 0.475962038292468
0.422257649965718 0.714120535239727 0.335277366865168 0.138541171090244 0.140577856495341 0.400454286577674
0.0525245136141456 0.377340833031175 0.533810254127138 0.660523735680471 0.364050299123143 0.032824656840884
0.199688741240147 0.562949035798014 0.740010800187143 0.0536339971229066 0.295834506470044 0.0721258931080995
0.144300396882474 0.628798129335597 0.111067321413582 0.106842073524807 0.693244758675324 0.281870243217936
0.601703299086973 0.0657084907362254 0.525440333773564 0.325836204393473 0.496949406020729 0.0664834228890487
0.587219125092817 0.737129252344832 0.101937773511877 0.101002330479472 0.0610170182096152 0.295801128329052
0.184234629231017 0.49221270638282 0.652795941570669 0.410429659051763 0.310530404422346 0.180997443728414
0.662873564768886 0.284670927303225 0.270322689283062 0.519858560311815 0.0245388851468265 0.368282044531039
0.111870229767703 0.773343041626555 0.484452981501999 0.0699088940951269 0.244696031456212 0.299945826924315
0.348708109992261 0.689735631558813 0.249734566668486 0.200032610710702 0.543892057998319 0.0668464112223515
0.0545670728797623 0.59686149697532 0.145247175825511 0.431833194806247 0.126115655140365 0.645985277922318
0.295939048753197 0.267790004008647 0.430076166157759 0.514353750486508 0.522419931154717 0.343890563074809
0.0895329486901827 0.345644040071645 0.705121688177742 0.412989173018391 0.452466443611971 0.00561372406550187
0.306528771327456 0.0797050843187912 0.472880871798144 0.526211475448832 0.506220189893774 0.378039013091924
0.0530101118262118 0.272725021471015 0.233923589382093 0.634999832603443 0.472071548429812 0.491949601885278
0.308105456581683 0.535049444012178 0.0160298104156857 0.40272407322354 0.648680455114768 0.188581953705085
0.228562072548219 0.469222860877448 0.533235192072949 0.352430854002463 0.535088829542246 0.18089210431518
0.389488224207229 0.363144231824588 0.245784724530837 0.5840631942498 0.172078215020737 0.534110786561859
0.118678437570138 0.500207370728663 0.563407600745442 0.624250077003583 0.150046172095492 0.0779607449130895
0.346517944903909 0.150475149361981 0.371735398351336 0.598042632848586 0.0640872694845134 0.597773509016738
0.559525125006846 0.114135368984232 0.459848009797144 0.375171515771412 0.0257323041185126 0.566593983551755
0.738822245922002 0.00645219146677001 0.345490200837445 0.419590796299542 0.155775903662034 0.366625163866776
0.395055074903184 0.169330750358068 0.657442514158937 0.0558636563477537 0.506359227762997 0.351436352290867
0.180382029802959 0.433194294623402 0.545243663134922 0.537897125674261 0.0937522077155429 0.429408406975154
0.293844795551954 0.122932480278274 0.291036538239801 0.589362316414335 0.50704130249904 0.457604362282377
0.49154599806983 0.478184097483016 0.46518621974192 0.272028593061741 0.252519641169693 0.418997084761325
0.357118197716723 0.253636678509562 0.306444659780348 0.777631979267372 0.316292026430743 0.0973373386904883
0.599929255259664 0.453030297074806 0.0774186354266644 0.0706801987709941 0.00143709592785624 0.651043038332765
0.318741359237593 0.314583261489248 0.557178012163992 0.295770786796461 0.433947553198695 0.461739258688071
0.428058959701776 0.208106764607122 0.597004058283994 0.48999956557119 0.415609882938032 0.0649007463786906
0.596133684022113 0.148242184924611 0.332981627892029 0.571976964444234 0.398562223371709 0.160507405173518
0.52498572007357 0.335587451562893 0.331132502685233 0.146922366543631 0.452310213155933 0.525310966020914
0.391714643835933 0.544086945473685 0.0594853052239149 0.347752316405708 0.62510441554959 0.18789179898785
0.30289712069777 0.264658239417035 0.561086794575706 0.496043202433992 0.0313915300160321 0.525686858021692
0.0678150436456386 0.160684528099604 0.426548011294832 0.511612397729248 0.621512188658262 0.373649234154331
0.0972125008743807 0.618230252868677 0.60194037018237 0.171181284011668 0.428367569140757 0.182228067456545
0.370393373886786 0.305084342950056 0.392723594664609 0.328026816175574 0.644702529753095 0.303739240897319
0.42104045352079 0.0112024213555009 0.426821731329847 0.559536057492662 0.365946535540956 0.439801302192834
0.562462516434039 0.375265510343564 0.0643555860253687 0.524364449695379 0.0796506871004543 0.507314266348475
0.552303349435237 0.131424551183338 0.402596386259709 0.164443544017407 0.648419383786089 0.260989216024272
0.426547633602303 0.090608178614073 0.123657774224108 0.0740670733186841 0.886321483826766 0.0591973400380392
0.0768726561989651 0.696889620993566 0.0460220816037071 0.219072810192705 0.139036820983396 0.662565683634705
0.238145855085632 0.225518246803292 0.102426916377541 0.914968301005769 0.172228970701665 0.122910490485365
0.145755413714459 0.263671507670648 0.473148139640608 0.552271453963242 0.00245032266441902 0.616728279249795
0.0397510404898576 0.568777734618422 0.428488975382243 0.438020141824279 0.346779183197351 0.423310163846088
0.407194392742906 0.303728608863497 0.410081386111721 0.00928343570374912 0.50669896139826 0.562978592648717
0.403014649179279 0.270842034791028 0.409976575546062 0.18132044899667 0.391589659345982 0.640252626476164
0.410950027783593 0.016253855930765 0.448991287442114 0.592296671367563 0.299449720789892 0.43448501520637
0.561014538344999 0.523175558380164 0.20151802882028 0.427592787196991 0.152845252689281 0.405885752407002
0.427249509563509 0.0183992390518093 0.608691243865649 0.130452879870729 0.267201002383569 0.598498090790601
0.103642818745045 0.599243217419401 0.496842137836247 0.405410473269775 0.0999943301427896 0.457118261144975
0.484842433174296 0.668754286844676 0.273849138649171 0.206237369566231 0.0886942760136524 0.438522109908291
0.583507566031572 0.612497167919374 0.118230001087265 0.00442699510191658 0.316469225571541 0.41257173618424
0.0439481447939948 0.631765373189505 0.594699021556319 0.184749007519702 0.38189878926056 0.25552938490446
0.297336278322351 0.567313380769922 0.334637551690801 0.159233641033656 0.664677278758395 0.103020081812723
0.201571444938063 0.268968973354732 0.615282192975232 0.398534360000593 0.535474195004878 0.250779220328295
0.607777566688089 0.0611472557078516 0.30604183996002 0.509926151890824 0.0542566132452088 0.519843605597843
0.216386588032489 0.0243612380461364 0.0553810690400882 0.6464359048259 0.506332748720621 0.52465615436916
0.190311920578796 0.794294170100706 0.396834060864918 0.201417570838591 0.238305284528034 0.279360745078102
0.186659166673331 0.432205133768301 0.447380518498324 0.217728905599327 0.517944263776115 0.512382291650727
0.582966197716751 0.388239996483645 0.063333873914948 0.316175243691411 0.584780739096345 0.251939755345576
0.494042274438871 0.505414119487253 0.321211891840358 0.325186256760578 0.383695191977823 0.37991264456145
0.285745503058731 0.0312716600029715 0.247599132135024 0.526404960146961 0.712568638395502 0.266852045216467
0.297710016515026 0.454653552193641 0.159378640047431 0.537120428113872 0.375284008650971 0.499920894936976
0.042800326738394 0.519600037892373 0.542757552639202 0.257446095413163 0.538589385707379 0.277922926845374
0.458648057056973 0.198753001554034 0.590931837877914 0.354773641235385 0.524135773793338 0.0188711745263104
0.372618758895286 0.0690315749682079 0.647104335589866 0.534735006797443 0.362479225994271 0.142524258515791
0.412467285048004 0.208415728279159 0.136865040671246 0.568940281996855 0.469630940856504 0.472710607586321
0.311484899070111 0.25315634876193 0.788371250569313 0.318541939803773 0.316662005236803 0.12496399094957
0.480716728043256 0.323005575271223 0.218550385271893 0.573503004744206 0.0240643955966189 0.536031494629314
0.0335413951396971 0.266412381869528 0.325222546054714 0.4900965449955 0.446359921082114 0.618625824365117
0.635490817245729 0.273544380850726 0.521106560363435 0.0280730540869913 0.458573543653721 0.196710585232813
0.424894358151597 0.162439154632665 0.382622668678762 0.478055318536819 0.488549246318261 0.423628310204629
0.193955859394383 0.15143456251938 0.510683369860218 0.344037159975736 0.52142064968705 0.537038296832848
0.557175374834619 0.634327109896628 0.198134396580059 0.0115975856496215 0.175950355605231 0.465654859943974
0.369522686873374 0.488991896331258 0.626338796628196 0.0283123407647172 0.464752074460622 0.123464738656655
0.246764515471506 0.0131592939643057 0.532835629396106 0.0586460036898664 0.756243835859205 0.28226973962629
0.508917191050443 0.184996915475905 0.196902277078882 0.295752867395442 0.732981199713694 0.208033000969862
0.439740370212297 0.462366890121166 0.416174139103531 0.445714100238663 0.085787761546359 0.46219449638001
0.548697557339432 0.59784503235643 0.539723172431919 0.103085065216285 0.0568892404746144 0.190652271541883
0.409752396250151 0.390653549164181 0.489381811899385 0.386710770953834 0.337287172330243 0.420345528683872
0.419649016392587 0.217200844900569 0.492370682922796 0.385429197480299 0.249307937141733 0.568840480997247
0.143943077193415 0.185196153089882 0.542112789855868 0.180598489373186 0.433562301944581 0.656128352117271
0.193352673498208 0.758257370125587 0.537999258665243 0.194049099958864 0.169923582937119 0.178011866862686
0.381516114611579 0.42386920520295 0.512826648914694 0.0684770632224575 0.360846011873977 0.526203598298512
0.265458856000094 0.0352424456869098 0.490004799246685 0.103024560135137 0.612860265938424 0.549520788461354
0.186866813932915 0.0165858233665821 0.751337849383465 0.126777091753637 0.477955146281289 0.394694296319779
0.598714901524614 0.237072961942632 0.164237556020087 0.617261356626398 0.418891551093893 0.0433726715635383
0.497715032134896 0.345327067948229 0.290608344284492 0.636470684681739 0.306347189215523 0.22278289961748
0.223952927678906 0.41950294877691 0.241448146225766 0.824358711975962 0.0092231701662322 0.189506733276377
0.260621623122951 0.449927198687469 0.209385061975671 0.418597005858039 0.511423571946288 0.499021300154446
0.585726514196592 0.346252483818897 0.449001332848723 0.210839733087593 0.537351497874232 0.0472381815938777
0.44718246783403 0.406863728172685 0.408167993524284 0.43649943008872 0.210502696017317 0.482747862474102
0.534040355356526 0.280764310194239 0.41790807290158 0.363161763133867 0.330273042988202 0.469423470278522
0.393914763238383 0.223141864195302 0.478133210194761 0.0199364153768484 0.734166037808355 0.164408848076526
0.100504724629922 0.534938110094156 0.30536117621899 0.471115976325268 0.622857764873993 0.0243415763946064
0.010277222719546 0.0563551257947722 0.548894299282685 0.662748580634103 0.257465011203863 0.435786201683893
0.492072794332976 0.240293656638501 0.0172262449396302 0.588970045772984 0.171534604997043 0.568785323837203
0.161908890299734 0.362136886840779 0.383110566187854 0.619986441811217 0.297624295679547 0.472128447668554
0.21148308259672 0.21749620329872 0.357734919947796 0.653226462037703 0.40180394493556 0.438000928656437
0.40471847792501 0.653291400928672 0.349347295655894 0.510739483673491 0.00484079559538619 0.162762135128446
0.380106969381204 0.599631628646 0.190981121193252 0.425465811450986 0.445643102539549 0.282609061334256
0.367950887581561 0.0954106446969131 0.46180545231403 0.0348502585983148 0.514754842364603 0.613235345652319
0.0881528897574887 0.291748316443741 0.33524783554892 0.73384238551863 0.266410540632091 0.430373853406376
0.447022563216336 0.475672001200119 0.471538615550091 0.0153206484497914 0.370021124175315 0.463042065788831
0.203722314711413 0.366904361195125 0.546494340322761 0.488268575142657 0.50014882658633 0.191487059647089
0.374009266794861 0.0123600934141863 0.534257283872837 0.424855628262397 0.138768203874287 0.612188314000235
0.20808218371383 0.467893541960463 0.171485048174814 0.276319116709664 0.535937105640662 0.587187773206629
0.631911357396096 0.0912150165737113 0.508085988230205 0.163469774027476 0.365130742920897 0.417341178489322
0.116779411262397 0.656636322297668 0.147693647766418 0.144485593504854 0.43195072257504 0.570894370519189
0.829866070054789 0.122434285503352 0.132343504928213 0.0406577959405258 0.04048706483298 0.524904838441111
0.118013939681974 0.393195329166427 0.570113824270518 0.211466758384883 0.168377890513272 0.658309248471096
0.0361388877718515 0.00833922126849063 0.117158567282547 0.721050998195402 0.282806958597587 0.620486897896923
0.271474118471332 0.154335703577246 0.527293569913991 0.0067898599777092 0.50558560332004 0.607273315934336
0.579512260950093 0.0626006167698718 0.0642961065627117 0.52595227207339 0.376041735709513 0.487933943659216
0.305163762969555 0.343315117232173 0.582489731691971 0.552110179774869 0.269532590278844 0.268778817413267
0.346873486784625 0.271263484634224 0.50565347227762 0.257964073103411 0.493019562965983 0.490709404397643
0.0262498273238078 0.421754508531775 0.49642246983314 0.324947402236502 0.682809698247074 0.0563818614701943
0.49269904792462 0.145307913202619 0.560069588038317 0.32931650088509 0.330685421367235 0.45238601816307
0.500124224535433 0.407682729517396 0.351379625666362 0.515933307658858 0.0496590146243021 0.437663929365191
0.170393872960569 0.693633260673468 0.443452842076412 0.494855358225374 0.216001302032217 0.0406203958051542
0.375663885429717 0.402299627270211 0.419197418145109 0.423933759903712 0.373486650349009 0.449547626984673
0.142225989903914 0.508961394234499 0.218084953826728 0.680583808770902 0.382534422402653 0.252273888472591
0.279912873750939 0.530241245668309 0.176984121733378 0.541869030862391 0.193070900767196 0.527514175946081
0.202027221326819 0.692194033373611 0.224691445669251 0.434124837406333 0.266385431899698 0.412481034068882
0.0616636994686662 0.0577267446429695 0.727525531556936 0.235215015561233 0.571552968849694 0.28560972026034
0.173454292076722 0.501942179425449 0.496419600977519 0.256302356844153 0.0994256418959768 0.6292526364258
0.261341908671264 0.227340048997757 0.0298872728066765 0.151076989205797 0.489589989844801 0.785239482574722
0.134226230568779 0.604579612081786 0.365017512302492 0.0059095915346834 0.55729203792776 0.415475256284958
0.511471890490185 0.506226724193927 0.389906162038766 0.185254771480355 0.514610320736003 0.175957611913299
0.308579920318559 0.11016980574822 0.839905850759914 0.110952357855028 0.126925613441937 0.398470414805987
0.225407213466262 0.0095494793742058 0.602752623631778 0.0714616381971348 0.521338354916573 0.555778035032987
0.686147762214443 0.312160559871894 0.505706426549767 0.249745478960886 0.0173156969791071 0.336668094406894
0.667996714364037 0.250690975104765 0.54194698251605 0.182678916205987 0.404585176692984 0.012928306762035
0.410805808061302 0.133787538881825 0.326075457363194 0.646032350980552 0.519790555216247 0.139550201730255
0.505271740879267 0.366127580482212 0.588212396739621 0.0986286274304377 0.332171079363074 0.380252556713122
0.0576228384783697 0.682748310639098 0.369154256601596 0.359847096517541 0.410395927510218 0.310394486821205
0.0174718328683121 0.460450015733625 0.494544199277625 0.251175340944467 0.50406334030099 0.475328991430164
0.467093878058174 0.522216892180112 0.240081701817942 0.172034584937303 0.378327292579513 0.527964169550764
0.559014700310211 0.420754568818621 0.436352222973325 0.344365212178191 0.384200349508838 0.232093919007664
0.220255386210208 0.154299604426729 0.250551987823456 0.441275157194246 0.758303892835056 0.308470971197057
0.541765377675057 0.278051219595042 0.0556186242981139 0.743782585375321 0.258234949625929 0.0786545608950561
0.244989416067341 0.632135849610969 0.139943327701377 0.644460224891853 0.319539112077558 0.0580180408881127
0.391149807807133 0.323253669697813 0.469636919317006 0.493329778269267 0.242746998985253 0.468667986158881
0.0998526796994799 0.3904850793219 0.715963894542127 0.0357178430471822 0.0338806670275383 0.567910981568149
0.572840322330878 0.0403947574714807 0.0542897065201624 0.511688391046328 0.551386229493488 0.318469893145341
0.405064664761398 0.562236772380327 0.283420092980474 0.444861579504375 0.433544037666159 0.231566885640033
0.275681090838062 0.219700283847231 0.274338008506031 0.544380485552591 0.407368127021988 0.581525128052821
0.217901276606616 0.220489793476642 0.745373327579727 0.489019220307097 0.140836431388057 0.298910001376127
0.654277519992183 0.140269179816831 0.518994903994667 0.0299326776016191 0.276608270057126 0.453300864108553
0.544168221897979 0.490619477364257 0.431063969364369 0.0958896697008969 0.0556875859640181 0.514841133785173
0.616161222569878 0.264989674629128 0.624863112978928 0.193984535316592 0.340582387575262 0.0777531189790149
0.311488941511494 0.149294498328355 0.376350233728188 0.249488903642138 0.730229730452444 0.378901202664318
0.415762768234883 0.216270412348294 0.340269535943945 0.585319095136304 0.0732961620958288 0.562684904446261
0.550148311406687 0.288604924338957 0.148680995409354 0.463915610677978 0.365441226984299 0.493125755256454
0.615520737424353 0.268252541471426 0.134913739334402 0.126666102659186 0.614017479291595 0.371364123597094
0.542007005402596 0.0674352470638195 0.821809133427909 0.0106214703137305 0.110658446181044 0.118120846676588
0.581858463919184 0.45845938067953 0.351908879789375 0.0229109205743243 0.569582797719366 0.049662770951215
0.0716792070991208 0.110890267651331 0.637737694314166 0.564611397755448 0.0953152468019889 0.497980969829595
0.456280660448336 0.178655252034379 0.205253245660441 0.694408340552855 0.444670835089272 0.194489768262642
0.272143573415595 0.236856485336732 0.0359306412818188 0.872657549906249 0.322061273285837 0.0573690392174057
0.454332044507608 0.811229903547825 0.0456598142825159 0.248696989373554 0.257162906081579 0.0736251688977081
0.156710117658548 0.309922383275108 0.565301365652186 0.391794384346172 0.427559434097096 0.47277321420494
0.536031855819662 0.199322700521764 0.435802385804217 0.190096446269771 0.433269193881699 0.509075375439924
0.320747704674161 0.191984684744875 0.245462757707402 0.863616071925562 0.207986675647218 0.104497121555695
0.568137053271083 0.018829688911376 0.351151667803029 0.431617712291609 0.606023336973272 0.000321239848906973
0.367497801100538 0.497696036090325 0.724712796298607 0.188720824481436 0.172007869599069 0.163808204710078
0.59728856717954 0.308284632289913 0.0529990979322779 0.5228719562108 0.111986509925776 0.509374113625521
0.620270555041578 0.113649540376215 0.208848223971909 0.132615541854328 0.456312778632469 0.576994285916131
0.281313341706276 0.518743228406071 0.0626848806820495 0.112804270823908 0.641083952364283 0.47341887900637
0.392934605968822 0.319232327252885 0.603941430557688 0.380246083998965 0.107228706930842 0.472083451455521
0.329074446589825 0.412113292929558 0.350047421625673 0.177405754459437 0.304301715133662 0.689396191936803
0.389600670857453 0.53662716057878 0.319935674791721 0.370079483312644 0.533510750190287 0.190502564955409
0.339258965206557 0.271612725679254 0.610705583620097 0.344670623209509 0.53378415517329 0.185594205441885
0.321791456683351 0.45118273867237 0.436189253073342 0.605734562599535 0.218964791808695 0.296248864729557
0.552230773217922 0.613234050950788 0.408657619762224 0.0625735985898703 0.382438717619732 0.0425357931721625
0.583341996037224 0.428663673231644 0.22476525448585 0.111370076523612 0.624329281106397 0.152478870979118
0.525246140642098 0.366508246210672 0.360379891371377 0.31407210517179 0.0514169293081621 0.598856863723538
0.0620557872125275 0.292697780901412 0.595248611733123 0.377406304007714 0.608981210294006 0.207032716648112
0.476048803641484 0.299408556723968 0.0617663998701219 0.494853139193172 0.446604081760585 0.485368034943088
0.160438457059414 0.493596225839772 0.3855893065514 0.448341195522442 0.380166810690946 0.486216538646023
0.263184115392998 0.355347670662888 0.809575956683742 0.215362755668071 0.290257487085523 0.135714403733435
0.0210658203468894 0.539327816133888 0.0206191016381572 0.798065920267445 0.249696250572673 0.0948639023160259
0.469055226002273 0.391650058758527 0.614920168785985 0.0629519186578669 0.398114755452848 0.293278553396984
0.421543806259282 0.282478897497599 0.406698035080607 0.634629800587754 0.378298209858711 0.17674467674641
0.371970414508737 0.527972586427581 0.020978541555702 0.0887803107027154 0.597098005011033 0.46694206101907
0.337792207924885 0.48593385305082 0.429668976557439 0.103637705952451 0.291637292647013 0.607746822904845
0.407915844614463 0.478528528946935 0.472516809545358 0.376436144806891 0.469122652438635 0.139866869720079
0.475423243527348 0.305447710208698 0.227249082512194 0.497982531124942 0.469656629751109 0.400584996180326
0.535879624640899 0.00842631835030194 0.0986007025357427 0.326999301381067 0.725045830359488 0.265367532467445
0.192139225601655 0.44959215300301 0.660527690624885 0.0711822332888838 0.450430195078252 0.34161134771381
0.346925908361351 0.203165207821417 0.630970095143278 0.254118727776711 0.540124163319203 0.289711256021046
0.832729891288062 0.351967672437568 0.25846479427483 0.0721586932423289 0.302513809458892 0.138398532907513
0.416114352142753 0.646200923824328 0.250080222354369 0.288909887131081 0.195828366260606 0.474252488092787
0.319022938752445 0.615043706385105 0.49784944258439 0.0421437313634829 0.308550105884776 0.41846418528889
0.572949344520892 0.282434436000581 0.489634720763956 0.237904890370262 0.0748489338071545 0.538531873190773
0.0211597600368392 0.49817769354554 0.528197437906939 0.456416740009367 0.425696612110383 0.287827849024965
0.609322657336276 0.189550971103996 0.0801093771866723 0.635415506414072 0.132036771148187 0.406438484361735
0.741288440833849 0.202860536557094 0.377564479140758 0.161780223117202 0.0819406645626094 0.48362899125698
0.196891653456592 0.12220490894799 0.404614743722931 0.11709717969336 0.37474284520827 0.792743714363754
0.575349309880809 0.0358140902528515 0.597803441251221 0.471817330368274 0.155209091302959 0.252230277580429
0.282482842884792 0.347304903001404 0.694075400137034 0.116964411111305 0.550999895126096 0.0236754906167501
0.106047912401237 0.147927597965856 0.69164887478056 0.348697504312898 0.594837772793761 0.114329237703622
0.218321225731046 0.038700058138156 0.298672672787922 0.486265408356635 0.53364346561261 0.583440988164043
0.0138028919012101 0.449519115788827 0.695921905393505 0.315324570754152 0.279397598352453 0.368703327110916
0.518174547716306 0.12995912095505 0.541888954482947 0.577764736722548 0.0447252188392863 0.291804197688577
0.0702860150002413 0.217264732979664 0.17039246970976 0.792552408532353 0.122920473568466 0.524951002544179
0.577323491940084 0.294161183393099 0.235342845845314 0.313974874374396 0.182307277465722 0.626868697250809
0.40275157612112 0.558719374786747 0.464704428231852 0.336380040534491 0.419762873471829 0.142552519922501
0.390787434737821 0.107489468700263 0.44344417391937 0.449702538215745 0.38599023488357 0.536532967564324
0.0173939760167823 0.619475297515131 0.0828362769276284 0.327084863173953 0.480429207721944 0.520854322475852
0.68095918812088 0.637367873009061 0.111283907829651 0.287922903660091 0.016826133208475 0.185714709210152
0.273791593886625 0.0758985627336767 0.663518148258014 0.244409063900009 0.646046290380275 0.0436994095343123
0.326031731565914 0.476901828725848 0.0661773139317323 0.730531787038972 0.357533657965113 0.0195322921999875
0.407168653909328 0.530500540998488 0.437701010386218 0.0359284773823627 0.0506510507349697 0.597782823735585
0.295939513814749 0.742701499807865 0.0494021074871652 0.407923216816732 0.389048354407584 0.201528522141916
0.269159301481857 0.593046371163345 0.460434230331659 0.303006783441703 0.423993703369242 0.303752893494411
0.756431055882953 0.0872163915604045 0.640984480069124 0.0600725097779863 0.0684797503745764 0.0323430426383684
0.579250874385204 0.281570223307481 0.235877349713118 0.192985191075971 0.3233075672218 0.622717787416868
0.500897378130337 0.175528491435719 0.501295854178458 0.360080277698744 0.529339678826915 0.239030813686767
0.390343331400915 0.489228312610688 0.393706745205327 0.403052880945558 0.158205688018692 0.515559963525855
0.676700021677544 0.255330754356635 0.513785401655134 0.35526327692077 0.226813204421749 0.187754152973537
0.542576199195555 0.252708664024913 0.359446418153596 0.386628908383135 0.0360023247872289 0.601472851824736
0.176072609692476 0.419360243219801 0.601389922688508 0.449461258751825 0.0777153385452533 0.472663184992699
0.383736752244387 0.612368490426637 0.0028500338177182 0.300536920167276 0.611192462669545 0.117746114199476
0.611237286672878 0.38593406514488 0.40491424231036 0.334609332769559 0.214045189637081 0.394600537673847
0.190649655964799 0.31731270516842 0.840883615206148 0.213034388039916 0.157172347926565 0.292904940307862
0.512802816085902 0.397768180141704 0.358408378758056 0.604338276908273 0.208120187395514 0.204495514325234
0.222285106207548 0.398183038204646 0.219571384483127 0.516905467614554 0.440358144981331 0.531715571014579
0.422047574832002 0.555948609858771 0.0450886801663565 0.614062556455967 0.363929463726619 0.0353061026707786
0.483443192888538 0.392880410939728 0.434581837665509 0.423095123691637 0.483060655785761 0.103485300700263
0.544164222454886 0.619060075252489 0.469689686377566 0.124712986665333 0.277081104185133 0.0878308226054836
0.332027504679371 0.230118355302677 0.267591824666947 0.235714775724875 0.544506753222328 0.642766547247791
0.245020174925097 0.343952393525026 0.0607878263647144 0.620549619840867 0.59786448508716 0.274668767465023
0.197364353490724 0.557015235348863 0.506758993229898 0.574306375365957 0.245986383039644 0.0603286740625834
0.41611578808461 0.246243367736758 0.29415076714763 0.3944173208156 0.719817627209054 0.0773611112808992
0.582340267310787 0.201978483161555 0.145652763277738 0.259437290210353 0.62056595333364 0.382700885769994
0.24326420215595 0.164010966912291 0.105711849024731 0.642769312282132 0.393591290832917 0.578516588030568
0.278292572232346 0.329179673493486 0.568627707146114 0.448004251618474 0.448381440264516 0.298500907909621
0.588416951516285 0.636269938875614 0.0928974177366406 0.30095467963113 0.384092775273009 0.046852391834038
0.226921600757804 0.0119520368931602 0.16289625062082 0.291115849752841 0.817796635194835 0.410230146313002
0.462796597093219 0.273010331783067 0.0993997874331575 0.525388873904453 0.268837296340851 0.594219984509467
0.563408844363907 0.360121980206253 0.494022858462369 0.550364311305375 0.0736128043694311 0.0224572628731075
0.5314348540222 0.27490059582086 0.109225820962361 0.302318661392188 0.672269380212258 0.29450583319503
0.242638093060187 0.580273546090866 0.264636491034275 0.518255337736596 0.178777399485606 0.483556554559034
0.521645122663912 0.475447720916451 0.228661463703084 0.361793654925537 0.543984331182948 0.150785159669408
0.355609948029508 0.530078300306391 0.49307655871565 0.412953297176986 0.416268540037442 0.074994296967316
0.111683372211791 0.0111291966847684 0.512836720929144 0.442539046702429 0.544086248586084 0.482214484708231
0.512846728159401 0.0872701706252218 0.171502878447099 0.20709597908325 0.541732559241255 0.602989223058814
0.13601254265204 0.0968451322502091 0.633672864799612 0.396434431500237 0.0677771559205155 0.639395267165647
0.308692461618117 0.401022392140317 0.36879790375794 0.596919888479146 0.49548996959303 0.077810334125337
0.15928507746047 0.248947154336115 0.245228222513329 0.388970329841684 0.562267594620793 0.620543255439551
0.144682946603037 0.550339550755025 0.239792532778083 0.341552517216502 0.196726451556114 0.680685938081655
0.241624472536672 0.338400652587617 0.154177079660215 0.654152013539102 0.361832837392487 0.494463529165032
0.196575941868717 0.325409921587379 0.164114373987896 0.580092011397499 0.670499024666466 0.206051135632897
0.0124460184089397 0.568104464437398 0.195882498427543 0.463010016547 0.604394309999459 0.243026137563985
0.399761529063215 0.40912070863633 0.426677322628421 0.322038384894777 0.454110127346983 0.425244281438165
0.421373899651982 0.38948119899707 0.102102312109572 0.598768350464046 0.54160532606839 0.0919982795419764
0.40330582480328 0.149789664807813 0.479723533830047 0.158525637891163 0.679295248553548 0.31336940902056
0.328965743077685 0.180015763804028 0.150975517522698 0.711661792902334 0.511892294211431 0.260932997955694
0.366733757994466 0.536299265285925 0.265854110990779 0.352736851841862 0.457495506790699 0.416516044216006
0.553008351738209 0.480282550618234 0.181761115871584 0.190778508770446 0.447120615955266 0.440635957016284
0.572021695679879 0.62064690411665 0.0143519264479642 0.394213933034467 0.307941297027934 0.192743754439452
0.193336762183406 0.225500308065569 0.208665074363467 0.429862903428324 0.233922605679736 0.792923384066729
0.569328600801715 0.559065753201213 0.198345159321811 0.0596854615136473 0.505862850543822 0.2539882828083
0.226508402034274 0.0387757539095556 0.408393243937182 0.463487003423315 0.605551404123851 0.445973808249318
0.540040708628142 0.196061263975959 0.599562150572819 0.358753741738158 0.423259632936232 0.050875114826581
0.140366646707808 0.163682981396817 0.159820484387451 0.877306563561724 0.279268018168559 0.283381485674242
0.797565322245094 0.152767368604987 0.101230742880792 0.0399557365697685 0.473854518222625 0.322752938348454
0.157822323782621 0.042143001410709 0.32213297037755 0.647330792785342 0.590684061596162 0.318750082402891
0.421141605648508 0.495198594453564 0.544646896584221 0.40309678980801 0.0412304912611392 0.341454071173605
0.553624617720127 0.229439792095538 0.500435963893755 0.38535061009804 0.201690684931108 0.448605378264926
0.450063968833096 0.501007232951056 0.14252806017591 0.431618443123192 0.317479712622183 0.488909071485352
0.173922374828373 0.626456318302267 0.270077629841888 0.530322728911513 0.333004014879614 0.335004017776085
0.0126505480111011 0.16615820142645 0.0827106560762058 0.500126962631404 0.578565283120291 0.61686756886889
0.109380166157164 0.479012394490142 0.522938394771907 0.512693819836799 0.401312494537086 0.247410325732792
0.763773200351499 0.0932698334317577 0.372178288486602 0.425538663210011 0.258209495719251 0.147238787720738
0.361504255557263 0.503007206648206 0.528550713364935 0.0627313872881776 0.529801297446684 0.228709258553491
0.542736290732399 0.329874874148596 0.408969137494418 0.35036905257054 0.51319148039544 0.207942689592386
0.17439395113948 0.30994931939703 0.713445792758802 0.0255327502651486 0.0028362071274548 0.603202540279027
0.373354592802004 0.22754182322669 0.659785373834675 0.552828141139574 0.0608924362112897 0.25335249113948
0.529624744941749 0.602310320289733 0.057724466999178 0.541159624438818 0.189658427668195 0.156728220876751
0.493740351858684 0.538615047202761 0.076640932285243 0.399057395614966 0.171604135325 0.521100450120741
0.585158016172661 0.0650708636518386 0.508415074914975 0.480650842342039 0.40342476240864 0.0330638661245165
0.493602917896901 0.283681066734913 0.525245968905142 0.263607594215513 0.431351342528695 0.380059126372868
0.509616346423838 0.596058472246105 0.296347742243331 0.338315255638807 0.260893455371782 0.338616133010169
0.59902389052599 0.0379229304048363 0.535626029854843 0.557240847668534 0.140461552319902 0.150300286360647
0.464201773393048 0.363488185896655 0.110971567439962 0.395479494558683 0.172635064890212 0.673699834693602
0.399390580738102 0.39335387150952 0.362699328631747 0.14296699736204 0.308382369051171 0.662321557040011
0.634235445221425 0.53563631171975 0.448813807393101 0.168436631304823 0.0283217580130477 0.283253044366845
0.742821973650745 0.614772437111819 0.236655135615416 0.047081107891746 0.100055853735169 0.0451321197050057
